phys	rec.rate	upper	lower
0.05	NA	NA	NA
0.15	NA	NA	NA
0.25	NA	NA	NA
0.35	5.09399380715768	5.15235004943925	5.01270626560648
0.45	5.0771222207808	5.13497357280337	4.9967165861698
0.55	5.06025702845016	5.11758090524027	4.98072829748692
0.65	5.04339823016577	5.10017190935865	4.96443718930277
0.75	5.02654582592764	5.08276782089685	4.9481664887871
0.85	5.00602827468803	5.06515307877659	4.92773047029668
0.95	4.98592661705125	5.04740634041005	4.90218691981189
1.05	4.9691461913606	5.03015352258858	4.88635241365945
1.15	4.95179619530045	5.01286211480029	4.8663559407731
1.25	4.93503713688645	4.99559482792067	4.85059877723305
1.35	4.9182861673866	4.97810212702944	4.83481071794483
1.45	4.90154328680087	4.96084693597069	4.81919873953069
1.55	4.88480849512928	4.94354876117069	4.80350703516599
1.65	4.86808179237183	4.92622032779083	4.78783563364909
1.75	4.85136317852851	4.90890530398856	4.77218453497999
1.85	4.83465265359933	4.89161078526868	4.75649118938529
1.95	4.81795021758429	4.87429019973693	4.74059265950805
2.05	4.80125587048339	4.85687712764783	4.72470624647134
2.15	4.78456961229661	4.8394592654335	4.70883195027511
2.25	4.76789144302398	4.82204206264443	4.69312065390676
2.35	4.75122136266548	4.80466499415554	4.67749400442653
2.45	4.73455937122112	4.78739819311973	4.66189831118279
2.55	4.71790546869091	4.77007157609744	4.64635837471567
2.65	4.7012596550748	4.75270855557638	4.63084636713686
2.75	4.68462193037286	4.73534556516296	4.61543243498035
2.85	4.66799229458503	4.71798260485715	4.60022991817943
2.95	4.65137077447313	4.70061967465889	4.58508080093836
3.05	4.63450791259713	4.68321611153036	4.56893028528418
3.15	4.61790811900851	4.6658446363287	4.55352607465663
3.25	4.60131498414413	4.64847277099087	4.53815106603777
3.35	4.58472809942792	4.63110051551675	4.52280186147336
3.45	4.56814804465705	4.61417303909324	4.50747846096329
3.55	4.55157551641003	4.59736636694571	4.49218086450754
3.65	4.5350103649377	4.58053224512601	4.47676958894823
3.75	4.51845005347117	4.56344146193982	4.4611662519529
3.85	4.50189427803001	4.54611501020764	4.44558059640216
3.95	4.48534356369498	4.52878416154004	4.43001262229614
4.05	4.46879718980425	4.51145093023962	4.41446232963483
4.15	4.45225091720368	4.49411531630648	4.39893289858582
4.25	4.43570497269953	4.47678389182279	4.38378123999165
4.35	4.41915716536127	4.45950932006542	4.36894671529581
4.45	4.40260373466463	4.44247269064017	4.35370767483696
4.55	4.38604451345507	4.42530449150893	4.33874495747361
4.65	4.36947950173261	4.40806666304329	4.32381253078994
4.75	4.35290869949722	4.39101266788008	4.30835954160682
4.85	4.33633219761797	4.37404383889039	4.2922250518571
4.95	4.31975551496859	4.35705774818435	4.2760806170556
5.05	4.30317382289523	4.33992628639281	4.26031456314914
5.15	4.28658860872796	4.32277297647638	4.24427389951339
5.25	4.27001343369538	4.30558004224103	4.22907669144482
5.35	4.25342768460684	4.28800251099085	4.21348123718748
5.45	4.23682185911519	4.27084241909721	4.19766485551283
5.55	4.22019102469141	4.25336536811451	4.18181628890146
5.65	4.2035320212015	4.23608834917954	4.16597513871855
5.75	4.1868423573163	4.21893945978441	4.15012921017225
5.85	4.17012200362164	4.2016245430202	4.13442943168939
5.95	4.15337096011753	4.18464878780888	4.11837829780475
6.05	4.13658922680396	4.1674378298564	4.10237592402576
6.15	4.11977680368094	4.15042123073883	4.08616122036918
6.25	4.10293464614475	4.13309344200627	4.06977412527178
6.35	4.0860670870012	4.11648181672847	4.05399058028015
6.45	4.06916983147777	4.09927755397224	4.03713341910923
6.55	4.0522520590613	4.0819241610746	4.0203931179419
6.65	4.03531238125145	4.06468349445268	4.00389638015506
6.75	4.01834321204271	4.04749953430254	3.9873293111499
6.85	4.0013445514351	4.03007914033299	3.97069969279399
6.95	3.98431639942861	4.01245979133968	3.95371258751402
7.05	3.96725949312886	3.99484609069784	3.93674272109566
7.15	3.95017980629482	3.97730611448743	3.92023363600647
7.25	3.93307329770571	3.95982692585837	3.90436164301598
7.35	3.91595743854367	3.94261557061423	3.8877292924705
7.45	3.89883229220287	3.92501977894936	3.87143391598247
7.55	3.88168172340437	3.90748026621412	3.85516834331651
7.65	3.86450641300072	3.8898384245554	3.8383288163555
7.75	3.84732414200348	3.87260220451597	3.8210394964863
7.85	3.83012892634527	3.85553843160574	3.80440329490526
7.95	3.81291393803487	3.83795929685332	3.7873311889598
8.05	3.79567949922777	3.82033991325183	3.77025020617504
8.15	3.77847423440113	3.80279368311251	3.75388284369101
8.25	3.76132908084844	3.78632556546947	3.73679478531058
8.35	3.74420294081796	3.76943085209012	3.71906960125127
8.45	3.72705807906007	3.75243479944135	3.70263422101032
8.55	3.70992767359613	3.7356796423792	3.68564135844618
8.65	3.69309559507069	3.71900285677586	3.66979651276772
8.75	3.67633307335268	3.70321603133426	3.65386587393436
8.85	3.65961863241984	3.68801629282765	3.63659768689817
8.95	3.64347938392413	3.67408031398396	3.62012981204789
9.05	3.6282477492995	3.66280596083304	3.60344766518847
9.15	3.6133295981692	3.6492172593163	3.58749194301162
9.25	3.59848860136037	3.63652441388314	3.57116531340387
9.35	3.58352171520384	3.62605014255283	3.55516749845332
9.45	3.56840294505505	3.61161514522489	3.53878207709182
9.55	3.55326506547413	3.59784133573317	3.52262078320822
9.65	3.5381876570047	3.58603507176621	3.50623433611925
9.75	3.52303185275286	3.57191808093536	3.48945227710969
9.85	3.50771130419054	3.55855601857158	3.47316007895169
9.95	3.49219912017745	3.54667702786791	3.45704213862028
10.05	3.4765551595628	3.53104853354142	3.4409178890356
10.15	3.46084984272327	3.51635751511741	3.42429732422222
10.25	3.44494681283615	3.50300290250183	3.40866436394707
10.35	3.42884068722701	3.48848875580573	3.39255458554371
10.45	3.41257058438666	3.4739860460036	3.37612400958378
10.55	3.39635029512313	3.45917366442412	3.35962174168337
10.65	3.37995982535412	3.44473044421586	3.34310138957469
10.75	3.36335122661525	3.42892961661701	3.3264190218646
10.85	3.34665222485762	3.41262979554801	3.31057444136373
10.95	3.33021868976648	3.39565878066493	3.29398759821232
11.05	3.31399369704759	3.37734255489775	3.27795984779406
11.15	3.29759477903159	3.35843792572195	3.26100340650394
11.25	3.28095497087858	3.34175655468588	3.24409922470938
11.35	3.26407427258853	3.32349261613368	3.22702695291061
11.45	3.24705191912891	3.30687098069936	3.20997403574627
11.55	3.23024568326014	3.28907315775428	3.19301004986561
11.65	3.21328651605111	3.27163255371491	3.17538385465398
11.75	3.19618725865359	3.25486431251162	3.15806780372635
11.85	3.17900881133587	3.23547019770774	3.1398329770128
11.95	3.16159908557028	3.21644340302308	3.12171437824974
12.05	3.143956340443	3.19741480653179	3.10312885523346
12.15	3.1261854126513	3.17882418670164	3.08329731416496
12.25	3.10829325391042	3.16133346487329	3.06395507321616
12.35	3.09018892463766	3.14358638001704	3.04435896188508
12.45	3.07186087145712	3.12539598540973	3.0239045868763
12.55	3.05330315375603	3.10625497317377	3.00334425447934
12.65	3.03450530041333	3.08674839390362	2.98305258014849
12.75	3.01547030662318	3.06615837904419	2.96314425617712
12.85	2.99627538096024	3.04700455102599	2.94191326870464
12.95	2.97692087715004	3.02696197587686	2.92112778325361
13.05	2.95740679519254	3.00642619952859	2.90032265371785
13.15	2.93773313508775	2.98631078459491	2.87686041343729
13.25	2.91789989683569	2.96627545996511	2.85680740449346
13.35	2.89775311396064	2.94631306634542	2.83650348109065
13.45	2.87671669140178	2.92497966409016	2.81684885411561
13.55	2.85555392284133	2.9023557505525	2.7929363209409
13.65	2.83417762341978	2.88068601339855	2.77164569183772
13.75	2.81266963757066	2.85886591944581	2.74880551221486
13.85	2.79119660908799	2.83685802964896	2.72449822492136
13.95	2.76975853797178	2.81468861555884	2.69731965432942
14.05	2.74827474033239	2.7940086790828	2.6725678549374
14.15	2.72607227476993	2.77274199429477	2.64697442905679
14.25	2.70342997062528	2.75201461147155	2.62246656754509
14.35	2.68057317266902	2.73070979196367	2.60012293705187
14.45	2.6579038752493	2.70877706780663	2.57584567813699
14.55	2.6354283983818	2.68949914300019	2.55585567678725
14.65	2.61309054988018	2.67010046916182	2.5327450898453
14.75	2.59114660055817	2.65091872055819	2.50987346276139
14.85	2.56950735909329	2.63276152680746	2.48549586885128
14.95	2.54821546488242	2.61338596440785	2.46761790246596
15.05	2.52741095328105	2.59409744026212	2.44707456390841
15.15	2.50709382428917	2.57659323629137	2.42729874327355
15.25	2.48726407790678	2.55834583678291	2.40510188273324
15.35	2.4679217141339	2.5399448958496	2.38343007645435
15.45	2.44902830431413	2.52094276641412	2.36396579765524
15.55	2.42988182250392	2.50125094768107	2.34573846453927
15.65	2.41081380734642	2.4821965119982	2.32809231057825
15.75	2.39222087942822	2.46225960939345	2.31056258501239
15.85	2.37410315639309	2.44375660110418	2.29606723870649
15.95	2.35646063824104	2.42757347469728	2.2806165351628
16.05	2.33929332497205	2.40881032201383	2.26529412881048
16.15	2.32260121658612	2.39163466938973	2.25117608655531
16.25	2.30633911415658	2.3755099793815	2.23743453435328
16.35	2.29027719048339	2.35717809290404	2.22402853160321
16.45	2.27463147339239	2.34134960152879	2.20986763803429
16.55	2.25942132431638	2.32603072796833	2.19773181562499
16.65	2.24443781225289	2.30972873023496	2.1860145300004
16.75	2.22983520651736	2.29160750189733	2.17342748252818
16.85	2.21564998563874	2.27579303322427	2.16110582500074
16.95	2.20173790008463	2.26080083829123	2.14846536172229
17.05	2.18818634869685	2.24549897829663	2.13541552969507
17.15	2.17477146075832	2.22904145480274	2.12273068233642
17.25	2.16139916653462	2.21311431701976	2.10985550748488
17.35	2.14829570459483	2.19770674197388	2.09741138112264
17.45	2.13544266853815	2.18381332438128	2.08499336924132
17.55	2.12273014164803	2.17113808987717	2.07324519135573
17.65	2.11012300888405	2.15893727522429	2.06047044616536
17.75	2.09765743373243	2.14679008546171	2.0476515152137
17.85	2.08530496997042	2.13364801622786	2.03590643400549
17.95	2.07301068655325	2.12165858824132	2.02414834012838
18.05	2.06081953108529	2.11015170883945	2.01172133539279
18.15	2.04873314264817	2.09745513950305	1.99974864854794
18.25	2.0367290406575	2.08509412648328	1.98818032261572
18.35	2.0247642433038	2.07391923362831	1.9758855474501
18.45	2.01277619786815	2.0610584237371	1.9642342954775
18.55	2.00077761262933	2.04734247885963	1.9523054995882
18.65	1.98880390775064	2.03376924712045	1.94051660358621
18.75	1.97687840541244	2.02052250191512	1.92934353960002
18.85	1.96485570537512	2.00790254912533	1.91938160601674
18.95	1.95267433962034	1.99479271717059	1.90786136366715
19.05	1.94089677324804	1.9812477859341	1.89715084583686
19.15	1.92889859499651	1.96856088296579	1.88636804864883
19.25	1.91675524321155	1.95689681763602	1.87587877853181
19.35	1.9046923228862	1.94511897478664	1.86280311995721
19.45	1.89220284600307	1.93327283017054	1.85040862396051
19.55	1.88036252238837	1.91994084871407	1.83634560655172
19.65	1.86830102026456	1.90634610703297	1.82353260601876
19.75	1.85588651011356	1.8943824411718	1.81205942297507
19.85	1.84335941969411	1.88113214643462	1.79826242936108
19.95	1.83021069930974	1.86898863388138	1.78379073529392
20.05	1.8174175608429	1.8553261807098	1.77187438384551
20.15	1.80431500379975	1.84269576479968	1.75859314075698
20.25	1.79096946526833	1.82689851018564	1.74338391547375
20.35	1.77795034387691	1.81308171727297	1.73259677579062
20.45	1.7642108453393	1.79732415692331	1.71778913919193
20.55	1.74965032183921	1.78322200915949	1.70119169124195
20.65	1.73468032274402	1.76789143875504	1.68437246503913
20.75	1.71941726798616	1.75215866178794	1.67087494224177
20.85	1.70381912651152	1.73692918050649	1.65210088949976
20.95	1.68878123247634	1.72109731966207	1.6420791428174
21.05	1.67309850266467	1.70448583957087	1.63006851727541
21.15	1.65664536477514	1.68731536980453	1.61647759260627
21.25	1.63942181880769	1.66960756348974	1.59878592571525
21.35	1.62142786476238	1.65171510831013	1.5762415105279
21.45	1.60279251763879	1.63366981255473	1.55154057605054
21.55	1.58452504803408	1.61612086836527	1.53148078303192
21.65	1.56651289913629	1.5979700558985	1.51003567152874
21.75	1.54951148953432	1.58009274009205	1.49881550656309
21.85	1.53184977803947	1.56148574996955	1.4867690582964
21.95	1.51342415492243	1.54310934889592	1.47291832949667
22.05	1.49423462018317	1.52372198072366	1.45559014127573
22.15	1.47428117382173	1.5042550119404	1.43400870703254
22.25	1.45388387180101	1.48412406980723	1.41175497460003
22.35	1.43343227855427	1.46363953372575	1.39186823971922
22.45	1.41286832849619	1.44344388728097	1.36915939880169
22.55	1.39374499144012	1.42239522441586	1.35442016043191
22.65	1.37404746221547	1.40169972879198	1.33999038179787
22.75	1.35358893777787	1.38076708316446	1.3241280056205
22.85	1.33236941812731	1.35977145068898	1.30293429278801
22.95	1.31087568448988	1.33978953365543	1.28157714485923
23.05	1.28979289172686	1.31941044395465	1.26238078810978
23.15	1.26861918784821	1.29788110033978	1.24096242214601
23.25	1.24827161826043	1.27671764248641	1.21961667081057
23.35	1.22799333920417	1.25484264678488	1.19828823875983
23.45	1.20767443052939	1.23248232780824	1.17749350702717
23.55	1.18703946091212	1.20967249442851	1.15464825155819
23.65	1.16610563893136	1.18702172523361	1.13439272580162
23.75	1.14503359559374	1.16506270869097	1.11387682522722
23.85	1.12373000970194	1.14240148174842	1.09410968088616
23.95	1.10234414136314	1.12144373579553	1.0746141954002
24.05	1.08099145511634	1.10198535887412	1.05474451205236
24.15	1.05980489098967	1.08269055286493	1.03272136163661
24.25	1.03853863067603	1.06432153966751	1.01024584108347
24.35	1.01734720020492	1.04617519323544	0.984715933878587
24.45	0.996311066882631	1.02704263510606	0.956651177621146
24.55	0.975758073362038	1.00749594688865	0.930425302782383
24.65	0.955689704199128	0.988084225327327	0.90728835703422
24.75	0.936105959393863	0.968302362385965	0.880994661635399
24.85	0.916808309675497	0.949087935696942	0.853845505316789
24.95	0.896766446689115	0.928039738220635	0.828978151684239
25.05	0.875869366978414	0.909457286293735	0.803748877741426
25.15	0.855226462803994	0.892764862199188	0.779041791079617
25.25	0.832995084405298	0.873235063114699	0.754307478467608
25.35	0.808406427829871	0.850649851341173	0.731039750971888
25.45	0.783351552610264	0.828549085261969	0.707485587506722
25.55	0.75882633913025	0.811058019441112	0.685317314238451
25.65	0.73458557368754	0.794025254004054	0.663903294769402
25.75	0.709919074069335	0.770508478741525	0.642082696551611
25.85	0.686197389378476	0.756606085124407	0.621092295992325
25.95	0.663213846585286	0.740987589437905	0.600402704427245
26.05	0.640589830222594	0.727623234620545	0.578996502867862
26.15	0.617577718608601	0.706101386571171	0.557477254088499
26.25	0.594327225701449	0.680139502194664	0.537450889968206
26.35	0.572143790276746	0.662176536806287	0.515032795823757
26.45	0.551050637002164	0.653564655094406	0.493529423937652
26.55	0.530807502336019	0.64093437481249	0.473095839481392
26.65	0.510626389371743	0.617288461124245	0.452610193374306
26.75	0.491455823286332	0.606049070458232	0.433353279833734
26.85	0.473409153041213	0.59675281653051	0.413442548219139
26.95	0.455132730064352	0.57660844216568	0.395214697623247
27.05	0.436475453042525	0.544553146191823	0.377798445437468
27.15	0.419017283752083	0.526842996219169	0.359748199353417
27.25	0.402786557232552	0.51520387969951	0.342366525799374
27.35	0.387783273483936	0.508881924577015	0.326018549290199
27.45	0.374002266032737	0.504770165211145	0.309336840082981
27.55	0.360548728999141	0.494580902081594	0.293337169809355
27.65	0.347373116822962	0.477572153045163	0.27628892751612
27.75	0.333885311759035	0.442518174193899	0.259261743499169
27.85	0.321505101888534	0.409389303328206	0.243173241555144
27.95	0.310455904937732	0.394617366196731	0.228040216518843
28.05	0.300737720906635	0.388685817854254	0.213397996339648
28.15	0.292350549795263	0.386603515411282	0.198925152168098
28.25	0.285294391603578	0.386494618638971	0.186580161190005
28.35	0.279569246331595	0.388258148305267	0.174466673702736
28.45	0.27517511397935	0.389490097195382	0.161780733903335
28.55	0.272111994546779	0.392388854278826	0.150703191978229
28.65	0.270040233383003	0.394420178344722	0.138841792700065
28.75	0.263590939196388	0.387930590773238	0.129039140172316
28.85	0.249142143724971	0.361236991700507	0.118636292986631
28.95	0.235485291043328	0.336271305419217	0.107935521129465
29.05	0.223655743517644	0.329964305969432	0.0985937362293349
29.15	0.213653501147931	0.33736953429842	0.0894514623083667
29.25	0.204732748078809	0.338150922698731	0.0815473952847067
29.35	0.194633957991543	0.315768073139536	0.0744690924208687
29.45	0.18607196504983	0.317306096397658	0.0678450717088041
29.55	0.17741594426904	0.308337529273756	0.0614312101933257
29.65	0.168908966342057	0.305220833168945	0.0543160552725112
29.75	0.160560751872495	0.295381443810288	0.0483713012812689
29.85	0.151273354404548	0.280860387853017	0.0418993451479815
29.95	0.142456783030797	0.270504188683065	0.0345534938912423
30.05	0.135156867412082	0.272415140699045	0.0284711284648718
30.15	0.12797351686109	0.26437081337669	0.0212780131914766
30.25	0.121269656905799	0.25818049122922	0.0142065931361411
30.35	0.115142230120523	0.247907709774328	0.00752358316196212
30.45	0.109996464223802	0.245251659633849	0.00492311644550735
30.55	0.105088794025802	0.242999736988885	0.000328279306984309
30.65	0.101000818328821	0.246275631294676	0
30.75	0.0960787240689044	0.238806368585331	0
30.85	0.0914467169139352	0.229412020460775	0
30.95	0.0879007115541625	0.235122372967124	0
31.05	0.0830577355942161	0.219979457041039	0
31.15	0.0789974139538278	0.205277271421679	0
31.25	0.0763785545020148	0.192413953353051	0
31.35	0.0752011572388053	0.181014955724842	0.000521707369024675
31.45	0.075465222164218	0.174003129424449	0.000763036713213
31.55	0.0771707492781929	0.172452038656386	0.00293817583565566
31.65	0.0803133242512446	0.185654750664935	0.0054646459286544
31.75	0.0839357946563767	0.192448877095047	0.00889117931495439
31.85	0.0882460283839535	0.197316345317412	0.0117509495980881
31.95	0.0939303871343137	0.212267993495137	0.01296704975821
32.05	0.0985011048097312	0.220507426295324	0.0148527576830266
32.15	0.0996784557042794	0.210410401453306	0.0176302756602877
32.25	0.101381942571764	0.212136310557395	0.0207886535789858
32.35	0.102863181088093	0.203642971659744	0.0232728586396482
32.45	0.105365299753188	0.194835594634189	0.0269893999294904
32.55	0.10903877858333	0.1898063077163	0.0319596502462605
32.65	0.113883617578485	0.200551504039453	0.037132115214248
32.75	0.119525173050051	0.214495166230436	0.0427731960160849
32.85	0.12517138424822	0.217375418608137	0.0498735988526448
32.95	0.130041464186995	0.219503691284139	0.0565054805287835
33.05	0.134497228144712	0.222762846483878	0.0635002378023932
33.15	0.137922042877972	0.21693824195452	0.0708604573265415
33.25	0.14225433218323	0.213187502120583	0.0771775823520169
33.35	0.147569165278597	0.214037004423263	0.0826262857468809
33.45	0.153690917335155	0.224492430649285	0.0885639081456505
33.55	0.15973553387281	0.224057196185893	0.0937084896637495
33.65	0.166561672996111	0.224607730240166	0.10118994070878
33.75	0.1743422550921	0.237771020434398	0.107124997668196
33.85	0.181751251450426	0.246238461222752	0.114617257457172
33.95	0.188502990571898	0.241576942661247	0.122702457873986
34.05	0.19616282274516	0.246530729970871	0.130602136486773
34.15	0.204255455755879	0.261740101765195	0.138164314738715
34.25	0.21051615624549	0.265167564077881	0.147552919659235
34.35	0.215228106722948	0.267990931172386	0.155427785667298
34.45	0.219476067374833	0.266076849318697	0.162229491426744
34.55	0.224393562357216	0.266046033127328	0.170916607031562
34.65	0.23005106838309	0.266435922015439	0.177322845347683
34.75	0.236448585452445	0.27246121867245	0.185109735873465
34.85	0.243215953456017	0.283837781493924	0.192426843406629
34.95	0.24968603577814	0.28453020437989	0.198567955834716
35.05	0.256788643035355	0.285517660948954	0.206209679860586
35.15	0.264580813523647	0.291075940846066	0.213510366137705
35.25	0.272885527877418	0.3043848569502	0.221841107783309
35.35	0.279242578614962	0.311005861387343	0.229300136691775
35.45	0.285051130173138	0.314477629355113	0.239654218202524
35.55	0.291371252871659	0.318247773732128	0.246784112099366
35.65	0.298196100352365	0.322870945495363	0.253671909098774
35.75	0.305059561657803	0.328683891981554	0.262488612809967
35.85	0.311823306091621	0.333692549642483	0.269451115492928
35.95	0.318679361251549	0.339617822541774	0.275762302451333
36.05	0.325094802910671	0.345476149055584	0.283830792899184
36.15	0.331634346910272	0.351496302506084	0.292158082933319
36.25	0.337912118431886	0.357697563112821	0.300705264018961
36.35	0.344099091393277	0.363925604358833	0.309174430154851
36.45	0.350475747068691	0.370311469073959	0.317173567281404
36.55	0.356976421335253	0.376745767344731	0.326225879629233
36.65	0.363477273050764	0.382996070362919	0.33526813021638
36.75	0.370116425607248	0.389683499970983	0.343934848583443
36.85	0.376857765971423	0.39576943268924	0.351660012030047
36.95	0.383452347615088	0.401551531268927	0.358852177706927
37.05	0.389929205047987	0.407331509184244	0.365608961186355
37.15	0.396318148006136	0.413006465818492	0.372729639313912
37.25	0.402630374367506	0.418824021239133	0.380043270114092
37.35	0.40887443986258	0.425851308714509	0.386041677966898
37.45	0.415035334121705	0.432714296984604	0.391692833027884
37.55	0.42105994735492	0.439322755598817	0.397547059246642
37.65	0.426919548854505	0.446058343115809	0.40382308038149
37.75	0.432614138620437	0.452478610930162	0.408913033746992
37.85	0.438178484166237	0.45920832178198	0.414021109781805
37.95	0.443683169047744	0.465698812119272	0.419224788080038
38.05	0.448999398422317	0.471687379274226	0.424791998461978
38.15	0.454203526479586	0.477490130014101	0.43046820973352
38.25	0.459714003879053	0.483844188705792	0.435747974359207
38.35	0.465522829457472	0.489310157022665	0.441606970376786
38.45	0.471338720014923	0.494755910979481	0.446599096408403
38.55	0.47702057830623	0.500641992866672	0.451271330953866
38.65	0.482992622975019	0.507304391905393	0.457381376103936
38.75	0.488627923733485	0.513721851431096	0.461063726488473
38.85	0.494283241001168	0.520700266758865	0.468618398660248
38.95	0.499489021936759	0.526683464136633	0.472305788121991
39.05	0.504364989964573	0.532864748250169	0.474950264686094
39.15	0.509312089621863	0.538467985358668	0.480400634166913
39.25	0.514602572030362	0.543735277636162	0.486759502403004
39.35	0.519738644453517	0.549797577184374	0.490681179352244
39.45	0.524296986046105	0.556358598383919	0.491803395132972
39.55	0.529093258448047	0.562422730744578	0.495374244669034
39.65	0.534652711840079	0.56871506614691	0.50143257910721
39.75	0.540577325349054	0.5749074363151	0.509210585383325
39.85	0.545930540609786	0.580443811357745	0.512279918688943
39.95	0.550933480407632	0.585704901707741	0.513148919500602
40.05	0.556265388466218	0.590373194467157	0.519299462063525
40.15	0.561418627846168	0.595906200932446	0.523319896497664
40.25	0.566512292809799	0.601124514582859	0.530609256387442
40.35	0.571081623931514	0.606088621031249	0.530779224642337
40.45	0.575391885458057	0.610800991023296	0.531271038524432
40.55	0.580095285232808	0.615788270123579	0.53977890170595
40.65	0.584387570020217	0.621415554659302	0.546547171217785
40.75	0.588178344728833	0.626260444330191	0.551146810563942
40.85	0.591467609358638	0.631786979301994	0.550597926850894
40.95	0.594262317326184	0.637448529164307	0.547586014787512
41.05	0.597033559707916	0.643407699173467	0.547619558703985
41.15	0.600389393512728	0.648200536796766	0.552371296826929
41.25	0.603735975881537	0.652207843718569	0.552639989328625
41.35	0.608064557116509	0.655465172300433	0.558123471231805
41.45	0.612389121959704	0.659253320789182	0.565392117433476
41.55	0.616299048206063	0.662603311422065	0.567467198319345
41.65	0.619881074111241	0.666356098612526	0.565657560087348
41.75	0.623941272919405	0.669570320634731	0.570221371924922
41.85	0.627849962930507	0.672362918185834	0.576988404801692
41.95	0.631379489421197	0.675386334112573	0.58381274514714
42.05	0.63452985239146	0.677742083387053	0.586962700985071
42.15	0.637301051841311	0.680767902443383	0.586285736998813
42.25	0.639693827140571	0.683323773306751	0.581119069850735
42.35	0.642510816689371	0.684921065578927	0.580713236594678
42.45	0.64606758785476	0.68598418785297	0.586640991617402
42.55	0.649336566768234	0.686912433261871	0.593172815479152
42.65	0.652273427029381	0.688228335382896	0.59893671604115
42.75	0.654878168638232	0.689088112275539	0.604812463031872
42.85	0.657150791594749	0.689705382904781	0.610232077690816
42.95	0.659091295898976	0.690290673764722	0.615736436524386
43.05	0.660699681550852	0.69115153169593	0.620703440872978
43.15	0.661975948550466	0.690193552913592	0.623627426183395
43.25	0.662920096897726	0.689765736447137	0.62519574020712
43.35	0.663532126592699	0.690145724340398	0.626032756589529
43.45	0.663812037635338	0.690549144727474	0.622222780728872
43.55	0.663759830025681	0.691176899608331	0.617084805109711
43.65	0.663375503763707	0.691065653086572	0.611570221878855
43.75	0.662659058849404	0.691215659834051	0.605132858307764
43.85	0.661921955569183	0.69113637901003	0.603447115296225
43.95	0.661170861945632	0.691242108039095	0.603794406419164
44.05	0.660095434265242	0.691080613712214	0.604211654711746
44.15	0.658695672087731	0.690415853375222	0.601343095846906
44.25	0.657048663090836	0.690115939362859	0.594937821173682
44.35	0.656110969169817	0.688808769933055	0.594800797967564
44.45	0.655550699822127	0.68798455857668	0.597680270100346
44.55	0.655100086450685	0.686150898839618	0.60119721806481
44.65	0.65453715134078	0.684687629584549	0.605603934894442
44.75	0.653688719729029	0.683002185157414	0.606892595202689
44.85	0.652554791615394	0.680924426849555	0.606321551252618
44.95	0.651135366999897	0.679657621958991	0.602134280590962
45.05	0.649626465329526	0.678402107786213	0.597675035669069
45.15	0.648265851224092	0.677319474259059	0.600965757241726
45.25	0.646640899574064	0.675861858700388	0.604660834441562
45.35	0.644736319735865	0.674354776315036	0.607062316322056
45.45	0.64255211170947	0.672668610821773	0.608655212303105
45.55	0.640088275494879	0.670382957850369	0.608888468471689
45.65	0.637344811092114	0.668331986739578	0.606630117002235
45.75	0.634321718501152	0.666177361085656	0.602251470546692
45.85	0.631018997721996	0.663995528406632	0.595541683220001
45.95	0.627545397104368	0.661624453842889	0.590416108458329
46.05	0.624134304362992	0.659318855613749	0.589323752053906
46.15	0.620937010528895	0.656333958896413	0.589476002399165
46.25	0.617664601548764	0.652591753364484	0.586519312030094
46.35	0.614690313687872	0.649889570969074	0.587220025416466
46.45	0.611616638815369	0.647351182805051	0.584708536575471
46.55	0.6092239603802	0.644390301396596	0.582329517363198
46.65	0.60767530943594	0.641431029180159	0.582207289778167
46.75	0.606010052843687	0.638456319843405	0.581297382431926
46.85	0.604352687694135	0.63455446552763	0.580519809470309
46.95	0.602459453395079	0.631242245618161	0.580094633478798
47.05	0.600281380037764	0.627582138890526	0.579479355481413
47.15	0.597818467622205	0.624418875259233	0.578809237481045
47.25	0.595070716148426	0.621383252325261	0.57787024126745
47.35	0.592038125616395	0.61839761395194	0.576384431370949
47.45	0.588740132604296	0.614723346476999	0.572777705830948
47.55	0.585617020023884	0.611816616461726	0.570282353940874
47.65	0.582707130053185	0.607246048759938	0.568781985364445
47.75	0.579974502699491	0.603047785902396	0.567057567373378
47.85	0.577316168385136	0.599058780083896	0.565716635019867
47.95	0.574541855414687	0.595629530655357	0.56393327355908
48.05	0.572288617867486	0.593052735050977	0.562146720523592
48.15	0.570057447232519	0.589679017366047	0.560184746319929
48.25	0.567938390388329	0.587364866547616	0.558221938749504
48.35	0.565834628136495	0.585936634394811	0.556166929104538
48.45	0.563795415596571	0.584281885909779	0.554090099274873
48.55	0.56230484417974	0.58296022188007	0.552141476399327
48.65	0.561054914684006	0.581757787605325	0.550053956330856
48.75	0.559755116749092	0.579688280796357	0.548096006935256
48.85	0.558405450375013	0.577850880238372	0.546261824319632
48.95	0.557005915561763	0.575845985120094	0.544443782201557
49.05	0.555556512309346	0.573568605855157	0.542723097379795
49.15	0.554057240617733	0.571298165283998	0.541040763865257
49.25	0.552508100486963	0.56890267234949	0.539143228669825
49.35	0.550909091917019	0.566299276039032	0.537513256475673
49.45	0.549260214907913	0.563978338206322	0.535757051287467
49.55	0.5475614694596	0.561652830238358	0.53420096735731
49.65	0.545812855572145	0.559091337340191	0.53311017739448
49.75	0.544014415554532	0.557499721883381	0.531939903789385
49.85	0.542222874793483	0.556084975379476	0.530498035892407
49.95	0.540432562366745	0.554410779735356	0.529607190660046
50.05	0.538646050742004	0.552516468295536	0.528270447843503
50.15	0.53692022662367	0.550842799737875	0.526994236325983
50.25	0.53534698717328	0.54911738241568	0.525799340939688
50.35	0.534061479271201	0.547637422973938	0.524689280140535
50.45	0.532793836652584	0.546046131868688	0.523661148446246
50.55	0.531602869853959	0.544385268610674	0.523015102695275
50.65	0.530540503195349	0.543471547111884	0.521816397588576
50.75	0.529590185380093	0.542799481341305	0.520083120213367
50.85	0.52867384714135	0.541734779283299	0.518885306797678
50.95	0.527653661294306	0.541429069803736	0.517370762958106
51.05	0.526529512065386	0.541399014340537	0.515938438437246
51.15	0.525301399454588	0.541131078014135	0.514598457521046
51.25	0.52404042994555	0.540690194928401	0.513295820765339
51.35	0.5227733894452	0.540071749584882	0.511693279793295
51.45	0.521531490093052	0.53965848025195	0.510379698732333
51.55	0.520347012648358	0.5389212958917	0.508907496267756
51.65	0.519150194504146	0.538853808553636	0.507561381588641
51.75	0.51793911955867	0.537488394444753	0.50570562084815
51.85	0.516928164673889	0.535910178664796	0.504422718533789
51.95	0.515835970294353	0.53445106928953	0.502659614946286
52.05	0.514570197749815	0.532955996345805	0.500432966602101
52.15	0.513130847040332	0.532025395559664	0.49865484254628
52.25	0.511537427497326	0.530864461637879	0.496322604658833
52.35	0.509893621214236	0.529668826111031	0.493935797547188
52.45	0.508191681165072	0.528637117907644	0.491768081013894
52.55	0.506551934823213	0.527240227996188	0.489325149121299
52.65	0.504979968412599	0.526002054811869	0.486115801852705
52.75	0.503216323090722	0.525217125039145	0.482931725611597
52.85	0.501371614568156	0.522804006906469	0.480384458796689
52.95	0.499610132654545	0.522109151734658	0.477012311352093
53.05	0.49767469993567	0.521238752855641	0.473556546929054
53.15	0.495552957799104	0.519533217404479	0.470396374978851
53.25	0.493247402656726	0.518677074181845	0.466815642105143
53.35	0.490886352498071	0.517407232895866	0.46315622483926
53.45	0.488553656630269	0.51632758799152	0.459563196782712
53.55	0.486114367385081	0.514852207985008	0.45629606852085
53.65	0.483784326990506	0.513955815061216	0.452960911795423
53.75	0.481405675429226	0.512964022708143	0.449630897035875
53.85	0.479203034380535	0.511458206382777	0.445186288906361
53.95	0.477118997676905	0.51035498418294	0.441605128495137
54.05	0.474971064117142	0.509023036609012	0.437427785469588
54.15	0.472757561686519	0.507246773545262	0.432991602313817
54.25	0.470478490385001	0.505586703452533	0.428407038669076
54.35	0.468133850212612	0.50428964658516	0.423773863409207
54.45	0.465723641169387	0.502530978336697	0.419998936573349
54.55	0.463275724991235	0.500297242853829	0.414860534267168
54.65	0.460852994156499	0.498396354038775	0.410350368412478
54.75	0.458387335791067	0.496184010423566	0.405982582548938
54.85	0.455873612796128	0.493770559643721	0.402606025449584
54.95	0.453311825171735	0.492027568188962	0.398486252138839
55.05	0.450701972917861	0.489644626278473	0.394643232244481
55.15	0.448044056034478	0.486921375752768	0.389921438859806
55.25	0.445338074521607	0.484076028215245	0.385803428507858
55.35	0.442584028379285	0.481153844281174	0.38183912219973
55.45	0.439781917607472	0.47848005532695	0.378169072327001
55.55	0.436931742206139	0.475044149518741	0.374605426758359
55.65	0.434033502175365	0.472406061001437	0.370728211258021
55.75	0.431087197515092	0.469138464487795	0.367153431939189
55.85	0.428092828225339	0.465962298164272	0.363771372152273
55.95	0.425050394306098	0.4623004258278	0.360468166093741
56.05	0.421959895757376	0.458599945797165	0.357269083167923
56.15	0.418821332579163	0.455170379159015	0.353788524734062
56.25	0.415634704771484	0.451057916164349	0.35040841430852
56.35	0.412400012334314	0.44733704701973	0.347111215705097
56.45	0.409117255267635	0.443345715226091	0.343391125860327
56.55	0.40578643357152	0.439138352780668	0.339693421196826
56.65	0.402407547245879	0.435254485497493	0.336525109120553
56.75	0.398980596290784	0.430736125022041	0.333610057515453
56.85	0.395505580706193	0.426569006936416	0.330629729266173
56.95	0.391982500492109	0.422362574631715	0.328209891430842
57.05	0.388411355648562	0.417714181444976	0.326004260761599
57.15	0.38479208754266	0.413107353994527	0.323834034644284
57.25	0.380962738706037	0.408338384298899	0.321165394471136
57.35	0.376961702199533	0.403648999433302	0.319202030523324
57.45	0.372801928601023	0.399156409594608	0.316965566361109
57.55	0.368483187581525	0.39449323504706	0.314747870358899
57.65	0.364192801510598	0.389938375014312	0.310379581192669
57.75	0.359863062222268	0.384908358988058	0.30592665682468
57.85	0.355189369827756	0.380599426545645	0.298970674372671
57.95	0.350536567562217	0.376552332438461	0.290410882787457
58.05	0.345970645572186	0.37278032835926	0.282846574425157
58.15	0.341491603857685	0.368408838207648	0.27527286508452
58.25	0.33705080396049	0.364393164826192	0.266414205368445
58.35	0.331907061939811	0.360663659537904	0.258788033697495
58.45	0.326665474330077	0.356562115937264	0.252424048892404
58.55	0.320857098062281	0.352743543210194	0.24704417808255
58.65	0.313553312984793	0.350032105427454	0.239419134753629
58.75	0.306390958338449	0.347052102326592	0.232483257098697
58.85	0.299720344044992	0.344967987336509	0.226037176465237
58.95	0.293542834480299	0.343480978057739	0.220926082313161
59.05	0.28785842964438	0.341557135297672	0.216089075002064
59.15	0.282667129537258	0.340044389504021	0.209896612874687
59.25	0.277968934158909	0.33890451517271	0.205437899766097
59.35	0.273566018447153	0.338425655607365	0.200144701418023
59.45	0.269032951235269	0.337283531183368	0.194709878126709
59.55	0.26396010689124	0.336685902287555	0.189480299022986
59.65	0.259269998756104	0.336213300475917	0.185008950421289
59.75	0.255221604503928	0.335821302167356	0.180029780037438
59.85	0.250973246455331	0.334688176820452	0.175535201224837
59.95	0.246906092383073	0.335260228862194	0.171667351435324
60.05	0.242443872407178	0.331777540413319	0.167185888785562
60.15	0.236224696282105	0.322893916458677	0.162345592006852
60.25	0.23025561999092	0.31991144326238	0.158664174618101
60.35	0.224071679058493	0.315350170241731	0.155160896467956
60.45	0.218680034587237	0.314284429517809	0.151661508946338
60.55	0.214127873268059	0.314350604709968	0.147198440200208
60.65	0.210415195100964	0.315311039233591	0.143727295169599
60.75	0.207542000085942	0.317109987481678	0.139539753230382
60.85	0.205508288223009	0.319134292386542	0.134280476901923
60.95	0.204314059512136	0.321649141579301	0.129467704624524
61.05	0.203959313953384	0.324601553015781	0.126735281836252
61.15	0.204217371243059	0.327147521025778	0.122450834074725
61.25	0.203038891717646	0.318538186716124	0.117525918164054
61.35	0.20211470257387	0.315769072066419	0.114993570111514
61.45	0.201291357797503	0.311894590667386	0.110143497934096
61.55	0.201149011332645	0.314739404873481	0.10864350656046
61.65	0.20167877708894	0.319731484028462	0.107852366515685
61.75	0.201239815358451	0.317413552001077	0.106478354322318
61.85	0.199910856444027	0.312657021687303	0.106092942442056
61.95	0.19839612612482	0.305374451797632	0.106887838853939
62.05	0.197861940243085	0.309247936736223	0.108280630769079
62.15	0.197423978018887	0.30992888468739	0.112133895727761
62.25	0.196814964112404	0.310458716643931	0.114610564146416
62.35	0.195600664477791	0.299056446444708	0.117884063989893
62.45	0.194974892748613	0.289503950451616	0.120956680948598
62.55	0.195526207683993	0.289031392630931	0.123128914432305
62.65	0.197254609283923	0.298287520696941	0.124993798828717
62.75	0.199631955382527	0.304781705265461	0.126715469371932
62.85	0.202345645530148	0.312981484234824	0.129129149749859
62.95	0.206263960956615	0.318651984569425	0.130732313589072
63.05	0.210466299785227	0.328682331234087	0.132131003382332
63.15	0.212684685126185	0.324582580693216	0.134664253421663
63.25	0.215802663818353	0.321371127071688	0.138770806370205
63.35	0.219947076783305	0.328023463230169	0.142674589815589
63.45	0.223127088005185	0.321916606831345	0.147893745115625
63.55	0.227090919512185	0.314295118732619	0.152936651963719
63.65	0.232355532493815	0.316692756652745	0.159464193961776
63.75	0.23892041593665	0.327039016989718	0.1658956488056
63.85	0.245302316728591	0.333890021155336	0.171903761847078
63.95	0.250756810273922	0.331760786919728	0.178354218155902
64.05	0.257322376085362	0.329392786809401	0.186088295399403
64.15	0.26463223716802	0.331627160641976	0.195211875879324
64.25	0.27289790245169	0.3438213789138	0.203361822423951
64.35	0.281317991043097	0.351172574054806	0.211894422687187
64.45	0.289098610535404	0.353263880730003	0.219628566682848
64.55	0.297252580180744	0.353697767353589	0.227717194089619
64.65	0.306555871566853	0.361371349616529	0.232212752810873
64.75	0.315667116508183	0.37236326136875	0.238969238496327
64.85	0.323529304763529	0.379320709524073	0.245191347332885
64.95	0.3304974806739	0.382839769555986	0.25375968832806
65.05	0.336970073205528	0.384857987028886	0.261952889218278
65.15	0.344138079778012	0.389024493538138	0.269475688055907
65.25	0.351401377568075	0.400506372996178	0.276686464330192
65.35	0.357151697174338	0.405490206850907	0.286829867475856
65.45	0.363129359229717	0.408663595186367	0.294136440633855
65.55	0.369421792659754	0.417495722188654	0.301335505712991
65.65	0.375406546763108	0.421154323312435	0.309650596019704
65.75	0.381834555958862	0.425060201320633	0.318985096020303
65.85	0.388767688926337	0.428957383334988	0.328993708811187
65.95	0.396205945665516	0.434122658760856	0.340773514803514
66.05	0.404149326176448	0.439199640522657	0.351552943030951
66.15	0.412597830459096	0.445676044998031	0.36273295343178
66.25	0.421551458513451	0.456501046661534	0.374178533249193
66.35	0.430500596416604	0.469527506866561	0.387154233538839
66.45	0.438944982744956	0.476046975404513	0.397378702620885
66.55	0.447459861242759	0.480922850695409	0.406981022167252
66.65	0.456357263118737	0.487451815227924	0.415890482983733
66.75	0.465301965707681	0.496362902482055	0.42500073260086
66.85	0.474307192360007	0.502982258155917	0.434401061949549
66.95	0.483577564001641	0.513273426182715	0.444932872188176
67.05	0.492486109598539	0.521119860689945	0.454904815191405
67.15	0.50127568446603	0.529959735811436	0.465092302096947
67.25	0.510150504601631	0.539355984003669	0.476923236401282
67.35	0.518941551989412	0.548485950229643	0.488409974866447
67.45	0.527946734975497	0.558569534811504	0.49969108490005
67.55	0.537176879536499	0.568726896556148	0.509715735943142
67.65	0.546631985672341	0.579099085204459	0.519591114202983
67.75	0.556312053383039	0.588778688782172	0.529605550906764
67.85	0.56621708266862	0.598111204212908	0.539110819166428
67.95	0.576340584631523	0.607415909132803	0.549251472101264
68.05	0.58650182734879	0.616055893398106	0.558877703587913
68.15	0.596662619792011	0.624655669994173	0.568189962184303
68.25	0.606622699475338	0.634961567180132	0.57816714536104
68.35	0.616564546703191	0.645125337734727	0.587907832388989
68.45	0.626459132784068	0.654825386717539	0.597076663436878
68.55	0.636142260112885	0.665454359117444	0.606969180595529
68.65	0.64572533009284	0.674861534247234	0.616663200794995
68.75	0.655231951901204	0.68359630443566	0.626564874813372
68.85	0.664662125538005	0.693316992942493	0.63683018717819
68.95	0.67401585100318	0.701108251601778	0.646670865559338
69.05	0.683282583412407	0.709326532449772	0.657074304184861
69.15	0.692367868817961	0.716884001297552	0.667860888242425
69.25	0.701243468900789	0.724295593901046	0.678930479971665
69.35	0.709936048004377	0.731422813261469	0.690528984165988
69.45	0.718448183401714	0.73775374542637	0.701054739687699
69.55	0.726784903650464	0.745433564971571	0.712001460840841
69.65	0.734957755081256	0.753158893172366	0.723178031687299
69.75	0.74316250296087	0.760500087303485	0.732155243578368
69.85	0.751333925713096	0.768445133682191	0.740737498535386
69.95	0.759506681183408	0.776193911467919	0.748942705087998
70.05	0.767653691311526	0.783912405102332	0.756899745610773
70.15	0.775709655078508	0.790895765020248	0.764654115070848
70.25	0.783674572484361	0.798447826837257	0.772288708607215
70.35	0.791548443529038	0.806148065275851	0.779951967675396
70.45	0.799337563458471	0.813348029910447	0.78725396995201
70.55	0.807089598404332	0.82037600094228	0.795077549030967
70.65	0.814785260235651	0.827699754075309	0.80252746721031
70.75	0.822448898341653	0.835018234358988	0.809721806860907
70.85	0.830072951873657	0.842270394320145	0.817431040953108
70.95	0.837654020109787	0.849865171300751	0.824924525014872
71.05	0.845190198649501	0.857389744981864	0.832117330874219
71.15	0.852667319787231	0.864920458251749	0.839347371421736
71.25	0.860104813492152	0.872424553710242	0.846260190971846
71.35	0.867538710591052	0.879903995329403	0.853645430350378
71.45	0.874985687254138	0.887223383497663	0.860754430155921
71.55	0.882445743481356	0.894505771870334	0.867616820807993
71.65	0.889918879272767	0.901676837459044	0.874574840536749
71.75	0.897400303557967	0.908761520727277	0.881011482496508
71.85	0.904822178220668	0.915853101214019	0.887954703458493
71.95	0.91224908556933	0.92344569987987	0.895015079618099
72.05	0.919710259848647	0.930631188442911	0.902634576664547
72.15	0.927113539754005	0.937941068068138	0.910199161161424
72.25	0.934415535930989	0.945491499480241	0.917481126331519
72.35	0.941641152188239	0.952937368937804	0.924960876461039
72.45	0.948938085000994	0.960412126783266	0.931730726011412
72.55	0.956304336564214	0.967951397648249	0.939130291064886
72.65	0.963722092743378	0.975741684015957	0.946703463215734
72.75	0.971188438645382	0.983573219856036	0.95473241073091
72.85	0.978765856218425	0.991346506607734	0.962929238394856
72.95	0.986451272635326	0.999277845991973	0.970614464655329
73.05	0.994224423220674	1.00739489841586	0.978379748606356
73.15	1.00203952188612	1.01471838374063	0.986123938184551
73.25	1.00994454821293	1.02250411500215	0.994220565263901
73.35	1.01800631960205	1.03067357389114	1.00253069368298
73.45	1.02614667702131	1.03851207477024	1.01086131694276
73.55	1.03437980088954	1.04646376832146	1.0191927037738
73.65	1.042550339183	1.05469406034999	1.02760497883001
73.75	1.05054961960374	1.06254143766837	1.0362378886775
73.85	1.05865893773583	1.07031390910161	1.04496019219192
73.95	1.066888681458	1.07841066670226	1.05349610282673
74.05	1.07523885077024	1.08644244312692	1.06232128263922
74.15	1.08370944567254	1.0946746660881	1.0714909694735
74.25	1.09230046616493	1.10298352812058	1.08055249786676
74.35	1.1009763109331	1.11180333588052	1.08970718804257
74.45	1.10965620199088	1.12018327663324	1.09889932261601
74.55	1.11843526133662	1.12884445994669	1.10759124065029
74.65	1.12731824448656	1.13742827111769	1.11677730433388
74.75	1.1362471288139	1.14596787782856	1.12609807787939
74.85	1.14525217107631	1.15471657336208	1.13538150137661
74.95	1.15435308257018	1.16324377417779	1.14480316930614
75.05	1.16347488377586	1.17223906514095	1.1538897970358
75.15	1.17264115834533	1.18146963759904	1.16311880076388
75.25	1.18185950834314	1.19118226177831	1.17230319416665
75.35	1.19110231548886	1.20086932560791	1.18169573804112
75.45	1.20035615333659	1.21071424228729	1.19092044199097
75.55	1.20962748622423	1.22035794231535	1.19984393008196
75.65	1.21892707936431	1.23028744203377	1.20898319854742
75.75	1.22824262779206	1.23978292496158	1.21840085581264
75.85	1.23758446307288	1.24955330499757	1.22777807327353
75.95	1.24695376635773	1.25907317075566	1.23722419876271
76.05	1.25620704718373	1.26841225024267	1.24664452327735
76.15	1.26533981580127	1.27831649088694	1.25613490463531
76.25	1.27435207221025	1.28741331249625	1.2654330104384
76.35	1.28334915569355	1.2965086104265	1.27468070286763
76.45	1.29255902460945	1.30571936941578	1.28386749083434
76.55	1.30164612137922	1.3142584573605	1.29308188900131
76.65	1.31064385536337	1.32253300282024	1.30202856515175
76.75	1.31970325164328	1.33120452892523	1.31106883063998
76.85	1.3285653745288	1.33978693387242	1.31962165258549
76.95	1.33719120167178	1.34799486693102	1.32820681112554
77.05	1.34572234159225	1.35629528097586	1.33656608244695
77.15	1.35416371525059	1.36415965484659	1.34508884610542
77.25	1.36246458381781	1.37210967425428	1.35334457080976
77.35	1.37086569376897	1.37985724351302	1.36213461674272
77.45	1.37921235998394	1.38796838157687	1.37069538978915
77.55	1.38737334748507	1.3962610228965	1.37850301920636
77.65	1.39557094577399	1.40429394897483	1.38683780420422
77.75	1.40408313107215	1.41181630324628	1.39634640162694
77.85	1.41252422542704	1.41969603213785	1.4057228586254
77.95	1.4208351678544	1.42766260353799	1.41460077645686
78.05	1.42901595835418	1.43562325748121	1.42291242322201
78.15	1.43706659692643	1.44346334619921	1.43046854937738
78.25	1.4450254398919	1.45134103668242	1.43762496024163
78.35	1.45304928333935	1.45901943749664	1.44587958109948
78.45	1.46106089319154	1.46679539989626	1.45443849682597
78.55	1.46909460541726	1.47440311101369	1.46220842888363
78.65	1.47722223219687	1.48236057067849	1.47162228815026
78.75	1.48524660013789	1.49052661040447	1.48047583775108
78.85	1.49316586742311	1.4987902833664	1.48849382638723
78.95	1.50098003405259	1.50711867329905	1.49591572808007
79.05	1.50868910002627	1.51549929387195	1.50298682186078
79.15	1.51630985377032	1.52413155399076	1.5102595324828
79.25	1.52401235828518	1.53274971804307	1.5178933979113
79.35	1.53214053151856	1.54200607041639	1.52711513305286
79.45	1.54038274554968	1.55053429180792	1.5347817783719
79.55	1.5487204321207	1.55862453025304	1.5431581602152
79.65	1.55711192821614	1.56683153579287	1.55143244758728
79.75	1.56554525902083	1.57560959382461	1.56028629431945
79.85	1.57391423164795	1.58394990274775	1.56830381849301
79.95	1.582162631321	1.59258072894742	1.57535155911848
80.05	1.59037539989133	1.60203434649318	1.58339980378201
80.15	1.59864093355105	1.61145226024083	1.59115204082879
80.25	1.60688541452407	1.62051809714989	1.59968473823893
80.35	1.61512209494864	1.62922979667645	1.60842818201511
80.45	1.62322484503817	1.63798487878563	1.61591810459745
80.55	1.6311933357611	1.64644928291485	1.62307404410939
80.65	1.63903576801849	1.6552657610374	1.62998076755666
80.75	1.64690951293956	1.66364000962033	1.63741665546477
80.85	1.654997128485	1.67231616941849	1.6453983011933
80.95	1.66343158651685	1.68093886991445	1.65400987629978
81.05	1.67180003810024	1.68914152386099	1.66096620632741
81.15	1.68034698820551	1.69713761612323	1.67104540764326
81.25	1.6887683081047	1.70494272597854	1.67856190370811
81.35	1.6969912916399	1.71457807342144	1.68468989718752
81.45	1.7050159388111	1.72241322967034	1.69022035746954
81.55	1.71311526248199	1.73240021607373	1.69836758491071
81.65	1.72160617808363	1.7412262740983	1.70865965820561
81.75	1.72988937511254	1.75118798645349	1.7144035533382
81.85	1.73805325194559	1.76061737711445	1.72133440614847
81.95	1.74634078023448	1.77086710274017	1.73300288094083
82.05	1.75440984310368	1.77962197600747	1.74180524760433
82.15	1.76223146689927	1.7892962701668	1.74855414577757
82.25	1.76980565162121	1.79763688172418	1.75445007330601
82.35	1.77713239726953	1.80710819029959	1.75979808156456
82.45	1.78421170384422	1.81621913828765	1.76401201934814
82.55	1.79109944769918	1.8251441477966	1.76883037914827
82.65	1.79807510157849	1.83280913280402	1.77680796344658
82.75	1.8048374976248	1.84189061977667	1.78110875275383
82.85	1.81199317504853	1.84982502679268	1.7884191978456
82.95	1.82022052469835	1.85818749816717	1.79804465799856
83.05	1.82837593698752	1.8665627047793	1.80322515495682
83.15	1.83669213305844	1.87564621006045	1.81016181266815
83.25	1.84546480431859	1.88423146018549	1.81794500304324
83.35	1.8546454714699	1.89272235552392	1.82915031824008
83.45	1.86353170007156	1.90160400982152	1.83470408045459
83.55	1.87207665725128	1.91005674499332	1.84064139646946
83.65	1.88065732830325	1.92118617452163	1.85374100041468
83.75	1.88881601091009	1.93333402772904	1.85789156736363
83.85	1.89649498997835	1.94587299428568	1.86119714681617
83.95	1.90369426550808	1.95589252575361	1.86430068219687
84.05	1.91046179086701	1.9664654399575	1.86792256175737
84.15	1.91744321126735	1.97736204326353	1.87512656490122
84.25	1.92421025465876	1.98784005518792	1.87971994376951
84.35	1.93103002382868	1.99837195685216	1.88519365786064
84.45	1.93743990927477	2.00871098498684	1.88792389995385
84.55	1.94361380912608	2.01965697590436	1.89071581072056
84.65	1.95003250938329	2.03048117429354	1.89347808887462
84.75	1.95691715281261	2.04030274548872	1.89944554974717
84.85	1.96420901229505	2.05066434634989	1.90376495591339
84.95	1.9711411895419	2.05958520033008	1.90445036568477
85.05	1.98086419064354	2.06689319311297	1.91513360164964
85.15	1.99119691087071	2.07611988980192	1.92597743865065
85.25	2.00120660438368	2.085865924656	1.93582882435972
85.35	2.01111164404182	2.09431966104525	1.94931283458351
85.45	2.02031911549494	2.10181202657348	1.95399697953318
85.55	2.02882164185899	2.10957838974539	1.95511650104053
85.65	2.03661922313407	2.11678253857172	1.9540261388064
85.75	2.04371185932011	2.12333672510389	1.95150177960755
85.85	2.05009955041714	2.12994033141052	1.9479386990863
85.95	2.05578229642513	2.13714506841076	1.94302904736979
86.05	2.0618300643461	2.14531729201971	1.94608608812467
86.15	2.06972003083536	2.1516819632946	1.9611052833824
86.25	2.0771337412632	2.15766705437314	1.96866719328253
86.35	2.08384312592793	2.16475734924491	1.97333497116272
86.45	2.08984818482967	2.1700431023404	1.97140697040844
86.55	2.09515280724516	2.17724752945286	1.96645078700078
86.65	2.10064873523061	2.18392824075618	1.96311335557972
86.75	2.10778833164293	2.19044271375157	1.97635012924012
86.85	2.1147311259542	2.19755784551421	1.9905796012252
86.95	2.12101700609441	2.20230084539566	2.00162835915775
87.05	2.12664597206367	2.20744953245454	2.01078348191767
87.15	2.13161802386187	2.2119108836293	2.01325965118495
87.25	2.13593316148908	2.21513621522673	2.01614138530436
87.35	2.13959138494528	2.21863385474654	2.01109907045525
87.45	2.1425926942305	2.22230501329883	2.00265277305457
87.55	2.14564742390838	2.22511524233176	2.00501051490695
87.65	2.14880420275236	2.22699322241923	2.0114378240316
87.75	2.15131606261755	2.22851528591159	2.01154876437073
87.85	2.15321617937945	2.23025343792256	2.00755267381802
87.95	2.15525014376944	2.23091338309588	2.0137664528505
88.05	2.15697340167234	2.2318279155434	2.02266163070086
88.15	2.15806057932713	2.2324189666982	2.02188986188411
88.25	2.15851167673395	2.23288747741337	2.01500271329269
88.35	2.15833453729567	2.23209633158513	2.00344753114596
88.45	2.1584264674518	2.23186175602855	2.0073461464432
88.55	2.15850379845151	2.2304599519927	2.01848513366356
88.65	2.15794906560109	2.23072417073907	2.02325757612868
88.75	2.15676226890045	2.22980815251139	2.01971881703245
88.85	2.15494340834966	2.22840307077919	2.00832782997303
88.95	2.15250669340849	2.22715227949382	1.99378101115149
89.05	2.15041920357695	2.22486874601656	1.99363507877424
89.15	2.14830134959917	2.22369001661198	1.99736152396147
89.25	2.14555780537028	2.22205703320179	1.99274788478354
89.35	2.14288592118209	2.21989624494034	1.99284855941694
89.45	2.14016644740172	2.21711983557764	1.9969825939011
89.55	2.13682292827733	2.21369599645878	1.99681975272652
89.65	2.13285536380902	2.21018777103328	1.98562377045958
89.75	2.12872652788563	2.20681996249646	1.97891236746002
89.85	2.12482034059329	2.20177897332165	1.98466970045822
89.95	2.12030912733339	2.19725588680735	1.99136833340112
90.05	2.11517486694873	2.19408510741553	1.99051105605386
90.15	2.10941755943927	2.18874775676375	1.9821433675624
90.25	2.10303720480505	2.18400927658009	1.97506118585242
90.35	2.09643526831505	2.17956505312022	1.96824787509598
90.45	2.08974571089507	2.17431958990043	1.97272122264026
90.55	2.08243792168002	2.16952052651211	1.96853637501291
90.65	2.07450927254571	2.16443754707938	1.95962069526104
90.75	2.0659597634922	2.15854270205723	1.94497750749503
90.85	2.05700562092052	2.15332608400722	1.93055568855914
90.95	2.04828592133011	2.14739882865792	1.91948169316026
91.05	2.04096095547048	2.14092197228403	1.90761992697882
91.15	2.03643124270673	2.13418954627701	1.91010141070193
91.25	2.03150944597637	2.12756859492338	1.91300545493516
91.35	2.02601997186758	2.12089407860145	1.91384033988388
91.45	2.01996282038038	2.11300773662739	1.91435788050424
91.55	2.01333799151482	2.10539744567644	1.91238343784252
91.65	2.00614548527082	2.09854635737888	1.90781845331061
91.75	1.99839675600213	2.09085537945614	1.89370041590267
91.85	1.99088578360837	2.08398611313977	1.88719957177618
91.95	1.98331673212272	2.07600722127663	1.88218917297024
92.05	1.9756362891945	2.06854157269209	1.87298365990634
92.15	1.96799019661262	2.06068548778203	1.86395452134356
92.25	1.96040331313419	2.05241261626721	1.85915042932063
92.35	1.95241495439195	2.04435527413164	1.85302635562086
92.45	1.94428564111926	2.03517847501023	1.84461899513024
92.55	1.93615959454863	2.02599909451215	1.83820215532599
92.65	1.92818419219998	2.01718062077418	1.83287593617655
92.75	1.91988643861632	2.00695260922284	1.82685842887663
92.85	1.91113562883651	1.9978339020501	1.82139027801419
92.95	1.9019317628606	1.98825311429818	1.81614036689312
93.05	1.89227484068854	1.97880807558112	1.80817116945946
93.15	1.88223732461185	1.9676732790276	1.80038537093717
93.25	1.87230648654641	1.9571340649294	1.79322875385619
93.35	1.86218229341289	1.94557917261067	1.78709324208908
93.45	1.85254283294752	1.93424037864006	1.77936362041909
93.55	1.84292839558261	1.92356141125959	1.77031488172283
93.65	1.83296899911487	1.9114315311956	1.7612347563375
93.75	1.82304938918024	1.89835443641816	1.75282108515938
93.85	1.81361825113521	1.88480476457039	1.74434111873046
93.95	1.80396971098165	1.87171090734111	1.73584987781065
94.05	1.79408074003892	1.85973753640378	1.72725472898375
94.15	1.78412722800378	1.84946426475697	1.71910787690359
94.25	1.77428866098247	1.83898708141069	1.70996193225383
94.35	1.76428451985618	1.82747574039436	1.70157288629937
94.45	1.75411064502356	1.81631927348323	1.69253797300115
94.55	1.74394388469276	1.80524070206281	1.68414549348637
94.65	1.7337722480428	1.79279229076156	1.67544994031995
94.75	1.72350023915451	1.78312575625456	1.6669425098935
94.85	1.71318517840355	1.77332069191176	1.65889244441387
94.95	1.70291828251079	1.7616718669224	1.65154769800028
95.05	1.69284873744698	1.75311191855209	1.64344054243569
95.15	1.68299411494228	1.74151770161043	1.63418635388526
95.25	1.67331266064416	1.73139154381662	1.62547494540268
95.35	1.6638257026163	1.7197101711351	1.61715924710138
95.45	1.65461227625392	1.70986198461587	1.60897618288823
95.55	1.64561890607882	1.70002856086658	1.60049451876713
95.65	1.63682508591833	1.6906138171128	1.59080168652038
95.75	1.62817155249624	1.68233037385834	1.58155033266078
95.85	1.61963490878393	1.67366601510466	1.57212763028689
95.95	1.6113904122422	1.6653279892359	1.5621296001835
96.05	1.6035333078289	1.65745979483264	1.55283278655507
96.15	1.59574191423889	1.6504026604383	1.54306381377487
96.25	1.58818836856232	1.64315355535071	1.5339839367756
96.35	1.58104091436074	1.63843913149996	1.52533725244175
96.45	1.57417336936413	1.63197054805281	1.51714335018691
96.55	1.56709834123518	1.62529956040502	1.50789467130001
96.65	1.56032459056203	1.61830566122779	1.50024742024681
96.75	1.55378323293633	1.61287684886093	1.49287999197347
96.85	1.5473260203857	1.60579963542411	1.48546012326911
96.95	1.5412483632017	1.5992630049391	1.47795046854966
97.05	1.53555719620255	1.59335322165735	1.47033428495595
97.15	1.53025251938833	1.58758881479899	1.46422787691958
97.25	1.52533433275904	1.58354907224145	1.45765493161834
97.35	1.52080263631461	1.57905878772998	1.45129271476459
97.45	1.51665743005508	1.57489036153003	1.44363868971076
97.55	1.51289871398047	1.57245946879514	1.43822316778563
97.65	1.50952648809078	1.57242227515156	1.43395891112913
97.75	1.50636577872717	1.57228259801107	1.42777746588319
97.85	1.5025090464738	1.56612457404272	1.42341386919182
97.95	1.49833895235844	1.55951860255648	1.41869984441856
98.05	1.49451338915601	1.55346054360858	1.41493135674662
98.15	1.49105123623399	1.54970715775843	1.41169870963705
98.25	1.48785891444959	1.5483430325634	1.40745448308228
98.35	1.48439557117807	1.54234704438015	1.40454053825704
98.45	1.48072297974921	1.54004337510524	1.40248678581688
98.55	1.47717740419571	1.53466093996334	1.40064980156271
98.65	1.47345275211185	1.52838549655726	1.3993798611839
98.75	1.47002980560431	1.52281236849664	1.39927330038135
98.85	1.46693767353368	1.51721066288997	1.39871615889419
98.95	1.46417635589991	1.51426816455181	1.39662411529157
99.05	1.46174585270298	1.51019384010107	1.39493411535304
99.15	1.45962234091987	1.50728549850998	1.39351684198212
99.25	1.45714517761499	1.50392524462152	1.39404768714122
99.35	1.45453370342809	1.50051466183184	1.39424043906904
99.45	1.45175884681678	1.49817280995628	1.39493894517349
99.55	1.44865833261141	1.4945589771397	1.39090468954624
99.65	1.44533625108924	1.48913875454881	1.39069465911521
99.75	1.44218399109015	1.48510670943012	1.38886579042586
99.85	1.43892547609547	1.4807570223857	1.38647855408427
99.95	1.43591022029246	1.47681824631313	1.38599484064141
100.05	1.43316841963321	1.47460508570608	1.38332085175731
100.15	1.43068453092836	1.47084922858988	1.38036935009434
100.25	1.42820549164683	1.46880054905108	1.37840331686475
100.35	1.42545748081668	1.46493944872363	1.37652036009033
100.45	1.42272086198358	1.46172871350204	1.37664861179596
100.55	1.42018288792023	1.45867560704543	1.37476769530481
100.65	1.41757594955235	1.45417554844507	1.3734086652719
100.75	1.41514335655385	1.45041879320079	1.3713558126537
100.85	1.41289779832191	1.44699194414288	1.3705637667208
100.95	1.41044879892163	1.44316408866713	1.36934145158133
101.05	1.40810304730674	1.43916616261658	1.36855486421809
101.15	1.40575233777669	1.43502378213789	1.36832417009698
101.25	1.40341739971663	1.43077477225684	1.36700546315985
101.35	1.40127894043464	1.42715399256015	1.36628309217168
101.45	1.39928853755615	1.42376930533581	1.36494488545524
101.55	1.39719950150538	1.42059765597029	1.36419595120319
101.65	1.39485038148684	1.41873249602387	1.36330792016439
101.75	1.39203534464618	1.4145792798768	1.36128032259925
101.85	1.38897083921028	1.41031613031214	1.36040415921247
101.95	1.38582176316502	1.4067197658062	1.35758561628832
102.05	1.38261239398087	1.40290520296341	1.35498359429597
102.15	1.37951837923829	1.3992633589229	1.35333596313986
102.25	1.37645125409097	1.39701302420276	1.35079228007739
102.35	1.37322903373342	1.39377111269428	1.34780130100245
102.45	1.36984649848378	1.3900031966321	1.34456491237959
102.55	1.36647893221625	1.38676801574865	1.3410652672886
102.65	1.3632000485682	1.38344765453232	1.3378721731275
102.75	1.35993569096281	1.38054435052951	1.33431085822264
102.85	1.35655611504951	1.377254091175	1.33126023130546
102.95	1.3531464133371	1.37370176806505	1.32812073536789
103.05	1.34981149677121	1.37004440176726	1.32460761446051
103.15	1.34655202128335	1.36739779223863	1.32145409679574
103.25	1.34335909627161	1.36551884961532	1.31762957036652
103.35	1.34008500488197	1.36291314052513	1.31387515563843
103.45	1.33682438291612	1.35986484755435	1.31044978540311
103.55	1.33363316280586	1.3563999515696	1.30710485320673
103.65	1.33051134455106	1.35361220260201	1.30359568147061
103.75	1.32745892815178	1.35127871842617	1.30015227315011
103.85	1.32447591360799	1.34970235109232	1.29676960356575
103.95	1.32151935247058	1.34861068507089	1.2931321741828
104.05	1.31845056057398	1.34594852301169	1.2899744376966
104.15	1.31542622998016	1.34392579211319	1.28701188759138
104.25	1.31243467499704	1.34188970649778	1.28391928124507
104.35	1.30940310328514	1.33936424270735	1.2806944203678
104.45	1.30639124083195	1.33643936762601	1.27706788188356
104.55	1.30343939175733	1.33362024297225	1.2737568263529
104.65	1.30053671680739	1.3310311562475	1.2702420693205
104.75	1.2976768582559	1.32814957009354	1.26684650030824
104.85	1.29485455012219	1.3253274367894	1.26337233210935
104.95	1.29204301431607	1.32316795259758	1.2600133747355
105.05	1.28923346611606	1.32015589215549	1.25671918073247
105.15	1.28644099876105	1.31739884124992	1.25320066275046
105.25	1.28369076306193	1.31520990639425	1.25002236311715
105.35	1.28096503007269	1.31390542582775	1.24682534264499
105.45	1.27823500114056	1.31154394466628	1.24319004359714
105.55	1.27552675733487	1.30944211196189	1.23922629961214
105.65	1.27281843662138	1.30810882075281	1.23563932671864
105.75	1.27013691781467	1.30683847800052	1.23208377692784
105.85	1.26748400556195	1.30487954516697	1.22855636153504
105.95	1.26485969986316	1.30286251653201	1.22505407889358
106.05	1.26226400071828	1.30098999983423	1.22158542453156
106.15	1.2596969081274	1.29899358368351	1.21780792053234
106.25	1.25715842209046	1.2970433082534	1.21427503080915
106.35	1.25464854260748	1.295433449305	1.2104806253344
106.45	1.25216563826749	1.29416815534423	1.20667808307846
106.55	1.24970119445763	1.29267531522936	1.2028718885499
106.65	1.24725632850165	1.29119014312046	1.19915530114575
106.75	1.24483148322129	1.28955885905129	1.19568178774196
106.85	1.24243631469574	1.28767018617308	1.19223203589963
106.95	1.24006330423223	1.28615398097983	1.18873763962782
107.05	1.23771024295792	1.28494279339482	1.18483079948275
107.15	1.23536920330734	1.28378270084176	1.18092290065174
107.25	1.23302466294415	1.28271220018583	1.17700504512247
107.35	1.23069347930457	1.2812791312456	1.17317640937755
107.45	1.22836240072626	1.2798003006291	1.16962462338415
107.55	1.22600962740986	1.27855610372547	1.16597887197012
107.65	1.22362926431632	1.27729615530745	1.16214275179009
107.75	1.22122081759354	1.27614167109863	1.15829793535417
107.85	1.21878419412865	1.27495357375379	1.15455712756561
107.95	1.216319422732	1.27373186326987	1.15093533319744
108.05	1.21382650340359	1.27247653964822	1.14729231751115
108.15	1.21130543614343	1.2711151234621	1.14362808050742
108.25	1.20875622095147	1.26969481044739	1.13994262218623
108.35	1.20617885782783	1.26824810977344	1.1362382625024
108.45	1.20357334677231	1.26677502143949	1.13251267567799
108.55	1.20093968778515	1.26527554544521	1.12876579544314
108.65	1.19827788086616	1.26374614146177	1.12499762179971
108.75	1.19558792601545	1.26219033329618	1.12120815474568
108.85	1.19286982323289	1.26060831444917	1.11739739428142
108.95	1.19012357251871	1.25900008491906	1.11356534040864
109.05	1.18734917387266	1.25737788365748	1.10971199312487
109.15	1.18454662729494	1.25570617043213	1.10583735243226
109.25	1.18171593278532	1.25402154348987	1.10194141832875
109.35	1.17896049637213	1.25231158262764	1.09829081288189
109.45	1.17607506375691	1.2505741864092	1.09438953111562
109.55	1.17317479761327	1.24881101187556	1.09047812810112
109.65	1.17023336868098	1.24702023819459	1.08657143311092
109.75	1.16726378073208	1.24519678461395	1.08266252426981
109.85	1.16426603376662	1.2433296401401	1.07875140157767
109.95	1.16124012778457	1.24143067243027	1.0748380650332
110.05	1.15835884470862	1.2394767817626	1.07142188343311
110.15	1.15580902437163	1.23754107017261	1.06943435452874
110.25	1.1527172252338	1.23556962135459	1.06541640846515
110.35	1.15056652407448	1.23347815913892	1.06385227841736
110.45	1.14744343778898	1.23141473531547	1.05984167412727
110.55	1.14429332601048	1.2293191709964	1.0558196981535
110.65	1.14111618873899	1.22719146618061	1.05178635049598
110.75	1.13791202597443	1.22503162086793	1.04768432888388
110.85	1.13754170461531	1.22354164367721	1.04605720052308
110.95	1.13432843351926	1.22138837442095	1.0416957818559
111.0343835	1.13159674340101	1.21948497036453	1.03799182765692
