phys	rec.rate	upper	lower
0.05	NA	NA	NA
0.15	NA	NA	NA
0.25	NA	NA	NA
0.35	NA	NA	NA
0.45	NA	NA	NA
0.55	NA	NA	NA
0.65	NA	NA	NA
0.75	NA	NA	NA
0.85	NA	NA	NA
0.95	NA	NA	NA
1.05	NA	NA	NA
1.15	NA	NA	NA
1.25	NA	NA	NA
1.35	NA	NA	NA
1.45	NA	NA	NA
1.55	NA	NA	NA
1.65	NA	NA	NA
1.75	NA	NA	NA
1.85	NA	NA	NA
1.95	NA	NA	NA
2.05	NA	NA	NA
2.15	NA	NA	NA
2.25	NA	NA	NA
2.35	NA	NA	NA
2.45	NA	NA	NA
2.55	NA	NA	NA
2.65	NA	NA	NA
2.75	NA	NA	NA
2.85	NA	NA	NA
2.95	NA	NA	NA
3.05	NA	NA	NA
3.15	NA	NA	NA
3.25	NA	NA	NA
3.35	NA	NA	NA
3.45	NA	NA	NA
3.55	NA	NA	NA
3.65	NA	NA	NA
3.75	NA	NA	NA
3.85	NA	NA	NA
3.95	8.48897942806287	11.615733972488	6.30282677788271
4.05	8.06289880236238	10.7555677339019	6.07025470038627
4.15	7.75160327231251	9.99326409391332	5.99326745082323
4.25	7.4691100265151	9.3065105004706	5.90054532046939
4.35	7.14399462102741	8.48377553484035	5.84986847711435
4.45	6.76775705365916	7.69557785367538	5.79489627127826
4.55	6.46821018796002	7.30367826242549	5.32058884257572
4.65	6.16930209667589	7.08036819180171	4.71785242762928
4.75	5.92407957908137	6.98638780048476	4.13595839002039
4.85	5.70453035628336	6.8713820179535	3.73764924038164
4.95	5.54043992056083	6.79858743294746	3.46348253535779
5.05	5.44510847064607	6.76337570092361	3.53210205610828
5.15	5.46860168809154	6.71623614818598	3.71159475485331
5.25	5.54180882552808	6.70149436766555	3.92742423216374
5.35	5.72575634608154	6.83242581419138	4.27359375796034
5.45	6.01707416324226	7.12884456356707	4.75986040736072
5.55	6.34921767212394	7.79460119636982	5.26834711446066
5.65	6.77971024873976	8.17742916939894	5.55679489720029
5.75	7.22789351808374	8.73466177728951	5.72698973037788
5.85	7.28036678787152	8.72803677646991	5.82617472652448
5.95	7.35780869624457	8.74380483890903	5.89055515979354
6.05	7.25529594045774	8.79139090490964	5.88111511339808
6.15	6.957977170046	8.49590509282779	5.90153591414344
6.25	6.75746568255425	8.17432624495995	5.80524524757089
6.35	6.53212864096717	7.71803869475893	5.68252186220917
6.45	6.24694513044845	7.26612421800443	5.45412114445663
6.55	5.91293634600082	6.82770816669593	5.05989885693959
6.65	5.51106643052803	6.31372401986898	4.42273041994532
6.75	5.09232135367288	5.99323238694	3.8412293894105
6.85	4.715303932342	5.72752778181029	3.24474707039364
6.95	4.39095780463252	5.48027686376188	2.91062944907302
7.05	4.13469611103248	5.21267137514934	2.87113386722697
7.15	3.9855018158762	4.94614054763756	2.83295233353444
7.25	3.85554303303781	4.71494135901155	2.96419947690851
7.35	3.80805075571756	4.53563261127259	3.04284300251693
7.45	3.73040739937072	4.3702825066038	2.93431076179033
7.55	3.58811353850368	4.24668762194415	2.87310834714645
7.65	3.50697272526651	4.15839184038072	2.75164471132235
7.75	3.41794768795602	4.13091211920966	2.65885764927081
7.85	3.3958221883712	4.10824598921696	2.64756241642111
7.95	3.44453389827595	4.09017495807502	2.65688958725479
8.05	3.4944737680419	4.13450763411288	2.68941708774116
8.15	3.55762951893018	4.15770848263883	2.78516574561139
8.25	3.6164186091284	4.21797550053088	2.93510155228092
8.35	3.69972369720959	4.28873364395954	3.08243927370845
8.45	3.82429315391324	4.32090825352469	3.35076036840266
8.55	3.97467138384841	4.38969848263542	3.5465748188901
8.65	4.11750210026316	4.54292458979578	3.69866469291851
8.75	4.22826956530702	4.77690048139525	3.72814704220251
8.85	4.30016780304896	4.89091227893485	3.72655701670873
8.95	4.34173885609382	4.97431158360832	3.6572566299687
9.05	4.34569161590362	5.02594247220935	3.57521018897292
9.15	4.32914256590485	5.03869669225636	3.49938298413281
9.25	4.30234265682058	5.20716683457305	3.4208359678056
9.35	4.23772006325727	5.19921722188618	3.31495760244695
9.45	4.16978035237643	5.23098865309877	3.15917013952234
9.55	4.08908863986099	5.33155356229553	2.97642615437643
9.65	3.99447075890805	5.43917441951162	2.80795088552278
9.75	3.88074004899171	5.52776617686993	2.65772105673178
9.85	3.75174072327546	5.64760891747296	2.50510439964995
9.95	3.6211868480099	5.76829100966126	2.38973366002809
10.05	3.45392010396388	5.70104492262398	2.25180517569953
10.15	3.27250101097117	5.71580314019659	2.09188514987778
10.25	3.05922849838921	5.39923630529317	1.94186786021623
10.35	2.83686588886182	4.89660573143885	1.81657410303513
10.45	2.62134768771125	4.43383606373407	1.6961192352431
10.55	2.41267389493755	3.98729192646165	1.55973965755987
10.65	2.21084451054068	3.63836377103772	1.42143149179004
10.75	2.01585953452068	3.31258220219433	1.28834041355428
10.85	1.82771896687751	2.9705665245914	1.15260431059197
10.95	1.6464228076112	2.71559950400052	1.01087083304996
11.05	1.47001328810455	2.42479979274478	0.851930974604759
11.15	1.29313099748398	2.14520400022034	0.699683124629758
11.25	1.12533789791988	1.8624372870468	0.526694284793065
11.35	0.967779658168786	1.6280419307427	0.361900987889431
11.45	0.82045627823076	1.45982268926683	0.197151474248458
11.55	0.683367758105765	1.29832899369917	0.0253461819565924
11.65	0.5565140977938	1.15976523090682	0
11.75	0.439895297294886	1.05604318438054	0
11.85	0.333511356608983	0.931724720821167	0
11.95	0.23736227573613	0.833721900669649	0
12.05	0.151448054676327	0.736806639059733	0
12.15	0.0757686934295422	0.663440844904663	0
12.25	0.0103241919957999	0.6115763999226	0
12.35	0	0.577654893383874	0
12.45	0	0.558948671885306	0
12.55	0	0.545922099873347	0
12.65	0	0.537162359713838	0
12.75	0	0.546019109891654	0
12.85	0	0.542775818581342	0
12.95	0	0.555102876232773	0
13.05	0	0.578168448507793	0
13.15	0	0.606898318459317	0
13.25	0	0.635891256440861	0
13.35	0	0.665214594833227	0
13.45	0.0233092402077176	0.72858780083136	0
13.55	0.0909179163434532	0.806896524957545	0
13.65	0.168761452292223	0.892123570249715	0
13.75	0.256839848054021	0.96928834698893	0
13.85	0.355153103628858	1.06555579714306	0
13.95	0.463701219016732	1.18671709478576	0
14.05	0.58248419421765	1.31725372163975	0
14.15	0.708891767274874	1.49416360267057	0
14.25	0.829907742702896	1.59597721655552	0
14.35	0.951934391009514	1.66481363742236	0
14.45	1.06457534254882	1.74083642664798	0
14.55	1.175142217384	1.82177953766982	0.00947491813600711
14.65	1.28967702625708	1.90936975682909	0.168674966807192
14.75	1.4081797691681	1.99701897035741	0.356330797892447
14.85	1.53065044611705	2.09267906152913	0.543173858894431
14.95	1.65132912837947	2.21994497918744	0.719969944934399
15.05	1.75963940125578	2.28261762500379	0.886721307647306
15.15	1.86888608843879	2.35358477337662	1.11930853802715
15.25	1.97985268824287	2.42936714263489	1.27881665188443
15.35	2.09253920066797	2.54212971866756	1.43207350521972
15.45	2.20589322149472	2.69411332394365	1.60517698529186
15.55	2.30682971852126	2.85065770094722	1.75004824587829
15.65	2.40061108114489	2.96610881288704	1.91293661409155
15.75	2.48439707043168	3.03633531782317	2.15381272570498
15.85	2.55995302094409	3.07647527159	2.3127316656736
15.95	2.63499867920886	3.09999259854052	2.3741057695866
16.05	2.70604099138747	3.13497426917972	2.45554958405429
16.15	2.78028693874158	3.16876220789017	2.51082844794611
16.25	2.83875131720666	3.2195536282881	2.55027790307271
16.35	2.90112166123791	3.25674021712408	2.59217572271752
16.45	2.95083801636875	3.32625114496882	2.62614833467592
16.55	2.99162252120879	3.35657568351441	2.67225036883365
16.65	3.02699748057182	3.39065374148308	2.7004349025556
16.75	3.04526021629526	3.37330843028675	2.73476265089382
16.85	3.05482157169368	3.3439130800975	2.78171112712197
16.95	3.07862927352742	3.35705637043125	2.82621708828664
17.05	3.09564217521103	3.41035674183796	2.84093184946756
17.15	3.10936238152899	3.4256993706604	2.84820308165229
17.25	3.11640180683772	3.47237447076477	2.84044983974563
17.35	3.10303121060522	3.46751263849954	2.82435366396567
17.45	3.0821232622701	3.43492714134976	2.8032112716019
17.55	3.05150873746728	3.37841426824923	2.75706064013908
17.65	3.01485220142007	3.32001460930013	2.71230657077022
17.75	2.97768664761467	3.31638676187873	2.63996820768885
17.85	2.94245119211701	3.31020110604283	2.56933157976795
17.95	2.90339212140886	3.28631155844245	2.49066683937852
18.05	2.86546029085313	3.25254693063501	2.40821275571043
18.15	2.83032507743098	3.18867148647636	2.36374949365903
18.25	2.78555836649489	3.13031428576428	2.30610578750403
18.35	2.7115291024951	3.11992581186552	2.16043618056972
18.45	2.6479243657786	3.1148470356931	2.00384681411609
18.55	2.60940973243313	3.10185993267876	1.86332718011218
18.65	2.54699721682401	3.14271909673023	1.7403947182213
18.75	2.517131135686	3.08847732185701	1.66615699912503
18.85	2.53061571730088	3.07696456587977	1.59746488896043
18.95	2.57178432853923	3.05196249909319	1.54148481811687
19.05	2.49849872697919	3.04688310409292	1.48753717148905
19.15	2.32300876511594	3.07209197135254	1.3980832132991
19.25	2.1487493793017	2.99103195401587	1.38930316304573
19.35	2.0563021760848	3.23021448846243	1.14345053993335
19.45	1.91394149188876	3.22057372962832	0.979334640975249
19.55	1.90673604090979	3.20252784804064	0.905662518782365
19.65	2.0536208394447	3.38528816359035	0.97016970825735
19.75	2.35459588749349	3.57515482552698	1.20170609598125
19.85	2.80966118505619	3.91568645151103	1.64514349696388
19.95	3.41881673213274	4.44452839362383	2.33471003217398
20.05	4.1820625287232	5.06038433568659	3.16692932663611
20.15	5.07482681006881	5.98678405159425	4.05487249330445
20.25	6.06182230541575	6.99975919888836	4.82744916138307
20.35	7.05244488625667	8.20722990132372	5.66562754962852
20.45	7.88124531113629	9.0835589878524	6.39717456696919
20.55	8.60793294238389	9.622192906096	7.16165404001803
20.65	9.15963777856228	9.9988343855369	8.00196511786961
20.75	9.64044390587446	10.7091159907837	8.70422340683379
20.85	10.079226168449	11.8288580978863	9.21371309632296
20.95	10.278324032959	12.0099515943217	9.29620348850874
21.05	10.431001070523	11.8554884960785	9.36327155232451
21.15	10.5176598703512	11.9750841540698	9.27432022894092
21.25	10.4264591823985	11.7323331446933	9.29586291338219
21.35	10.2397068045976	11.3142657897074	9.33074732452391
21.45	9.9927591855355	10.9357465974424	9.18627233337053
21.55	9.59687679374096	10.3461919977476	8.84656163307499
21.65	9.18098358847003	10.0113408699959	8.36307056163253
21.75	8.68308651492267	9.99457028056516	7.63284487152675
21.85	8.07847979273695	9.16545544611825	6.90530606887097
21.95	7.36322813898397	8.32358899688724	6.25524158730012
22.05	6.79226531709701	7.82447540139104	5.47791894169095
22.15	6.43459435524507	7.62463057789812	4.92539027579444
22.25	6.3167914520947	7.54876096870833	4.77984286130671
22.35	6.51604478371211	7.6767824113622	5.32804389270691
22.45	7.20860485825508	8.38509689077468	6.18847469694813
22.55	8.00318048411459	9.03392315087552	7.11758438397668
22.65	8.74479902929219	9.90338654340539	7.76561102979593
22.75	9.28634361307447	10.3495445830889	8.33994436564737
22.85	9.77240041714149	10.6436200981367	8.87906686971559
22.95	9.92956383047347	10.7596016721462	8.8543915916187
23.05	9.8288051645922	10.6612483737334	8.84075055527633
23.15	9.49202857915554	10.2800053133993	8.80455129703443
23.25	9.20762575403254	10.0028433480722	8.5224196151744
23.35	8.99967177711595	9.75808957549893	8.16436491308251
23.45	8.8699954527994	9.56358273471115	8.02680822019941
23.55	8.80634643151123	9.38543078328752	7.96369829713216
23.65	8.78887778029313	9.30248823080402	7.96743289602977
23.75	8.76533266590095	9.27251179557617	7.97029978296974
23.85	8.74299539686922	9.21424923435376	8.20635412035085
23.95	8.73029887904495	9.30097595375354	8.32033924240642
24.05	8.68432913552098	9.54733296392394	8.25633116945045
24.15	8.5549902859536	9.26791975822989	8.11772434133854
24.25	8.41644474763628	9.08764737789565	8.01766600027864
24.35	8.26064661274498	8.79332230996371	7.9048026418334
24.45	8.08302319591085	8.52883229014073	7.76251725506849
24.55	7.92566187240377	8.38635772638043	7.60399690250225
24.65	7.76018202988246	8.29490324968098	7.40739246348113
24.75	7.59297366228131	8.21552958337216	7.19773630145766
24.85	7.41792307250546	8.10883712718089	6.94224077891859
24.95	7.2243267819285	7.96284902901728	6.60192858565921
25.05	6.94633336490927	7.54223508921377	6.2536038142242
25.121226	6.81685638581685	7.46430285451788	6.02859906793849
