phys	rec.rate	upper	lower
0.05	NA	NA	NA
0.15	4.78180125645336	12.7785709670276	0
0.25	7.44942677952698	19.1465371111255	0
0.35	7.91038399131064	18.013729084489	0
0.45	7.84076038500169	16.8994883159739	0
0.55	7.77355602138459	15.4692167095435	1.13655980043812
0.65	7.69086014642886	14.1042480513738	1.58750524675234
0.75	7.59073706979882	12.9771544430142	2.14492166709936
0.85	7.46564127669338	11.9386792946485	2.58371909959987
0.95	7.34742024547229	11.2318637978086	3.12354391297437
1.05	7.23146326639514	10.9563106711936	3.46948373320735
1.15	7.08394889689919	10.8167210144664	3.42417253065784
1.25	6.90156124658432	10.4635019140048	3.39974377466074
1.35	6.70609030263368	10.4280012460541	3.1932065201756
1.45	6.53779263742209	10.2248962472967	3.04764049802617
1.55	6.39189800489417	9.65827318271122	3.08307872659249
1.65	6.2044147936165	9.40795437650264	3.02101788190587
1.75	6.08231136947991	8.8541014631061	2.88104562638924
1.85	6.01498372202472	8.39716127231755	2.69812901258765
1.95	5.75203398665299	8.45398714523775	2.49320131749454
2.05	5.44649892323355	8.85736562318817	2.15732979610763
2.15	5.31723535104022	9.40673384551787	1.68570232333969
2.25	5.39711372541258	9.60284014948272	1.4908165360604
2.35	5.68613404635063	9.91798121817044	1.78399569520903
2.45	6.18429631385438	9.96181633778684	2.5482681591916
2.55	6.7986225573915	10.0842011507299	3.15442890224396
2.65	7.33564918843297	10.4731073631289	3.81836270433489
2.75	7.79702639037227	11.119070375683	3.38325793296569
2.85	8.4913692514096	11.5411902992166	4.09086721331754
2.95	9.20489905832471	11.9055322453715	5.30551322251462
3.05	10.1125414575121	13.0058810994496	6.15270312616034
3.15	11.0442014000954	13.8522035462905	7.25009914657301
3.25	12.0160732547228	15.4093497222406	9.21259514017974
3.35	12.8413648385568	17.389341726305	10.366389758902
3.45	13.4941245063453	19.0709632869205	10.797375179635
3.55	14.3192805764362	20.6426522369252	10.9067804453476
3.65	13.982173914521	19.2871293075865	10.837970434754
3.75	13.9094367530733	17.3336736721189	10.6418137150025
3.85	14.0688996931699	17.9211627995683	10.4964433708231
3.95	13.5461831197218	17.2078171665227	10.1066541613373
4.05	12.3426161434115	15.5748127082557	9.72244408623303
4.15	10.911730839128	13.9562137315302	8.6816426978124
4.25	9.74998056980358	13.0926078247588	7.40408389817879
4.35	8.51373538578496	11.1544384697501	6.3800675112198
4.45	7.31860599248765	9.21462520031622	5.00033046853187
4.55	6.28639647069033	8.44454270269565	3.47478834198152
4.65	5.4859404443612	7.93276833023927	2.59562096148514
4.75	4.91805612671056	7.48632984142721	2.27196495705323
4.85	4.58274351773834	6.97016801376174	2.56289718742324
4.95	4.46283706158019	6.5126559555937	2.61261832114823
5.05	4.31774461079641	6.200380031985	2.63838336761823
5.15	4.27151453694019	6.06155387920719	2.8172392304106
5.25	4.39539003156777	5.88144318228727	2.8803512567822
5.35	4.50568586930576	6.04349369617546	2.77754481276069
5.45	4.47447922731088	6.40139161298856	2.70459132059872
5.55	4.41003119034483	6.48473931818174	2.76376043274343
5.65	4.31300867846181	6.22846224870449	2.80856023449224
5.75	4.18827587493091	5.6885797629501	2.69687076571564
5.85	4.02396376089323	5.40722607669937	2.58884828722482
5.95	3.83473073292308	5.19199820881739	2.38652452362542
6.05	3.61822135625341	4.90085065325739	2.3024939651555
6.15	3.4195510093487	4.75496638831213	2.07662125462791
6.25	3.28529196495161	4.4659044009525	1.89389812144485
6.35	3.15360966155099	4.20059744572745	1.98723991814979
6.45	2.97804364093503	3.87903811775884	1.68122683377992
6.55	2.6802614643175	3.73353850126097	1.10098690793386
6.65	2.50154275900266	3.51172580377042	0.780152441016138
6.75	2.29814351407942	3.40683894973379	0.479027237524689
6.85	2.18182875189189	3.29724991677912	0.483592733423912
6.95	2.15923565009809	3.21080320076959	0.750838024639381
7.05	2.15001247547885	3.45254157468432	0.895480821185835
7.15	2.2085797581608	3.71403499710634	0.863651963061897
7.25	2.25278158397347	4.50220860015306	0.875750893734047
7.35	2.25001786646763	4.56973171229623	0.877146835690732
7.45	2.19313159327056	4.50054518136385	0.81661195801718
7.55	2.10678817025645	4.41652097265752	0.625363846128334
7.65	2.01936890376732	3.7278749504603	0.449450982040817
7.75	1.86787861750328	3.48469798477257	0.0579491082991461
7.85	1.81713609091879	3.29939752765025	0
7.95	1.77770238476418	2.9875359926458	0
8.05	1.66395658350335	2.94147885510357	0
8.15	1.55999497188033	3.02586306021578	0
8.25	1.75994212534589	3.01958547631089	0.167864602104171
8.35	1.8621498888436	3.17764221114667	0.19141581768323
8.45	2.11848115125653	3.46848008012814	0.570616619166979
8.55	2.64721952160356	4.26615640253136	1.40295186000098
8.65	3.02993273163089	5.58634519469821	1.30345716868145
8.75	3.21420683801115	5.78945344552597	1.66780447378646
8.85	3.36870879772281	5.49332346307138	2.02543736607969
8.95	3.42381345237831	5.0594939435696	2.19909848943838
9.05	3.5261560426816	5.28140221346433	2.26644305071368
9.15	3.52181870250349	4.96610383531175	2.28029916919626
9.25	3.47804211705919	4.87511401618493	2.24580581383661
9.35	3.42800565104122	4.84551498948375	2.11648092861512
9.45	3.3056489466094	4.5921956948707	2.07861026759637
9.55	3.09667045218137	4.20325179232659	2.05398279512538
9.65	2.8328483632764	4.03313212913398	1.04637624115118
9.75	2.75042102604117	4.08566098603783	0.90104238087534
9.85	2.89795420356316	4.17317773537351	1.04205926052883
9.95	3.10506242810419	4.25934351988153	1.53927538551786
10.05	3.26228952114388	4.42164325057251	1.8737658576538
10.15	3.39957724266487	4.49997159885136	2.24606620757175
10.25	3.54599198497362	4.69063919724539	2.52624261500945
10.35	3.65153199954871	5.32406022021726	2.49575466173622
10.45	3.59397135540133	5.34132287091797	2.42911711642377
10.55	3.52250315526423	5.30989172892409	2.28251682083268
10.65	3.3823209122071	5.06923103767157	2.17483974908131
10.75	3.12676220181534	4.84666579886664	2.07771689268776
10.85	2.9085389490368	4.68341078702905	1.89092711097718
10.95	2.64850828444336	4.14448773375169	1.64201989137777
11.05	2.32981981130988	3.48893729867107	1.43455896470493
11.15	2.05911506383398	2.91232057551285	1.16272928150755
11.25	1.84035811190414	2.74191190125555	0.744008389550642
11.35	1.6647725615989	2.59995745827828	0.309591759597415
11.45	1.53258029217793	2.5156428803692	0.0372069245404367
11.55	1.44378130364128	2.41452561312822	0
11.65	1.37481188454859	2.32109753516668	0
11.75	1.30610662229563	2.2340901743449	0
11.85	1.28431546797308	2.16268030884826	0
11.95	1.26045612593648	2.10604515143157	0
12.05	1.24639509448463	2.06776890826457	0
12.15	1.26857654259712	2.02818251656911	0.00894890639896855
12.25	1.31473433475747	2.00199571750624	0
12.35	1.29493365211868	1.97748643145152	0
12.45	1.27903055244757	1.97274018365526	0
12.55	1.27923390434472	1.95509864181432	0
12.65	1.26360537012183	1.9795860014061	0
12.75	1.25263536262306	2.03600530268952	0
12.85	1.24336400756872	2.0247703165377	0
12.95	1.23070959821039	2.025626246149	0
13.05	1.21946002883873	2.06805251936331	0
13.15	1.20962779470256	2.13150718406275	0
13.25	1.20121289580174	2.21552681755697	0
13.35	1.19421533213637	2.27673898218421	0
13.45	1.18863510370643	2.39196966137753	0
13.55	1.18142847941344	2.39595110118291	0
13.65	1.17105800162889	2.36040293781936	0
13.75	1.16151250311874	2.3248795149179	0
13.85	1.1528191334462	2.3093586378001	0
13.95	1.14256939902012	2.30513926213297	0
14.05	1.12843029792558	2.26436045621801	0
14.15	1.11414917830751	2.22400527368085	0
14.25	1.09980030801994	2.18453120907543	7.02228357667564e-05
14.35	1.08538368706287	2.14436871684368	0.0140694963675756
14.45	1.07089931543636	2.10510979575048	0.0356827860597166
14.55	1.05634719314034	2.06583000510029	0.0578210859915798
14.65	1.04172732017486	2.03346591895641	0.0796401802457115
14.75	1.0270396965399	2.00517745193944	0.0879822400178266
14.85	1.01228432223547	1.97828382715055	0.112718169383973
14.95	0.997461197261542	1.93764542035787	0.142992313596107
15.05	0.982570321618162	1.89731277053997	0.149672244095759
15.15	0.967611695305265	1.85745796364186	0.16410982174746
15.25	0.952585318322923	1.81813982934984	0.169287945607444
15.35	0.937491190671094	1.77883865053034	0.174368777272737
15.45	0.922329312349806	1.748253545598	0.142100861769845
15.55	0.907099683359035	1.72329284410876	0.153170062360656
15.65	0.891802303698756	1.71321406954128	0.154158757758037
15.75	0.876437173369019	1.68684243034049	0.155109269161983
15.85	0.86100429236984	1.65821655288305	0.156021596571805
15.95	0.845503660701099	1.62444629974321	0.18121979116711
16.05	0.829935278362959	1.58656401831621	0.189477440877654
16.15	0.814299145355321	1.57127839104905	0.195514932086131
16.25	0.798595261678152	1.53376056560278	0.175396040335826
16.35	0.782823627331598	1.50153813357882	0.158716273770908
16.45	0.766984242315503	1.46236139097039	0.148190037789971
16.55	0.751077106629946	1.41297960406933	0.137882405875784
16.65	0.735102220274921	1.37855677416175	0.117255999067804
16.75	0.719059583250424	1.34809678041691	0.0971067293312999
16.85	0.70294919555638	1.31222464799156	0.0831599141126726
16.95	0.686771057192969	1.29455790696619	0.0810071195448056
17.05	0.670525168160005	1.26732935511803	0.058729569035477
17.15	0.654211528457588	1.25356224091796	0.0288904134696756
17.25	0.637830138085694	1.23632244225821	0.00957152762328293
17.35	0.621380997044316	1.22055398309042	0
17.45	0.604864105333454	1.19199983484499	0
17.55	0.588279462953114	1.17843272090265	0
17.65	0.571627069903331	1.16153421613458	0
17.75	0.555524853062433	1.13802289837586	0
17.85	0.545039192279793	1.11409913476741	0
17.95	0.535903158800856	1.0933289236635	0
18.05	0.526750007122414	1.08777849706732	0
18.15	0.517579737244301	1.07690453927598	0
18.25	0.508392349166682	1.06973042959616	0
18.35	0.499187842889418	1.05523158787856	0
18.45	0.489966218412625	1.03798350763895	0
18.55	0.480727475736268	1.03621755001862	0
18.65	0.471471614860294	1.02812989572687	0
18.75	0.462198635784756	1.01665758998204	0
18.85	0.452908538509599	1.01137922754555	0
18.95	0.443601323034958	0.993229126460417	0
19.05	0.434276989360642	0.983008455982191	0
19.15	0.424935537486799	0.973652312553959	0
19.25	0.41557696741336	0.973104239399997	0
19.35	0.406201279140356	0.955597655924141	0
19.45	0.396808472667769	0.957111127714625	0
19.55	0.387398547995603	0.947306688595572	0
19.65	0.377971505123875	0.935541430745936	0
19.75	0.368527344052498	0.923449616607057	0
19.85	0.359066064781647	0.917666561240101	0
19.95	0.349587667311132	0.913981088948306	0
20.05	0.340092151641091	0.906147621416097	0
20.15	0.330579517771442	0.893430373202688	0
20.25	0.321049765702202	0.882432008017113	0
20.35	0.311502895433453	0.869654248402091	0
20.45	0.301938906965045	0.85883787054674	0
20.55	0.292357800297095	0.847485827000108	0
20.65	0.28275957542956	0.847806347870185	0
20.75	0.273144232362471	0.840390724687964	0
20.85	0.263511771095761	0.836905417655752	0
20.95	0.253862191629537	0.828673346063031	0
21.05	0.24419549396365	0.816531011638577	0
21.15	0.234511678098238	0.804173934585299	0
21.25	0.224810744033219	0.805466037429226	0
21.35	0.215092691768665	0.806564312133882	0
21.45	0.205357521304496	0.80311254338586	0
21.55	0.195605232640748	0.804755652686143	0
21.65	0.185835825777469	0.793895426220984	0
21.75	0.176049300714533	0.792736860657626	0
21.85	0.166245657452094	0.780693990988602	0
21.95	0.156424895990027	0.765408334486088	0
22.05	0.146587016328389	0.756614123992548	0
22.15	0.136732018467194	0.741932684418096	0
22.25	0.126859902406401	0.74126323089134	0
22.35	0.116970668146027	0.724580681920066	0
22.45	0.107064315686118	0.724013817964461	0
22.55	0.097140845026557	0.697679954166432	0
22.65	0.087200256167494	0.70553428968859	0
22.75	0.0772425491087609	0.692120877294372	0
22.85	0.0672677238505536	0.68416222463155	0
22.95	0.0572757803927107	0.674550596394965	0
23.05	0.0472667187352917	0.66289290960387	0
23.15	0.037240538878291	0.654941273981611	0
23.25	0.027197240821727	0.646575368731109	0
23.35	0.0171368245655727	0.63786027845135	0
23.45	0.00705929010983774	0.639603217018914	0
23.55	0	0.619382542804944	0
23.65	0	0.609619897438273	0
23.75	0	0.599508067042559	0
23.85	0	0.589047051617593	0
23.95	0	0.578236851164009	0
24.05	0	0.567077465680902	0
24.15	0	0.541342522138275	0
24.25	0	0.529113563131606	0
24.35	0	0.516591290822876	0
24.45	0	0.503775705212423	0
24.55	0	0.490666806300055	0
24.65	0	0.482658829886134	0
24.75	0	0.467510771024858	0
24.85	0	0.451987343917619	0
24.95	0	0.43615849867968	0
25.05	0	0.420350154609005	0
25.15	0	0.4051945966249	0
25.25	0	0.394785057770482	0
25.35	0	0.38941092684059	0
25.45	0	0.379173687001772	0
25.55	0	0.380185934769722	0
25.65	0	0.368614740073378	0
25.75	0	0.366767979262385	0
25.85	0	0.359249837514595	0
25.95	0	0.351375494815464	0
26.05	0	0.342987237895733	0
26.15	0	0.330617602153377	0
26.25	0	0.313143425046337	0
26.35	0	0.290957080487252	0
26.45	0	0.280234888983506	0
26.55	0	0.263192034374064	0
26.65	0	0.24146417684733	0
26.75	0	0.219035253104704	0
26.85	0	0.195869342442997	0
26.95	0	0.172214303857021	0
27.05	0	0.155249852566067	0
27.15	0	0.136944907429219	0
27.25	0	0.12568008917903	0
27.35	0	0.120227721657324	0
27.45	0	0.113480891409028	0
27.55	0	0.109090638496541	0
27.65	0	0.0976394761349851	0
27.75	0	0.0924893617185971	0
27.85	0	0.0838470457266483	0
27.95	0	0.0767957850458226	0
28.05	0	0.0727008943655487	0
28.15	0	0.0623850358846764	0
28.25	0	0.0577094032632186	0
28.35	0	0.0530117933705965	0
28.45	0	0.048034453512778	0
28.55	0	0.034207388374486	0
28.65	0	0.0298395820224323	0
28.75	0	0.0226324393943112	0
28.85	0	0.0165894818503208	0
28.95	0	0.0110305076075685	0
29.05	0	0.0099109987994941	0
29.15	0	0.00546684687559907	0
29.25	0	0.00508379755399711	0
29.35	0	0.00816558461216811	0
29.45	0	0.0221527417714039	0
29.55	0	0.0241276461968554	0
29.65	0	0.0337726641051283	0
29.75	0	0.0451503624319835	0
29.85	0	0.0524485683661409	0
29.95	0	0.0609834016597488	0
30.05	0	0.0620812798434711	0
30.15	0	0.0590451051492619	0
30.25	0	0.0556940878302195	0
30.35	0	0.0657429997939961	0
30.45	0	0.0670212940639607	0
30.55	0	0.0692041747505588	0
30.65	0	0.0757331245609076	0
30.75	0	0.0856522558374326	0
30.85	0	0.0984886981073586	0
30.95	0	0.111446731774545	0
31.05	0	0.124706291223044	0
31.15	0	0.138162661464706	0
31.25	0	0.13674673136332	0
31.35	0	0.133395362437783	0
31.45	0	0.122739876327758	0
31.55	0	0.124379440376541	0
31.65	0	0.139187641010286	0
31.75	0	0.140256138931117	0
31.85	0	0.151848319048825	0
31.95	0	0.163580506103809	0
32.05	0	0.175452700095633	0
32.15	0	0.18746490102432	0
32.25	0	0.199080435693258	0
32.35	0	0.196418634406978	0
32.45	0	0.200193105673553	0
32.55	0	0.209000756370337	0
32.65	0	0.226069438999019	0
32.75	0	0.245199603973557	0
32.85	0	0.26477136097153	0
32.95	0	0.278457938676151	0
33.05	0	0.295526783375389	0
33.15	0	0.289920248113627	0
33.25	0	0.326629174158319	0
33.35	0	0.340329706271502	0
33.45	0	0.370355508691597	0
33.55	0	0.403593969176258	0
33.65	0	0.432535514695037	0
33.75	0	0.45540164975598	0
33.85	0	0.494897598828145	0
33.95	0	0.537924493022945	0
34.05	0	0.594525513571432	0
34.15	0	0.636993831218964	0
34.25	0	0.709047473389905	0
34.35	0	0.785972684417777	0
34.45	0	0.862350417741125	0
34.55	0.0153424080837241	0.893281722249293	0
34.65	0.0576760658149724	0.932363746543417	0
34.75	0.103847929786489	0.981468960006499	0
34.85	0.147818674500201	1.04453601898778	0
34.95	0.190201703177584	1.07922508610896	0
35.05	0.234423496333588	1.12106050488494	0
35.15	0.280484053968148	1.21739502169482	0
35.25	0.3283833760813	1.26579421785373	0
35.35	0.378121462673031	1.30907195975996	0
35.45	0.429698313743334	1.34697882345385	0
35.55	0.483113929292278	1.37602741542615	0
35.65	0.538368309319736	1.40994286488651	0
35.75	0.595461453825832	1.4238836660962	0
35.85	0.654393362810489	1.44250738579883	0
35.95	0.715429207235119	1.48919708275968	0.00705424411348322
36.05	0.780415522430868	1.53089255465815	0.0931772556242643
36.15	0.847437206687087	1.55718764597989	0.183666821204679
36.25	0.917737728110149	1.62450172625756	0.299397988557554
36.35	0.989287372421688	1.7123933574407	0.335058161805813
36.45	1.05462505581656	1.80943648771488	0.396491187176765
36.55	1.12104674106526	1.7789419207965	0.438642093773649
36.65	1.19870796286453	1.89560962360184	0.424677279151277
36.75	1.27088806681508	2.01993855778047	0.455095490327111
36.85	1.33548136965426	2.1898488562138	0.526163012212636
36.95	1.40641656182776	2.31877365142844	0.431935112637743
37.05	1.46810651023225	2.42885191636175	0.466012136550806
37.15	1.5336410167768	2.59083710860502	0.401020795061709
37.25	1.59640572901707	2.75367451365375	0.300380578034179
37.35	1.65134080868749	2.86301972165209	0.210807581238297
37.45	1.69844625578806	2.99416975706269	0.126625987671238
37.55	1.7377220703188	3.05156148049049	0.0654297185880166
37.65	1.76916825227965	3.09668682270699	0.0678229379218029
37.75	1.79278480167068	3.11482096079868	0.0545190417136886
37.85	1.80857171849189	3.10956939447132	0.104325132417179
37.95	1.81652900274322	3.10834940847309	0.170169431716311
38.05	1.8166566544247	2.99660209114047	0.218576832410581
38.15	1.80895467353636	2.86617000678046	0.338318985456839
38.25	1.79010991005639	2.83282831607483	0.43920938386895
38.35	1.70265830635061	2.77379387932166	0.111063797330525
38.45	1.65311115222092	2.72271691778088	0.0360542057566618
38.55	1.63766343893417	2.67411189207781	0.314912562032414
38.65	1.55131972298438	2.84782380644139	0.244158812496657
38.75	1.38607389322307	3.15608927799999	0
38.85	1.27143485950891	3.31023531516791	0
38.95	1.20746353750945	3.24022430822594	0
39.05	1.1893320171435	3.10998646799638	0
39.15	1.09921844823941	3.06416860400597	0
39.25	1.01395834238372	3.07375910156751	0
39.35	0.989737362268415	3.18250146755254	0
39.45	1.02655550789323	3.27019834757022	0
39.55	1.12441277925838	3.37894977194055	0
39.65	1.28330917636382	3.49680101403719	0
39.75	1.50324469920951	3.61470058012881	0
39.85	1.78421934779545	3.75654709583576	0
39.95	2.12623312212169	3.90203439960294	0
40.05	2.52928602218813	4.0673603652156	0.41874955454268
40.15	2.99337804799492	4.37027695988864	1.17522747734707
40.25	3.51850919954199	4.83054270489767	1.84330193678772
40.35	4.09825186617138	5.68859815702863	2.31021854916179
40.45	4.56451124756343	6.4907889226502	2.75587487802159
40.55	4.98274116469599	7.23151337589407	3.01288796621927
40.65	5.42060174251279	8.06353422965341	3.24586280865247
40.75	5.87809298101378	8.74294726437168	3.33250433325835
40.85	6.35521488019899	9.35437136486798	3.3837581794668
40.95	6.85196744006837	9.9424381964597	3.50018254100619
41.05	7.33401743360844	10.7425564231079	3.61732190974785
41.15	7.74873814401967	11.467497820486	3.68610602758808
41.25	8.14464936108579	12.2599411952498	3.75655463687125
41.35	8.62119029287199	13.1665114415823	3.89562045401242
41.45	9.06627436905683	13.8251782514052	3.98147075325159
41.55	9.61292083242883	14.8305253100149	4.39918724267906
41.65	9.61715229901694	13.3292134327513	4.69076874719546
41.75	9.98442550976055	13.9261208541456	4.74388645869841
41.85	10.3372257806052	14.5492358117816	4.70807012471767
41.9177605	10.5683750303617	14.9583246367323	4.75980726533345
