phys	rec.rate	upper	lower
0.05	NA	NA	NA
0.15	20.7105319591791	33.9057921491661	10.1520148275487
0.25	18.5045186923796	30.9495517071508	6.9963051689058
0.35	17.4494795938	28.5753075023846	6.91801087829673
0.45	16.4674053945599	26.1297063764309	6.79013005381064
0.55	15.5582960946593	24.3060355019575	6.61096312630671
0.65	14.7175924530088	22.3019804895347	6.52874031467047
0.75	13.6341251104428	20.0896545472274	6.23966039352967
0.85	12.6746358490746	18.4039890971447	6.10408743034028
0.95	11.7406444096084	17.0240316712508	5.82391769007912
1.05	10.4436654221818	15.1061074133375	4.59558560799854
1.15	9.39918324951269	14.1929189435785	3.1480649396065
1.25	8.57720138573618	13.4264687396689	1.88337031211895
1.35	7.97769779412795	12.8360337031052	0.962019544342774
1.45	7.08555407603398	12.0380048513622	0.701463977075048
1.55	5.98361444813123	11.2629938046645	0
1.65	5.2044397570678	10.7199120060622	0
1.75	4.74803000284373	10.4734280178747	0
1.85	4.61438518545898	10.2489974066264	0
1.95	4.8035053049136	10.0043730018232	0
2.05	5.11551148573268	9.81156353652142	0
2.15	5.16964022706184	9.67029877674813	0
2.25	5.17074920860415	9.82938514469797	0
2.35	5.26811708843569	10.2110615795368	0.186809457327648
2.45	5.68296054690139	10.3841891690139	0.652018730817391
2.55	5.93778664305207	10.2623163819288	1.01621101689639
2.65	6.15169997664977	10.1479186401472	1.10794102396497
2.75	6.43079972707246	10.1505029912863	1.29481576219638
2.85	6.76168589496688	10.1777833227065	1.70539957042036
2.95	7.01413100212082	10.375699798467	1.84034301476323
3.05	7.24740181302025	10.9999177107744	0.944527099203845
3.15	7.48863825957011	11.4262297428951	1.3689899618907
3.25	7.73784034177043	11.6781094937626	2.31920731348985
3.35	7.99500805962125	11.8626842268677	3.06901217610952
3.45	8.26014141312248	11.8781940979555	4.48747752155297
3.55	8.5332404022742	11.787031729872	5.55601440871341
3.65	9.02256401197355	15.8920209377265	5.94122556042426
3.75	9.43306630899626	19.3431920593282	6.13925290891323
3.85	9.25202084493061	19.4300845616766	6.29762112516305
3.95	9.38530330176316	19.6273979522074	6.35400274918867
4.05	9.36746979033873	17.8196568174149	6.25202141327366
4.15	9.12691884274709	15.8956544785319	6.11199572789267
4.25	8.67135031302261	12.2252307388815	5.97221978583677
4.35	8.49801571941362	12.1532295868262	5.77325836602293
4.45	8.16831337736211	12.2268061437616	5.02456231498392
4.55	7.68224328686804	11.184373048966	3.82472050354377
4.65	7.03980544793141	10.1534864738753	3.00520984652112
4.75	6.30282149816363	9.42771194841117	2.19773865034672
4.85	5.68353912361672	8.83104681235114	0.567663771671992
4.95	5.15345054078337	8.01353247027759	1.69102738492396
5.05	4.62594397776068	7.09067720946511	2.84601171191111
5.15	4.02934457036486	6.58297768493597	2.1303378338748
5.25	3.43590793537092	5.25167778079788	1.88336483536098
5.35	2.84141478546803	4.9521583647877	1.07528326021877
5.45	2.34611884638486	4.79607191580336	0.336533284428734
5.55	1.96517394578852	4.57061046296409	0
5.65	1.69858008367905	4.31210327162947	0
5.75	1.54633726005637	4.03721181352502	0
5.85	1.5084454749205	3.68749416915627	0
5.95	1.58490472827146	3.27328579822759	0
6.05	1.67240798351924	2.88705017494732	0.181936185013771
6.15	1.5172561075698	2.50359191949029	0.23839440291288
6.25	1.4695718146541	2.25825449706374	0.291008621368418
6.35	1.32811434441894	1.95607899963247	0.246576276612967
6.45	1.23290335079853	1.74273694085605	0.245936097258558
6.55	1.17435430122633	1.68181591104371	0.129732416394991
6.65	1.03113351350874	1.46698066376431	0
6.75	0.894108517766677	1.3529472993457	0
6.85	0.774918941842024	1.27800736078661	0
6.95	0.673564785734664	1.21569583086893	0
7.05	0.590046049444632	1.1474883593184	0
7.15	0.52436273297196	1.07026596131619	0
7.25	0.47651483631661	1.00529387964501	0
7.35	0.446502359478586	0.949158217439812	0
7.45	0.434325302457943	0.923601014500134	0
7.55	0.439983665254583	0.917228612416253	0
7.65	0.463477447868609	0.91959307434752	0
7.75	0.470552654524634	0.993751177434738	0
7.85	0.415502111904682	0.971386911089006	0
7.95	0.350400301353646	0.88990927814517	0
8.05	0.286618799956582	0.834595758886745	0
8.15	0.117388880771414	0.785589746527056	0
8.25	0	0.732937605947151	0
8.35	0	0.710836136567916	0
8.45	0	0.681119114884217	0
8.55	0	0.672873663323202	0
8.65	0	0.659955404654008	0
8.75	0	0.651215554516745	0
8.85	0	0.641373931557935	0
8.95	0	0.63582747884583	0
9.05	0	0.63089272801212	0
9.15	0	0.628251025061607	0
9.25	0	0.625486586914394	0
9.35	0	0.63439877366859	0
9.45	0	0.644502571687753	0
9.55	0	0.678357889032207	0
9.65	0.100400034737041	0.728642719714863	0
9.75	0.277376926999275	0.85390434115022	0
9.85	0.48571534263247	1.27215305224584	0
9.95	0.720879442932415	2.22439927392729	0
10.05	0.925058401682655	2.86370284884833	0.211665906663117
10.15	1.09465853109006	2.95670416169229	0.414065668717704
10.25	1.22967983115473	2.81783724956961	0.56709797202555
10.35	1.3398827111226	2.73884684491889	0.670601419661513
10.45	1.53120733962587	3.73738568748807	0.719371996248685
10.55	1.6804954099197	4.24396954417423	0.792044969876766
10.65	1.78742024246842	4.60564806504071	0.820754282610648
10.75	1.83273333289494	5.03234426589472	0.856948426845448
10.85	1.93720424793968	4.81280939298814	0.868770379728715
10.95	2.02188532576897	4.59568625654723	0.894004607691005
11.05	2.07047474493423	4.5351276350843	0.915817870410544
11.15	2.08297250543562	4.39387261324368	0.946321907991605
11.25	2.05937860727295	4.35022570680856	0.976954580060692
11.35	1.99969305044635	4.08349214896285	1.01492548045708
11.45	1.9149726315869	3.65793712785604	1.05822656113481
11.55	1.88986872225549	3.42300929239637	1.06896700418942
11.65	1.88923969786982	3.48426557391714	1.01113790705856
11.75	1.89869120966025	3.91933042176647	0.896024533044629
11.85	1.86396968901565	3.86901626640748	0.72511271633119
11.95	1.78507513593607	3.51469139976081	0.565160104228056
12.05	1.66630420776748	2.92756040388519	0.436729753490281
12.15	1.56833193975713	2.79186265501133	0.321903421369583
12.25	1.48952547625754	2.81507038761059	0.162008360505523
12.35	1.41990407803618	2.80742168473143	0
12.45	1.35946774509302	2.75478080479654	0
12.55	1.30821647742809	2.6438849097811	0
12.65	1.26615027504133	2.50947707204497	0
12.75	1.22725075729749	2.41866421617759	0
12.85	1.11694150749922	2.32809295739221	0
12.95	1.01732664005241	2.23607840456202	0
13.05	0.961545838557249	2.15946474306757	0
13.15	0.949599103013612	2.14330713572623	0
13.25	0.943731852630231	2.09786075990963	0
13.35	0.816686079173533	2.01844782639228	0
13.45	0.753386747633962	2.00659778216581	0
13.55	0.536945558524037	1.70754386920806	0
13.65	0.336920832585246	1.48948731714419	0
13.75	0.18607447987985	1.42104611377039	0
13.85	0.0844065004076728	1.47228665718196	0
13.95	0.0319168941689307	1.59976435882301	0
14.05	0.0286056611634479	1.7154082834265	0
14.15	0.0744728013912412	1.88128123838303	0
14.25	0.169518314852467	2.09691254420173	0
14.35	0.313742201546928	2.3867090972957	0
14.45	0.504201403071577	2.65126622126487	0
14.55	0.48967944892321	2.5150182790903	0
14.65	0.375225645220935	2.18191772700016	0
14.75	0.330303573315224	2.04689397700157	0
14.85	0.354913233206123	2.12098789180152	0
14.95	0.449054624893628	2.24983582316357	0
15.05	0.612727748377711	2.49475234096436	0
15.15	0.845932603658369	2.81831162651494	0
15.25	1.14866919073564	3.21063949531335	0
15.35	1.52093750960949	3.63376654800886	0
15.45	1.96273756027996	4.21406515857147	0
15.55	2.47406934274699	4.81437102294721	0
15.65	3.05493285701062	5.46014595449032	0.176807865339902
15.75	3.70532810307087	6.33420664302828	0.660423664980856
15.85	4.37205855994597	7.15969377289002	1.192002626426
15.95	4.74450502569091	7.58601907351823	1.83716917345414
16.05	5.17097840146395	8.10396752692691	2.40495672374357
16.15	5.73188496665513	8.54068715342435	2.82009326440314
16.25	6.42722472126436	9.60442223845932	3.43089686296056
16.35	7.11837868993263	10.6211447857007	3.73413864575723
16.45	7.64870816878681	11.3887884482675	3.76921066786212
16.55	8.03579104656975	11.8837220724779	3.70203471963253
16.65	8.58170793606859	12.3976160675582	4.09947021455804
16.75	9.29580748143777	13.1984283549483	4.39898362005506
16.85	10.1780896826774	14.3394508085077	5.1729121652799
16.95	11.2285545397874	15.6265328953838	6.12954527385973
17.05	12.3211893462521	16.8491923914608	7.16311819411082
17.15	13.0338160762451	17.5653915009733	7.7907277588873
17.25	13.7035333895705	18.3470907129717	8.00525666061759
17.35	14.5601498547874	19.5006316883825	8.03920400828741
17.45	15.6025996814485	20.5203015393702	8.84070981113495
17.55	16.36187674676	21.7562412156963	9.48013709460456
17.65	17.0217766319439	22.2172304991127	9.50709907800177
17.75	18.0170614711607	23.3452647148936	10.2039896231504
17.85	19.157733551784	24.6898901142198	10.5449457721996
17.95	19.7681042205092	25.7278534675912	10.9272325782177
18.05	20.8833609198973	27.1472557320473	10.2370662679428
18.15	22.6584256122445	28.7847977561298	11.0461019802811
18.25	24.4482316260457	31.0319900051813	12.7259520161995
18.35	26.0563453893551	32.8347689590773	11.0861764186996
18.45	28.6803075916608	35.8750126238835	17.0804572098203
18.55	31.2495246212045	39.2162775683354	21.0318393473784
18.65	33.5335586500695	42.202694069338	22.6713102960934
18.75	36.2599740202096	46.2336188377777	25.4514980586792
18.85	38.9815946277321	51.9649561749682	26.3155734875874
18.95	41.985374546788	61.6670509091815	27.754874069346
19.05	44.8211891101296	70.647752368039	28.4880620864176
19.15	49.3908448811642	84.0492940372776	31.1136429437543
19.25	54.598626133203	99.662524863484	33.6430819732002
19.3065925	56.4734505386891	107.147210486312	34.0680919017094
