phys	rec.rate	upper	lower
0.05	5.66172705866882	5.89909341652049	5.38371478160671
0.15	5.72761807202431	5.95569913416214	5.43148085377654
0.25	5.80099900289253	6.016157206681	5.51244005387229
0.35	5.87922104374393	6.07905660113927	5.61430012967253
0.45	5.95092910294882	6.13982062874455	5.68641418656401
0.55	6.02778494436959	6.20507649117701	5.78583309257421
0.65	6.10425868126719	6.26881361258028	5.87698658518336
0.75	6.17976401224669	6.32899231982031	5.96626595015392
0.85	6.25448846301864	6.39650792109917	6.05629934708814
0.95	6.32850269674254	6.46155335377834	6.14379072219717
1.05	6.40188588106631	6.52876544013998	6.22109139276493
1.15	6.47475027038159	6.59000764246813	6.3062478869943
1.25	6.54782556043424	6.65915169844882	6.38048194156369
1.35	6.62136000168468	6.7381362544118	6.45215680978536
1.45	6.69495596088444	6.82493071105026	6.51718400454938
1.55	6.7685074039876	6.91195438237743	6.58108339208614
1.65	6.84202633583293	6.9934282231663	6.64622442635388
1.75	6.91546659457083	7.07334086896958	6.70347067342777
1.85	6.98176901564711	7.18084315171434	6.77429563811193
1.95	7.04234586838176	7.27863992950428	6.82155935079477
2.05	7.09966103522199	7.36468440643356	6.85859131853938
2.15	7.15454505158654	7.4483707718434	6.88723087554816
2.25	7.21110122753767	7.48748174630252	6.92887787185181
2.35	7.2649531206877	7.55763056134172	6.95809798443366
2.45	7.32182412497662	7.65279634664646	6.99830357697417
2.55	7.38911806183124	7.73988031902968	7.04358921676933
2.65	7.46683493125154	7.83008024164088	7.06374885343794
2.75	7.55497473323753	7.91985929204003	7.10899813148765
2.85	7.64801192672802	8.01401516821713	7.18379308873375
2.95	7.73782734491691	8.12998178952795	7.26335693982625
3.05	7.8444473646531	8.23316714565485	7.3047931272398
3.15	7.96919051167345	8.34923818583095	7.38685378032144
3.25	8.10391939319556	8.47359469034472	7.50178519307575
3.35	8.2465497766268	8.6941059459102	7.59412164609374
3.45	8.39219313896765	8.90679968800843	7.73219484302552
3.55	8.54400528981991	9.08768416332712	7.97279702937211
3.65	8.73055199265981	9.26439743389369	8.21054937543955
3.75	8.91882313959515	9.55775226858016	8.36167880048978
3.85	9.05600815547324	9.78669759527748	8.5050751780617
3.95	9.18838898009721	9.95244609410407	8.59890713177574
4.05	9.33590027044581	10.1671789857371	8.68599812738126
4.15	9.4424782263658	10.380493925856	8.75495046062854
4.25	9.43857573000624	10.3946704833692	8.86446413615537
4.35	9.52435547741175	10.5914728781737	8.9061389498259
4.45	9.6068658756103	10.7658100747564	8.930437148141
4.55	9.64197045996847	10.7756651805282	8.97658940951258
4.65	9.60632683681615	10.570367966987	9.03748987336188
4.75	9.60823867313495	10.5398528096997	8.85894237282532
4.85	9.5243718935008	10.2999889316809	8.65476988505658
4.95	9.463881007884	10.4692882180369	8.0165182260313
5.05	9.45133738951974	10.5995272553445	7.51135449342143
5.15	9.46904677541101	10.6938504747659	7.24600871391065
5.25	9.51700916555782	10.8066852877413	7.61100018072057
5.35	9.58504448215291	10.7403043043066	7.9016508960869
5.45	9.66416002623829	10.7090690786148	8.36448051461962
5.55	9.77706926759802	10.6773208244155	8.84978351891086
5.65	9.94186985732972	10.9089957094429	9.01538217191133
5.75	10.0003862293522	11.445216587284	9.13252546833964
5.85	9.92961224120079	11.4948082452719	8.96906872671813
5.95	9.91686516300329	11.554899807388	8.83600325944609
6.05	9.75909457396219	11.7339795076787	8.54498890904811
6.15	9.49709856973548	11.1461442749112	8.1069417444149
6.25	9.34904063147285	10.9546593676004	7.97099463632478
6.35	9.15655559748237	10.7086160800981	7.6200152466494
6.45	8.92944540769188	10.4975724256939	7.31442945360908
6.55	8.50246461644404	9.98291378434663	6.92672627718947
6.65	8.01058019928296	9.49600953055073	6.51623427116759
6.75	7.54724075203924	8.90778737224337	6.11134833701241
6.85	7.02910329062825	8.38715435760782	5.68488154126123
6.95	6.50985261297047	7.83987823076616	5.26027895605264
7.05	5.91045710375929	7.18206962050871	4.84018866676356
7.15	5.36368521197444	6.67672802084513	4.37995616908163
7.25	4.84440620283709	5.99525332815545	3.87620992024214
7.35	4.33995669080065	5.51925089503353	3.25835742017152
7.45	3.87562663880359	5.07851913107401	2.74834742642549
7.55	3.45542071422752	4.62108128379819	2.22583472477066
7.65	3.05028436400848	4.14947976732687	1.67548698914477
7.75	2.66585648986971	3.74900286438017	1.25150885882351
7.85	2.33164431556511	3.49416629829937	0.915301505109017
7.95	2.04764784109461	3.25006695227913	0.667117157160661
8.05	1.81386706645825	3.08496818870048	0.489506896731923
8.15	1.63030199165602	2.94873886326251	0.323582368868746
8.25	1.49695261668794	2.80833038607398	0.297636408295739
8.35	1.41381894155397	2.70784078916702	0.226959074221487
8.45	1.37990524965719	2.66016558095662	0.164215624325121
8.55	1.30818971883955	2.42570528213036	0.147052155789549
8.65	1.23068396631884	2.22089172299582	0.151256824593842
8.75	1.20467640550801	2.13661400589115	0.103669331606917
8.85	1.22086571260996	2.19865849653861	0.127452048260845
8.95	1.19173929301259	2.07774607970062	0.127572555909423
9.05	1.18076295160953	2.05987176708798	0.137547199786666
9.15	1.1409255020033	1.92297927356453	0.136487101684892
9.25	1.13656633077764	1.83780675926584	0.188611561996274
9.35	1.15768322840488	1.8779527646741	0.186870815335575
9.45	1.14862618203863	1.73346688450362	0.207325478496993
9.55	1.1712991274804	1.67850329544037	0.237888530674104
9.65	1.23176746629472	1.70727217665468	0.25134600071273
9.75	1.29777882798813	1.80562218669688	0.305972465676676
9.85	1.29798920599117	1.72166560545238	0.344524253420592
9.95	1.32119254721764	1.68063553519317	0.397178989441494
10.05	1.32928208407066	1.68790914935203	0.471776794500359
10.15	1.29236068761837	1.58921744029799	0.540294983867463
10.25	1.26991316946834	1.53280602368283	0.591167038206203
10.35	1.26252667985679	1.50675720248155	0.627431416714345
10.45	1.26595103055556	1.49236820499361	0.727935945246993
10.55	1.25481059147219	1.45395127553944	0.815200632721139
10.65	1.24950349274683	1.42778473448571	0.827428712244451
10.75	1.24213988427332	1.41761990002946	0.828191734561981
10.85	1.21313725765712	1.37908729565621	0.83087726593499
10.95	1.18575613964255	1.33707391456452	0.830424624362464
11.05	1.16271768161338	1.30130881667758	0.811226850438902
11.15	1.13918237560223	1.2782272432137	0.785035077016086
11.25	1.107198216327	1.25052238554657	0.75593615567218
11.35	1.07670137883806	1.22294848359532	0.745827959251918
11.45	1.04816934157331	1.19632063591723	0.725479642401828
11.55	1.02160210453276	1.16896143386559	0.727632926711142
11.65	0.996999667716384	1.14233457109038	0.706592359777988
11.75	0.974362031124245	1.11586354318736	0.701888483078568
11.85	0.953689194756262	1.08846544342624	0.694236193544944
11.95	0.934981158612472	1.06335195575543	0.674197015541209
12.05	0.917442868150268	1.04024754797587	0.662354196710053
12.15	0.895327704612147	1.01572084805092	0.643823115603825
12.25	0.873675068931345	0.991287168322081	0.627339307179521
12.35	0.85392349578655	0.975358796967836	0.610298884691952
12.45	0.835913902200226	0.961463703549366	0.592286882144601
12.55	0.81421987541334	0.941726733621707	0.581910007003059
12.65	0.791587960022922	0.917076034398675	0.560882322308695
12.75	0.770763843980614	0.895130431667773	0.54494459382641
12.85	0.751747527286449	0.87242938980318	0.528333184866037
12.95	0.73453900994038	0.855184841199136	0.511305774491438
13.05	0.719138291942421	0.844366807831572	0.498746591252512
13.15	0.704194578183112	0.837485903321269	0.484074624199758
13.25	0.685027907898667	0.813933252485739	0.475157225011051
13.35	0.666647868399218	0.797051031255801	0.466684153402662
13.45	0.649730243642783	0.78093708043919	0.466613899534829
13.55	0.634275033629404	0.765393377256273	0.461797553515059
13.65	0.620282238358993	0.751462026622252	0.459970428301814
13.75	0.60775185783164	0.742948926312017	0.451185679078444
13.85	0.596683892047306	0.735734375464673	0.448502879276544
13.95	0.587078341005995	0.728602822132898	0.448738254519567
14.05	0.578935204707684	0.722350897968444	0.443036651132744
14.15	0.572254483152424	0.720510618179694	0.433664654191497
14.25	0.56544367003636	0.719578683219175	0.425571199551212
14.35	0.555169574910654	0.707883514721934	0.418671942443373
14.45	0.546239272078988	0.697863410760717	0.413300578786438
14.55	0.539029970481761	0.690703421560454	0.399583508873801
14.65	0.533541670118898	0.684850863004235	0.394720326813528
14.75	0.52977437099045	0.680613358414418	0.388764218263185
14.85	0.527728073096444	0.684576908985248	0.386735884076356
14.95	0.527315019858045	0.701676017481168	0.373289508723095
15.05	0.523975230881755	0.70309764511212	0.36665025927997
15.15	0.519591725076428	0.694082830046979	0.368206649714357
15.25	0.516750129819658	0.689941770081087	0.365389166941438
15.35	0.515450445111439	0.692995201311382	0.363607260860549
15.45	0.51533182439578	0.69317092237351	0.367121643286663
15.55	0.512392996788867	0.691448530405361	0.366358633942424
15.65	0.509665594289313	0.686789205196862	0.357544407123826
15.75	0.508417303074013	0.683360045796703	0.352661705323127
15.85	0.508648123142978	0.679213691998508	0.348022204356157
15.95	0.510358054496134	0.672592350600889	0.343352871094959
16.05	0.513547097133499	0.67129802219812	0.33868714220778
16.15	0.518215251055185	0.675224898256435	0.330268947361731
16.25	0.522905549644263	0.680243334604623	0.32554668863485
16.35	0.525013450286619	0.680684431950589	0.31919653121757
16.45	0.526616178399716	0.686118011443771	0.314216972331724
16.55	0.525153201931135	0.680026333895669	0.315964134186042
16.65	0.524062915366669	0.677194302654407	0.315075551956923
16.75	0.523412953240895	0.671283883057172	0.311181312266217
16.85	0.523203315553752	0.665935275517915	0.308882070846621
16.95	0.52343400230528	0.662808343580345	0.306512695012688
17.05	0.52410501349546	0.657444841603689	0.308481931505901
17.15	0.525216349124318	0.65378726729946	0.309303005280568
17.25	0.5267680091918	0.647162524604683	0.305924187688929
17.35	0.528759993697961	0.64353331865624	0.301090525146953
17.45	0.531192302642782	0.640327852238581	0.298122503783495
17.55	0.534064936026255	0.641602683294545	0.297361889799802
17.65	0.537320141991538	0.648341522910676	0.296622601734082
17.75	0.536775781514493	0.64748247878712	0.295992125456318
17.85	0.533625098924974	0.640719481748048	0.303726693273339
17.95	0.530456026201327	0.63730337920402	0.302685601622058
18.05	0.527268563343643	0.631633654197623	0.301651694875072
18.15	0.524062710351861	0.623248459189372	0.299112752242858
18.25	0.520838467226012	0.621070273887211	0.298806056752287
18.35	0.516991772221339	0.614092163555197	0.291575968263021
18.45	0.51184421495296	0.61004339433522	0.290873361050745
18.55	0.506684109096292	0.605353099617476	0.290175338945637
18.65	0.501556995727539	0.601754976321522	0.289481901946899
18.75	0.496462874846777	0.594123031361809	0.288793050055044
18.85	0.491401746453998	0.586792097853084	0.288151468343208
18.95	0.486373610549164	0.581912619513764	0.289082049307406
19.05	0.481378467132318	0.575709315848438	0.291458250561532
19.15	0.47641631620344	0.570419032822378	0.290494266759495
19.25	0.471487157762529	0.565361022337549	0.28953778534792
19.35	0.466590991809586	0.562076809414484	0.288588806327645
19.45	0.46172781834464	0.558735306000995	0.284201380362147
19.55	0.456897637367638	0.555350322293673	0.283447298760904
19.65	0.452100448878626	0.550763237693519	0.282799712829277
19.75	0.447336252877581	0.544978468126783	0.282190369777125
19.85	0.442605049364467	0.538365188619294	0.283956447090929
19.95	0.437906838339403	0.534919893405264	0.281363253258571
20.05	0.433241619802229	0.531096557468764	0.282196804284776
20.15	0.428609393753116	0.525729865788108	0.279733722471323
20.25	0.424010160191888	0.52182660382713	0.278484870001828
20.35	0.41944391911867	0.517888150991467	0.278439776178114
20.45	0.41491067053343	0.513931736114849	0.276517345816265
20.55	0.410410414436155	0.511336076521864	0.274781208789633
20.65	0.405943150826821	0.507485631088688	0.272720975577566
20.75	0.401508879705509	0.501833358999455	0.270785888127224
20.85	0.397107601072151	0.500732879272981	0.268754774962289
20.95	0.392739314926732	0.499407600753507	0.26606969796721
21.05	0.388394984845832	0.495793014448648	0.26336179007502
21.15	0.383393301663654	0.492372357526694	0.260447318840768
21.25	0.378011974784095	0.486428187907989	0.255717984720954
21.35	0.372690294987923	0.481963764481716	0.250976231742623
21.45	0.36742826227518	0.478148146139954	0.247296288310482
21.55	0.362225876645802	0.473733699186245	0.246085066007794
21.65	0.357083138099827	0.470015725730793	0.239283274790406
21.75	0.352000046637235	0.466555995414228	0.236219251729915
21.85	0.346976602258069	0.46178960998449	0.233558818128383
21.95	0.342012804962254	0.457622892556446	0.232518433397805
22.05	0.337108654749911	0.453306192233303	0.231144304238971
22.15	0.332264151620872	0.448924874973923	0.226262720527306
22.25	0.327479295575292	0.44443939149001	0.22290930408039
22.35	0.322754086613079	0.439849741781814	0.219369409315818
22.45	0.318088524734267	0.435130249836432	0.217032730044758
22.55	0.31348260993886	0.430517291498132	0.214271072141753
22.65	0.308936342226821	0.425452228112065	0.211794202895928
22.75	0.304449721598231	0.420408729270987	0.207793083113764
22.85	0.300022748052962	0.414162279825594	0.203808389811951
22.95	0.295655421591171	0.408998546312032	0.199276499972545
23.05	0.291347742212705	0.403866475800386	0.194427677425403
23.15	0.287099709917678	0.39860248588222	0.190333243373417
23.25	0.282911324706049	0.393314633069257	0.185094685683524
23.35	0.278782586577779	0.387690451628719	0.179924440956659
23.45	0.274713495532921	0.382040706077423	0.176274330310754
23.55	0.270704051571477	0.376271374666258	0.170994947517035
23.65	0.266754254693396	0.370594898071927	0.167681020309059
23.75	0.262864104898762	0.364584653114286	0.163557564154154
23.85	0.259033602187456	0.36062862542112	0.158395268174077
23.95	0.255262746559604	0.354720819193027	0.152831530606903
24.05	0.251551538015096	0.347485276402152	0.14828432459746
24.15	0.247899976554048	0.343707365696654	0.144254300179481
24.25	0.244308062176337	0.338504244258662	0.139648556656812
24.35	0.24077579488204	0.334764344736281	0.135321223050132
24.45	0.237303174671142	0.328777772827699	0.132275436688541
24.55	0.233890201543655	0.324538715352566	0.129030899224416
24.65	0.230536875499533	0.318229174329672	0.125860913758126
24.75	0.227243196538839	0.315036969311091	0.122450653289053
24.85	0.223735034877759	0.309974999900876	0.119070889126414
24.95	0.218922196050426	0.303332802851993	0.114907972091287
25.05	0.214167600038028	0.298416705690996	0.110593989638572
25.15	0.209691011527165	0.296189546718522	0.106294216617178
25.25	0.205428888446573	0.293719474441089	0.104000513306036
25.35	0.200124885135583	0.291853217885566	0.0997580764639196
25.45	0.194516181103664	0.286317619011053	0.0962096215619382
25.55	0.189109446846901	0.285207379823063	0.0929162064410485
25.65	0.183904682365291	0.280646803578271	0.0903101664025373
25.75	0.178901887658853	0.276647828934851	0.0856279535348233
25.85	0.174101062727619	0.275008439228269	0.079458737838787
25.95	0.169502207571537	0.271688639367105	0.0733641509314091
26.05	0.165105322190629	0.270831873137098	0.070028672860256
26.15	0.160910406584868	0.26997509326457	0.0632553025424789
26.25	0.156917460754325	0.269118299749389	0.0592699748074543
26.35	0.15312648469892	0.267891252098017	0.0541048770200013
26.45	0.149537478418707	0.266651547476299	0.0437074028488321
26.55	0.146150441913651	0.26546658117018	0.0374661360628531
26.65	0.142965375183777	0.264336353180098	0.0342923961249641
26.75	0.139982278229047	0.263260863505908	0.0297851051342774
26.85	0.137201151049545	0.262794434095823	0.0264100550787876
26.95	0.134621993645159	0.262874396323822	0.0244715982904934
27.05	0.132244806015976	0.260618107277867	0.0223917936718931
27.15	0.130069588161944	0.259506287967699	0.0183059184757004
27.25	0.128096340083121	0.258705997740604	0.0150543144146699
27.35	0.126325061779409	0.258523808758433	0.0125238207182504
27.45	0.124755753250921	0.258367576948841	0.0103359418584434
27.55	0.123388414497602	0.258020018903878	0.00536176646647483
27.65	0.122223045519422	0.258169113794661	0.00144716320850689
27.75	0.121259646316425	0.257530837089219	0.00158408766793986
27.85	0.120498216888626	0.256374541307	0.000129568324329198
27.95	0.119938757235969	0.255439044116253	0
28.05	0.119581267358515	0.255182162264663	0
28.15	0.119425747256184	0.254042751658847	0
28.25	0.119472196929052	0.255366604026248	0
28.35	0.11972061637711	0.255393931734225	0
28.45	0.120171005600319	0.256551286751714	0
28.55	0.120823364598675	0.25612405939362	0
28.65	0.121315836935407	0.257403001712387	0
28.75	0.119039816556664	0.253251492229806	0
28.85	0.117044943035105	0.249473588997848	0
28.95	0.11598063720898	0.250546620325329	0
29.05	0.112572454808312	0.244991066727344	0
29.15	0.108292413424664	0.240756266958929	0
29.25	0.104226542589268	0.233954130629532	0
29.35	0.10037484230215	0.229723852703973	0
29.45	0.0967373125633362	0.224796980932824	0
29.55	0.0933139533727416	0.221633566761654	0
29.65	0.0901047647304799	0.219476314988122	0
29.75	0.087109746636455	0.21740823912844	0
29.85	0.0843288990907316	0.214982692559613	0
29.95	0.0817622220932721	0.211710086271212	0
30.05	0.079409715644122	0.208237781382419	0
30.15	0.077271379743238	0.204909124142642	0
30.25	0.0753472143905595	0.203935586212659	0
30.35	0.073637219586254	0.204322057030677	0
30.45	0.0721413953301801	0.203142552617096	0
30.55	0.070859741622387	0.203163118544503	0
30.65	0.0697922584628569	0.203170317225798	0
30.75	0.0689389458516395	0.203197099136276	0
30.85	0.0682998037886836	0.203243464275897	0
30.95	0.0678748322739927	0.202579465889319	0
31.05	0.0676640313075813	0.202037044516975	0
31.15	0.0676674008894648	0.203593232494286	0
31.25	0.0678849410195861	0.203793838558071	0
31.35	0.0683166516980329	0.204015016370832	0
31.45	0.0689625329247212	0.204256765932599	0
31.55	0.069822584699712	0.20446200941041	0
31.65	0.0708968070229756	0.204680522839319	0
31.75	0.0721851998944835	0.204921128416541	0
31.85	0.0736877633143107	0.205183826142481	0
31.95	0.0754044972823856	0.206516735130354	0
32.05	0.0773354017987588	0.20812258621514	0
32.15	0.0794804768633868	0.208609552954265	0
32.25	0.0818397224763191	0.207262302409778	0
32.35	0.0844131386375163	0.207960640946461	0
32.45	0.0872007253469714	0.208197562627078	0
32.55	0.0902024826047248	0.209716169305363	0
32.65	0.093418410410769	0.210540492671957	0
32.75	0.0968485087650388	0.211419939519978	0.000478753290579443
32.85	0.100492777667616	0.212320646634316	0.00417173419607787
32.95	0.1043512171185	0.213245679951467	0.00520674085871057
33.05	0.108423827117611	0.2141950394719	0.0126540003388447
33.15	0.112710607665048	0.215235416437981	0.0177254464533438
33.25	0.117211558760701	0.216274952418481	0.0204087005435764
33.35	0.121926680404685	0.214988244904225	0.0251611488719391
33.45	0.126855972596924	0.220936750042775	0.0301248889647457
33.55	0.131999435337426	0.22515387304604	0.0345334598672546
33.65	0.137357068626238	0.225694656267994	0.0382510359331286
33.75	0.142928872463305	0.227444807860092	0.0441293227111175
33.85	0.148232971849556	0.233204029619922	0.0490244566446797
33.95	0.152597014506369	0.236345853955904	0.051622613816604
34.05	0.157144040308161	0.242939953455068	0.0555642422795578
34.15	0.161925946601441	0.244461985034977	0.0576015510808672
34.25	0.16694273338602	0.249805609596226	0.059465789090786
34.35	0.172194400662092	0.254474034456419	0.0628921586395635
34.45	0.177680948429491	0.25694116343633	0.0669240309988401
34.55	0.183402376688342	0.260066456084782	0.0712012968182013
34.65	0.189358685438535	0.264506297189061	0.0750629446009537
34.75	0.195358836359134	0.269450033544011	0.0739234874654027
34.85	0.20067192594256	0.276178410662746	0.077118674379748
34.95	0.206048179180475	0.28350050346215	0.0811750092050569
35.05	0.211600459545611	0.288804624353925	0.0852914074748329
35.15	0.217328767037898	0.291831514905091	0.0895355215566718
35.25	0.223233101657427	0.2982803347865	0.0939926072146435
35.35	0.228855940307627	0.30328362655905	0.0983439313490975
35.45	0.233805482761179	0.310700214096179	0.102542921052694
35.55	0.238118565007091	0.318560492588818	0.107104397249247
35.65	0.2421083802345	0.325587838297813	0.113130863924552
35.75	0.246149675410639	0.329215491958744	0.118822924775371
35.85	0.250242450535563	0.33343631803912	0.112284269506559
35.95	0.25438670560934	0.339001358316777	0.116264061738734
36.05	0.25858244063183	0.34603730852046	0.11877563621483
36.15	0.262829655603139	0.352276574653397	0.120049006871296
36.25	0.267128350523174	0.358741320563121	0.119832008978877
36.35	0.271478525392079	0.363190888493473	0.125783068423264
36.45	0.27588018020967	0.368793378951535	0.127266860552476
36.55	0.280333314976102	0.372606438301746	0.134556131701478
36.65	0.28483792969132	0.379736238936195	0.14045423315912
36.75	0.289394024355282	0.385263106077842	0.144377806752191
36.85	0.29400159896807	0.390364667269218	0.140577881900922
36.95	0.298660653529581	0.393425166546295	0.14575944257148
37.05	0.303371188039938	0.398248882113469	0.151477027464158
37.15	0.308133202499033	0.402699116664438	0.157366425516171
37.25	0.312946696906938	0.406761599204204	0.164670845367448
37.35	0.317811671263591	0.410423619830391	0.169512494717256
37.45	0.322728125569053	0.413132985274566	0.17482560956124
37.55	0.327696059823287	0.41487849814016	0.182206068859419
37.65	0.332715474026318	0.417172017804924	0.188791892920556
37.75	0.337786368178098	0.418709083829368	0.192785187008508
37.85	0.34290874227869	0.421775062562893	0.194080071078201
37.95	0.348082596328048	0.422471601085286	0.19901257368311
38.05	0.353307930326193	0.422244648765067	0.204037543637839
38.15	0.358584744273108	0.423663073993837	0.209342270368613
38.25	0.363913038168829	0.426046345028675	0.214586030287049
38.35	0.368965330239753	0.431023066891158	0.220187739122658
38.45	0.373457221081838	0.443725618043498	0.2256491654757
38.55	0.377753326520141	0.45467853521301	0.205413027705323
38.65	0.381855529758492	0.457370615270186	0.193820926218579
38.75	0.384189762306228	0.457850358095975	0.187649156202778
38.85	0.385028425508006	0.45997297389862	0.157603293226882
38.95	0.384871658560051	0.462074706256226	0.140768802733224
39.05	0.377636610052609	0.461086641111635	0.122075122076995
39.15	0.370208678170939	0.467254065511359	0.078394826424989
39.25	0.362948745798163	0.464746976114395	0.0451479053084392
39.35	0.350754705549241	0.460905979256577	0
39.45	0.33883731048304	0.466444608543481	0
39.55	0.327955380097781	0.472904784098649	0
39.65	0.318108914393453	0.475131361354756	0
39.75	0.309297913370101	0.47985138787881	0
39.85	0.301522377027731	0.486640839834852	0
39.95	0.294782305366252	0.495291522894383	0
40.05	0.289077698385738	0.502644216222084	0
40.15	0.284408556086237	0.511379881667256	0
40.25	0.280104571050342	0.516709110888634	0
40.35	0.268799515353532	0.518809278353789	0
40.45	0.256486677978111	0.524765121443058	0
40.55	0.245598901965212	0.538914246915968	0
40.65	0.236136187314838	0.536374046002307	0
40.75	0.228098534027032	0.545867429669186	0
40.85	0.221485942101728	0.557316482165795	0
40.95	0.216298411538961	0.573858470340376	0
41.05	0.21253594233875	0.583819556275822	0
41.15	0.205036045041921	0.588772821876644	0
41.25	0.190670875843611	0.592260688334504	0
41.35	0.17887936056797	0.613517987321346	0
41.45	0.169833454480225	0.635093189249833	0
41.55	0.158709213560225	0.639291530196908	0
41.65	0.138315838835266	0.656251495028792	0
41.75	0.114066136122835	0.636370789735901	0
41.85	0.080511860839788	0.645798147671085	0
41.95	0.0494449088914152	0.667180603751275	0
42.05	0.0209845514423543	0.674550573789248	0
42.15	0	0.68927915640856	0
42.25	0	0.707823195840512	0
42.35	0	0.709681819339231	0
42.45	0	0.71094376041678	0
42.55	0	0.711733423220267	0
42.65	0	0.719119213852203	0
42.75	0	0.718442485110718	0
42.85	0	0.724487411724809	0
42.95	0	0.721847108848904	0
43.05	0	0.723667373646841	0
43.15	0	0.716510176083912	0
43.25	0	0.71687625533254	0
43.35	0	0.71981323356636	0
43.45	0	0.725624340609572	0
43.55	0	0.730834996650693	0
43.65	0	0.734574641397568	0
43.75	0	0.734790403427869	0
43.85	0	0.730870918206581	0
43.95	0	0.733665627786865	0
44.05	0	0.727713883830106	0
44.15	0.0254403743491908	0.712148308827989	0
44.25	0.0543250958846071	0.718788805803641	0
44.35	0.0858164119193373	0.723309312176703	0
44.45	0.119914322453331	0.730924164991388	0
44.55	0.156618827486651	0.729341336913496	0
44.65	0.195929927019255	0.721610427713142	0
44.75	0.237847621051157	0.742031921637494	0
44.85	0.282371909582348	0.765952303374269	0
44.95	0.329502792612833	0.825497039587561	0
45.05	0.37924027014263	0.900072647693766	0
45.15	0.431584342171704	0.979790464070604	0
45.25	0.486535008700083	1.07261565694864	0
45.35	0.54409226972776	1.17577356380284	0.0324208565556669
45.45	0.604256125254699	1.27853576925223	0.122506117935607
45.55	0.667026575280975	1.3905857152727	0.215422348632945
45.65	0.732403619806537	1.49302088220616	0.281046063886055
45.75	0.800387258831382	1.61852435727141	0.341236438603906
45.85	0.87097749235552	1.76220496802284	0.35969678316287
45.95	0.940921325722141	1.89232115581848	0.350267457864098
46.05	1.0021515497484	1.98851711774244	0.386787222672465
46.15	1.06530903117659	2.09678438654075	0.375047465644075
46.25	1.13140077475129	2.19619492287864	0.315597078489296
46.35	1.20042678047254	2.32021022332925	0.289949305076831
46.45	1.27238704834028	2.42354363077011	0.280022387712764
46.55	1.34728157835461	2.51042627795687	0.319332290890556
46.65	1.42511037051543	2.6171313272017	0.335248639328873
46.75	1.50587342482278	2.71046680625503	0.310190302841309
46.85	1.58957074127666	2.83056490361146	0.293100755761514
46.95	1.67620231987709	2.92174039242219	0.279392698787907
47.05	1.76576816062399	3.02833446199002	0.260877594663949
47.15	1.8582682635175	3.18199099236042	0.240359706365659
47.25	1.95370262855746	3.28506637706551	0.219395480242316
47.35	2.052071255744	3.42560962237375	0.197984916294762
47.45	2.15337444409067	3.52973925723841	0.176128014522312
47.55	2.27548931307665	3.74549534994043	0.182763257309415
47.65	2.4236372125642	3.95116318496844	0.290787812933206
47.75	2.59561180169334	4.15492631724898	0.465096930152783
47.85	2.77386034417804	4.37270565863797	0.589660783127096
47.95	2.96544584353699	4.58161297549035	0.789034057523845
48.05	3.17941663967806	4.74914742353044	1.20732529185418
48.15	3.39785278879545	4.92954768191037	1.57707700307873
48.25	3.61884978893635	5.08644134344696	1.88033290023817
48.35	3.84222087094913	5.24647610813805	2.16128667918845
48.45	4.06992732325368	5.4282936110277	2.50722669482004
48.55	4.31513453625632	5.60309551995826	2.80253813586394
48.65	4.56957195767425	5.75317742741312	3.12162182382683
48.75	4.8215417830473	5.95074872703807	3.54158842497909
48.85	5.07521231881325	6.18234511025305	3.99318342185845
48.95	5.34287465273377	6.48134776972052	4.39549957513194
49.05	5.62996088969931	6.72023846001787	4.74906499881648
49.15	5.92695811962453	6.99271477338305	5.04545986385181
49.25	6.24142315329477	7.37583659533306	5.33373448341694
49.35	6.55126780404483	7.83134680100355	5.59357532332649
49.45	6.85342706741805	8.1945462559698	5.81408543700061
49.55	7.17218539713886	8.80040101029306	5.99497258121403
49.65	7.47015568950246	9.50839039973456	6.12418690184921
49.75	7.66469475178575	10.0107534662473	6.21581781013218
49.85	7.92485504978839	10.456190624343	6.31530251685828
49.95	8.24890450177321	11.0532392780205	6.43200557906797
50.05	8.49629719621125	11.3450205441651	6.45125052011049
50.15	8.74112811572771	11.4003870772505	6.51027959317343
50.25	8.78126403945117	11.4291703189001	6.52667288336398
50.35	8.81726763460272	11.2800828694274	6.60451011247909
50.45	8.76504765826717	10.9116123533948	6.62113575318916
50.55	8.56358829643083	10.7648302385277	6.6037427074269
50.65	8.3782157901278	10.398267422161	6.54608312592141
50.75	8.1156199063877	9.99131759396303	6.41956554612495
50.85	7.79753391578494	9.45496535815805	6.12454008662663
50.95	7.35844768469538	8.85055899186775	5.84096867119518
51.05	6.88608685738215	8.38138940670506	5.44909834716524
51.15	6.42319699538187	8.06779234975261	4.9235428535523
51.25	6.00448998815616	7.86871347592483	4.32820786213191
51.35	5.69872567471817	7.61834103644624	3.78881438701504
51.45	5.47485330107221	7.45762266038495	3.40202284330637
51.55	5.24890578662011	7.43272172273435	3.11870161337606
51.65	5.16291862102462	7.34212604288353	2.93246942511276
51.75	5.22484303583606	7.3049860938881	2.8598356395358
51.85	5.23571141049712	7.31685315611133	2.81183876597904
51.95	5.14325568674626	7.30437985633408	2.86627698770918
52.05	5.14840805550334	7.31624630007748	3.10964058911284
52.15	5.27608020936883	7.33702052277636	3.41198819139731
52.25	5.52627214834281	7.39812075648126	3.85063186033763
52.35	5.8989838724252	7.40378146998852	4.43139770147544
52.45	6.35240858628298	7.46161557693116	4.91363470167299
52.55	6.73437135298578	7.99438924526334	5.31786486937533
52.65	7.10514686710174	8.54298251104324	5.62348556605477
52.75	7.48149163439462	9.00141547555618	5.98135131812121
52.85	7.86313973031216	9.39307829815558	6.34173225621809
52.95	8.17916949115876	9.87018980164849	6.6694091315092
53.05	8.42086006708255	10.153584525337	6.95227175349941
53.15	8.73184994154506	10.3647044488045	7.23265794129613
53.25	9.07964620871995	11.0314516070233	7.47712962911939
53.35	9.26496383520372	11.2049587709915	7.73452775798964
53.45	9.63272036024748	11.3616650095245	8.00919193090336
53.55	9.70059231599022	11.4420840295145	8.04841441423233
53.65	9.92699372180954	11.6403401089439	8.15906105286058
53.75	10.1228931678367	11.8006101279751	8.44813302208807
53.85	10.0554917708372	11.683135770997	8.44821028879504
53.95	9.99512427483142	11.446557084274	8.45440762299538
54.05	9.77795884317181	10.9135931320884	8.42633142625654
54.15	9.35852989696631	10.5828299749567	8.10958178761106
54.25	9.05515361509392	10.1781839527921	7.97980227743483
54.35	8.73847669450485	9.80854174113827	7.68630665325622
54.45	8.33021113560843	9.44441394482529	7.30371336947474
54.55	7.90816793612275	9.08775006474951	6.8283946847524
54.65	7.52177093062048	8.74556767882902	6.36752945730931
54.75	7.14623003368393	8.38960143399096	5.99928227469657
54.85	6.81435569780903	8.04960923940047	5.66782738177759
54.95	6.51828715551082	7.7411494372521	5.33298193334558
55.05	6.24256326129436	7.47738631369459	5.13738057224382
55.15	6.00766658233864	7.15692391873502	4.99634571785005
55.25	5.85150434620424	6.91745525788372	4.90520597420856
55.35	5.74542007309498	6.71704143142204	4.82618763139332
55.45	5.6443178294172	6.56378925593541	4.83775752102717
55.55	5.609379793333	6.37967949009293	4.86771634520113
55.65	5.5726318948097	6.23091118029889	4.90216964101462
55.75	5.56151963566867	6.12895911971572	4.93685622010741
55.85	5.54392237259581	6.08902536187935	4.97921656989737
55.95	5.52640776996112	6.05821405634412	5.01413076988032
56.05	5.512974152592	6.01340779126902	5.06050079201267
56.15	5.47507096566535	6.03313802941195	5.01859578405869
56.25	5.41274587360258	6.05115907929151	4.93769420681196
56.35	5.31893245025653	6.09977268068843	4.81863420950841
56.45	5.2298723997948	6.13685883753679	4.70518396482019
56.55	5.10730207722273	6.01474646614353	4.59707772641066
56.65	4.95685066153988	5.77129618063733	4.45473253030642
56.75	4.80369441030161	5.52363127820789	4.31374883009051
56.85	4.68015458477425	5.37331078547892	4.16912286372753
56.95	4.54559222874699	5.13077879355058	4.00661279970015
57.05	4.40023657303197	4.99010377909191	3.82737887668903
57.15	4.26954924333947	4.87020185894212	3.67644779089863
57.25	4.13872617833174	4.76773137041802	3.50901090713427
57.35	3.99954787644484	4.67630221039775	3.31631549119497
57.45	3.85546879868778	4.61010908882252	3.06911588297265
57.55	3.70848412552782	4.51472351154528	2.78705195400962
57.65	3.56392772972123	4.42428616844111	2.4912525190499
57.75	3.40074160400788	4.31749476829347	2.22276287054993
57.85	3.24852643390042	4.24027165235452	1.97147340608578
57.95	2.80052801506081	3.52191092593698	1.36938751670727
58.009371	2.68904753946653	3.4537420825588	1.11330100956118
