phys	rec.rate	upper	lower
0.05	NA	NA	NA
0.15	NA	NA	NA
0.25	5.08886696504721	11.6475099590255	2.14125904083472
0.35	5.34983237378862	11.7703298788913	2.23799638631947
0.45	5.49414433916032	11.7192541277657	2.52542498829503
0.55	5.63946394873137	11.6512264286054	2.82269712813849
0.65	5.78578265466183	11.5904026594039	3.1261962970432
0.75	6.04532526923975	11.9207913521665	3.35954386149268
0.85	6.18223295684963	11.8517748874258	3.64948621724058
0.95	6.35391728386882	11.9618933277616	3.88647169396715
1.05	6.48704192165845	11.9038535754924	4.19070026465783
1.15	6.62504912921069	11.8368683055918	4.50292254319915
1.25	6.76793890652555	11.7978122830993	4.81184097799928
1.35	6.91571125360302	11.7531111627847	5.12285308386067
1.45	7.06836617044311	11.6826259504856	5.43109285566685
1.55	7.22590365704581	11.6314364333002	5.69494175021039
1.65	7.38832371341114	11.6079771663763	5.9580996834729
1.75	7.55562633953907	11.5619006315578	6.17330950948804
1.85	7.69848740033559	11.5339236014152	6.3370081992413
1.95	7.8158832622331	11.5513575771433	6.22623954738868
2.05	7.96847169462332	11.5456284738086	6.10450298292588
2.15	8.12243063391097	11.6069556039269	5.98619146952219
2.25	8.26837140753734	11.6436522529718	5.73127644177296
2.35	8.41386477872388	11.7548452899324	5.82748799414923
2.45	8.44746474554345	11.6618379389177	5.14373200871927
2.55	8.5099999201807	11.5953458630273	4.79073997366747
2.65	8.64895455175459	11.4806500922094	4.81025354824304
2.75	8.86432864026514	11.5649253413882	5.14792484529172
2.85	9.15612218571234	11.5242208959997	5.92556658789756
2.95	9.5267693093263	11.4782868591957	7.01922115353321
3.05	9.9655742679026	12.0337463044373	7.96848889176613
3.15	10.355786479614	12.4069476136629	8.58036851928656
3.25	10.7555955484894	13.436943004843	8.69029043239921
3.35	11.1502684518544	13.8946027338724	8.93240060998484
3.45	11.585971420832	14.7154501137429	9.00273241643946
3.55	12.1499355687637	16.3484514618317	9.10714675686622
3.65	12.6647881497962	16.6407273457229	9.04832232979226
3.75	13.2284989989554	17.5615567865979	8.98137698229074
3.85	13.5312957579703	17.9204204741037	8.92994913502973
3.95	13.5645462186238	17.7830091967726	8.80956102533873
4.05	13.5387294149197	17.9290163063831	8.75824844764793
4.15	13.6225015642125	18.1366578103681	8.76972751049543
4.25	13.4713992256974	18.0296676547073	8.72939110647843
4.35	13.5487823032229	17.8706522237632	8.70386496243763
4.45	13.5000059420274	17.7896431267055	8.68440539804737
4.55	13.2790677802024	17.0446687984601	8.54841293108393
4.65	12.9302113956902	16.6105737280812	8.43862673033408
4.75	12.7372379179901	16.2684314785242	8.37628285363236
4.85	12.464816192447	16.1311534397217	8.2135926053891
4.95	12.0521363192798	15.7143173082892	8.03412419268837
5.05	11.6062722460954	15.9949975318206	7.90437310540289
5.15	11.3207910124372	16.0156151520243	7.8318639967763
5.25	10.9729734721753	15.287146192815	7.70453833130663
5.35	10.5829737424983	14.8250332642419	7.5479671068933
5.45	10.2220999578162	14.0679617277168	7.20975072567026
5.55	9.88758250670449	13.4138229916355	6.94491837680522
5.65	9.5268728326759	13.0833164524277	6.65909364591349
5.75	9.13997093573039	12.8414287203885	6.35725717428302
5.85	8.72687681586808	12.5680153002668	6.02422082364772
5.95	8.2875904730889	12.2164408980946	5.75644258451843
6.05	7.82211190739282	11.7812046495512	5.41289278569884
6.15	7.33044111877992	11.5019497018629	5.03950274844972
6.25	6.81258583342848	11.0703129369368	4.57281283824242
6.35	6.33472924536421	10.6504286073464	4.09715111164799
6.45	5.83637498536853	10.2234374970127	3.62085118739567
6.55	5.38117329096015	9.64051903999311	3.19104957105277
6.65	4.95893458403189	9.08430802841346	2.78971673504875
6.75	4.55231706857148	8.51148335732521	2.38341898574877
6.85	4.16132074457895	7.9431156234009	1.9948173906089
6.95	3.78594561205421	7.44026777771796	1.63253992760115
7.05	3.42619167099743	6.93391330693125	1.27824837270397
7.15	3.08205892140841	6.44843139877444	0.952275256089642
7.25	2.7535473632873	5.95460938359955	0.621463486820231
7.35	2.44065699663402	5.44123195168833	0.324610742243457
7.45	2.14338782144865	4.9319837822162	0
7.55	1.86173983773106	4.4067303164939	0
7.65	1.59571304548137	3.99188201265705	0
7.75	1.34530744469957	3.66786740852987	0
7.85	1.11052303538557	3.31420595683007	0
7.95	0.89135981753945	3.08996708239138	0
8.05	0.68781779116117	2.7991676463805	0
8.15	0.499896956250805	2.6029662419678	0
8.25	0.327597312808207	2.36997858109626	0
8.35	0.170918860833569	2.12262713180074	0
8.45	0.0298616003266919	1.93368939414857	0
8.55	0	1.77335674086647	0
8.65	0	1.6229997479997	0
8.75	0	1.51762750548978	0
8.85	0	1.44089227441767	0
8.95	0	1.3786593608429	0
9.05	0	1.36142587413206	0
9.15	0	1.25757950399465	0
9.25	0	1.1582799533225	0
9.35	0	1.16164099602056	0
9.45	0	1.17767224375945	0
9.55	0	1.31316721281256	0
9.65	0	1.50222298776428	0
9.75	0	1.57372638946106	0
9.85	0	1.52388616567377	0
9.95	0	1.47385757597032	0
10.05	0	1.40151845060683	0
10.15	0	1.36228802925686	0
10.25	0	1.33883552284512	0
10.35	0	1.31777316825273	0
10.45	0	1.3056216811403	0
10.55	0	1.29312082023708	0
10.65	0	1.29236438800773	0
10.75	0	1.32112094995999	0
10.85	0	1.33502915044841	0
10.95	0	1.36590596665755	0
11.05	0	1.39199824422101	0
11.15	0	1.41788567679621	0
11.25	0.0544693612780036	1.43659767262737	0
11.35	0.156638343897652	1.46684486276745	0
11.45	0.262791217231933	1.5723626618787	0
11.55	0.332878608836418	1.67995702704394	0
11.65	0.394634729457174	1.82269143946947	0
11.75	0.457815800136041	1.97206057574755	0
11.85	0.522421820873029	2.08753015185021	0
11.95	0.588452791668107	2.18158557291826	0
12.05	0.655908712521308	2.27211596180906	0
12.15	0.724789583432603	2.34645522724593	0
12.25	0.795095404402019	2.37457245566264	0
12.35	0.866826175429557	2.36450041632887	0
12.45	0.939981896515173	2.36600708218777	0
12.55	1.01456256765893	2.31753491474816	0
12.65	1.09056818886078	2.26698099246173	0
12.75	1.16799876012074	2.23972088494056	0
12.85	1.24685428143881	2.22230050552855	0
12.95	1.31999214586586	2.26516564867734	0
13.05	1.35867193947971	2.27600416241965	0
13.15	1.38994018701578	2.30330096315443	0
13.25	1.4202766676674	2.37490252158623	0
13.35	1.44960197898925	2.45217003164152	0.136661762319833
13.45	1.4779161209814	2.53150326119336	0.240123907613328
13.55	1.50521909364374	2.61723401137087	0.389049743825366
13.65	1.52795985110193	2.69256712620849	0.504439827296386
13.75	1.54591112071384	2.76781774475012	0.622104267621327
13.85	1.56317678612403	2.851079591493	0.755499436557179
13.95	1.57720159253686	2.92975071600658	0.888799591378045
14.05	1.59015008499596	3.00544088063689	0.965342339694747
14.15	1.5977040181707	3.08122443487575	0.967942207932666
14.25	1.60477352293634	3.15827641691232	0.97936439696641
14.35	1.60812583984687	3.23511611492007	0.974855107856602
14.45	1.60635223725532	3.24814189911529	0.964106431697139
14.55	1.59186139136581	3.25452429204961	0.949457047137131
14.65	1.56458091207719	3.18126054706108	0.932723390789132
14.75	1.53683492253603	3.09540882195534	0.916150633589318
14.85	1.50927882557119	3.01048695458164	0.899738775537727
14.95	1.48191262118253	2.93522947249135	0.883511339402059
15.05	1.45473630937014	2.85442109090356	0.86750402859966
15.15	1.42774989013399	2.76130049885585	0.851663778547742
15.25	1.40095336347408	2.68823104441235	0.835990589245007
15.35	1.37434672939043	2.61736611151692	0.820490505594808
15.45	1.34792998788305	2.5401235681961	0.80516747994136
15.55	1.32170313895185	2.48093459154713	0.790003140647584
15.65	1.29566618259693	2.43251971930007	0.774997487712304
15.75	1.2698191188183	2.38090108706041	0.760908958590288
15.85	1.24416194761587	2.33442949403927	0.749859793749127
15.95	1.21869466898966	2.29150067247947	0.725313435208203
16.05	1.19341728293977	2.24929980112625	0.68850195355951
16.15	1.16832978946607	2.20446298687451	0.672611876755038
16.25	1.14343218856862	2.16609155620095	0.660604537763264
16.35	1.11872448024745	2.12475005856966	0.648712175590565
16.45	1.09420666450251	2.07710702063631	0.636934790237503
16.55	1.0698787413338	2.02429683279865	0.625272381703587
16.65	1.04574071074136	1.97167807744979	0.591112172920765
16.75	1.02179257272517	1.91940474121972	0.570877052894633
16.85	0.998034327285179	1.86939623088734	0.537933048551185
16.95	0.974465974421483	1.81693942863759	0.52701076642552
17.05	0.951087514134024	1.76649607581274	0.516375652004445
17.15	0.92789894642281	1.71657290058798	0.507446605102793
17.25	0.904900271287824	1.66685903696829	0.497905419044322
17.35	0.882091488729115	1.61739479245702	0.484873299066038
17.45	0.859472598746618	1.57515381911059	0.474970321271555
17.55	0.837043601340394	1.536625740969	0.465206931309528
17.65	0.814804496510431	1.48171144333837	0.455583129180158
17.75	0.792755284256661	1.43211900763281	0.446098914883113
17.85	0.770895964579185	1.38217742333038	0.433145861857995
17.95	0.749226537477922	1.34088384883044	0.406186716936416
18.05	0.72774700295294	1.30098124749238	0.388805015703807
18.15	0.70619870320252	1.26535791087529	0.378368990521499
18.25	0.683949634940851	1.23200139466963	0.369857304287121
18.35	0.661908058537836	1.19938003392166	0.361666557215466
18.45	0.640161468046504	1.16489907653721	0.361819731501662
18.55	0.618709863466948	1.12897441580848	0.356148060642367
18.65	0.597553244798996	1.09429459870571	0.344555271574606
18.75	0.576691612042788	1.05996344290525	0.34217861230064
18.85	0.556124965198251	1.02769830070795	0.323649499939221
18.95	0.535853304265415	1.00021045359664	0.316318226859625
19.05	0.515876629244282	0.972970516223469	0.28328934342976
19.15	0.496194940134827	0.945978488588949	0.27267851677454
19.25	0.476808236937071	0.923195815948786	0.245383583219729
19.35	0.457716519650975	0.909398924085524	0.217091137948412
19.45	0.438919788276647	0.879601468752289	0.186210270281212
19.55	0.420418042813969	0.840489475433193	0.152461621256526
19.65	0.402211283262939	0.814736996490103	0.114742566918315
19.75	0.384299509623686	0.792834310888142	0.0833389915994847
19.85	0.366682721896062	0.773421296847349	0.0536890302003094
19.95	0.349360920080138	0.747246119889896	0.0227692830048594
20.05	0.332334104175971	0.720959665071629	0
20.15	0.315602274183416	0.695185679715995	0
20.25	0.29916543010259	0.682624602462433	0
20.35	0.283023571933473	0.659100556202622	0
20.45	0.267176699675993	0.63477776823706	0
20.55	0.251624813330282	0.614579278090245	0
20.65	0.236367912896206	0.60384753697907	0
20.75	0.221405998373823	0.587166494196081	0
20.85	0.206739069763177	0.575952859036287	0
20.95	0.192367127064171	0.553643788407592	0
21.05	0.178290170276941	0.538129215734571	0
21.15	0.164508199401286	0.528905396852987	0
21.25	0.151021214437415	0.509193331992265	0
21.35	0.1378292153852	0.49860932647908	0
21.45	0.124932202244662	0.481620476703302	0
21.55	0.112330175015905	0.47323455506043	0
21.65	0.100023133698712	0.459116982048582	0
21.75	0.0880110782933095	0.451183745594735	0
21.85	0.0762940087995385	0.442938898748783	0
21.95	0.0648719252174871	0.440560832136191	0
22.05	0.0537448275471767	0.43328729030251	0
22.15	0.0429127157884681	0.425455582490241	0
22.25	0.0323755899414982	0.420176492797148	0
22.35	0.0221334500062151	0.410001260983276	0
22.45	0.0121862959826606	0.402267983196372	0
22.55	0.00253412787073696	0.394764655617189	0
22.65	0	0.387302274251579	0
22.75	0	0.379866399249257	0
22.85	0	0.372495751201244	0
22.95	0	0.365190330107283	0
23.05	0	0.362892398100899	0
23.15	0	0.35556050752542	0
23.25	0	0.348268035833233	0
23.35	0	0.344920795785209	0
23.45	0	0.338046354678269	0
23.55	0	0.33662016336862	0
23.65	0	0.334890105850401	0
23.75	0	0.335536217639952	0
23.85	0	0.328392940672723	0
23.95	0	0.321162017623113	0
24.05	0	0.313669800127434	0
24.15	0	0.300455631148075	0
24.25	0	0.29987624893685	0
24.35	0	0.291368945675532	0
24.45	0	0.279772010972809	0
24.55	0	0.264834943188628	0
24.65	0	0.25984173347036	0
24.75	0	0.256755670829177	0
24.85	0	0.254217708075185	0
24.95	0	0.247866353332375	0
25.05	0	0.240585985483982	0
25.15	0	0.228141560858237	0
25.25	0	0.223831364411614	0
25.35	0	0.219130946624962	0
25.45	0	0.212174956044618	0
25.55	0	0.205335435308268	0
25.65	0	0.199467232747499	0
25.75	0	0.193916046975641	0
25.85	0	0.188430083429929	0
25.95	0	0.189424995451468	0
26.05	0	0.185327172357014	0
26.15	0	0.179734130488495	0
26.25	0	0.174208343264475	0
26.35	0	0.168738436605634	0
26.45	0	0.163222128382052	0
26.55	0	0.166354038265081	0
26.65	0	0.167613949004285	0
26.75	0	0.163854336673225	0
26.85	0	0.166961104262869	0
26.95	0	0.170428060292032	0
27.05	0	0.174037194887263	0
27.15	0	0.177788508048711	0
27.25	0	0.181619072439354	0
27.35	0	0.182515657373949	0
27.45	0	0.184903371564247	0
27.55	0	0.190275063693563	0
27.65	0	0.195844120186391	0
27.75	0	0.20157563216305	0
27.85	0	0.205303284736712	0
27.95	0	0.208268398302125	0
28.05	0	0.216073042287306	0
28.15	0	0.223109921034652	0
28.25	0	0.230879241319561	0
28.35	0	0.240535443494832	0
28.45	0	0.248987404017912	0
28.55	0	0.262484768174495	0
28.65	0	0.272388579837962	0
28.75	0	0.281369566453331	0
28.85	0	0.284504875411492	0
28.95	0	0.280139371283844	0
29.05	0	0.277452722767911	0
29.15	0	0.273173496274736	0
29.25	0	0.27003089325916	0
29.35	0	0.26952565364914	0
29.45	0.00404535179196253	0.268218728225355	0
29.55	0.00861708546051022	0.267552976440327	0
29.65	0.0135041523729273	0.2668321266726	0
29.75	0.0187065525291592	0.272468721334582	0
29.85	0.0242242859292765	0.264776101278975	0
29.95	0.0300573525732325	0.267834077110704	0
30.05	0.0362057524609958	0.271491742015257	0
30.15	0.0426694855926713	0.268013287169854	0
30.25	0.0494485519681533	0.265436742607436	0
30.35	0.0565429515874796	0.272933852025357	0
30.45	0.0639526844506914	0.278028172580444	0
30.55	0.0716777505577039	0.29170246346166	0
30.65	0.0790455972779755	0.304818423974868	0
30.75	0.0847641780633448	0.313266847990686	0
30.85	0.0902018114178182	0.318907983096554	0
30.95	0.0954359804930056	0.330398665835702	0
31.05	0.100466685288949	0.337122246002397	0
31.15	0.105293925805616	0.343314171581353	0
31.25	0.109917702043029	0.346116798104483	0
31.35	0.114338014001212	0.347392109447066	0
31.45	0.118554861680075	0.343070978577	0
31.55	0.122568245079697	0.341122938333369	0
31.65	0.126378155906368	0.336408987446105	0
31.75	0.129487147756183	0.337373870590408	0
31.85	0.132077220480926	0.336218082419264	0
31.95	0.134724205848281	0.336407382332091	0
32.05	0.137428103858232	0.338398225091938	0
32.15	0.140188914510849	0.337562373410132	0
32.25	0.14300663780607	0.337245585507335	0
32.35	0.145881273743885	0.337572924098859	0
32.45	0.148812822324355	0.33881363204665	0
32.55	0.151801283547394	0.337315161930415	0
32.65	0.154846657413096	0.339845867640217	0
32.75	0.157904965100101	0.3419815739656	0
32.85	0.159645448365275	0.342978536154534	0
32.95	0.160800335866269	0.343557440685546	0
33.05	0.162026315569232	0.346018949482334	0
33.15	0.163323387474152	0.344868360097055	0
33.25	0.164691551581013	0.343706633365264	0
33.35	0.166130807889795	0.343470358061206	0
33.45	0.167641156400556	0.343747859879566	0
33.55	0.169222597113288	0.343798739131574	0
33.65	0.170875130027933	0.343946332397439	0
33.75	0.172598755144528	0.343833745996696	0
33.85	0.174393472463062	0.342680216092893	0
33.95	0.176259281983565	0.344138773416939	0
34.05	0.178196183706026	0.344202483418391	0
34.15	0.1802041776304	0.3447895807754	0
34.25	0.182283263756743	0.346488898432158	0
34.35	0.184433442085064	0.346078063807108	0
34.45	0.186654712615284	0.347432936328867	0
34.55	0.188947075347469	0.349847716166251	0
34.65	0.191310530281607	0.349906439568747	0
34.75	0.193745077417689	0.350771309063449	0
34.85	0.196250716755725	0.347733454328166	0
34.95	0.198827448295708	0.35203219906296	0
35.05	0.201475272037664	0.355627412490764	0
35.15	0.20410280890748	0.359770502024867	0
35.25	0.205532632578883	0.359560981764441	0
35.35	0.206618421134976	0.359465788080782	0
35.45	0.207764153893618	0.355855530407231	0
35.55	0.208969830854769	0.358357413447612	0
35.65	0.210235452018437	0.359766786547207	0
35.75	0.211561017384679	0.361927120853133	0
35.85	0.21294652695341	0.363046581878325	0
35.95	0.214391980724712	0.364037081926471	0
36.05	0.215897378698534	0.363674911784182	0
36.15	0.217462720874852	0.363807090148056	0
36.25	0.219088007253762	0.366410788726247	0
36.35	0.220773237835157	0.366927005642565	0
36.45	0.222518412619128	0.367293155677844	0
36.55	0.22432353160558	0.367532054049841	0
36.65	0.226188594794602	0.367643700759066	0
36.75	0.228113602186135	0.367628095805388	0
36.85	0.230098553780216	0.367969640123824	0
36.95	0.232143449576821	0.369314050147382	0.000938294813149547
37.05	0.23424828957595	0.369059212421567	0.0131100784024303
37.15	0.236413073777624	0.368715363510043	0.0154349630973909
37.25	0.238637802181838	0.368361057075616	0.0252906597689663
37.35	0.24092247478856	0.368101254327999	0.047134186013607
37.45	0.243267091597853	0.369281782782393	0.0493940036809477
37.55	0.245671652609625	0.367920808987647	0.0518114413049197
37.65	0.248136157823944	0.367450026585806	0.0645539710733471
37.75	0.250591111936052	0.367065298798893	0.0666508931965621
37.85	0.251932889814415	0.368043145382209	0.0689684931522909
37.95	0.25294707668593	0.368771937025363	0.0879047306300814
38.05	0.254063946226496	0.370564464372651	0.0882883066138144
38.15	0.25528349843608	0.37201069152305	0.0887754112254756
38.25	0.256605733314643	0.371156680149264	0.089366044464788
38.35	0.258030650862264	0.370079814805541	0.0912270218582046
38.45	0.259558251078911	0.370142421098656	0.0920439453256153
38.55	0.261188533964527	0.37045513498421	0.0929604017752532
38.65	0.262699973119863	0.370278041284349	0.0939763912079656
38.75	0.263263968876937	0.368369488742767	0.0939296270470096
38.85	0.263738001616287	0.36879149632493	0.0947811351598369
38.95	0.264247898633661	0.369767180764746	0.0960168580968796
39.05	0.264793659929158	0.370354776894159	0.0967468624078926
39.15	0.265375285502788	0.37223612145551	0.0969851975324709
39.25	0.265992775354458	0.373971280911933	0.0974687196076033
39.35	0.266646129484251	0.372725711704232	0.09812992362655
39.45	0.267335347892087	0.375115210370517	0.100575672817956
39.55	0.268060430578095	0.375857072760199	0.103625094737337
39.65	0.268821377542156	0.376861526379487	0.10673097052578
39.75	0.2696181887843	0.378336919728797	0.109893300182202
39.85	0.270450864304539	0.379762104745241	0.111626585289274
39.95	0.271319404102835	0.382323212746688	0.107875493357461
40.05	0.272223808179315	0.383005154434036	0.106819325014398
40.15	0.273164076533821	0.383714162883377	0.105324208621079
40.25	0.27414020916647	0.384912062939497	0.10301263080776
40.35	0.27515220607715	0.385647990352451	0.102951267228028
40.45	0.276200067265945	0.387028079662998	0.107454044229583
40.55	0.277283792732842	0.388166330941699	0.112042116373337
40.65	0.278403382477827	0.389054977076574	0.116702816929246
40.75	0.279558836500886	0.389547997055034	0.121436145897024
40.85	0.280750154802079	0.389994909216709	0.126242103277216
40.95	0.281977337381321	0.390446353962631	0.130451659591476
41.05	0.283240384238712	0.392171442013092	0.130724902737915
41.15	0.284539295374146	0.393597494713644	0.130994470875469
41.25	0.285874070787652	0.394347553508572	0.131440067339449
41.35	0.287244710479302	0.396184979178121	0.132073884661446
41.45	0.288651214449033	0.397676335904959	0.136390415100419
41.55	0.290093582696844	0.398991036415219	0.139903061371624
41.65	0.291571815222758	0.399129023460199	0.142471271140207
41.75	0.293085912026747	0.398943294660965	0.147395891146933
41.85	0.294635873108886	0.39826431772496	0.149187233428511
41.95	0.29622169846902	0.399194420486159	0.154061274632513
42.05	0.297843388107325	0.40012539084641	0.158946823827124
42.15	0.299500942023691	0.401078211915072	0.158949206748081
42.25	0.301194360218168	0.402192171417921	0.158617110986567
42.35	0.302923642690708	0.403272285386817	0.1583550302312
42.45	0.304688789441369	0.404318553822351	0.156939721531677
42.55	0.306489800470107	0.404965736133066	0.157767174273308
42.65	0.308326675776944	0.404912987614183	0.159982472994217
42.75	0.31019941536185	0.405224827560163	0.162121535700171
42.85	0.312108019224917	0.405939690548512	0.162060126318584
42.95	0.314052487365989	0.406587161456125	0.16570298109828
43.05	0.316032819785198	0.407237866188866	0.169363118785563
43.15	0.318049016482499	0.407498517918361	0.17002051779473
43.25	0.320101077457902	0.40810486738316	0.168851271132295
43.35	0.322189002711352	0.409396391626083	0.167692354804786
43.45	0.324312792242969	0.410674804097537	0.166816756234449
43.55	0.326472446052623	0.411889352192799	0.166068426224574
43.65	0.328667964140372	0.412684617228917	0.165460313897115
43.75	0.330899346506225	0.414208038054761	0.166646876932153
43.85	0.333166593150192	0.415174865270396	0.167317241831403
43.95	0.335469704072191	0.416013170155923	0.168015871827864
44.05	0.337808679272344	0.417388202769183	0.169213274012411
44.15	0.340183518750585	0.419267222215877	0.170889395475304
44.25	0.342594222506869	0.423133065187874	0.173383600162962
44.35	0.345040790541297	0.42461460458371	0.176867033706775
44.45	0.347523222853781	0.426870675795789	0.179166752376076
44.55	0.350041519444368	0.429244513894052	0.185531813641139
44.65	0.352595680313081	0.432366806068136	0.189818845876908
44.75	0.355185705459821	0.435103168735044	0.191690501677496
44.85	0.35781159488472	0.438285454089525	0.193712970931885
44.95	0.360473348587668	0.441806061348324	0.195793736102012
45.05	0.363170966568726	0.443162373748447	0.204360212561906
45.15	0.36590444882788	0.445558470328561	0.204075139404659
45.25	0.36867379536511	0.451081974114488	0.215280188168134
45.35	0.371479006180455	0.453625999922278	0.217542913055575
45.45	0.374320081273886	0.457886784587609	0.219928935393094
45.55	0.377197020645382	0.463824379106076	0.222598659650686
45.65	0.380109824295018	0.467316285520728	0.225944426312421
45.75	0.3829819418231	0.470750799789308	0.233025837879577
45.85	0.380815111694616	0.475084308305906	0.231877273284344
45.95	0.377886693492954	0.473337487869065	0.224119904428586
46.05	0.37818047432975	0.476784079887431	0.217937572436569
46.15	0.378435822722854	0.480887810342473	0.211725877863615
46.25	0.374132237687926	0.482937270915645	0.202976601141423
46.35	0.372459198889643	0.484792434966501	0.190626720822977
46.45	0.373730114670941	0.490018378101925	0.203325348591755
46.55	0.377401122138353	0.493415799423364	0.207513564396671
46.65	0.377477269004306	0.496186024930719	0.211597158415711
46.75	0.37797684279322	0.498537753140059	0.205754473299667
46.85	0.372840099979034	0.492053399234603	0.187532896100326
46.95	0.367537882248174	0.493924061643561	0.177178610059193
47.05	0.363283272218167	0.497319063931378	0.178021481891478
47.15	0.360076269888897	0.498914119273799	0.171115858579282
47.25	0.35791687526044	0.501138055863961	0.171894958430575
47.35	0.356805088332775	0.505776310558378	0.177282519313409
47.45	0.356740909105886	0.508202152366465	0.1639939517635
47.55	0.35772433757983	0.516694996066835	0.172672010045418
47.65	0.359359692881649	0.524128376118639	0.162745122635724
47.75	0.355709017755263	0.525671224815319	0.148432819431958
47.85	0.350439737283855	0.521049256603405	0.142124628282923
47.95	0.345614115935474	0.519526860158327	0.129801579957889
48.05	0.341232153710201	0.522824345944034	0.120692887271853
48.15	0.337293850607952	0.526488739667151	0.115499215575108
48.25	0.333799206628831	0.530667482099485	0.105942403770508
48.35	0.330748221772696	0.529805458353358	0.0971393216233153
48.45	0.328140896039706	0.530730202901344	0.0895193904271758
48.55	0.325977229429707	0.531063708863474	0.0837862541976359
48.65	0.324257221942824	0.532416838931236	0.0793843266518681
48.75	0.32298087357901	0.533126847401725	0.0742032220936924
48.85	0.322148184338287	0.537948883864398	0.0681461672768106
48.95	0.321759154220539	0.541631304446499	0.0657379769352177
49.05	0.321813783225955	0.547184255453348	0.0645218256089093
49.15	0.322312071354417	0.552343276048087	0.0606553398014702
49.25	0.323254018605858	0.555830041627348	0.0641588790868068
49.35	0.324639624980477	0.560178497322322	0.0643853839468837
49.45	0.326468890478113	0.564889461156909	0.0646005617011875
49.55	0.328741815098807	0.568640468240079	0.0679280381551014
49.65	0.331458398842587	0.569967219248798	0.0713480998525878
49.75	0.334618641709453	0.572542334839446	0.0758714258953031
49.85	0.338222543699351	0.574146724598033	0.0834541387066234
49.95	0.342270104812326	0.576218861917575	0.0897746123260157
50.05	0.346761325048338	0.581052700767347	0.0956608335811517
50.15	0.351696204407498	0.58567519177146	0.104249191557818
50.25	0.357074742889655	0.590509091961751	0.105768910601183
50.35	0.362896940494906	0.594041146823815	0.117322832314498
50.45	0.369162797223209	0.599773962017201	0.120303160648319
50.55	0.375872313074586	0.603781333246845	0.12325980534821
50.65	0.383025488049039	0.610431911097118	0.127412544468308
50.75	0.390622322146536	0.614117565331965	0.140892859826005
50.85	0.398662815367119	0.618792994678435	0.146500007885459
50.95	0.407146967710776	0.625591246355796	0.155780904696522
51.05	0.416074779177474	0.631767339513702	0.167999873857341
51.15	0.425446249767256	0.638631752559442	0.179426414411499
51.25	0.435261379480101	0.649529004213816	0.187464200384171
51.35	0.445520168316019	0.65416243720263	0.193807965536188
51.45	0.456222616274984	0.662869019694062	0.20172548327059
51.55	0.467368723357052	0.678451050875347	0.205091394902386
51.65	0.478958489562135	0.68542570992236	0.218304177374503
51.75	0.49099191489033	0.693794275385238	0.225844622200555
51.85	0.503468999341592	0.703473197615196	0.232193021214279
51.95	0.513970817425648	0.714837312687811	0.243779421298018
52.05	0.519083289878856	0.716473842138332	0.256170873359618
52.15	0.524958090378693	0.720549165555728	0.268671325457863
52.25	0.531905942630679	0.728931176847127	0.27699531594569
52.35	0.539926846634761	0.735494837421754	0.28417070546159
52.45	0.549020802390998	0.747683708623452	0.294836917152444
52.55	0.559187809899369	0.759970820603872	0.299984297346423
52.65	0.570427869159871	0.779667415952164	0.302855375230649
52.75	0.579933919199852	0.793778506283729	0.309209271295059
52.85	0.582004975118737	0.804555645908351	0.300490299485719
52.95	0.584362745860688	0.811506577800657	0.302524278358941
53.05	0.587566886439434	0.824751299818714	0.304672047031587
53.15	0.59161739685496	0.832996368777396	0.301789668588227
53.25	0.596514277107185	0.844299074446783	0.295524904736289
53.35	0.602257527196243	0.855894019911086	0.277653011019861
53.45	0.608847147121995	0.867208723308209	0.277349043812601
53.55	0.61628313688457	0.87641370609453	0.275637484283422
53.65	0.624565496483885	0.888675465232873	0.266018115954765
53.75	0.633694225919976	0.898281144474124	0.269651511882856
53.85	0.643669325192808	0.910844104695877	0.271992330844995
53.95	0.654490794302438	0.925395877084856	0.278572556565431
54.05	0.66615863324882	0.939733600998399	0.282199672429342
54.15	0.678672842031939	0.955299933189587	0.294704450384706
54.25	0.692033420651874	0.969023717214498	0.302017364260347
54.35	0.706240369108536	0.984006204586422	0.310920330771693
54.45	0.721293687401976	0.999811568929502	0.313626148105083
54.55	0.737193375532178	1.01408945282344	0.316427862465676
54.65	0.753939433499142	1.02919964017726	0.301266007168905
54.75	0.771531861302898	1.04479011114845	0.322910592024132
54.85	0.789970658943335	1.06487551823234	0.35228751171543
54.95	0.809255826420652	1.08817239197276	0.367605982801798
55.05	0.820656761318215	1.1107565590719	0.348160204463108
55.15	0.836602240238653	1.14003112971295	0.384694783319295
55.25	0.842545215101711	1.16679190074852	0.35021975314079
55.35	0.851052187993146	1.19407954803687	0.330964705855193
55.45	0.862123158913034	1.22049218221027	0.335184813541532
55.55	0.875758127861324	1.24619555013917	0.333407137221619
55.65	0.891957094838102	1.26709607604591	0.344993849453223
55.75	0.910720059843224	1.29338862897352	0.346380829767773
55.85	0.932047022876843	1.31519658309474	0.383313208688127
55.95	0.955937983938826	1.33763447275335	0.404835441995155
56.05	0.982392943029313	1.35499428139571	0.408502975688678
56.15	1.00873070916433	1.37500822164662	0.3836450755271
56.25	1.0318407778369	1.40809155112903	0.432001359764834
56.35	1.05593563679921	1.45370350266951	0.452654882832424
56.45	1.08111858473856	1.48404184742963	0.475059143817765
56.55	1.10738962165502	1.50909549591199	0.487810389909743
56.65	1.13474874754849	1.53358188510995	0.53278724266249
56.75	1.163195962419	1.55572738494868	0.539408698417531
56.85	1.19271498830979	1.57878929401055	0.552557338109057
56.95	1.22272465547506	1.60114400507941	0.582264430778101
57.05	1.25267585301317	1.62252808175843	0.639637418772176
57.15	1.28257470787844	1.67137381491089	0.69693233879918
57.25	1.31242122007073	1.69825113827286	0.737941591670108
57.35	1.34221538959013	1.74346613127047	0.787770414653383
57.45	1.37195721643664	1.77831173097811	0.823385499447938
57.55	1.40164670061016	1.8150255457898	0.861886492194751
57.65	1.43128384211086	1.85160189962817	0.914559882286338
57.75	1.4608686409386	1.88565329787204	0.94712437468154
57.85	1.49040109709348	1.93019037040504	1.00122808360891
57.95	1.51988121057538	1.97614773165758	1.04322718553032
58.05	1.5493089813844	2.01087882128502	1.10516118453764
58.15	1.57868440952052	2.04420588459708	1.15133555303824
58.25	1.60800749498372	2.07171634854882	1.19332144994363
58.35	1.63727823777396	2.09807011429755	1.2315563474054
58.45	1.66649663789139	2.12746804389083	1.26265654731176
58.55	1.69566269533584	2.14406114182809	1.31496241511208
58.65	1.72477641010739	2.18314089098271	1.34875998318848
58.75	1.753837782206	2.18987683922527	1.38583114811799
58.85	1.78284681163177	2.21004677267455	1.41533056834262
58.95	1.81180349838455	2.25966752208386	1.44102294747145
59.05	1.84070784246446	2.30991001652039	1.46743996588969
59.15	1.87074647467549	2.38758783589269	1.49439156870663
59.25	1.91856669089855	2.61054790899287	1.51340935797598
59.35	1.96427990850797	2.82728572715774	1.5270114767486
59.45	1.99943125769866	2.90047712149638	1.55096411730024
59.55	2.02956781589072	3.00811986454168	1.58104273797822
59.65	2.08157409481304	3.26779394241201	1.59878128464085
59.75	2.1241612689791	3.43837646727283	1.6111443868101
59.85	2.15123781436927	3.5007606978698	1.6334975624189
59.95	2.16280373098355	3.4880207102275	1.66871583194641
60.05	2.15885901882193	3.27199179755049	1.69497835212086
60.15	2.18478392320517	3.40520022002785	1.7190196587958
60.25	2.25270895154358	3.65982431773178	1.74210653414443
60.35	2.25830992036436	3.45201101858118	1.77624896396224
60.45	2.32706718621224	3.50018151415408	1.79976831055198
60.55	2.3994144101628	3.66258916425898	1.82358244707449
60.65	2.45636446791611	3.72158571298705	1.84372209239376
60.75	2.4979173594721	3.74819433860124	1.86920814330301
60.85	2.52407308483076	3.75212513014483	1.88346937525102
60.95	2.53483164399216	3.73789552643427	1.89971088269095
61.05	2.53019303695618	3.63116253259443	1.91087843882654
61.15	2.51019804691048	3.53410612181413	1.92381901210287
61.25	2.50302817947979	3.49727207990606	1.93674742501218
61.35	2.50902426277736	3.46837059386772	1.93226142736639
61.45	2.50602954302449	3.51338705201988	1.91847232201614
61.55	2.49404402022112	3.48107633471157	1.9022388810899
61.65	2.47306769436731	3.37700782559347	1.87980159447311
61.75	2.44310056546297	3.24212738892274	1.86391485980907
61.85	2.4041426335082	3.00793565401303	1.86877161583324
61.95	2.35964196585102	2.93566556783349	1.8257237439835
62.05	2.31677874247914	2.78089586401622	1.78692424348882
62.15	2.27403792709451	2.75831424999799	1.65207703087378
62.25	2.23476305398151	2.73624735337014	1.50336479523638
62.35	2.19941267573158	2.73525584347553	1.32168428878185
62.45	2.16798679234478	2.72973054702396	1.21206259368896
62.55	2.14048540382106	2.71888347486371	1.10774134659911
62.65	2.11690851016052	2.71912705820992	1.02228473473887
62.75	2.09725611136303	2.7135751724805	0.994364754210157
62.85	2.08152820742868	2.69833825432199	0.958817616175459
62.95	2.06972479835749	2.67352139082798	0.970048378307757
63.05	2.0618458841494	2.66975078174243	0.982662651210245
63.15	2.05789146480433	2.64787216349702	1.0526828147511
63.25	2.05786154032248	2.63220363662258	1.15014965093698
63.35	2.06175611070371	2.60054049789699	1.15820343566116
63.45	2.05374580054207	2.58005535293952	1.22254463891026
63.55	2.03055431482251	2.58197108814337	1.25556956744848
63.65	2.01747423668579	2.59461889359663	1.27797202925846
63.75	2.0147058087889	2.5938873387346	1.24192210757969
63.85	2.02020717527616	2.59046143854306	1.2505101963676
63.95	2.01294276696597	2.59659443788708	1.2498605658379
64.05	2.00841282891361	2.62454414106938	1.23389925111068
64.15	2.01280397652204	2.64576955975505	1.2741789952848
64.25	2.02611620979128	2.68025803066457	1.30349556782063
64.35	2.04519866499654	2.68293893664532	1.34836668874338
64.45	2.05332747084529	2.75655514506192	1.35686011234114
64.55	2.06151571054636	2.76678909745028	1.37352164583643
64.65	2.0704816772317	2.72196863283706	1.42396182999397
64.75	2.07531072263665	2.77126052039078	1.40167848553221
64.85	2.07988217875121	2.83321212056086	1.39418574818321
64.95	2.08457947818839	2.89189276840782	1.37978294355357
65.05	2.08940262094814	2.93396066682215	1.37893904028249
65.15	2.09435160703049	2.93853513305136	1.39225113119209
65.25	2.09942643643552	2.96001217005541	1.41188528053515
65.35	2.10462710916317	2.95044003667445	1.44589255459234
65.45	2.10995362521339	2.93547850482835	1.46588200379278
65.55	2.11540598458624	2.8944340165785	1.50304618803068
65.65	2.12098418728172	2.81911897844423	1.54325371988358
65.75	2.12668823329981	2.71865306382388	1.59967256551057
65.85	2.13251812264051	2.65100770334653	1.63895893830487
65.95	2.13937199761649	2.57506344209411	1.69747887157943
66.05	2.15695973454161	2.65880564383776	1.70026382543234
66.15	2.16485129174248	2.6647735657626	1.74433129923438
66.25	2.17373915639977	2.72838956389444	1.7547199004352
66.35	2.17636509495928	2.62100486477748	1.77899062297304
66.45	2.17558967812749	2.57607621786494	1.80030191129269
66.55	2.17404218988382	2.59856581275819	1.80996985186449
66.65	2.17076480489185	2.57683296431441	1.81093391551433
66.75	2.16575887821295	2.53264952813577	1.80429874603944
66.85	2.16001559918378	2.53517905957046	1.77351895692463
66.95	2.15606541249675	2.56036577809073	1.76248984280598
67.05	2.1542870248188	2.57996595778004	1.7424316727761
67.15	2.15468043614994	2.58671866024954	1.69659802343457
67.25	2.15724564649013	2.57979909445827	1.6940532369528
67.35	2.16198265583936	2.57412017747052	1.71242956250576
67.45	2.16889146419773	2.58818628247702	1.73524572495631
67.55	2.17797207156513	2.59647016515697	1.7364600613522
67.65	2.18922447794159	2.59006284821495	1.7270068634786
67.75	2.19001349273603	2.59998197924292	1.73036702566165
67.85	2.19553684526399	2.6368263338521	1.71882113224817
67.95	2.19232427565849	2.68805160845289	1.72778105694995
68.05	2.18634772850871	2.76931076773887	1.70284988364962
68.15	2.18415869726619	2.82059873079509	1.64384405322288
68.25	2.18575718193102	2.85731978318849	1.61818618361154
68.35	2.19114318250303	2.86981493847355	1.58324030709517
68.45	2.20031669898245	2.87754789112723	1.60570212931256
68.55	2.2132777313691	2.85351303157171	1.60148234315361
68.65	2.23002619996027	2.82309097832357	1.62036919198485
68.75	2.24551955917787	2.87066407307041	1.60087382884143
68.85	2.25544255719516	2.90631954235098	1.5882655430841
68.95	2.26003488802926	2.79322123961164	1.5920530635396
69.05	2.2397765610289	2.78372329368314	1.57349740139916
69.15	2.21803033419077	2.8855206985823	1.54729994730311
69.25	2.20142781196607	2.95338696682955	1.52756752593359
69.35	2.18996899435489	2.98361676004166	1.48824962085282
69.45	2.18365388135719	2.96230188898516	1.47995204902459
69.55	2.18248247297289	2.92254777078485	1.48185851058052
69.65	2.18645476920211	2.89748426176384	1.46871508169677
69.75	2.19557077004483	2.87933456717217	1.44075573228586
69.85	2.2079082002384	2.84266638163748	1.43060554257666
69.95	2.19608735168237	2.82848443843675	1.42790461982927
70.05	2.18256895612331	2.8169844288477	1.41374535854248
70.15	2.1782003970558	2.82944177414854	1.39934566982538
70.25	2.18298167447968	2.84918890788354	1.4138316282963
70.35	2.19691278839506	2.86237486268632	1.45385703874428
70.45	2.21999373880193	2.87053881190184	1.46389821801686
70.55	2.25222452570023	2.89007020260831	1.45190031267573
70.65	2.29360514909	2.89593083129094	1.48198774041218
70.75	2.34413560897124	2.91638449341236	1.51693872226437
70.85	2.40381590534395	2.96613500861148	1.57590593933167
70.95	2.47264603820814	3.00007143082387	1.67876689447487
71.05	2.55062600756377	3.03946030663684	1.7739063511671
71.15	2.63757792164673	3.12102123602911	1.87883405555163
71.25	2.68862648960597	3.16212368253311	1.95945249768101
71.35	2.73493368671929	3.22896002760556	1.99154506712785
71.45	2.81860011665818	3.29447636541095	2.09053670450858
71.55	2.86281941765015	3.34512372481504	2.1580854108527
71.65	2.91221034789972	3.44087897459216	2.18713517734555
71.75	3.00038236458934	3.54026952007976	2.21467653787357
71.85	3.04136308506785	3.60405289707909	2.22498615573624
71.95	3.0925827663466	3.69900948368429	2.15689279587193
72.05	3.11574899946645	3.7977338077085	2.12439276464784
72.15	3.16556550795024	3.88693337996449	2.11605254236449
72.25	3.24287469384081	3.99798773845666	2.17102809635746
72.35	3.32109452121152	4.12743906210796	2.26005064188707
72.45	3.37403144629613	4.25035803216	2.36529311549964
72.55	3.44664262987005	4.3822859270963	2.43116103546075
72.65	3.53996599758507	4.57122783035976	2.52560856529415
72.75	3.65400154944129	4.71445571988685	2.6666946973122
72.85	3.78874928543873	4.80256250815112	2.81982959859649
72.95	3.94420920557733	4.91926553484251	2.97722937745456
73.05	4.12009084819897	5.04690028733329	3.17649906681208
73.15	4.25151504487995	5.28523992351797	3.31099907419816
73.25	4.36851751803037	5.55346562420799	3.31493447868989
73.35	4.53082650089898	5.75850484916622	3.501648838157
73.45	4.71433844064696	5.8569272516409	3.72221216114229
73.55	4.87028814215048	6.05190533549588	3.86419742085312
73.65	5.00710636602494	6.24140277105537	4.03600930016237
73.75	5.14266135127621	6.24993689602216	4.21662622762369
73.85	5.27641264553529	6.15501984025849	4.38901857556654
73.95	5.38126409684316	6.22992674421058	4.4882404439008
74.05	5.48528351161457	6.43687221553679	4.51682122907006
74.15	5.61028522607765	6.60624395853299	4.47610686053691
74.25	5.75626924023249	6.76824056136114	4.4204003097916
74.35	5.92323555407916	6.90699754721184	4.47204630320122
74.45	6.11118416761757	7.05685246380982	4.59266508596212
74.55	6.32011508084771	7.22203013589476	4.85281581844387
74.65	6.52746582543411	7.37584524704264	5.02095543978048
74.75	6.71286406755346	7.62638596594115	5.15221024690071
74.85	6.94972120970236	7.89135537257836	5.45698226706917
74.95	7.22477412654984	8.20075109319699	5.88371023936751
75.05	7.4785400662353	8.75735293593922	6.09927156255255
75.15	7.70996068947168	9.24246507849305	6.21682135436265
75.25	7.91469430560937	9.4186491101268	6.6393457861267
75.35	8.09277314214787	9.57007808971131	7.12721398450703
75.45	8.38392264855431	9.81067880580845	7.3330201733108
75.55	8.8541818757842	10.605802137162	7.4605217359718
75.65	9.24825105304976	11.3965239827838	7.53093202408109
75.75	9.50333994433577	11.810341973483	7.6223514326832
75.85	9.61944854964194	11.9721801162336	7.73341354569463
75.95	9.62686050971392	12.018562974591	7.88245623665079
76.05	9.7556408418739	12.0718128979798	7.97111474638612
76.15	9.75057420650874	12.1604570848649	8.04359171138015
76.25	9.81328445088132	12.1869439544183	8.0343259368212
76.35	9.75706878456445	11.9792263431511	7.96909675332004
76.45	9.68364258444144	11.7718500047743	7.85725685731089
76.55	9.5895406738881	11.4998703875972	7.7014693941798
76.65	9.36935851186738	11.2500796977979	7.45609630857653
76.75	9.10309967242802	10.8095988371514	7.16470016609867
76.85	8.64365145773904	10.1354791027037	6.72449617191466
76.95	8.11774165453559	10.1193553130733	5.80425578136385
77.05	7.78618190997088	10.1624577108543	4.61299975170006
77.15	7.65262495634649	10.2880269414618	3.84716344073207
77.25	7.71707079366214	10.4357987318116	3.8060638251122
77.35	7.97951942191789	10.5612469296472	4.19749211084652
77.45	8.43997084111381	10.7240394573069	5.02052873320881
77.55	9.06683619352064	10.8880148897271	6.05338619741001
77.65	9.6997422743592	11.4712636888948	6.9205702251526
77.75	10.3070314700042	12.5726491168309	7.85995492162912
77.85	10.9053603346723	13.2853582198923	8.80767409213808
77.95	11.6174987376894	14.1646728359485	9.51982304634174
78.05	12.2262136402211	15.8652416909803	10.0368645288524
78.15	12.6780459642643	16.7402633936761	10.4482177100996
78.25	12.9845619329584	17.2842931964418	10.854455750604
78.35	13.1327381036556	17.0406825351408	11.093796558372
78.45	13.1984703936707	17.24741560658	11.2451479102128
78.55	13.2731201332145	17.1387539354043	11.4167081546452
78.65	13.1161724065304	15.7974548781038	11.539343879508
78.75	13.0541909698552	14.8889320890697	11.4782522970239
78.85	13.0408688920864	14.3299826449573	11.661134651495
78.95	13.0611581318746	14.4540830463289	11.6152253676856
79.05	13.100701420776	14.8031776901784	11.199163640422
79.15	13.1320189728305	15.1352568356822	10.7634996144943
79.25	13.1554654830979	15.4189053591485	10.3752281624594
79.35	13.1710409515784	15.7495556409981	10.0426068893763
79.45	13.0037897786734	15.550002339243	9.50642161050703
79.55	12.9419051276709	15.5573901304516	9.76331266439816
79.65	12.895597057697	15.7947101766464	9.36899566587093
79.72904	12.8712899774599	15.9728997798064	8.91929569922971
