phys	rec.rate	upper	lower
0.05	NA	NA	NA
0.15	4.32397884897783	4.86648264067306	3.72938562940238
0.25	4.30512116708429	4.82925645108729	3.73104635208949
0.35	4.28344960635428	4.78876679661624	3.72953145279195
0.45	4.25896416678778	4.74501367725993	3.72484093150977
0.55	4.2316648483848	4.69799709301834	3.71697478824295
0.65	4.20155165114533	4.65084334830996	3.70593302299148
0.75	4.16862457506939	4.60148204458061	3.69377722892576
0.85	4.13288362015696	4.54811505799042	3.68026914274162
0.95	4.09432878640805	4.49281087222638	3.66066106765239
1.05	4.05296007382266	4.43532374637801	3.63962004852829
1.15	4.00878191838836	4.37621313429958	3.61792802007869
1.25	3.96208581201907	4.31652041298843	3.58859233829893
1.35	3.91347560124475	4.25181818038903	3.55407104052004
1.45	3.86572045288258	4.18774549154632	3.52089071391807
1.55	3.82084463599205	4.13040321051914	3.49085941274075
1.65	3.77914355827922	4.07884991639362	3.46487752615271
1.75	3.74107720405177	4.02779643596507	3.43806978032803
1.85	3.70706508259004	3.98274292094967	3.41647539755249
1.95	3.67730649327951	3.93826399198429	3.3973505646841
2.05	3.65181353073852	3.89786189561282	3.37914536646706
2.15	3.63058814109659	3.86748747512864	3.36957056979168
2.25	3.61363032435372	3.83920289741284	3.36551123744461
2.35	3.60088142101302	3.81205680288608	3.36256828472413
2.45	3.59039688469103	3.78243102645239	3.36465649915659
2.55	3.57686329916759	3.73883379717266	3.37054867791915
2.65	3.55161896766723	3.67572372674696	3.38105072547918
2.75	3.50972707347417	3.61641963426969	3.37997996399869
2.85	3.46448876965949	3.56287372149894	3.35818828492612
2.95	3.42020739507139	3.52173211174344	3.32276015648767
3.05	3.38312676219097	3.48643381652113	3.28650780830255
3.15	3.35607212192829	3.46217968969907	3.25704001144765
3.25	3.33920726636166	3.4535267732211	3.23481532359196
3.35	3.33209427212824	3.45127861229572	3.21934369107661
3.45	3.33437638217237	3.45097747489529	3.21116435160005
3.55	3.34291994543527	3.45863544890965	3.21034541817866
3.65	3.33985521792926	3.45676256450222	3.19077131752904
3.75	3.30110937828857	3.46857489746636	3.06523885240409
3.85	3.20593534052661	3.44227647162013	2.90250282915723
3.95	3.08214177459141	3.4497909170869	2.73832376698072
4.05	2.95523223505325	3.46381094264644	2.56376631252625
4.15	2.82371566595016	3.37641998376935	2.42305729144288
4.25	2.70856234864448	3.19581300147254	2.30051603094015
4.35	2.62264018754326	3.14192226072379	2.20946649174119
4.45	2.56492260994556	3.20363105157484	2.13273717980996
4.55	2.52487533184771	3.19885509297801	2.08467847668238
4.65	2.50287405376332	3.19960645642352	2.05819893272039
4.75	2.50334075633715	3.19655789262385	2.04485751543078
4.85	2.52852786279568	3.17021894393168	2.05865955353171
4.95	2.57955906163868	3.24946181052085	2.09456620820318
5.05	2.65166319661803	3.27815308978067	2.1601032696115
5.15	2.74680600864668	3.3112821729176	2.25942412095267
5.25	2.86219085735848	3.41202947319573	2.33166698924326
5.35	2.99034932174877	3.56359292000962	2.35831982462479
5.45	3.12173119673181	3.67643204259204	2.36989184175562
5.55	3.26529364254255	3.79728587935245	2.39942450911241
5.65	3.41378381849566	3.92899381800977	2.45268402799228
5.75	3.56046878107263	4.07613279517017	2.52789684116164
5.85	3.70112601771525	4.19860149553858	2.62504743947389
5.95	3.8381488258379	4.35549866522861	2.77937812584033
6.05	3.97059009032033	4.54208510315011	2.91501225742418
6.15	4.09830950525208	4.70859277908752	3.0671839949076
6.25	4.22036464948543	4.86716968497084	3.23990302321219
6.35	4.33605451348566	5.01235889255151	3.38497451406059
6.45	4.44414737209697	5.16873947397191	3.52451399546082
6.55	4.54446763761842	5.28864478092337	3.65638059767965
6.65	4.63687143324113	5.39525956722442	3.79890164823455
6.75	4.72180473318749	5.52171041875869	3.93749546721254
6.85	4.79909701511352	5.62550446578994	4.07900804491885
6.95	4.86789856180438	5.71915250792965	4.21537211200123
7.05	4.92840142039605	5.7849428016072	4.32994840383643
7.15	4.99243010209306	5.8915151272907	4.41039781156841
7.25	5.05944156235638	5.97993025815967	4.46137153791774
7.35	5.12206997483213	6.04145062167916	4.51019716408232
7.45	5.17709763117123	6.179337867852	4.53190322139618
7.55	5.22257975920368	6.29000101892362	4.52365638642473
7.65	5.24779300348684	6.3892687455491	4.45726263151693
7.75	5.27677009135583	6.45855638927445	4.45347060613597
7.85	5.31800492350432	6.52170142401498	4.41790932547594
7.95	5.36233265585117	6.54708342238841	4.3673536217671
8.05	5.43362658878835	6.53947336422708	4.35986317017675
8.15	5.52350800885944	6.49796111211087	4.39294509903656
8.25	5.60045900983219	6.45345440692163	4.46668412700603
8.35	5.651638282871	6.39777998494773	4.52131178677147
8.45	5.67910685084996	6.322567044319	4.53996037105054
8.55	5.67697201819234	6.23085322315207	4.62343147789894
8.65	5.64643570058696	6.14472703127709	4.63726248142856
8.75	5.5882805909258	6.05095845438405	4.56351073688725
8.85	5.50415899013768	5.94788448831724	4.50861295401142
8.95	5.39243223528828	5.82559010753665	4.29838477569693
9.05	5.25584893623404	5.6978453909494	4.0673569069099
9.15	5.1026807321895	5.55189033763921	3.96521043865467
9.25	4.92920127565555	5.39421375959184	3.90204133033516
9.35	4.73684412704657	5.23395344181379	3.77749021422139
9.45	4.53265645659853	5.05454961915132	3.65403174648455
9.55	4.31672044993788	4.88488020028909	3.55925416538266
9.65	4.08511753527933	4.70881228316438	3.46016332511131
9.75	3.84389836316111	4.52710548690009	3.36433631170176
9.85	3.631338121863	4.34780032676546	3.18897132382987
9.95	3.45064224103924	4.16052314170278	3.09006288263737
10.05	3.28691890431424	3.97159874254761	2.97303820186187
10.15	3.1475801208484	3.76804333545861	2.85009412122493
10.25	3.01482425060039	3.6373737210602	2.72957018523091
10.35	2.88859346623835	3.51528965588172	2.59170261909498
10.45	2.76538717002983	3.38811481838984	2.46047545147594
10.55	2.64691912097302	3.24538116843327	2.31705292237464
10.65	2.53290716305084	3.11981652058152	2.1763823399386
10.75	2.42058746596225	2.9634873899426	2.04636170074604
10.85	2.30992173611143	2.81781441854959	1.91535951583118
10.95	2.20093787826099	2.66580677476016	1.76673931169177
11.05	2.09347310946979	2.5205284404044	1.63760821305031
11.15	1.98785222092473	2.37208881106943	1.50613754814714
11.25	1.88452467970037	2.2408612150855	1.37178667898842
11.35	1.7823231812965	2.1136220865135	1.26103762909658
11.45	1.67592887074031	2.00442853054328	1.13317653192187
11.55	1.56593574422574	1.89339922679775	1.00957486539597
11.65	1.45839944891401	1.78656839433505	0.886363799297138
11.75	1.34807946355007	1.67767112916303	0.759216454383423
11.85	1.2208094053856	1.58603537236285	0.624095259285177
11.95	1.08928967977408	1.49834789171942	0.490246406070879
12.05	0.958918648204659	1.43422726590232	0.362802169781603
12.15	0.836783998008934	1.37248650424098	0.222444785033738
12.25	0.701323393396051	1.27506863677293	0.100480961702497
12.35	0.564244052925624	1.2134425956966	0
12.45	0.431881535560892	1.15317351658344	0
12.55	0.305985876952717	1.12568147962515	0
12.65	0.184926032657964	1.04774154530318	0
12.75	0.0711653816964052	1.0236770847118	0
12.85	0	0.966463243513505	0
12.95	0	0.867283050291001	0
13.05	0	0.711757480004707	0
13.15	0	0.514755450582809	0
13.25	0	0.375326007952009	0
13.35	0	0.26623476807165	0
13.45	0	0.232677073880073	0
13.55	0	0.251983844830238	0
13.65	0	0.280542690782226	0
13.75	0	0.399601287936661	0
13.85	0	0.397372329379525	0
13.95	0	0.331334142593222	0
14.05	0	0.237887376589969	0
14.15	0	0.304241726675852	0
14.25	0	0.336333205718671	0
14.35	0	0.340462413639444	0
14.45	0	0.344837493516807	0
14.55	0	0.297722989591436	0
14.65	0	0.290781129962009	0
14.75	0	0.269823768123396	0
14.85	0	0.274430689869567	0
14.95	0	0.296171888412228	0
15.05	0	0.248367771019243	0
15.15	0	0.203239996557175	0
15.25	0	0.193152612548828	0
15.35	0	0.220342572603946	0
15.45	0	0.211011653901297	0
15.55	0	0.195008644353606	0
15.65	0	0.181896276402091	0
15.75	0	0.181049198637082	0
15.85	0	0.181158594161346	0
15.95	0	0.173720398189743	0
16.05	0	0.173058220300459	0
16.15	0	0.172785607706207	0
16.25	0	0.178980629416199	0
16.35	0	0.181739695912017	0
16.45	0	0.1760905074491	0
16.55	0	0.178587340027654	0
16.65	0	0.178464452296135	0
16.75	0.0103176344398415	0.18218533832152	0
16.85	0.024875315495664	0.187855256826169	0
16.95	0.0382005828788168	0.18846066235593	0
17.05	0.0510130221526678	0.191506057169117	0
17.15	0.0633706024377606	0.194007445584826	0
17.25	0.0746769924665907	0.196807469948667	0
17.35	0.0870685841854838	0.199765467972845	0
17.45	0.0995792768745628	0.203878795853568	0
17.55	0.113342952443115	0.207993771839697	0
17.65	0.126898421412389	0.21260430792337	0
17.75	0.140482592234877	0.217273633863482	0
17.85	0.151584505069285	0.221901419829332	0
17.95	0.160203501807951	0.226856611805743	0
18.05	0.168628444526599	0.231517364947719	0
18.15	0.177361438892826	0.236509106094969	0.0166033195218226
18.25	0.186268640850484	0.242586593762759	0.0376736449912242
18.35	0.194891441469602	0.248252749019411	0.0545266207926726
18.45	0.203299307990776	0.254230742778514	0.0745679321678592
18.55	0.210540011115585	0.259556637105758	0.0933459571732347
18.65	0.217519036461276	0.264916173653602	0.114360652283413
18.75	0.224277796427713	0.269795691791895	0.131551386421872
18.85	0.230735011320716	0.274192604906741	0.144023093612288
18.95	0.237193215563652	0.278782485886039	0.158459854366468
19.05	0.243586865648059	0.28316451351783	0.171229701314157
19.15	0.249624720807017	0.288010745946646	0.181963068142156
19.25	0.255383909550226	0.292216444249125	0.191414184450184
19.35	0.261018170934543	0.296543576771467	0.200369829643452
19.45	0.26652005094074	0.300033918937623	0.209323376188144
19.55	0.271758353988082	0.303979538409663	0.21765800422317
19.65	0.276706744291917	0.308016742253293	0.227091568668074
19.75	0.281475953000193	0.31160155438868	0.236977879980768
19.85	0.286069707081444	0.314431996578061	0.246358602741053
19.95	0.290469063709492	0.31773876146627	0.253235760165246
20.05	0.29477846121176	0.320485268572177	0.258340670813503
20.15	0.298945251265243	0.323258760078762	0.263568120547289
20.25	0.302939325840746	0.325585549350624	0.268859775338413
20.35	0.306749805186993	0.328266438785554	0.272848012793236
20.45	0.310262401533069	0.330707944244217	0.278802723436659
20.55	0.313619112547391	0.333164604625522	0.283525837306477
20.65	0.316875690742425	0.335968308048344	0.287461432246359
20.75	0.319990683287321	0.33885067836278	0.292111405462857
20.85	0.322835224053331	0.341289051348014	0.294455859178023
20.95	0.325301873752662	0.34350952577174	0.296267775519277
21.05	0.327482504677987	0.345955104139258	0.299193956009403
21.15	0.3293486243296	0.348406926312141	0.301013271188583
21.25	0.330888409287694	0.350585122962457	0.301831900031203
21.35	0.332858327560332	0.352694084119314	0.304636685399005
21.45	0.335668639427936	0.354761011525174	0.307184014671076
21.55	0.33858507493266	0.356738946342157	0.310212596513538
21.65	0.341428858265573	0.358551329012002	0.314199675876851
21.75	0.343976295585226	0.360215770144452	0.317432769036839
21.85	0.346126325112934	0.362228786748014	0.315825447127918
21.95	0.348123323687143	0.364434235044865	0.316205259515051
22.05	0.3501046062234	0.366717926872072	0.319253663096627
22.15	0.351804694293923	0.368384282610427	0.323099867330872
22.25	0.353119182936863	0.370006729537391	0.322730915347405
22.35	0.354164414755336	0.37200568911185	0.324341684718868
22.45	0.354886483961378	0.374232927576849	0.32568389038623
22.55	0.355263549203021	0.376107357036465	0.324884830670744
22.65	0.355548688271368	0.377696638140488	0.325251705620123
22.75	0.355809873838734	0.379217343617088	0.325552480993606
22.85	0.355854788072909	0.380537538187074	0.326241234667862
22.95	0.35559684116658	0.381824526854639	0.327299836270294
23.05	0.355331446647208	0.382615991300312	0.326732393152251
23.15	0.355053595864865	0.38301075125705	0.326578934437012
23.25	0.354718839946357	0.383148751832647	0.325033745197592
23.35	0.35422599481808	0.383260122532427	0.323779706027122
23.45	0.353524172334602	0.383415189255287	0.322363663223576
23.55	0.352641972340127	0.383516691914316	0.321530629213913
23.65	0.351673184521154	0.383153924956655	0.320164059427708
23.75	0.350562593115858	0.382586267636879	0.317282972844404
23.85	0.349329332789782	0.382111882722324	0.314445625970852
23.95	0.347977111727307	0.381990796898282	0.307893566003992
24.05	0.346539924762226	0.381650345044552	0.302468672965081
24.15	0.344981546918058	0.381067078164307	0.297767165258413
24.25	0.343283393984963	0.380549535334937	0.293976524075293
24.35	0.341502800710787	0.379639759820169	0.287459829961146
24.45	0.33968415520596	0.379100084571495	0.277555425186521
24.55	0.33760752106803	0.378029492691988	0.26941463769629
24.65	0.335376486930113	0.376957314999295	0.261352118381561
24.75	0.332967738998744	0.375934080630747	0.253003454803173
24.85	0.330412270390909	0.374970488097185	0.247280560694831
24.95	0.328048180693802	0.373985118818728	0.235286178437938
25.05	0.325851698449721	0.373732780301907	0.21927223093763
25.15	0.32359752200732	0.373074615141727	0.209485099196373
25.25	0.321323284828556	0.372405363569709	0.196704258088426
25.35	0.319211204567863	0.37177036106954	0.182940215004437
25.45	0.317235696936937	0.370907170977042	0.171716735092536
25.55	0.315203712862645	0.3703897841557	0.161447580183281
25.65	0.312873584199031	0.369607881760935	0.149489730399835
25.75	0.310514637042595	0.369067901767432	0.139484714530029
25.85	0.308350294089928	0.36841232886046	0.13178104536928
25.95	0.306031385570279	0.367969139508079	0.127790654333366
26.05	0.303822264111442	0.367594838613322	0.119982831113259
26.15	0.301497203366875	0.367246628570449	0.112034948556636
26.25	0.29869022112441	0.366803251345559	0.0963680760893857
26.35	0.29558544131785	0.366872773154977	0.0828964891097452
26.45	0.291952876699268	0.367492110498737	0.0753413560502326
26.55	0.288498914142012	0.368508066024841	0.0622829335717361
26.65	0.284908746995999	0.369327205583044	0.0458530109846518
26.75	0.279398990166664	0.369481713866892	0.0259439256826509
26.85	0.268327667053545	0.368361009074773	0.00193776345120786
26.95	0.254952946667146	0.370189923385326	0
27.05	0.242702006537306	0.372881802118252	0
27.15	0.231238741531905	0.375228911703212	0
27.25	0.218742666173762	0.377584493203915	0
27.35	0.202245402865267	0.374408677650495	0
27.45	0.182052289086074	0.373316858780849	0
27.55	0.163088817228343	0.37852440086982	0
27.65	0.146268236657154	0.38166976741001	0
27.75	0.129934278914633	0.385515608318438	0
27.85	0.110653816246496	0.3870018707502	0
27.95	0.0884759280906544	0.393413550691947	0
28.05	0.0651399460603852	0.399338845554094	0
28.15	0.0405622297294244	0.402787769184838	0
28.25	0.014473760982553	0.405261659984436	0
28.35	0	0.415037101707794	0
28.45	0	0.417947643762424	0
28.55	0	0.407063851245176	0
28.65	0	0.431647978200883	0
28.75	0	0.456389943265539	0
28.85	0	0.465887464721512	0
28.95	0	0.445553453088336	0
29.05	0	0.455063501488879	0
29.15	0	0.465116863396278	0
29.25	0	0.484866210609643	0
29.35	0	0.472337534897474	0
29.45	0	0.470705079417187	0
29.55	0	0.46908170659294	0
29.65	0	0.459744355570033	0
29.75	0	0.454673389932373	0
29.85	0	0.50548775053698	0
29.95	0	0.518917964022247	0
30.05	0	0.544526397827247	0
30.15	0.0250541943346006	0.554994847392474	0
30.25	0.0681960361359917	0.593157607427296	0
30.35	0.116520910403391	0.64405637572651	0
30.45	0.168596683386727	0.673737408788552	0
30.55	0.224679881364631	0.695330668955804	0
30.65	0.284965361878621	0.739180881438834	0
30.75	0.347861219988079	0.770336157671423	0
30.85	0.41503222257899	0.825313616337753	0
30.95	0.485159882345077	0.897192942127324	0
31.05	0.550010144950771	0.941304754255181	0.0274656667323448
31.15	0.614067390859568	0.98763781988157	0.07990820376986
31.25	0.673240949762479	1.03816303599393	0.129986517990152
31.35	0.730200443183927	1.08108849006885	0.187921921865519
31.45	0.79169130239324	1.12985340038321	0.251195589994351
31.55	0.856626944133101	1.17630376756683	0.327691338091765
31.65	0.923462995904147	1.23143671939541	0.397174382159027
31.75	0.989292706073946	1.29078922583553	0.47122109064827
31.85	1.05346077822454	1.35271443041718	0.566064547762163
31.95	1.11141549414521	1.41674470514738	0.647586107677895
32.05	1.16902848230089	1.48713904496375	0.711388306530628
32.15	1.22885185119779	1.56167068040778	0.793056039250044
32.25	1.29048131125677	1.63959231851629	0.87035165865627
32.35	1.35413793107675	1.7052967771577	0.947726944535099
32.45	1.41940562086381	1.77730967682679	1.02725489410733
32.55	1.48621199720921	1.8451516486682	1.10766318555665
32.65	1.55442694671338	1.91265203794329	1.19216578407682
32.75	1.62350414219796	1.98927438919514	1.27990286502344
32.85	1.69345479334282	2.07526757749722	1.37445701025501
32.95	1.76465216073877	2.1686747028139	1.47343124017461
33.05	1.83688720480863	2.26559600651835	1.56819688831889
33.15	1.90964792831525	2.36455329347675	1.65430045684884
33.25	1.98265687004583	2.46492390802368	1.7458609149604
33.35	2.05781168657234	2.54855167610259	1.82963001409373
33.45	2.1423832218053	2.62809452510579	1.90708132655615
33.55	2.2333633453135	2.70707185828732	1.99838971620602
33.65	2.32690232614157	2.82264857048069	2.07766586268265
33.75	2.42544746542949	2.95565915418404	2.15217389084225
33.85	2.5244093822945	3.10632087889404	2.22827192261163
33.95	2.62511054144746	3.2348413040219	2.2977078949286
34.05	2.73756995803458	3.34837565049293	2.37169267330284
34.15	2.87722104203495	3.46280265141039	2.44448011175729
34.25	3.03803897406308	3.56930289140819	2.54044617913056
34.35	3.20203567946728	3.66808569251891	2.61766009313102
34.45	3.3535780682582	3.76802837707835	2.71379505401573
34.55	3.48855190716574	3.87664639394463	2.76277605511562
34.65	3.60878256283399	4.01183112152134	2.83464406543999
34.75	3.71008719343144	4.15090173328905	2.88247847840012
34.85	3.7997913804207	4.26217580207935	2.98826885989636
34.95	3.87319363953733	4.3708870970525	3.02515451217914
35.05	3.9306670089771	4.45512120654233	3.10518119505949
35.15	3.96597206034404	4.54123424346199	3.15332968943821
35.25	3.97889105749897	4.59891151298335	3.11425542044949
35.35	3.98096629254005	4.66963751313638	3.12244594096389
35.45	3.9788242864775	4.72339712210388	3.23389504930188
35.55	3.959556174059	4.78073013030621	3.19290888199244
35.65	3.94937752819162	4.79382514091354	3.20189239468767
35.75	3.96126035681479	4.79329952686278	3.22697656672932
35.85	3.98661141628935	4.78521884831778	3.32223619749236
35.95	3.99762538555784	4.76233272482547	3.31846966603396
36.05	3.99511101831534	4.77616904534691	3.26385529875685
36.15	4.01492474346678	4.73815294798621	3.27063248033247
36.25	4.03100281877628	4.72650075803813	3.31622273886189
36.35	4.01751843174454	4.66305749349038	3.35752947385259
36.45	3.97546993224552	4.56510707313174	3.31149062517995
36.55	3.91126082665278	4.45946305584237	3.28454437584658
36.65	3.82089570705136	4.31348634361279	3.24586457230188
36.75	3.70286178035397	4.16062988947391	3.15426502406409
36.85	3.56384791214533	3.99942270130333	3.05226785522926
36.95	3.41595140430774	3.8808651474328	2.94455941043762
37.05	3.26699449779489	3.75948542175605	2.82204399807288
37.15	3.12330005974461	3.63361275856616	2.68658212556362
37.25	2.97789523387926	3.50335278396779	2.52983238691018
37.35	2.83336135375555	3.34978121977756	2.36377949854845
37.45	2.68954202285091	3.20932398276371	2.20179381825419
37.55	2.5449058537992	3.0634439390316	2.04809116943063
37.65	2.39204037423157	2.92483698520879	1.90441535489398
37.75	2.23068846559242	2.81554512835342	1.74903066865344
37.85	2.08020908983318	2.70885685046701	1.57677362141968
37.95	1.95205051913872	2.6105792802262	1.36654599897683
38.05	1.8407901154924	2.46537813379627	1.17657871066602
38.15	1.7371830050365	2.35355583256081	1.03555605481678
38.25	1.6656418043453	2.32322095169458	0.910505508830906
38.35	1.63006817051021	2.33372766144606	0.845317720676528
38.45	1.61978932101921	2.31581926054155	0.726293574941091
38.55	1.59485414325302	2.26108603681153	0.621145583814458
38.65	1.53857252902541	2.24536149190365	0.556155693183615
38.75	1.45484248766199	2.17145061244393	0.554723710063136
38.85	1.34762158688693	2.0682992671927	0.557991131587246
38.95	1.26966540444634	2.07461202874467	0.544289691760091
39.05	1.21831922418158	2.03043236207454	0.549749788632013
39.15	1.19753105691229	2.062996970846	0.589455158711998
39.25	1.19690196857945	2.03805365031679	0.650320485720355
39.35	1.22102647980838	2.09102625757079	0.737094935759771
39.45	1.2612911166429	2.12638317403726	0.825603430362872
39.55	1.31842359173819	2.14717035564161	0.9141260722746
39.65	1.41153601813498	2.14703309931164	1.03404051794022
39.75	1.54265099940746	2.2296507509792	1.18037942005009
39.85	1.68839636634843	2.31971768256138	1.32395821047235
39.95	1.8528463833358	2.38306162621078	1.45771288552016
40.05	2.04689657162024	2.44194514071345	1.60847836157853
40.15	2.24162567521364	2.52550453958879	1.77442425396648
40.25	2.3890637205929	2.6302599424444	1.9505279658696
40.35	2.52409984204179	2.75677930787994	2.11231422011503
40.45	2.65697099051479	2.88092407181217	2.2425347545121
40.55	2.77566913178603	2.99702293756853	2.36637026661063
40.65	2.88061363526174	3.10304323896294	2.46882951392718
40.75	2.97661799352296	3.1980255665974	2.57681851931745
40.85	3.06585099864801	3.29627480942916	2.71193968321107
40.95	3.14854392334751	3.38561156376282	2.81500814663988
41.05	3.22427818834363	3.46781527265675	2.90661181816936
41.15	3.29322467474509	3.54233034854707	2.99958717226932
41.25	3.35606340653454	3.62473368252929	3.06943845790401
41.35	3.4125833570825	3.69437244818799	3.14014075238613
41.45	3.464418698283	3.75461845801998	3.2117643715411
41.55	3.51122235167896	3.80823193961315	3.26425444607552
41.65	3.56057930150441	3.85458287383918	3.32912219024274
41.75	3.61243193080042	3.89968861433382	3.37981611709795
41.85	3.66750144766197	3.94277492148685	3.43422058908648
41.95	3.72759411489521	3.97939738015452	3.50047084135916
42.05	3.7824943402647	4.02023551008661	3.56493232706462
42.15	3.83017524128705	4.06343066922132	3.59925236441216
42.25	3.87346775017199	4.09799935046943	3.6341193033384
42.35	3.91311103889913	4.12691092707422	3.67993534255696
42.45	3.95121750413779	4.14480330110305	3.72810375792585
42.55	3.98405781902263	4.16425830483365	3.76830715537781
42.65	4.01341832299403	4.17728798002722	3.80191339118863
42.75	4.03777081228035	4.18586498421961	3.83964606826748
42.85	4.05642649512075	4.19313749504848	3.86881093909642
42.95	4.07221840309913	4.20650546267019	3.89543123960922
43.05	4.08479450373381	4.22389112275099	3.92068455388151
43.15	4.09590323322214	4.24134320795227	3.94748155185466
43.25	4.11016867875618	4.25182239595714	3.95956985922673
43.35	4.12806419703106	4.26677162843596	3.98537733741029
43.45	4.14892768380289	4.27689411039676	4.00767902452492
43.55	4.17027931003605	4.28752428161104	4.02723696198555
43.65	4.19262463342152	4.30103611958618	4.05236261516449
43.75	4.22006897022584	4.31971768463398	4.07529355260923
43.85	4.25030996353165	4.35317034199983	4.10173779328892
43.95	4.27985305572057	4.39541775599305	4.13158494413591
44.05	4.312217809676	4.44132887002342	4.16252945561261
44.15	4.34968278567631	4.48002898594171	4.19230850935413
44.25	4.38744419967868	4.5230338740834	4.22544482798003
44.35	4.42450671994255	4.56705858792609	4.26152309277145
44.45	4.45902951991618	4.61523529852127	4.29817040231002
44.55	4.49257969761688	4.66295324132817	4.33596251393064
44.65	4.52265667374832	4.71049146664126	4.36723498035525
44.75	4.55552915790713	4.75269929069547	4.39695618596692
44.85	4.58890877133839	4.79711853735113	4.418276326817
44.95	4.62033892331392	4.85040606092168	4.44316151965933
45.05	4.64981036018293	4.90082277154501	4.45004879437373
45.15	4.68155523427016	4.95346710481868	4.47445889380049
45.25	4.72806911773102	5.00604673583923	4.49527233716955
45.35	4.77653994499727	5.04839519098237	4.49384705409437
45.45	4.8320941341283	5.08252561942645	4.53393633258465
45.55	4.8866814766164	5.11909216389653	4.53344908912093
45.65	4.93458350018986	5.14464272930506	4.54795879745804
45.75	4.97654561842986	5.18719669549071	4.57588860841692
45.85	5.00556703750474	5.21670229492183	4.58786256171299
45.95	5.02000102307107	5.24379450299807	4.58433272157972
46.05	5.02045913503946	5.26380953128746	4.56201705855494
46.15	5.01497992398193	5.2765236393993	4.53252663172248
46.25	4.99916744960044	5.27606832296621	4.53542627542005
46.35	4.9728436973185	5.25629206072404	4.56293149125797
46.45	4.92973671119739	5.23379860318228	4.54997598578392
46.55	4.86951082165053	5.19034011136787	4.4843262047919
46.65	4.81611116626161	5.1363479132045	4.47509196909174
46.75	4.76070515466022	5.09210153542358	4.45394953746373
46.85	4.70577229472728	5.03642461113149	4.41920528404123
46.95	4.64648253405865	4.97705858397472	4.37924928391788
47.05	4.58656411231977	4.90615190094702	4.33265621819856
47.15	4.52169816712914	4.82829596675324	4.26906798674543
47.25	4.44912226268239	4.7373732414082	4.18948629955552
47.35	4.36818024820423	4.63432923607501	4.09201556597574
47.45	4.2793440452574	4.52812574707802	3.99389986836883
47.55	4.18333347971684	4.41516230984598	3.88948584195527
47.65	4.08175184154456	4.29589090885666	3.77553517981154
47.75	3.97508314735954	4.18823232225165	3.67601984864819
47.85	3.86391191549262	4.0929465813148	3.58055497344181
47.95	3.75276714953157	4.00565586861784	3.47730594707703
48.05	3.64376797126203	3.91871032099334	3.36832695964025
48.15	3.52321643845213	3.81998867894184	3.26743715445149
48.25	3.41354780134395	3.75296144015564	3.17420283550607
48.35	3.32706709327508	3.71852601647545	3.09533984275545
48.45	3.25793187411601	3.67717881847917	3.03674640369616
48.55	3.20440554439755	3.59332096983181	2.97799704150165
48.65	3.17888314350523	3.59350321071101	2.93910982835177
48.75	3.17863972145271	3.58648447586177	2.92028044731871
48.85	3.19154380169062	3.54979482446687	2.91457215466764
48.95	3.21229568118975	3.53252753495588	2.91176158413527
49.05	3.23534989676622	3.51897380512736	2.92328509567999
49.15	3.25476439497126	3.50058498491784	2.9409718631512
49.25	3.26623029687366	3.50180080955004	2.96694484562933
49.35	3.25762888060281	3.48301607688395	2.99276607690691
49.45	3.24867004270623	3.48100035477504	3.01489976854085
49.55	3.24433760346927	3.48408185979091	3.04046861739933
49.65	3.2431486794335	3.48907172930712	3.07044459131362
49.75	3.25469908263382	3.48325360746167	3.10237719356552
49.85	3.2784488442541	3.53381928419164	3.14648257897147
49.95	3.31422965377211	3.53765329901339	3.19213995509273
50.05	3.36197894875949	3.57771921906961	3.24538235485305
50.15	3.41712874550958	3.61246945305597	3.28994575966943
50.25	3.47921506587176	3.64029354498079	3.34309885641282
50.35	3.54318220139905	3.68025294418515	3.39704001556286
50.45	3.59648667197976	3.718850611275	3.45989474714461
50.55	3.63354839520616	3.74441979024019	3.49876280427703
50.65	3.67056489832363	3.77883171496891	3.51920891713168
50.75	3.71058686598173	3.82680655583833	3.55240462523596
50.85	3.74875379907459	3.88126505700638	3.58523894642892
50.95	3.78480615520129	3.92346531709499	3.6285249745829
51.05	3.83281786020751	3.98211756106144	3.678826296045
51.15	3.89415670741747	4.01698224976917	3.73644092549178
51.25	3.97219445438446	4.11445097290043	3.79163603922118
51.35	4.04356304354996	4.16285952193667	3.85951056496826
51.45	4.10099055078365	4.24910593258549	3.83587308112084
51.55	4.11755774487248	4.32521511268241	3.71947881398442
51.65	4.05585335808302	4.35388814888365	3.65257395350611
51.75	3.91593461419517	4.38487702160689	3.62362746463609
51.85	3.82291219923914	4.40112909114466	3.61809475156017
51.95	3.78133269775788	4.27020397099485	3.61932176521837
52.05	3.80280551067767	4.42636849924183	3.61207717565945
52.15	3.88910631310553	4.70724681050032	3.64410719820918
52.25	4.03537551001222	4.90794086201098	3.72606345124896
52.35	4.23304299163418	4.98917117943765	3.84272901796934
52.45	4.48553619407889	5.19745134071573	3.99899509884601
52.55	4.77945406271903	5.3248604380433	4.18753348736387
52.65	5.11142998768632	5.58106157811456	4.48407191897236
52.75	5.40735457305026	5.74898320976178	4.77578996946008
52.85	5.66343022469031	5.97967274046888	5.00937896187416
52.95	5.86793941954182	6.18238806956009	5.25151158238771
53.05	6.08353925154259	6.42231609796915	5.53575108352887
53.15	6.32301513992256	6.69113313627845	5.88161556519711
53.25	6.5927020412445	6.97719167252069	6.251518519815
53.35	6.89119297040573	7.27357254579407	6.60624542610388
53.45	7.21031990551501	7.57276329622276	6.92323972169201
53.55	7.53902787686964	7.96802078721522	7.25439980108337
53.65	7.87118738970086	8.33526725061174	7.57463243532647
53.75	8.21072008563764	8.69841621882857	7.89078027752994
53.85	8.57556216762897	9.01695006319703	8.19526687916452
53.95	8.97547392139768	9.3045713137234	8.54112365354222
54.05	9.33724057530208	9.61621131557066	8.91490723986858
54.15	9.57247195210086	9.90669962437877	9.02440877914312
54.25	9.66996854725287	10.1427801015663	9.01268270194564
54.35	9.64064312726102	10.2211378597565	9.05232128228177
54.45	9.5700681237291	10.1567864018787	9.22940123758148
54.55	9.579023380266	9.9352520713167	9.40946756145741
54.65	9.72968890620163	9.89442403227917	9.58918372689462
54.75	9.90600026910714	10.0395027501912	9.76640157682451
54.85	10.0550271908949	10.165775231952	9.92447715764445
54.95	10.1729573339966	10.2700028440928	10.0544952457195
55.05	10.2611276513711	10.3533748396723	10.1185004864613
55.15	10.3238888162303	10.4196210306179	10.2162837521917
55.25	10.3747055369228	10.4796065567645	10.2922559834494
55.35	10.4684318080881	10.5766475680138	10.3902296401139
55.45	10.6008624641261	10.7113837846857	10.5085567532087
55.55	10.735449044717	10.852591544128	10.6235928370276
55.65	10.8621883683361	10.9898079773952	10.7446346258072
55.75	10.9788905703742	11.1149304596707	10.8526379305324
55.85	11.0851132825885	11.2349239861289	10.9531545570808
55.95	11.1807823736584	11.3514667807874	11.0386227231
56.05	11.2662795148938	11.4584779035291	11.1143369029471
56.15	11.3432306506205	11.5598649825472	11.1770678933986
56.25	11.4141308977058	11.661959244932	11.2330397725543
56.35	11.4837623995333	11.7548107540343	11.2853304117513
56.45	11.5554355578004	11.8506492528384	11.3391022998479
56.55	11.6314991203757	11.951908945568	11.3937150697883
56.65	11.7122519441711	12.0627155481733	11.4534009454795
56.75	11.797721325921	12.177318119197	11.5181694798029
56.85	11.8879092107021	12.2924057641301	11.5882933543766
56.95	11.9828155985148	12.4165707920017	11.6635409560159
57.05	12.0816621854701	12.5376398076387	11.7439311698886
57.1049125	12.1410336306344	12.6140435254407	11.7894063634087
