phys	rec.rate	upper	lower
0.05	NA	NA	NA
0.15	2.33392781651461	2.62271757243152	2.03839190190036
0.25	2.3628336702908	2.63488089570266	2.08231584495567
0.35	2.39480838605313	2.64835860147428	2.13005465352999
0.45	2.42894171641601	2.66577227555722	2.17942966843916
0.55	2.46505608576728	2.68554342542726	2.23294220387918
0.65	2.50204906873548	2.70574267862538	2.28152307281834
0.75	2.5377237669063	2.7222713429626	2.33372869402825
0.85	2.57146820591581	2.74479751113495	2.38324422120696
0.95	2.60379142682349	2.76431028667833	2.42974449539324
1.05	2.63547031554827	2.78267464009856	2.4756806057146
1.15	2.66545398135675	2.7985320814924	2.51996427593806
1.25	2.69360612504689	2.81288894629755	2.55579073461092
1.35	2.72024509634109	2.82606458390974	2.59742765486647
1.45	2.74497280919597	2.83577724270702	2.63779781642327
1.55	2.77555424471821	2.85325528764563	2.68136735783176
1.65	2.80775347191337	2.87479949270309	2.72197906911023
1.75	2.83818324167593	2.9058413445058	2.76198225663222
1.85	2.86642755930266	2.94712774899293	2.79873513731974
1.95	2.89162907059844	2.98743874358025	2.82605183181949
2.05	2.9151128421841	3.02875995140501	2.84050407545591
2.15	2.93691594956346	3.05994605175518	2.85016119697673
2.25	2.98067569502253	3.14415474596248	2.87621422473232
2.35	3.02468624369512	3.29250881107369	2.89128428817643
2.45	3.07414493384048	3.37587353735144	2.91709485380747
2.55	3.11422240220165	3.42233376170671	2.92239889805556
2.65	3.13562091181025	3.41729335867075	2.93129664898466
2.75	3.15211564407383	3.39402510579605	2.93924291774903
2.85	3.15507981501587	3.37702459829968	2.95532967353899
2.95	3.17603929321412	3.3396623753883	2.99649200783064
3.05	3.17286799654703	3.30237534981407	2.99478448416673
3.15	3.14482898776608	3.26824071925876	2.99410367984001
3.25	3.11233449876129	3.23512625615724	3.00839974416966
3.35	3.08140016461105	3.20827525031294	2.99294741131861
3.45	3.04801840813986	3.17870683429119	2.97590810989955
3.55	3.02158988056593	3.13170503249502	2.95143230550471
3.65	2.99177025787687	3.06490211647897	2.93054993499103
3.75	2.96162297380426	3.05151867991906	2.90032128255761
3.85	2.93854943725179	3.03521972604904	2.86713768953233
3.95	2.91443155541654	3.01727379413083	2.83354333575312
4.05	2.88926511965113	2.99330069088734	2.80331856786594
4.15	2.86305012995557	2.96541816663828	2.7720404071937
4.25	2.83578658632984	2.92610431810462	2.74683349477809
4.35	2.80747448877397	2.89014154624017	2.72122410351938
4.45	2.7781136131472	2.85880598577329	2.69803980350276
4.55	2.7461152587389	2.82320775468956	2.67400717948677
4.65	2.7101926379061	2.78795200473261	2.63344510325459
4.75	2.67723154364978	2.75281910277948	2.5826090502511
4.85	2.64587099214077	2.71825951458012	2.54408086366156
4.95	2.608863725663	2.6839471764234	2.51681316692155
5.05	2.57799991692838	2.65936779991241	2.48611149962081
5.15	2.56078529078105	2.63711470612928	2.46751617024124
5.25	2.55611873194952	2.61981452609964	2.47744901131652
5.35	2.55171016217443	2.6025916228496	2.47566005218949
5.45	2.53291941644598	2.58624245350105	2.46335813328466
5.55	2.51016289275998	2.56404242981207	2.44789221647575
5.65	2.49373821636488	2.54831266281161	2.43499319939288
5.75	2.4850699763126	2.53753901377054	2.42043527695865
5.85	2.48415817260313	2.53545209323769	2.40212404653383
5.95	2.48404152459165	2.5401057411532	2.38734961791394
6.05	2.45810859105921	2.51778229809026	2.36610581520472
6.15	2.43609725906854	2.50800936648951	2.34532345525283
6.25	2.42381043004897	2.50827633965486	2.3237954469898
6.35	2.41196060945099	2.50119921059954	2.2972571370082
6.45	2.39052084154067	2.47720098394499	2.27504212956175
6.55	2.37675937092156	2.47450836014271	2.26586211736292
6.65	2.36961843879497	2.47633462022289	2.26471234340453
6.75	2.36264423840508	2.45459530638577	2.26639900929515
6.85	2.36306058964105	2.4540583592229	2.26836455421183
6.95	2.37196521552507	2.46882717567998	2.26709639549774
7.05	2.38696547585409	2.48553799061724	2.27168565713448
7.15	2.40741222871563	2.51422465259809	2.28188573270387
7.25	2.41433817826832	2.53750629170521	2.29270248979773
7.35	2.42241488066061	2.55099241426463	2.30330133289288
7.45	2.44165439522751	2.56555572933057	2.30683231936529
7.55	2.47093085472437	2.58020207930721	2.33565467403741
7.65	2.50131114573413	2.6097913284177	2.38917723103336
7.75	2.53785421993738	2.6438182975085	2.42376881490402
7.85	2.57360355085911	2.6743286771935	2.44862677616023
7.95	2.60142954133781	2.71776368548381	2.46857007394442
8.05	2.62421092529066	2.75794943353467	2.49475418633301
8.15	2.64196286024587	2.78687234883494	2.52168749583487
8.25	2.65567360989717	2.80317401563114	2.5429294899979
8.35	2.67243917204508	2.81447661986766	2.55887527915938
8.45	2.69422601733295	2.83571911150052	2.57920315924847
8.55	2.70266552212906	2.86079826185585	2.57572906216931
8.65	2.69432580149012	2.86397839509935	2.56018429959106
8.75	2.69117312434402	2.85154370766288	2.56385392661185
8.85	2.68044505031847	2.83575801102434	2.54383921566629
8.95	2.67750075531435	2.82666255858822	2.53787445018834
9.05	2.6732979980138	2.8191333282799	2.53584772613858
9.15	2.65952031331602	2.81905572940603	2.5058942156635
9.25	2.65833814334638	2.80871530766742	2.50893245600909
9.35	2.64471920010536	2.78990190625701	2.51029472321435
9.45	2.61639893216531	2.76558059026334	2.46523828897313
9.55	2.59095342361169	2.744215221021	2.43433901501542
9.65	2.5668221822469	2.73189321940809	2.42338985704354
9.75	2.54003491886905	2.71781609660689	2.38740027829966
9.85	2.51335890953542	2.69455053812343	2.37006781295806
9.95	2.48639164664276	2.66415099291024	2.33663220264047
10.05	2.46065800096329	2.62670843351669	2.31495004012049
10.15	2.43036389747464	2.58745368989488	2.28394861265865
10.25	2.39813846906161	2.54245141554719	2.25408065129395
10.35	2.3638017616005	2.49415943569987	2.21775314888428
10.45	2.32602721139684	2.45444554395173	2.18116992115423
10.55	2.28426728508476	2.40890391161968	2.14647854098238
10.65	2.23926791403451	2.35729078628207	2.1089053103475
10.75	2.19492313863699	2.30154250519526	2.0583154117932
10.85	2.14911108718368	2.2496757002361	1.9977333080335
10.95	2.10130218561643	2.2050146504202	1.93831607882287
11.05	2.05151919054001	2.16778219603492	1.89054172765694
11.15	2.00143911392799	2.1318846897979	1.83889676038212
11.25	1.95405160845773	2.09101380163016	1.78414064750381
11.35	1.91078898465863	2.05195255027262	1.7252826857101
11.45	1.87156645435673	2.01269189772093	1.68234108587081
11.55	1.83483652933721	1.97511091103739	1.6496106866599
11.65	1.80258527882752	1.9372048186511	1.62015978470135
11.75	1.77553256154269	1.89802616788488	1.60194053458772
11.85	1.75363065543425	1.85747816440795	1.58892770208825
11.95	1.72694016373023	1.82053542883477	1.58303248740925
12.05	1.69857538703188	1.7915701945534	1.57353768153313
12.15	1.67155404168859	1.76068733404147	1.56369055209018
12.25	1.64818216640352	1.73632149902792	1.54643657087347
12.35	1.62184468439117	1.70892165412476	1.52120024520874
12.45	1.59867765939958	1.67733857115713	1.50151985103047
12.55	1.57930092328964	1.65105014582022	1.48554020665242
12.65	1.5635703606297	1.62981699162534	1.47114152881199
12.75	1.54956483800903	1.61397769198852	1.46178818402984
12.85	1.53185197734858	1.58877773230831	1.45203742799401
12.95	1.51514980375056	1.57071960765405	1.44107753615031
13.05	1.4958568476892	1.55508975054962	1.42888616523341
13.15	1.47788605355257	1.54181382038959	1.40847704241769
13.25	1.4605162691388	1.52607959596933	1.39011135845707
13.35	1.44205356527418	1.51392933027678	1.37516797951111
13.45	1.4241692662051	1.5044598938554	1.35858076495979
13.55	1.40693911241735	1.48973460422317	1.34378794230373
13.65	1.39036310391096	1.47418810173507	1.32971253583167
13.75	1.37444124068591	1.45665095826729	1.31809362282276
13.85	1.35924510919125	1.43422234091848	1.307992547424
13.95	1.34450019925763	1.41592378256375	1.29621712937834
14.05	1.32985428330037	1.39185272963653	1.28202882742613
14.15	1.31383353615805	1.37828075739807	1.27116692463388
14.25	1.2941880363023	1.35733084664955	1.25643862764202
14.35	1.27172209205615	1.32769848008779	1.23774680148211
14.45	1.24901311491655	1.2944474472	1.21618800571609
14.55	1.22651732555309	1.27084794257007	1.19347723711639
14.65	1.20488447284256	1.24911698566226	1.17066382948049
14.75	1.1834625237629	1.22781752164426	1.14771696026212
14.85	1.16225147716513	1.20583846226697	1.12388191236621
14.95	1.14125133304926	1.18317415776798	1.10116733638366
15.05	1.12046209141528	1.16163424005115	1.07816021092311
15.15	1.0998725194768	1.13436179018227	1.05638326881169
15.25	1.07890503418476	1.11404412829225	1.03623054666897
15.35	1.05745914419402	1.0930750640843	1.0170398969285
15.45	1.03662428027587	1.07159676105525	0.996476219337167
15.55	1.01643476711767	1.05071840219893	0.975500287475191
15.65	0.996890604719454	1.03034224171446	0.953083915633161
15.75	0.977991793081189	1.01278138139258	0.929945292988831
15.85	0.959564041540482	0.99617991020428	0.908873749541499
15.95	0.939014166671882	0.977028810160709	0.888149223614666
16.05	0.918682142946144	0.96070938681686	0.868583725763839
16.15	0.899138733104197	0.947208646964566	0.848265198404894
16.25	0.878499840972929	0.92760615374612	0.827842912553458
16.35	0.85874590737938	0.910674525031403	0.806168136328146
16.45	0.839279911692748	0.897012669489608	0.784352437579273
16.55	0.821029820465668	0.882676728428665	0.762357120953707
16.65	0.802741211456292	0.863185610325259	0.744295406504442
16.75	0.784527879703963	0.841005290479233	0.728664512212495
16.85	0.768964937350311	0.828188826524777	0.712631996323073
16.95	0.756068999402141	0.818711669282361	0.697874040828352
17.05	0.743728253849189	0.803276503783544	0.684311151679737
17.15	0.734050332741983	0.796605117397362	0.673197538111779
17.25	0.727698749335978	0.792459600283541	0.663556321205948
17.35	0.721322908089776	0.7848315915598	0.654756621684109
17.45	0.711397204649152	0.779644401799028	0.645877297446986
17.55	0.692543263083098	0.744221242143702	0.632413990981709
17.65	0.676365099395591	0.732300868456317	0.614970651454892
17.75	0.666462501738569	0.739304898638903	0.588645967361182
17.85	0.662033029219787	0.751606478786799	0.556874898248734
17.95	0.645486812371455	0.730636453231191	0.525232209494292
18.05	0.621609888732721	0.698492569461465	0.488842650415162
18.15	0.602101895658389	0.710741846306152	0.456268033941762
18.25	0.576139685756631	0.686707446570419	0.424712357462151
18.35	0.551048804590495	0.655982110187233	0.395189679875939
18.45	0.529620051816091	0.648751543610595	0.370807726209679
18.55	0.511853427433394	0.669422773756115	0.348717154520751
18.65	0.49444690645164	0.686418502770613	0.329437869304401
18.75	0.468898344310755	0.654703205142649	0.314136897700615
18.85	0.444890504218982	0.621031239674641	0.297351658084082
18.95	0.423341976592139	0.59178804282602	0.286875228115398
19.05	0.40425276143023	0.562872207700448	0.27742638078695
19.15	0.387622858733257	0.535490190615447	0.270739056075301
19.25	0.373452268501219	0.510937172976052	0.265018598025723
19.35	0.361740990734112	0.489134633568449	0.26183545382738
19.45	0.352489025431932	0.470002730189223	0.260492638430528
19.55	0.345696372594696	0.455628106692004	0.261961504599155
19.65	0.341363032222388	0.440517982349958	0.26443529125196
19.75	0.339489004315014	0.429344215275888	0.270143902612065
19.85	0.340074288872575	0.421341591274128	0.276290391856561
19.95	0.343118885895068	0.415384929392603	0.281386611062138
20.05	0.348622795382491	0.412348793070332	0.285795357534947
20.15	0.356586017334864	0.418578793933482	0.294894251003103
20.25	0.367008551752145	0.437692068727531	0.305557973829744
20.35	0.379890398634379	0.467847807981649	0.317874863788156
20.45	0.395231557981539	0.500925263626058	0.332159066578422
20.55	0.413032029793631	0.538458744357107	0.343635814220554
20.65	0.433291814070663	0.578286269593849	0.359901694324373
20.75	0.456010910812619	0.62238365135424	0.373085478091869
20.85	0.481189320019522	0.668424283314694	0.387502968728492
20.95	0.508827041691344	0.717412693954876	0.402651751344335
21.05	0.538745958939786	0.770393272739159	0.420998492892877
21.15	0.564975375316474	0.78398061795923	0.440433856670753
21.25	0.590609874055284	0.777967405935146	0.460978806792038
21.35	0.618704022116471	0.778148862935124	0.482636396504676
21.45	0.649257819500035	0.788243257202768	0.508030601028496
21.55	0.682271266205982	0.82265078892295	0.535677030926857
21.65	0.717509864168151	0.872845349090962	0.565875410657992
21.75	0.753296709562401	0.90678029917977	0.598324007878303
21.85	0.787160558100901	0.937858461720706	0.632922310054674
21.95	0.817697508641131	0.938646852755314	0.668934157727849
22.05	0.851122855980186	0.975274149149405	0.70725115133338
22.15	0.884478325320213	1.01980338743619	0.746947377347755
22.25	0.906732493102777	1.04352640090254	0.787037735888339
22.35	0.925731934855221	1.05070400485747	0.825965681625628
22.45	0.948409354733934	1.05893318259083	0.86402184688509
22.55	0.975300698539736	1.071602544397	0.888370347096499
22.65	1.00640596627261	1.08979040124795	0.907157418596751
22.75	1.04172515793258	1.11516340291076	0.93353267548565
22.85	1.08125827351961	1.1564375599879	0.962861666304223
22.95	1.11984375390986	1.20691035056648	0.995513927529782
23.05	1.14027881792193	1.23719202918877	1.03260569314205
23.15	1.16392077281045	1.26501888183065	1.05823673889986
23.25	1.19387541143657	1.29677875500315	1.08874111363695
23.35	1.22879323034018	1.32725430509861	1.11824216166434
23.45	1.26388817079156	1.36088075123021	1.15592158589268
23.55	1.30212985040245	1.3973327571162	1.2087653705241
23.65	1.34353928091934	1.43453458704654	1.25209783151276
23.75	1.38377375202447	1.46910592617078	1.29821633821002
23.85	1.42241605623203	1.50617385795938	1.34089920743958
23.95	1.4611904512404	1.54316101294155	1.37215856020955
24.05	1.49911754246302	1.57994322759507	1.40772643860684
24.15	1.53648373543348	1.6192959755919	1.44185552909619
24.25	1.57384110622959	1.653725969996	1.47717681570998
24.35	1.61102591361811	1.68786656813839	1.51440694129761
24.45	1.64803317407343	1.72175743613761	1.55678863822101
24.55	1.68486290959237	1.75907534238679	1.59984057423181
24.65	1.7215151201749	1.79583059296454	1.64646922171792
24.75	1.75798980582103	1.83146172260625	1.69331986902139
24.85	1.79428696653078	1.86631206688047	1.74019033651946
24.95	1.83040660230412	1.8972091787943	1.78441443648748
25.05	1.86685451499054	1.92843849029013	1.81853542667368
25.15	1.91388191976745	1.99607387743763	1.85368315472716
25.25	1.96368769690066	2.08877476134278	1.89116234908212
25.35	2.00777117894343	2.16285345719442	1.92049865463171
25.45	2.04947634783704	2.21256575567369	1.95060227293096
25.55	2.08448830415687	2.25839133137217	1.97811977380792
25.65	2.1191084899954	2.28983158591265	2.00783864219959
25.75	2.16256599058019	2.35344312812892	2.03986189490041
25.85	2.20054443858344	2.44993957891529	2.05961394747774
25.95	2.26443078211892	2.53204311782065	2.1091891658813
26.05	2.32283630465927	2.59875037584774	2.1587192688308
26.15	2.36075322375528	2.65872502029233	2.16406771727694
26.25	2.39885273899165	2.66515433889685	2.20045363861188
26.35	2.4307197457924	2.65572327939321	2.24186674626915
26.45	2.44453677198495	2.68316734978646	2.23268338309984
26.55	2.46713539255643	2.70169334642306	2.26296611782639
26.65	2.49282676155411	2.71515294499261	2.30875907168628
26.75	2.50996206399188	2.71798804130156	2.33762813334757
26.85	2.52081753613401	2.7018666915277	2.37651484014767
26.95	2.52093349229409	2.6605215019348	2.39548533996767
27.05	2.51028139780313	2.62061084409774	2.39634659692119
27.15	2.48911241662173	2.61995285864929	2.37868410882253
27.25	2.47255968507698	2.6253696031126	2.36981384228805
27.35	2.46694678007289	2.62327587453262	2.35535513566917
27.45	2.45975834979447	2.61489894512012	2.32481166970142
27.55	2.450743595415	2.60300400015972	2.29832152450626
27.65	2.43990251693448	2.58703878880949	2.28016885791213
27.75	2.42723511435292	2.57196727328586	2.26516690072676
27.85	2.41274138767029	2.55996694676473	2.26014051634862
27.95	2.39602665194893	2.54449428728459	2.26242883514857
28.05	2.37675111462901	2.52669700284778	2.26960131120982
28.15	2.36225693444287	2.50162969185756	2.26364763663742
28.25	2.35346116012839	2.47286528592373	2.25567681538799
28.35	2.35073721278838	2.44565024645551	2.25471061963077
28.45	2.35143707922256	2.42485363332945	2.25796926879059
28.55	2.35285954249324	2.42519451700888	2.27041223707346
28.65	2.36240847797889	2.42516579914006	2.28204919713365
28.75	2.37802825808443	2.43488820500396	2.29685599013059
28.85	2.39452315679983	2.45574261726191	2.32208910213848
28.95	2.41113396884341	2.48833709973352	2.33990797565231
29.05	2.42921546941243	2.51410418962573	2.36106458241167
29.15	2.44832659316495	2.53923041123299	2.36813566414308
29.25	2.46396704616662	2.5694902291216	2.37562219704802
29.35	2.47392456323356	2.59861232002725	2.38664074477473
29.45	2.48811326034897	2.61863523606889	2.38867389962035
29.55	2.50242673020951	2.6249137627551	2.39260330988297
29.65	2.51962357686868	2.62788176501475	2.41286628224579
29.75	2.52487765511942	2.62987608825454	2.40803084736708
29.85	2.51993979549442	2.63224530659602	2.37750968027612
29.95	2.52098643998791	2.63248572343961	2.36940247849532
30.05	2.52212100557644	2.62903941463859	2.37254159533878
30.15	2.51531017386647	2.61717434358218	2.3751130755859
30.25	2.50047792689917	2.59700684688224	2.367304120376
30.35	2.47899808541669	2.56801348085827	2.34501307405806
30.45	2.45198465393326	2.54016934821173	2.32739225457382
30.55	2.41774152068457	2.50425486835999	2.29889104342354
30.65	2.37793641215988	2.46278250342721	2.2685101609733
30.75	2.33151066633407	2.4145013058522	2.24141229403615
30.85	2.28219772132611	2.36731857978339	2.19992912545475
30.95	2.23715705620546	2.33057016779864	2.15111706464397
31.05	2.19143924563289	2.29443653685593	2.10400954340968
31.15	2.14662510004315	2.25996264156984	2.06077094186348
31.25	2.10564193991835	2.22099763382346	2.01887434674921
31.35	2.06831571355102	2.18358697011051	1.97570661204914
31.45	2.03413262472885	2.14487527090737	1.93193750706547
31.55	2.00055012188932	2.10463234263069	1.89739177590504
31.65	1.96694718213969	2.06953991646601	1.86796627971112
31.75	1.9288383197768	2.02663712693971	1.82964154349754
31.85	1.89464131096197	1.99366817207573	1.79435100068048
31.95	1.87209214069355	1.98457552811519	1.76301041461277
32.05	1.85688421440158	1.95487450652298	1.74019403063035
32.15	1.82861491882591	1.92850833895255	1.71874405911783
32.25	1.78454758003185	1.88743229482094	1.67672268686191
32.35	1.74033906169269	1.81606709447856	1.64665316560056
32.45	1.74501859530467	1.86905238919918	1.62259544771552
32.55	1.76085956320641	1.87464016841024	1.60296883711444
32.65	1.75232214811485	1.89874707973099	1.59378190663752
32.75	1.73385630559853	1.86730412210075	1.57927008864339
32.85	1.73705085120514	1.89602083175439	1.55750844213002
32.95	1.71914862100481	1.90853582712344	1.54809595293276
33.05	1.68999132927767	1.82944992287157	1.5502925864414
33.15	1.69668192703123	1.80873673649709	1.57238804761878
33.25	1.73922041426548	1.85459540130896	1.59127691268061
33.35	1.81760679098042	1.9595758196489	1.62821883644436
33.45	1.92940805727632	2.10871117291289	1.68677412114366
33.55	1.97779214064844	2.20715282283843	1.76498053799244
33.65	2.00813001011226	2.26849915409434	1.80901575056451
33.75	2.08291457297988	2.33217061795421	1.83846867018814
33.85	2.19380229610363	2.43943656710038	1.91414707884298
33.95	2.31165330581863	2.55535992935511	2.04020358627353
34.05	2.4493633135913	2.66564183653062	2.22620704793857
34.15	2.5969914298173	2.79071337971678	2.42895569189412
34.25	2.74565540530682	2.9054902036894	2.53942383818751
34.35	2.86978399808869	3.06642055179486	2.65336443101503
34.45	2.97500467621858	3.21891749545513	2.76308666640658
34.55	3.06282998357737	3.30890023946198	2.86361288040082
34.65	3.14068196626	3.37502363795746	2.95305564169897
34.75	3.19589335860271	3.4682263796818	3.04042979711262
34.85	3.22360408545428	3.48764024597123	3.09830263518383
34.95	3.29754152021932	3.50919523781841	3.16582958012012
35.05	3.36477279321295	3.55370837044417	3.22388609138214
35.15	3.42149622980455	3.59904484704156	3.28749627535173
35.25	3.45384337674284	3.61278295401736	3.33475567874897
35.35	3.474738807497	3.60023895931425	3.3741578614635
35.45	3.50577924476039	3.635268598368	3.40663699315559
35.55	3.56030721421399	3.66864700379195	3.46421097459814
35.65	3.60934582521766	3.70657582294531	3.51631013573744
35.75	3.65126519338694	3.757395488548	3.54937787445844
35.85	3.69386889128384	3.81300204209358	3.57665439388648
35.95	3.7369596932717	3.87331803027734	3.60818285076535
36.05	3.77531702158507	3.92497836830478	3.63308476497355
36.15	3.81040669669635	3.97666225390108	3.65084673513591
36.25	3.84368723851621	4.03275634269291	3.66530574642436
36.35	3.87537486819776	4.08022084305722	3.67393355569362
36.45	3.90702234500113	4.13653176780904	3.68253761408963
36.55	3.93890061934212	4.18932223127036	3.69111593115065
36.65	3.97190292596222	4.24781721265595	3.6928423174459
36.75	4.00330511398767	4.29871328402457	3.70132829772819
36.85	4.03876600925766	4.35885291049622	3.70702288813399
36.9344215	4.04194094322144	4.36376252679043	3.69386070527272
