phys	rec.rate	upper	lower
0.05	NA	NA	NA
0.15	NA	NA	NA
0.25	NA	NA	NA
0.35	3.26860979984597	3.58118630802844	3.00587032405671
0.45	3.26742623100788	3.55869721020915	3.02096175373972
0.55	3.26781007843885	3.5361099892994	3.03561068530129
0.65	3.2691306881633	3.51744813188402	3.05101465254871
0.75	3.26855841040572	3.49856676382091	3.06268501608607
0.85	3.26629550454257	3.47676253609793	3.07252383679394
0.95	3.26272595350233	3.4647189194628	3.07509131982583
1.05	3.25796894992101	3.45497030174441	3.07966946080801
1.15	3.25165776485734	3.43888895414952	3.08223838127745
1.25	3.24376550039582	3.42981532832365	3.08541231144543
1.35	3.23478022093733	3.41488956829991	3.08482183706151
1.45	3.2298574923442	3.40408606673365	3.08845661072753
1.55	3.23575270048685	3.44396804667911	3.08945188797056
1.65	3.23961283044712	3.48981548220707	3.08904705133267
1.75	3.24189229480655	3.48515146328259	3.0868932200345
1.85	3.23921777494698	3.47119377916383	3.08343619575052
1.95	3.22695713387136	3.44853400029004	3.0699808011484
2.05	3.20589758425337	3.40658677051395	2.97364778826121
2.15	3.17283218303797	3.34880186070536	2.90182592899458
2.25	3.09669593149768	3.31620076944277	2.73743885849259
2.35	3.02606149407707	3.26384243959198	2.57243834750476
2.45	2.98037294829926	3.20195097881018	2.44301043057231
2.55	2.90426393464322	3.17865094034176	2.35573432692678
2.65	2.85490381052715	3.16441781778014	2.27633080889953
2.75	2.83940253136385	3.15106016868972	2.31243381814492
2.85	2.85386108747798	3.14415962138061	2.41112009936771
2.95	2.9034365295305	3.14796207844908	2.57980661451916
3.05	2.9823171623348	3.36415400475831	2.72548138590041
3.15	3.07087444901169	3.66066597092957	2.79275448119727
3.25	3.13277226696249	3.72914203825498	2.81854439168337
3.35	3.14958578265194	3.78797397269586	2.80698536681927
3.45	3.16402267701922	3.71679784262347	2.82432384428697
3.55	3.18586188243751	3.69104379579264	2.84886001277063
3.65	3.22092749353027	3.6935490053449	2.90266218261414
3.75	3.25992295144833	3.71317966457378	3.00798678888403
3.85	3.27868585201319	3.49934089829717	3.14020923251545
3.95	3.30767541239525	3.50309640045853	3.03442204052828
4.05	3.34865394762714	3.58780399380421	2.92887153592161
4.15	3.38481768657795	3.64991980266883	2.91040841887563
4.25	3.41803613571156	3.68643159825662	2.98410427040521
4.35	3.44475041096447	3.7023861600991	3.04657910444879
4.45	3.47553591859851	3.70850589504162	3.14453081698332
4.55	3.48354054805908	3.74536636127607	3.28017306277058
4.65	3.48445840962542	3.72111596463373	3.28881867269496
4.75	3.53083212716051	3.71541691376792	3.38291513057893
4.85	3.62531704928845	3.83656460079449	3.44983476269339
4.95	3.68984099439234	3.94262837502224	3.49915490122966
5.05	3.72306525112837	3.99727494523965	3.52317607037908
5.15	3.72498981949654	4.00105647217477	3.52972998085489
5.25	3.69561469949686	3.95155360860305	3.50138234594463
5.35	3.63493989112932	3.86829288276479	3.45593368170162
5.45	3.54296539439392	3.76228053036719	3.35591424053947
5.55	3.41969120929067	3.64961010195425	3.21573478800002
5.65	3.26511733581956	3.53288844122282	3.04337800603284
5.75	3.13800359153628	3.39978257800741	2.91664629929285
5.85	3.08112044007551	3.26851591429479	2.85150423704074
5.95	2.98697408190442	3.19889050949213	2.7678871928578
6.05	2.85557980383894	3.08391817719319	2.64895862681263
6.15	2.71071204934484	2.92453163146369	2.53379326652123
6.25	2.55777639476983	2.80205406306682	2.40216991552295
6.35	2.42421608217022	2.64196733508169	2.25754223508302
6.45	2.29027389891517	2.48489544832927	2.10392662048216
6.55	2.16153442253099	2.31636259462993	1.96442997463958
6.65	2.03896393455219	2.22266913561098	1.83802822139475
6.75	1.92840205640741	2.14400044943916	1.72756246475511
6.85	1.83044050793089	2.05609705023982	1.61577674658991
6.95	1.74482166390317	1.97091834740098	1.52428249638098
7.05	1.65813156521827	1.85343547842292	1.44952848754526
7.15	1.57677726795073	1.74513018860444	1.37985559422931
7.25	1.50879641094454	1.68351053888135	1.32004323177701
7.35	1.45418899419971	1.63462418055104	1.27742235368343
7.45	1.41295501771624	1.59138854529081	1.22252514631193
7.55	1.3842056907789	1.55524884243507	1.16908250847684
7.65	1.33909624336668	1.50118633857027	1.12600745088306
7.75	1.27508367036298	1.43948067344636	1.09657267378757
7.85	1.21127161623328	1.34591178537471	1.05747364156919
7.95	1.16494556039735	1.29070264364167	1.0196842234922
8.05	1.13683505245795	1.27844866512554	0.975550498672345
8.15	1.11911768059495	1.27501166614139	0.938020461569902
8.25	1.08422170953627	1.21431430590865	0.909894463600181
8.35	1.04316845833409	1.16524148644026	0.89051935691691
8.45	1.01216990520021	1.12059157078284	0.853137811139253
8.55	0.995554784506716	1.11902402950433	0.816990171886194
8.65	0.960734496049043	1.08614133071521	0.784729967590173
8.75	0.924631468608906	1.03877471753751	0.7596216829819
8.85	0.897351511026237	0.999037544542982	0.74076406034289
8.95	0.879973053566719	0.965230242793809	0.747395065029237
9.05	0.873961780665431	0.939409649041352	0.77641746223479
9.15	0.855097223526439	0.912751113297101	0.752818124644247
9.25	0.814913934310319	0.870578360463619	0.724110337231276
9.35	0.777106675863332	0.830926907059507	0.689895630905671
9.45	0.740450326059595	0.802340019699697	0.656464239823898
9.55	0.703173340865992	0.763435492660955	0.625500452771846
9.65	0.667722481171788	0.729731149486883	0.59620913493502
9.75	0.634186828498627	0.698990390998391	0.562031692982907
9.85	0.602566382846507	0.669906440716615	0.523703824669617
9.95	0.572861144215427	0.641090861684751	0.485490736968325
10.05	0.545071112605386	0.612841742012471	0.447569441745779
10.15	0.519196288016387	0.588396905136208	0.411067124853778
10.25	0.495091324514799	0.56992912229451	0.380007226340347
10.35	0.467681860158825	0.538684176013978	0.348103989501175
10.45	0.437084945754318	0.501282837516712	0.315836457643006
10.55	0.408504620441442	0.476624104467949	0.28840251180609
10.65	0.382065187295189	0.453566214177985	0.25967215602989
10.75	0.357650481974116	0.434525225516331	0.231425978857293
10.85	0.328557610630068	0.412007494110035	0.20687430837148
10.95	0.296767263253247	0.39561628601455	0.182287951014223
11.05	0.266554865781081	0.390510402193539	0.155977649809428
11.15	0.236932651337562	0.364839168887918	0.129730947537509
11.25	0.20940450347908	0.35218816434375	0.104510142320361
11.35	0.182107675451315	0.318713355647896	0.0799217728551754
11.45	0.156312780890752	0.272555197393413	0.0522995812393836
11.55	0.132978905095091	0.239522508825551	0.0307981354821769
11.65	0.112106048064339	0.223152189612755	0.00526135517401462
11.75	0.0936942097984866	0.215490195427528	0
11.85	0.077743390297541	0.215804541093441	0
11.95	0.0642535895614941	0.217199279345761	0
12.05	0.0532248075903583	0.219869192654148	0
12.15	0.0446570443841208	0.225814898796705	0
12.25	0.0385502999427879	0.233809099045939	0
12.35	0.031001130739	0.235008365011804	0
12.45	0.0110137889463399	0.191512282050624	0
12.55	0	0.146569454885861	0
12.65	0	0.106940751214604	0
12.75	0	0.0803971497677296	0
12.85	0	0.0741422836028616	0
12.95	0	0.074133220053769	0
13.05	0	0.0870852159270369	0
13.15	0	0.10085725095942	0
13.25	0	0.119484168796076	0
13.35	0	0.13877836298942	0
13.45	0	0.13340922278306	0
13.55	0	0.146432607412198	0
13.65	0	0.170362230744225	0
13.75	0	0.139609546039936	0
13.85	0	0.107003050100398	0
13.95	0	0.0764469558615748	0
14.05	0	0.0503856605759864	0
14.15	0	0.0294993396236674	0
14.25	0	0.0104493388061764	0
14.35	0	0	0
14.45	0	0	0
14.55	0	0	0
14.65	0	0	0
14.75	0	0	0
14.85	0	0	0
14.95	0	0	0
15.05	0	0	0
15.15	0	0	0
15.25	0	0.0027128550107953	0
15.35	0	0.0289473426049717	0
15.45	0	0.0581730983650026	0
15.55	0	0.0870979604988569	0
15.65	0	0.119758093858824	0
15.75	0.00728617663070163	0.155367633417671	0
15.85	0.0401232197568445	0.191758977713968	0
15.95	0.0755530206902501	0.228711301795463	0
16.05	0.113575579430931	0.268873378748772	0
16.15	0.154190895978884	0.311026330133404	0.0287598767741952
16.25	0.197398970334097	0.352089027998337	0.0583224349325953
16.35	0.243199802496582	0.393683225918255	0.0881368785092405
16.45	0.291517663452092	0.441024106864969	0.122279095665914
16.55	0.33971363264296	0.469073183537243	0.159197663309071
16.65	0.38921999776866	0.494207741423124	0.196877923124744
16.75	0.440242902789114	0.53018962620869	0.232731990709344
16.85	0.479954097665246	0.56312754568293	0.269266334018645
16.95	0.512213214368042	0.598193485709056	0.310955153474766
17.05	0.544223042435828	0.634637098542399	0.354130885306968
17.15	0.576100744277745	0.665440742058003	0.394495772057842
17.25	0.607846319893782	0.69824098945608	0.439436217599638
17.35	0.639459769283959	0.727057432883033	0.481920814320519
17.45	0.670947792038154	0.754624091777352	0.52665788025212
17.55	0.702550666963783	0.780006931705569	0.572256821777343
17.65	0.735314722678903	0.810398811129006	0.620946918112079
17.75	0.769570272553131	0.842551731859507	0.670610256396827
17.85	0.802079133948367	0.881113310849011	0.717668454504561
17.95	0.833488658676428	0.916546915973654	0.758439244513924
18.05	0.870288066145697	0.950917357166733	0.802847274176812
18.15	0.907409864616372	0.985545864233741	0.831921660213452
18.25	0.941010532369201	1.01656870902206	0.862520373680509
18.35	0.970614255749025	1.04784611522919	0.890050324208914
18.45	0.996221034755841	1.07550883532586	0.915544751520909
18.55	1.01894282216754	1.1044097147316	0.94464532416107
18.65	1.0449345163471	1.12766621903663	0.978376766445234
18.75	1.07092698010966	1.14629720152002	1.00600494834234
18.85	1.09647537928354	1.16618569927371	1.03859994927836
18.95	1.11636017238859	1.18326920004599	1.06159650115891
19.05	1.13053686850003	1.19349865051279	1.07785605501071
19.15	1.14212188412005	1.20644793020005	1.08757266027137
19.25	1.16263663177216	1.22302589339026	1.10324229873995
19.35	1.18120140059324	1.24509167400484	1.11705563647357
19.45	1.19977586203721	1.27204022140677	1.12918656632179
19.55	1.21715935095447	1.30647947774288	1.13798054819123
19.65	1.23168340075287	1.33752300757337	1.14770542059415
19.75	1.24592145160763	1.36135018871056	1.15345876741599
19.85	1.25908142769076	1.37659463750761	1.16389538519534
19.95	1.2704245928705	1.39359262299807	1.17316537183695
20.05	1.28063748692419	1.40681587539434	1.17769051993966
20.15	1.29009434975692	1.42504262759911	1.18101174077534
20.25	1.29876699751328	1.42808536829447	1.18621293801065
20.35	1.30665543019326	1.42746733398315	1.19257211188206
20.45	1.31279394106079	1.43616985662058	1.19638859072019
20.55	1.3180476251643	1.43984839115483	1.20154001017308
20.65	1.32406123912012	1.44418049395991	1.2093308669799
20.75	1.33083663546693	1.44633614023186	1.21429715537381
20.85	1.33709905880051	1.45370803201711	1.21363087720071
20.95	1.34141321913735	1.46094704823087	1.2175821173967
21.05	1.34772096873579	1.46955679817863	1.21932949323982
21.15	1.35623294043854	1.47629609559433	1.21803295914343
21.25	1.36694913424559	1.48401882409962	1.21884907972
21.35	1.37878431485954	1.49152361641335	1.21623118770624
21.45	1.386430666973	1.50256086584963	1.21950383989558
21.55	1.3916300610372	1.51109263834527	1.22185962612172
21.65	1.40081992228782	1.53480562104557	1.22679028173267
21.75	1.41672125481242	1.5615706805246	1.22121326686111
21.85	1.43933405861105	1.59160868543404	1.23807780660185
21.95	1.46865833368367	1.6233171586355	1.25326475353845
22.05	1.49675129747362	1.64733347585504	1.26660536391479
22.15	1.50857142728655	1.64958468069894	1.28335303620109
22.25	1.52324077276892	1.66083015345294	1.3115962721843
22.35	1.53833031852216	1.67716306834848	1.33948157125267
22.45	1.56060359198713	1.70205243035387	1.37338147271284
22.55	1.59216826312003	1.73236867487859	1.41489205798319
22.65	1.63302433192086	1.76747144696349	1.47514962987509
22.75	1.68317179838963	1.81959946402468	1.54068738121593
22.85	1.74088189603225	1.88369969678831	1.59743373055169
22.95	1.79300413347822	1.92969896804568	1.66042448617081
23.05	1.84808281061731	1.97796277578936	1.7203062297829
23.15	1.90879509056849	2.03456885317804	1.78560261922927
23.25	1.97158788760987	2.08929816746075	1.85525116934881
23.35	2.03642789869929	2.15506322274551	1.93542725113276
23.45	2.10485028264528	2.21794214846348	2.02001341677671
23.55	2.17687060353106	2.27362112143038	2.10108337975983
23.65	2.25185911229826	2.35099519596661	2.17943263352013
23.75	2.32353241073128	2.43301246234589	2.2559145267835
23.85	2.38630975969673	2.49940191676058	2.32419333093846
23.95	2.45255898803664	2.58192876812526	2.38133703093124
24.05	2.514317805834	2.65245946644705	2.4334074686622
24.15	2.56709649543575	2.70248659416026	2.49115630339962
24.25	2.61333706315465	2.73431599372585	2.5423946241363
24.35	2.66170143593721	2.76891796949199	2.58998080763836
24.45	2.71724423188391	2.82011773986919	2.63486401928953
24.55	2.77443888734246	2.87802746841406	2.68783532166171
24.65	2.85037397683052	2.95812716014249	2.75653452796623
24.75	2.91741571395742	3.03682275554415	2.80908268394202
24.85	2.9737582491575	3.1040961725272	2.85337626571995
24.95	3.02598651850855	3.16469405996912	2.89822807816674
25.05	3.07235731222316	3.21656115973209	2.94072846115499
25.15	3.12026195328984	3.26370636522772	3.00274643796246
25.25	3.15365051170824	3.31687670767783	3.02637537501092
25.35	3.17975023081957	3.35211570347878	3.04600088881658
25.45	3.2244717534571	3.40023375089083	3.10541097848171
25.55	3.25394836022079	3.43886613121153	3.12394078893929
25.65	3.290640253849	3.48527103043236	3.15198857272036
25.75	3.34356747676185	3.53314937438934	3.19142200123555
25.85	3.38333938427406	3.58288342290912	3.21588090059092
25.95	3.40606916597871	3.60434851503624	3.22917295106814
26.05	3.41537798329748	3.62565371619477	3.1957506664743
26.15	3.42446159354446	3.65102130905926	3.1890498564748
26.25	3.42242502952922	3.6556926901041	3.14475661694574
26.35	3.40823662784146	3.65573249989133	3.06533729281113
26.45	3.39203484222298	3.6626259964343	3.00894349922881
26.55	3.36595656530828	3.67136791168878	2.94402980788679
26.65	3.32625293628253	3.67365470666038	2.87924266398588
26.75	3.2748876507976	3.67601220549801	2.80575614930808
26.85	3.21230171004531	3.63796988690157	2.74712167084499
26.95	3.14200719604662	3.56258471201104	2.69390594127669
27.05	3.06733893355803	3.47706536330364	2.64002431817236
27.15	2.98750819289561	3.3877381418656	2.58054116923005
27.25	2.90244526009605	3.30341048594993	2.5228716918678
27.35	2.81253952009854	3.23323458633957	2.45470033645802
27.45	2.72518799966592	3.15778766010698	2.39619150372196
27.55	2.64395259695976	3.0761812456623	2.33827758289636
27.65	2.56792576453771	2.98760936444474	2.28045671535801
27.75	2.49706479578074	2.90571766978491	2.21535700763793
27.85	2.43477013239991	2.82310962966523	2.13591059995566
27.95	2.37990404207355	2.76789033538236	2.06311315998535
28.05	2.32185282199078	2.7176333784365	2.00506189017143
28.15	2.25506243927627	2.60162121764048	1.95574229600861
28.25	2.19862643971771	2.53855937871215	1.90387997302829
28.35	2.16453312181762	2.55286044081174	1.84373790518548
28.45	2.15278248557604	2.58334761193081	1.74801737253477
28.55	2.16337453099296	2.62463995985363	1.69325618763056
28.65	2.19630925806837	2.67230959545306	1.68103628661557
28.75	2.25158666680226	2.72494382188195	1.71495364794506
28.85	2.32920675719466	2.78120221311794	1.80416758194329
28.95	2.42916952924554	2.85228704521721	1.92470605159067
29.05	2.55147498295492	2.92805769969175	2.06710028413113
29.15	2.69612311832279	3.01644529797467	2.24701018593418
29.25	2.86310475684894	3.11406606401095	2.43078186283579
29.35	2.95021291813701	3.16697330800625	2.63802014178756
29.45	2.90398478913443	3.20122237750119	2.58338481348563
29.55	3.06455624712945	3.31115292879435	2.71479636013776
29.65	3.18934080979012	3.4143343905274	2.8113176787785
29.75	3.31470640743827	3.51078054542861	3.04255463600025
29.85	3.45280568122195	3.59749439853197	3.30628915163315
29.95	3.5549047900067	3.68675073100805	3.42467658727903
30.05	3.65304069069548	3.77944483049782	3.51233691076606
30.15	3.74744017950633	3.87796643765899	3.59565350498104
30.25	3.83810325643928	3.97694453131734	3.67696976598937
30.35	3.92502992149432	4.07457549044455	3.76501439696883
30.45	4.00822017467145	4.16696354353749	3.85392558719994
30.55	4.08767401597067	4.2469084019507	3.94697470412498
30.65	4.16339144539199	4.3161611374709	4.02901603532157
30.75	4.23537246293539	4.3797489555606	4.11431059202012
30.85	4.30532661196512	4.42876046978332	4.19752796788955
30.95	4.37554070647126	4.52962272650913	4.27438758712312
31.05	4.44744337514978	4.6354547919251	4.35623094938955
31.15	4.52123924675593	4.72702022976996	4.42034466688394
31.25	4.61975388413271	4.8187021389863	4.49838742389793
31.35	4.76787251580306	5.07365228659511	4.57964890250225
31.45	4.90013848787945	5.26204173775424	4.63709941108923
31.55	5.00754404606517	5.42486147648811	4.67402496072639
31.65	5.10982419578233	5.53976995656405	4.75783002816727
31.75	5.20224474265413	5.62922849814005	4.87217591608754
31.85	5.25754864298332	5.70191798581364	4.89595259257319
31.95	5.3127835979269	5.72202669045502	4.98518373184155
32.05	5.34792411558758	5.7116625990425	5.03773208233369
32.15	5.35243836174865	5.67608981544025	5.07068303507104
32.25	5.32632633641012	5.61171430598906	5.075320789006
32.35	5.26997350061158	5.54541063288062	5.04394198764735
32.45	5.20363695352532	5.48091787255194	4.91945892796772
32.55	5.12961903992344	5.43107074302163	4.80320534887719
32.65	5.04506372759592	5.37206598917478	4.7047154282442
32.75	4.97007029274759	5.29472305599551	4.6225228859225
32.85	4.89305090819067	5.20783697819884	4.56142900710419
32.95	4.81666371803912	5.10054286631572	4.5142855229802
33.05	4.74275341082003	4.99632125382359	4.48387762156373
33.15	4.67696162852805	4.90522480285637	4.45982402385387
33.25	4.65112658161906	4.84644688198984	4.4288466331432
33.35	4.64410719238612	4.85270246466356	4.42450881642391
33.45	4.64016775074982	4.85925996016712	4.42446218019273
33.55	4.62940077594737	4.85382474701058	4.44865309622611
33.65	4.61139296857227	4.82873936289453	4.44090374324301
33.75	4.58492134128971	4.79339058922454	4.40332850535635
33.85	4.53795218001879	4.76576145415638	4.35854107384287
33.95	4.48761843200203	4.7001908865992	4.29991703533474
34.05	4.42171401325785	4.64849989324603	4.23417292350047
34.15	4.35544765583323	4.58877137711076	4.16354779867606
34.25	4.28787402312397	4.49788867672691	4.10151305228019
34.35	4.20240880321562	4.41849288629827	4.01084264597901
34.45	4.12206448547954	4.36402754845543	3.91764982633929
34.55	4.05350839129322	4.31402482446806	3.83428999515061
34.65	3.99154889168526	4.28353244487544	3.75113743676457
34.75	3.92952455520909	4.25076378318882	3.66732580037801
34.85	3.86419506431777	4.21098837791833	3.57694152969887
34.95	3.79860285017738	4.18060917071695	3.4773500903118
35.05	3.73129817417478	4.14767403785199	3.37529689722079
35.15	3.66578313210377	4.11698471686051	3.28800441672668
35.25	3.60165578733057	4.08891266079195	3.18763095810876
35.35	3.52842522460932	4.00298593880309	3.09302942528828
35.449259	3.39401696591743	3.8924137507253	2.96716249180541
