phys	rec.rate	upper	lower
0.05	NA	NA	NA
0.15	0	0	0
0.25	0	0	0
0.35	0	0	0
0.45	0	0	0
0.55	0	0	0
0.65	0.225430292885597	0.596379547156147	0
0.75	0.948566921799003	1.30531627591441	0.551648880426365
0.85	1.62403557160585	2.01100395514663	1.15654965645592
0.95	2.13331291789096	2.64171090426726	1.46887922774479
1.05	2.85236883747436	3.42611657963857	2.05311406284158
1.15	3.63616412246691	4.23677224607924	2.84144647127832
1.25	4.62791149300663	5.29029069809275	3.78362306590731
1.35	5.74122581980988	6.55613970614951	4.72735838962031
1.45	6.92102137520156	7.92231479485981	5.93067760788942
1.55	8.15271956517595	9.18343418110532	7.3267503472373
1.65	9.44357865924007	10.5452814183438	8.60256914359335
1.75	10.6123967467182	12.0179199626162	9.51372110912853
1.85	11.503858414153	13.0398703190968	10.2117266771961
1.95	12.2163093787298	13.5574006888731	11.1169324491807
2.05	12.5532022716897	13.8360019240893	11.5340663648758
2.15	12.5830943008301	13.540213686052	11.8737461475458
2.25	12.6562092891884	13.5218136968503	11.930871186969
2.35	12.883036987672	13.7719250348804	12.0234438673544
2.45	13.0745769277034	14.1021849158126	11.9190403520765
2.55	12.8355099140844	14.013632222415	11.6430867000679
2.65	12.2733325870807	13.7401478828074	11.122410333379
2.75	11.6633802153483	13.1020860528764	10.4724446363492
2.85	10.978474595761	12.4221406918611	9.90885825327895
2.95	10.4306081075013	11.8719137789215	9.33847528121635
3.05	10.09755388831	11.3524735732806	8.82329782690844
3.15	9.93942994775185	11.1237094608596	8.56743378996445
3.25	10.0196870029576	11.3683753218653	8.13270774249264
3.35	10.2779622459283	11.6218153152127	8.39419817877457
3.45	10.7869301839217	12.0220596559486	8.56329813962201
3.55	11.1626100416645	12.4642079134994	9.1504447400837
3.65	11.6588099793632	12.8353806201103	10.1598357455898
3.75	12.1785283457252	13.257150820565	10.8419471453324
3.85	12.57847218514	13.7479845123973	11.4576041314743
3.95	12.9369413273589	14.1702322686694	12.0702340987591
4.05	13.2474053155076	14.3878129310663	12.3579262897481
4.15	13.4480642886226	14.6100357701607	12.4164405220232
4.25	13.5248778318433	14.7488016730211	12.4043121208741
4.35	13.5494620570534	14.7813306265973	12.3696673178309
4.45	13.4749244754272	14.7123920572071	12.3009686940409
4.55	13.2715315743292	14.6117070269828	12.0757203638269
4.65	13.0526884423966	14.3796699119926	11.9095435803113
4.75	12.7509460668033	14.1884314486343	11.6247112906218
4.85	12.3915303216914	13.9368514347867	11.1893866790959
4.95	12.0272350189548	13.5861454701142	10.7316560140868
5.05	11.6517342984248	13.2617470449699	10.267187892412
5.15	11.2373879776808	12.8023706594837	9.77076256142216
5.25	10.7804710935447	12.3160328240726	9.26807381599133
5.35	10.292703377346	11.7377141217899	8.76119917320547
5.45	9.79178894092831	11.2037763912545	8.28190986376047
5.55	9.27226188528751	10.6770034119303	7.76652872780988
5.65	8.73466103809047	10.1715440551605	7.30127951478128
5.75	8.18918952985702	9.5573558885672	6.72622709597788
5.85	7.64223616821399	9.01995846995718	6.20322685736713
5.95	7.0955091070849	8.43900249071519	5.60522613133593
6.05	6.54440159851105	7.82177087515603	5.00512733782275
6.15	5.98947342502852	7.29464940201521	4.39999189772451
6.25	5.45026814139562	6.76905280816916	3.77958044139177
6.35	4.87561495181995	6.19590348407819	3.23964258568077
6.45	4.32089586445243	5.75095131497699	2.75062064615925
6.55	3.78852422312766	5.34618594867442	2.25645320200577
6.65	3.28409536582983	4.97325677782981	1.80694690051133
6.75	2.85491193520416	4.63269676040965	1.25390573113013
6.85	2.48301387239537	4.34654454709156	0.809485273116695
6.95	2.19139318912697	4.09791427510144	0.419688664201029
7.05	1.94287907059845	3.83946806671356	0.145342413970503
7.15	1.78912094931263	3.659843457087	0
7.25	1.68550034215746	3.42738877399434	0
7.35	1.5051146844543	3.3366354155756	0
7.45	1.18858912415138	2.78206134482483	0
7.55	0.995452471618069	2.68715896755999	0
7.65	0.951743032533565	3.04448739900089	0
7.75	0.799191475088641	2.68113216931872	0
7.85	0.658577157278954	2.49815986364332	0
7.95	0.635852357700471	2.07636410216209	0
8.05	0.791236709592272	2.01022998816448	0
8.15	1.10665479548116	2.60022956899608	0
8.25	1.32832978072921	2.78271756577783	0.142571364272229
8.35	1.59448154543106	2.77701854052874	0.432564520482186
8.45	1.9070135907709	2.89661447267117	0.777757082549369
8.55	2.13003200638614	3.06267427304208	1.15217550097027
8.65	2.42723019420916	3.24307927647719	1.44999926431082
8.75	2.73767657974413	3.44055924244647	1.65138426692648
8.85	2.96351255924085	3.65518627874198	1.90381358251366
8.95	3.18073160236485	3.88368854453681	2.16187867398205
9.05	3.39437824401578	4.17694823084389	2.45865098352222
9.15	3.6039069230037	4.43466069200696	2.78946103611816
9.25	3.81421210473528	4.70142101709687	3.01685155575905
9.35	4.01342130774298	4.89668271476597	3.21450202722894
9.45	4.19572526270367	5.09857651014286	3.35244466747843
9.55	4.35045734575013	5.30110946990155	3.5171099351992
9.65	4.47997708496125	5.53367624230093	3.68349964680574
9.75	4.60691264981201	5.71010088630327	3.85023908617278
9.85	4.74087869562754	5.85032305837759	3.98241139847511
9.95	4.8549674105587	5.94484385262203	4.08617429710278
10.05	4.93916609330232	6.02284685304049	4.14917917851311
10.15	4.98684497435418	6.06401853816357	4.18270486265295
10.25	4.99445834584489	6.08531042733077	4.15882447110331
10.35	4.96398795897637	6.11892977856532	4.08264458390957
10.45	4.90008596246366	6.0337240764177	3.83393915391672
10.55	4.80866755480056	5.89786033097757	3.58416588385094
10.65	4.6958284121201	5.7167152958231	3.35024332069994
10.75	4.5621357737368	5.50200323418529	3.11928795195628
10.85	4.39645677588402	5.32682596091643	2.90229685318122
10.95	4.10242037794541	5.14032358851898	2.68696028645897
11.05	3.73266048841704	4.93487179822956	2.21105296996173
11.15	3.30027685773125	4.83734060735617	1.74711000502242
11.25	3.02052151173554	4.69901414828662	1.27143037184484
11.35	2.63694797653869	4.46630319602108	0.863717857647078
11.45	2.35167688953131	4.24194525218234	0.714540232838163
11.55	2.3285843653542	4.35072530220103	0.541634123010414
11.65	2.54429185508211	4.55132622389242	0.608767761643046
11.75	2.79723500721188	4.5648205479678	0.988379131431874
11.85	3.1554503178606	4.61197941889807	1.42611589643884
11.95	3.71298686353152	5.00152168307447	2.08715807384383
12.05	4.28085352375663	5.45635260111746	2.76516100030752
12.15	4.90968225938611	6.06961253978686	3.57127501632341
12.25	5.60267331523963	6.79335888036776	4.477825716214
12.35	6.41380093998033	7.51799422165277	5.36633378034716
12.45	7.27351064980025	8.32281642197527	6.12689311652134
12.55	8.12630711134697	9.28347434558533	7.00325615205358
12.65	8.93478639968546	10.2186558868175	7.83443908847139
12.75	9.76829632687301	11.1501734229147	8.5861869632445
12.85	10.4700353825456	12.2121493055832	9.16504678733182
12.95	11.1277867424431	13.4186121803627	9.7951605756824
13.05	12.2075833481908	14.4311336446463	10.7795451856874
13.15	12.5502863598805	14.6304745988535	10.7160192002787
13.25	12.4392588689	14.0641830789581	11.0637299122316
13.35	12.2791991078138	13.6745612451727	11.126189202847
13.45	12.1536368180999	13.5379153614681	10.6792223062709
13.55	11.9103082701032	13.2528681229893	9.98908952894122
13.65	11.4404831632774	12.7172980422545	9.75556828054771
13.75	10.8571687190803	12.2067136178444	9.47275081347207
13.85	10.3873096429125	11.4054263634247	9.21455038275416
13.95	10.0746697615881	10.8545950145171	9.33072502395653
14.05	9.89402540235714	10.7869952360486	9.05837693279507
14.15	9.61602918376187	10.682181994267	8.71468572643619
14.25	9.29864801295351	10.3669395586908	8.46634615104096
14.35	9.04300981860538	10.1139530995529	8.20855899334634
14.45	8.68241169290974	9.52360691423931	7.97067267775966
14.55	8.17215499838054	8.98072457240097	7.17621947485362
14.65	7.35241122337888	8.33512275198571	5.82855902069301
14.75	6.46214027222916	7.86339957175454	4.61478333274894
14.85	6.09221615221302	7.58432595072381	4.37993687725057
14.95	6.29547402756515	7.52055440736535	4.99238246675026
15.05	6.81190337823638	7.99143425053591	5.36407467313956
15.15	7.33513639452903	8.83497960786374	6.1732478209706
15.25	8.07384495840146	9.4729253067744	6.91266997722929
15.35	9.01817834371674	11.032874950024	7.01540502653064
15.45	9.02168039717979	10.707492519153	6.81862525719735
15.55	7.93366038579299	9.25062670904649	6.10384352275286
15.65	6.00076537664722	7.42240968252078	4.33330075765969
15.75	4.27824574578591	6.08081715143943	2.6754844493836
15.85	3.53373229815337	5.18306395297722	0.940946903822674
15.95	3.00260635543542	4.7605026884736	0.404163472451008
16.05	2.73795846607982	4.43795376310475	1.01730989033151
16.15	4.57208408170903	6.17980433764964	3.30594534454847
16.25	6.60112417426752	8.00224937084144	5.14517714892592
16.35	7.96101533669338	9.43426582612062	6.22918189134432
16.45	8.59900343333219	10.5255461654611	6.53408887331796
16.55	8.04393118009128	10.0557489197014	6.49747961106768
16.65	6.43878270124346	8.14127909247022	5.35005728581243
16.75	5.11488387676593	6.86310689340116	3.38871085621573
16.85	4.27984052883622	5.80016845687629	2.36695323315114
16.95	3.73452760533944	5.06394588914733	2.15806465758472
17.05	3.69433594799035	4.82740243376072	2.66657075195318
17.15	4.34919400244281	4.7946968739807	3.80925178338047
17.25	4.58370375110909	5.11924295066625	3.8812351595495
17.35	4.36925754033342	4.99029705179937	3.72023214309467
17.45	3.9127472893137	4.56240756303973	3.26710662005667
17.55	3.47881625287385	4.10031171231946	2.90101422517689
17.65	2.9566677407363	3.52191398428132	2.47980157885426
17.75	2.46548955190011	2.9302919842205	2.05575125394663
17.85	2.0430739293316	2.42233212052579	1.65295534193906
17.95	1.62703542343375	1.9356240441123	1.24931297082138
18.05	1.21238113417799	1.4979749721707	0.802571817351157
18.15	0.794927251033254	1.07684066447526	0.361612674468245
18.25	0.384999603032364	0.69796997926417	0
18.35	0	0.326741338764466	0
18.45	0	0	0
18.55	0	0	0
18.65	0	0	0
18.75	0	0	0
18.8198	0	0	0
