phys	rec.rate	upper	lower
0.05	NA	NA	NA
0.15	NA	NA	NA
0.25	NA	NA	NA
0.35	NA	NA	NA
0.45	NA	NA	NA
0.55	NA	NA	NA
0.65	NA	NA	NA
0.75	NA	NA	NA
0.85	NA	NA	NA
0.95	NA	NA	NA
1.05	NA	NA	NA
1.15	NA	NA	NA
1.25	9.89069155103818	14.9931151133425	6.08347201187461
1.35	7.89684046111029	13.6238832309888	2.4582573507197
1.45	7.55968020447598	12.3644718460092	3.04273240761912
1.55	7.3671094872338	11.4490886108557	3.33047673876177
1.65	7.29836179512729	10.5954835666551	3.84738652748819
1.75	7.23115100582303	9.91171825103577	4.4139489871229
1.85	7.14167483769374	9.58906691456925	4.90066015844351
1.95	7.14314781664281	9.65015368068209	5.09560053652255
2.05	7.32957282966539	9.65304084812252	4.81223930476874
2.15	7.49355578139769	9.77947468496213	4.890746456616
2.25	7.758591215383	9.95493337264434	4.65677779355033
2.35	8.26058937529598	10.1651172733515	4.97877502361592
2.45	8.83315498327731	10.6975549558313	5.68623619978497
2.55	9.59215214387129	11.6902648797606	7.16431589142018
2.65	10.5355493863702	12.7037713751763	8.44975697643433
2.75	11.2809768764398	13.7623048288413	9.38684951310148
2.85	12.1061733651491	15.3581854929527	9.84971656957797
2.95	12.7941839548031	17.0393963258529	10.1542806192505
3.05	13.1576244373049	17.5876853023992	10.3321907671952
3.15	13.2381168318315	17.866497819087	10.3016372284025
3.25	13.1968470747434	17.6226715236091	10.4969277355517
3.35	12.6932667640305	15.6957072938283	10.2845799748866
3.45	11.8860352624522	14.2756035413887	9.73559778410076
3.55	11.0439795507479	13.4742241409356	7.92858408023028
3.65	10.311019273966	12.8225889788532	6.54191008323215
3.75	9.74727706026234	11.9915650260223	6.36615937664288
3.85	9.2033332475459	11.1809372527598	6.88344157635987
3.95	8.72407900058072	10.4145135646342	6.89531623502938
4.05	8.33453822171616	9.91976182963304	6.932165097876
4.15	7.96138981519667	9.3868981871814	6.68743389676016
4.25	7.5662402281601	9.13392735639614	6.09727239094664
4.35	7.1884177964416	8.87326913307416	5.74051661353452
4.45	6.90174527418993	8.27083615159569	5.47774207968328
4.55	6.59746774740368	7.69197151230539	5.30236582864062
4.65	6.23535439280148	7.33289216369822	5.15420239729127
4.75	5.97962414855864	7.22203972518925	4.91457371092522
4.85	5.94003511996592	7.22080599215558	4.5918371001706
4.95	5.88010324261668	7.35903642790286	4.43592847258183
5.05	5.98622798989424	7.45287385647879	4.41048113000258
5.15	6.1008918372014	7.59127687396005	4.50539940243794
5.25	6.36170422462081	7.72325015739337	4.91028273889371
5.35	6.66785298723423	7.93618678802764	5.16748887645522
5.45	6.95179074937746	8.25857458712847	5.73036789733607
5.55	7.3342042505724	8.46184655353198	6.37037235925865
5.65	7.79264766966357	9.11412044512203	6.78896914454328
5.75	8.18715878838818	9.7090410067438	7.09255110308558
5.85	8.57480082008735	10.6920027513444	7.27581646555013
5.95	8.89435552073069	11.2386942486124	7.43817138793792
6.05	9.03481489481652	11.1256244268097	7.57190343619766
6.15	8.99823104183352	10.5195495085453	7.67602598679316
6.25	8.93177066521281	10.3202043827847	7.56418089627679
6.35	8.84042470560142	10.1574639682449	6.69246069598084
6.45	8.65879980499438	10.0145928806592	6.46841167152587
6.55	8.50063027973717	9.91034061171744	6.37249314918118
6.65	8.40309777801335	9.79962649576005	6.49544939812364
6.75	8.35177329923825	9.67515566238363	6.93011592595029
6.85	8.30409412988001	9.8224182096853	7.1300460275824
6.95	8.2036548719738	10.3169603328084	7.0497913221487
7.05	7.96739373439203	10.5435125134062	6.7618530775383
7.15	7.60315631638603	10.2976674823571	6.42902720289877
7.25	7.24903756597047	9.84933845281934	6.07740228582872
7.35	6.77958999777733	8.65593577237382	5.75404829854548
7.45	6.23624695090454	7.33868390657686	5.28193163184137
7.55	5.74310609226712	6.88031156608414	4.6210071509034
7.65	5.30136099118328	6.40358095743597	3.84655820579294
7.75	4.91684482133264	6.09459246750281	2.91376161097777
7.85	4.5760082250656	5.64307752599608	2.34840741127724
7.95	4.26284130926211	5.28320554952844	1.8540196492938
8.05	4.05423966759666	4.96469573716621	1.63393669045783
8.15	3.86563424587526	4.67626791382422	1.93444293346369
8.25	3.71824030592446	4.42104975372957	2.59603114549105
8.35	3.54303183070816	4.13948654879326	2.60173680073761
8.45	3.32829930714624	4.00538847027273	2.58039274309193
8.55	3.13182258251589	3.9325626771764	2.44452216538773
8.65	2.95360165681719	3.85467401090883	2.27384959010261
8.75	2.79363653005012	3.74416880100465	2.09587000302085
8.85	2.65192720221466	3.57690202107472	1.94575312161986
8.95	2.5284736733108	3.42200121386569	1.81224607384319
9.05	2.42327594333858	3.26722593506628	1.69979793089257
9.15	2.33539002088439	3.08024280530768	1.63659346761057
9.25	2.21494830769269	3.01860422907336	1.55465609615785
9.35	2.11271894137187	2.81225346962889	1.51775542534051
9.45	1.98546827824196	2.65964575833626	1.40726681557884
9.55	1.85864405904465	2.49502603195945	1.23627928266393
9.65	1.78020783692331	2.35675388984673	1.07547981165657
9.75	1.74882902635295	2.26449971854504	1.00976775928397
9.85	1.69677444104726	2.27140385632311	0.927810116124774
9.95	1.60381836510833	2.259202564382	0.801519632656954
10.05	1.51060518275869	2.21213669184987	0.677479978568049
10.15	1.45988736030766	2.13916103689874	0.683552362203246
10.25	1.45079322607031	2.05853410061462	0.849363581797433
10.35	1.42180134370389	1.98641010202102	0.814641290160061
10.45	1.37381239175314	1.98546953594314	0.79832516318806
10.55	1.33585110521323	2.0068094774731	0.796619353383835
10.65	1.30791748408417	1.96577289243733	0.812852980619165
10.75	1.29001152836601	1.86728139664109	0.840140725144088
10.85	1.2816970748419	1.76581709294643	0.843663354539188
10.95	1.25674705085862	1.76126936190877	0.848532974640402
11.05	1.22885910344542	1.67578873499118	0.833936692967223
11.15	1.19101657302726	1.61788870370171	0.758563958389924
11.25	1.15816989160141	1.51835502307975	0.786893039122687
11.35	1.12248188783271	1.44708402199334	0.757527896704537
11.45	1.0680266003216	1.44673305547283	0.694194845806776
11.55	1.0126410103304	1.43675974806396	0.657946093155223
11.65	0.957839832919504	1.41394007523928	0.573258860923892
11.75	0.903623068088933	1.38126959775522	0.502317667850166
11.85	0.849990715838669	1.33349471230167	0.451981590850733
11.95	0.796942776168754	1.27477723843083	0.382264301292311
12.05	0.744479249079115	1.20274997013387	0.313656667196297
12.15	0.692600134569804	1.11196118818274	0.244064246491011
12.25	0.641305432640796	0.999111582987371	0.183907009700438
12.35	0.586158133765	0.935103177917646	0.11183075196928
12.45	0.524905023804621	0.85923184855806	0.0601233773050256
12.55	0.450030744028333	0.770127447405059	0.0187124506817786
12.65	0.371870374640519	0.673510020699328	0
12.75	0.290201091676323	0.582323203880828	0
12.85	0.200484105169964	0.485638754848326	0
12.95	0.121069559881001	0.423879890669321	0
13.05	0.0519648961776812	0.359351214016664	0
13.15	0	0.316417941818402	0
13.25	0	0.281143063762738	0
13.35	0	0.264676928912949	0
13.45	0	0.263650559888963	0
13.55	0	0.261297255306061	0
13.65	0	0.262742915589972	0
13.75	0	0.272780535471978	0
13.85	0	0.284262009810733	0
13.95	0	0.315002322233924	0
14.05	0	0.358389828344736	0
14.15	0	0.407777330831327	0
14.25	0.0268796954166437	0.454081382308873	0
14.35	0.091803492326454	0.533863688351717	0
14.45	0.129611278232898	0.563223042173403	0
14.55	0.170786108252666	0.577716544108628	0
14.65	0.219775966598588	0.61638842089633	0
14.75	0.237660557259562	0.648471235610983	0
14.85	0.264408869161101	0.698318709466767	0
14.95	0.300039986726561	0.740288765425375	0
15.05	0.344553909955955	0.797680377806738	0
15.15	0.397950638849299	0.828200856215268	0
15.25	0.460230173406566	0.862891604057445	0
15.35	0.531392513627743	0.910553592083456	0.0414954307428063
15.45	0.596716398267334	1.00240248468527	0.0431640911177952
15.55	0.661868831568644	1.17584951394687	0.133829112232147
15.65	0.696269978137267	1.13573497824423	0.167422192078548
15.75	0.735867231624724	1.27910195277766	0.215404451338853
15.85	0.779175431521148	1.41211438351755	0.263023653661354
15.95	0.826188654556036	1.49655819528861	0.306815867529197
16.05	0.876906900729391	1.57798465513756	0.35962830250727
16.15	0.931330170041203	1.59534793175874	0.408411132215802
16.25	0.989458462491575	1.6031191177638	0.477295036759081
16.35	1.05129177808038	1.6128439437892	0.550775278266833
16.45	1.11230618151469	1.63543284814869	0.6002211960892
16.55	1.16958411099321	1.67047234970244	0.669981418232927
16.65	1.22667057428747	1.6534957952297	0.770775214357097
16.75	1.27688414994542	1.70493972572949	0.82711925375118
16.85	1.32192598929027	1.74998992917422	0.838873998993626
16.95	1.3488273249846	1.77635764803573	0.816796841285431
17.05	1.36051156154421	1.79432864546605	0.730452799213751
17.15	1.35472468171122	1.7951475063774	0.658876237207544
17.25	1.34233902823148	1.83461786492191	0.538581453293527
17.35	1.36051160572113	1.92700445034133	0.422154100633031
17.45	1.40925549132661	2.02418382097975	0.423441559785507
17.55	1.48857068504801	2.12989734378884	0.520153398214592
17.65	1.59845718688536	2.27947524300272	0.693939437470537
17.75	1.73891499683863	2.41706216098177	0.934447048133632
17.85	1.9099441149078	2.57465745793481	1.2174038324755
17.95	2.07456669812858	2.71509746064274	1.4268959494307
18.05	2.23165734725426	2.91108749162331	1.62640103623537
18.15	2.42224629401593	3.09638332660504	1.83786825867724
18.25	2.63148489990459	3.35664070078992	2.02673880910915
18.35	2.84565857611124	3.81251497999954	2.14490883212424
18.45	3.04941764269304	4.1898643937551	2.28104646472224
18.55	3.2478542345415	4.55408801371424	2.44257346629225
18.65	3.37581258205306	4.76747010420612	2.50846790285827
18.75	3.46958628957185	4.66389574028838	2.56108573542033
18.85	3.52014528688402	4.36027470449498	2.57006213443671
18.95	3.57589948392125	4.41871813300389	2.61866338158688
19.05	3.66918504646406	4.60699363531362	2.68009216473418
19.15	3.80000949259361	4.75058413905107	2.74647787089871
19.25	3.96837282230991	4.91877177438231	2.87736257033618
19.35	4.1742750356129	5.08916923960195	3.13680303181706
19.45	4.41771613250262	5.28449570154376	3.42353294968324
19.55	4.69869611297906	5.54052006901328	3.67635948627396
19.65	4.94728960701129	5.8391245825862	3.47756278810206
19.75	5.20059347285249	6.34478285576848	3.40927417927286
19.85	5.50150173480484	6.78988954576364	3.39759943637735
19.95	5.8376420351484	7.21518450989905	3.92206717092631
20.05	6.18834749920634	7.69545085952006	4.34088786047583
20.15	6.58322412009979	8.16852390421617	4.90014487506635
20.25	7.01325542306851	8.82178275244773	5.46955852222376
20.35	7.41943877140187	9.52752280617351	5.87872056468506
20.45	7.74139563840952	9.91237545694088	6.09304192124942
20.55	8.05766680282544	10.5188436710113	6.28647524349572
20.65	8.35937089911105	11.0557297692503	6.52375639372586
20.75	8.62634245853297	11.2207150887051	6.80104010425996
20.85	8.86754749887991	11.2146748376859	6.97993187056963
20.95	9.04034532030014	10.9620751932796	7.19617248667748
21.05	9.2104771826341	11.093660254663	7.25632619732949
21.15	9.48790451371263	11.6400409303704	7.3917750154888
21.25	9.81913056214655	12.2011827222813	7.17186754299244
21.35	10.2004148903823	12.7009724650943	7.25781187456913
21.45	10.65302079885	13.1561977638258	8.18976039545615
21.55	11.183705519955	13.5189019259025	9.25474915042732
21.65	11.7883846179477	13.9609822279935	9.83347283916438
21.75	12.397978946855	15.2312598229457	10.0493484126207
21.85	12.6393445211708	15.7785462653666	10.2252408204305
21.95	12.5333839551071	15.8777994980594	10.1345426712325
22.05	12.534113365821	16.3704612136025	10.0404963234852
22.15	12.5827594799842	16.9558117256507	10.1193851629186
22.25	12.3586735702995	16.6455896145464	10.0232639139856
22.35	11.7258968191339	15.1129004803815	9.79215506941048
22.45	11.2291718453212	13.9708160726079	9.23739796700125
22.55	10.5455811220827	12.3635921619521	8.8078811977174
22.65	9.8642012757846	11.5886651906493	8.01218275261828
22.75	9.29841675740047	11.1706132231643	6.30100702004697
22.85	8.85362706175314	10.7148802830604	5.12792541373661
22.95	8.52337163171948	10.2538976326217	4.85593653026287
23.05	8.28550515004571	9.75406939021225	5.24034429297115
23.15	8.04894958124154	9.35648959892813	5.59274539112962
23.25	7.8499202797894	9.04576831498707	5.74301358436114
23.35	7.68385454640376	8.73728310707557	6.29210779298692
23.45	7.46945858009257	8.55511044036854	6.42890289886125
23.55	7.25874620236397	8.32386915251143	6.34881486343046
23.65	7.03944362824217	8.15642474566449	6.05905965466387
23.75	6.82040210090416	8.08381577769564	5.72782225451791
23.85	6.6057826862286	7.99222203623334	5.41508945665424
23.95	6.39558538421551	7.88567217054367	5.09533190412629
24.05	6.2048445298423	7.73661480001554	4.87447728744397
24.15	6.01396549871606	7.52729517098127	4.79082399399987
24.25	5.81029673161733	7.49761762328082	4.46558798945996
24.35	5.60539877486224	7.4768193671857	4.11639395023275
24.45	5.39950715729361	7.47881746676477	3.75960639061992
24.55	5.15971404945622	7.22549553063894	3.45238682918551
24.629975	4.99610008010623	7.16996674774739	3.17285963341753
