phys	rec.rate	upper	lower
0.05	NA	NA	NA
0.15	4.43280217379158	6.08444433970174	2.56609090675956
0.25	4.75433966336001	6.3977833740328	3.03686840347647
0.35	4.99741791785722	6.5355978715912	3.41711192476708
0.45	5.33855822497961	7.08414963355219	3.80389473778539
0.55	5.56625469087425	7.2233183254228	4.15358351810876
0.65	5.84088702124441	7.57381274893104	4.50367260261078
0.75	6.08266263030259	7.72870516591397	4.86269728864602
0.85	6.31213485697331	7.84001148776929	5.19189301887101
0.95	6.53296980492818	7.96275363436184	5.52018230387728
1.05	6.76516213667559	8.09646009419228	5.87349091769739
1.15	7.01143684131107	8.24929476860468	6.18537448005438
1.25	7.25031083103813	8.36447138504467	6.50619849967974
1.35	7.48328936727196	8.50362291648707	6.76295044210958
1.45	7.72299591854435	8.63251650586572	7.04200454936704
1.55	7.95484494283023	8.81476007792049	7.27601777537006
1.65	8.17607277173258	8.99246716059285	7.49301054411695
1.75	8.38667940525142	9.21857232852333	7.7076148770754
1.85	8.58666484338671	9.40382083920951	7.90934789715208
1.95	8.7760290861385	9.56000939904411	8.12059533781686
2.05	8.95477213350675	9.71703626524304	8.32531482731971
2.15	9.12289398549149	9.83940254356579	8.5244698090482
2.25	9.28734787566936	9.95826618452321	8.72325191171216
2.35	9.47005352213111	10.1484644934364	8.86302005099029
2.45	9.66110425806685	10.4051692753968	8.91734730450149
2.55	9.83985909341161	10.6267562394501	9.02322041435808
2.65	10.0055944452266	10.8758789057293	9.2354740644196
2.75	10.2044682619677	11.1252644211081	9.38430124870512
2.85	10.4438234906074	11.4226138153491	9.46919779003222
2.95	10.6682097176871	11.7095809000119	9.62833300119693
3.05	10.8705798171057	12.0509308162503	9.80542313665329
3.15	11.0509337888632	12.4096896986005	10.0443327026686
3.25	11.2416599060882	12.6493369689286	10.3571659664829
3.35	11.5350085482164	12.9405567688149	10.5476060410281
3.45	11.8289331724977	13.108877701369	10.8235713251507
3.55	12.1791376161541	13.4389188638961	11.0316629982496
3.65	12.4660164842417	13.7644380873542	11.2417414931088
3.75	12.6533512631921	14.0909604866501	11.3613334838725
3.85	12.7411419530054	14.3224717109322	11.4481222820586
3.95	12.7293885536815	14.361020331196	11.4377623888395
4.05	12.6504467497861	14.3472002242962	11.3943595820682
4.15	12.652779983918	14.1892121308543	11.5122309835501
4.25	12.55387999024	13.945864658589	11.4786990125131
4.35	12.3543173787312	13.6345732892113	11.3841129433858
4.45	12.195976277248	13.4129271901685	11.3136632562495
4.55	12.0696234593848	13.2525538800273	11.2733222703583
4.65	11.9922035212531	13.2566624252543	10.9968175829345
4.75	11.8723712167306	13.089628036943	10.8637117666999
4.85	11.6903247347924	12.8350473729989	10.7532320674388
4.95	11.4978781569953	12.602374561577	10.3718869106235
5.05	11.2975768739228	12.3100406536038	10.091063400682
5.15	11.075302905332	12.0727780069135	9.67813283455364
5.25	10.8470109098814	11.8795351914519	9.20116990723914
5.35	10.6533353087102	11.767102348993	8.80147330688818
5.45	10.4702086370915	11.6754137584616	8.49965698879035
5.55	10.2784317531246	11.6126954441681	8.32418598311607
5.65	10.2393942190984	11.517418246327	8.33815999427135
5.75	10.1702996517125	11.4006608029924	8.36413924419185
5.85	10.0677891803375	11.3104381824221	8.31878645537907
5.95	10.1346262193961	11.2281296940749	8.56080787504046
6.05	10.219542331582	11.2566757850837	8.77330686186219
6.15	10.3420533734863	11.3938711970865	9.13610857782848
6.25	10.4574816392591	11.6714088746689	9.33648331664911
6.35	10.5429315516166	11.7957898968991	9.38135429469241
6.45	10.6351006680905	11.7698736526315	9.58837487639211
6.55	10.7408261636517	11.8230980709893	9.90058658349886
6.65	10.8362464706927	11.9878867983705	10.0214155422833
6.75	10.8667118535583	11.9583068300993	10.0695521951271
6.85	10.9183538155651	12.0656496253975	10.0474626448358
6.95	10.9426119958468	12.0357589451559	10.0285513150273
7.05	10.9258050795282	11.947847634797	10.0330244229748
7.15	10.8679330666091	11.8227036312209	10.0098298813293
7.25	10.776042125974	11.7387489664537	9.97967525187974
7.35	10.6968636925587	11.6315377927788	9.84036420824951
7.45	10.6130533120677	11.5044702406562	9.66571981746552
7.55	10.5188419755308	11.3790266727356	9.58373162508404
7.65	10.418478437588	11.1978509791053	9.56898564662812
7.75	10.3385195446563	11.1738877762756	9.47146887305709
7.85	10.2847515857759	11.2613377149663	9.42914352726875
7.95	10.2470912558581	11.2507344560829	9.35616389199551
8.05	10.2156793783575	11.2197731215084	9.37100438960885
8.15	10.1916808748071	11.2288760788889	9.31064993212698
8.25	10.1637124507906	11.3378170639715	9.20468199218329
8.35	10.1676716731717	11.4634482328674	9.06974469380796
8.45	10.0873122320524	11.4667631492578	8.94819028381387
8.55	9.89437273117949	11.1929161545137	8.82638483556428
8.65	9.61835841368675	10.7988835709205	8.7342689642459
8.75	9.39064220661164	10.4809796979061	8.6187041654599
8.85	9.15749184851448	10.1780437683968	8.47927773421785
8.95	8.92080872318733	9.83550946750724	8.26920947370119
9.05	8.69757338226058	9.54539181322833	8.02427456814756
9.15	8.44349863796077	9.19326453309364	7.78858660158566
9.25	8.19095445195327	8.80845111555648	7.53963580972643
9.35	7.92991705955718	8.51618849954899	7.26295807836487
9.45	7.65712449028873	8.36618785473288	6.91069239217214
9.55	7.4364644920193	8.28085977807356	6.50002501982377
9.65	7.27689766881315	8.16239675248227	6.19559154305724
9.75	7.17842402067031	8.05956405176112	6.04787021449738
9.85	7.11376395590397	7.94411425941025	6.00563222558111
9.95	6.99038595269967	7.87054544996504	5.78693526423111
10.05	6.84336346740144	7.83854857109162	5.57371482898774
10.15	6.79645218801801	7.76646837345828	5.52792462229856
10.25	6.85286787508079	7.73906696029629	5.78056087126671
10.35	6.89201904702588	7.67825113479737	5.7978745814714
10.45	6.9464518387351	7.69795522768777	6.05197710439553
10.55	7.02757355479278	7.76189002687377	6.17784715615418
10.65	7.07770229859266	7.84788291984998	6.19965631404511
10.75	7.07103764812172	7.93830066876935	6.21712990586699
10.85	7.02575414054662	7.98774456881871	6.20138111297236
10.95	7.00610002223175	8.01877563297509	6.08382274969505
11.05	6.92269292164688	8.0607229476041	5.9209006442043
11.15	6.75962274172719	8.01545722274485	5.79030590641322
11.25	6.51688948247257	7.74458070480428	5.61830893932309
11.35	6.21906586091571	7.34567469001101	5.42763893996367
11.45	5.97211094956638	7.05231277153638	5.26791055303807
11.55	5.75853256152689	6.78917612349919	5.10159411394608
11.65	5.47128003393227	6.39448555973625	4.88756102728657
11.75	5.20557391079768	6.04575874921317	4.69501581464912
11.85	4.96527169416716	5.76338117699212	4.5009408176634
11.95	4.76045148262441	5.47530700296175	4.31631478163311
12.05	4.54761522295778	5.28063497068362	4.10140000932783
12.15	4.31478501765484	5.0765253727058	3.83954861507848
12.25	4.06705233029409	4.91389969202231	3.53405600621356
12.35	3.82924836913634	4.81324877316237	3.24360926582342
12.45	3.60384199761645	4.64533553335674	2.96610880585518
12.55	3.37439906164645	4.40837573895573	2.64650608333542
12.65	3.1367038607212	4.20452960219497	2.32546392018791
12.75	2.89247327238016	4.00607682362712	1.98138678163604
12.85	2.65191713833697	3.85190539046236	1.62158527579794
12.95	2.41070242454199	3.69551472968321	1.263027852772
13.05	2.17834278447869	3.50823485818443	0.92524388208452
13.15	1.95000088257459	3.34473815540375	0.585929584927668
13.25	1.72478111975084	3.17800061582585	0.244512900484758
13.35	1.51745910853708	2.99796938896674	0
13.45	1.36767612113304	2.82648250609754	0
13.55	1.24579333599557	2.6753451066485	0
13.65	1.12739627174034	2.53719879454399	0
13.75	1.01247778860969	2.40155230737456	0
13.85	0.901037886603579	2.32114850169325	0
13.95	0.793076565722163	2.25449727832441	0
14.05	0.688593825965289	2.16234546457111	0
14.15	0.587589667333015	2.03503177624714	0
14.25	0.490064089825347	1.91543163145642	0
14.35	0.396017093442276	1.85485519730264	0
14.45	0.305448678183812	1.75647391870603	0
14.55	0.21835884404993	1.69869984767964	0
14.65	0.134747591040675	1.64228484910537	0
14.75	0.0546149191559453	1.58527070128377	0
14.85	0	1.52828291584131	0
14.95	0	1.50092250847016	0
15.05	0	1.47395441261667	0
15.15	0	1.42462032097171	0
15.25	0	1.37266301163753	0
15.35	0	1.33042407067321	0
15.45	0	1.2886826145204	0
15.55	0	1.25584470039558	0
15.65	0	1.22398659678285	0
15.75	0	1.18564325053217	0
15.85	0	1.17129398156903	0
15.95	0	1.14336738393847	0
16.05	0	1.11394778637189	0
16.15	0	1.0905540655041	0
16.25	0	1.0651362418039	0
16.35	0	1.03675137479303	0
16.45	0	0.999339285191826	0
16.55	0	0.967148877291514	0
16.65	0	0.977530309922901	0
16.75	0	0.959867611569123	0
16.85	0	0.942646192410542	0
16.95	0	0.926175208250456	0
17.05	0	0.944484035316673	0
17.15	0	0.945364107720634	0
17.25	0	0.926897802712759	0
17.35	0	0.909646516795268	0
17.45	0	0.894572999006831	0
17.55	0	0.892017602755808	0
17.65	0	0.89482136440352	0
17.75	0	0.902660203657221	0
17.85	0	0.908561534658014	0
17.95	0	0.92076131528052	0
18.05	0	0.946540787204185	0
18.15	0	0.976875426539901	0
18.25	0	1.0075761186533	0
18.35	0	1.03372393555615	0
18.45	0	1.02271158014953	0
18.55	0	1.04626914624903	0
18.65	0	1.05544594182683	0
18.75	0	1.06162718996855	0
18.85	0	1.0692873359486	0
18.95	0	1.08220135041522	0
19.05	0	1.11246782532847	0
19.15	0	1.14564925423386	0
19.25	0.0489761483037728	1.17706816591442	0
19.35	0.128858208150611	1.20067283638517	0
19.45	0.212218849122021	1.21199309876732	0
19.55	0.299058071217986	1.28443288184038	0
19.65	0.389375874438604	1.34404271449856	0
19.75	0.483172258783806	1.40678296021642	0
19.85	0.580447224253599	1.45607465032914	0
19.95	0.681200770847975	1.56878087261007	0
20.05	0.785432898566977	1.68659785488798	0
20.15	0.893143607410571	1.8461890012776	0
20.25	1.00433289737874	2.0212715941187	0
20.35	1.11592464154713	2.19361206566418	0
20.45	1.2115861837606	2.32929648548167	0.017052826298578
20.55	1.30525920049565	2.47139808864601	0.0985936391228023
20.65	1.39992243397381	2.57959259349864	0.177917435615716
20.75	1.49557588419507	2.69166967698743	0.271368205917492
20.85	1.5922195511594	2.7815579802137	0.34351662183981
20.95	1.68985343486681	2.85957581384182	0.420665765783538
21.05	1.78847753531739	2.9576260793764	0.508356925343584
21.15	1.8880918525109	3.04987912399665	0.596197099528228
21.25	1.98869638644769	3.18064299666897	0.68249711140885
21.35	2.08987274592275	3.30333602506647	0.756752997741049
21.45	2.18906784719517	3.43163921225036	0.855587314119795
21.55	2.28766178861988	3.54410010625685	0.907580867866785
21.65	2.38602281575175	3.65962182074123	1.01362071667164
21.75	2.48415092859072	3.76081015360311	1.10640370536143
21.85	2.58204612713692	3.91373491664431	1.17927093132165
21.95	2.6797084113902	4.07395360437899	1.23227864577727
22.05	2.77713778135069	4.188755957303	1.3253153571944
22.15	2.87433423701829	4.30606422544167	1.40044334330655
22.25	2.97129777839302	4.49157637170381	1.46650115732473
22.35	3.06802840547498	4.57621579382915	1.53692562925284
22.45	3.16452611826401	4.73785707522639	1.5953367585805
22.55	3.2607909167603	4.94692554541774	1.66078200425868
22.65	3.35682280096364	5.1362573059566	1.72081109413125
22.75	3.45262177087416	5.39505724566472	1.76854349112353
22.85	3.54818782649185	5.64593923361253	1.80227393582746
22.95	3.64352096781671	5.91580351740213	1.85382266102329
23.05	3.73862119484872	6.1967982776074	1.92112604805619
23.15	3.83311370273688	6.48075167153958	1.98504333214456
23.25	3.92210994970021	6.62964326913904	2.05068686583999
23.35	4.00401323467694	6.64533268002888	2.12466788132452
23.45	4.08696822663637	6.60304437430518	2.1981293911665
23.55	4.16803296445223	6.57464524202716	2.27516095189927
23.65	4.2462138525788	6.54507118349492	2.35834128603436
23.75	4.3215108910158	6.52282454184155	2.41104170721201
23.85	4.39392407976341	6.48843971664289	2.45292720381465
23.95	4.46345341882158	6.54814829255372	2.5175040967474
24.05	4.53009890819032	6.53077369441705	2.57590561839539
24.15	4.59386054786963	6.50920441585639	2.62652449235472
24.25	4.65473833785945	6.46631712408093	2.66833039932269
24.35	4.71273227815991	6.40309879359925	2.73541196200219
24.45	4.76784236877085	6.3634372889659	2.81693931433731
24.55	4.8200686096924	6.3473385751714	2.86096697485652
24.65	4.86941100092454	6.31461778366257	2.93284444339779
24.75	4.91586954246718	6.32503662044404	2.98491911710346
24.85	4.95944423432036	6.29941277578702	3.07608398702921
24.95	5.00013507648418	6.29713830393223	3.12853498787092
25.05	5.03794206895853	6.25640375509189	3.18595674751612
25.15	5.07286521174344	6.2242837656194	3.24377552287008
25.25	5.10490450483892	6.19559394056437	3.28746552055001
25.35	5.13405994824493	6.16598542357714	3.35937946972843
25.45	5.15846251283847	6.14597877841335	3.38722910752548
25.55	5.16938560779506	6.16818959596476	3.49279715444822
25.65	5.17716299451485	6.22312687200126	3.61202574046047
25.75	5.18373771596907	6.24706138905839	3.65439160950493
25.85	5.18910977215762	6.29632857625594	3.61799791527691
25.95	5.19327916308046	6.32248104066311	3.5954733904546
26.05	5.19624588873772	6.37343680491441	3.63689732476121
26.15	5.19800994912929	6.40093609695805	3.64417073458912
26.25	5.19857134425522	6.455218764793	3.59980285287066
26.35	5.19793007411551	6.50148891034922	3.57008012533355
26.45	5.19608613871014	6.56000507672682	3.5783538361593
26.55	5.19303953803912	6.65343009129044	3.57106107587306
26.65	5.18879027210246	6.70018919473311	3.55289043995136
26.75	5.18333834090013	6.77201363631538	3.5285920673011
26.85	5.1766837444322	6.84878283226097	3.57024212510506
26.95	5.16882648269859	6.93797338140162	3.60197812478631
27.05	5.15976655569932	7.04897620498431	3.64441227394076
27.15	5.14950396343443	7.10792441613455	3.67412102728818
27.25	5.13717199704247	7.15869031936897	3.72008192670735
27.35	5.12091247113328	7.21028214896998	3.7672671827851
27.45	5.10892342591456	7.16854196745332	3.80894355660214
27.55	5.10234939851429	7.16953927440622	3.84957940652582
27.65	5.09868193104801	7.14797250546677	3.91947707249732
27.75	5.0982767662776	7.03536916082637	3.94028755829924
27.85	5.11024679558175	7.00243088318193	3.95127031840968
27.95	5.13215978262206	6.89728024071886	4.02922829720387
28.05	5.16579586808328	6.75761206636865	4.128522095086
28.15	5.20717759405201	6.67644491142145	4.21982244261639
28.25	5.245207663661	6.56693368243534	4.30571218780226
28.35	5.28155110082381	6.43602111067371	4.37527086850865
28.45	5.31768567574476	6.35127224791626	4.43699374918586
28.55	5.35357735313858	6.26324584289141	4.50584403562949
28.65	5.38880824970559	6.16398178030498	4.59264436637007
28.75	5.41097637582707	6.11239106228818	4.67314173769052
28.85	5.41119466124903	6.08618229005011	4.64996642835836
28.95	5.39183832038759	6.11256441551447	4.45778361037326
29.05	5.39195180296371	6.14683849586211	4.27359807458719
29.15	5.40693596938268	6.1487475891829	4.13816066555082
29.25	5.38736538360375	6.18360264919759	3.81960633970022
29.35	5.39290353927726	6.20480397060309	3.60411451821405
29.45	5.3614669043757	6.2717760415527	3.43763236998064
29.55	5.32254066756653	6.32219204322497	3.22570327223662
29.65	5.38517828854755	6.38680633914992	3.44428572234545
29.75	5.42847459551684	6.4716415439213	3.54326327765842
29.85	5.42213450365413	6.56480140832779	3.50320657842339
29.95	5.50885642958641	6.63941788679739	3.73689830563286
30.05	5.70094316640001	6.68994322264993	4.18124208935506
30.15	5.87002985727578	6.75614101325444	4.54486273775645
30.25	6.07818583197558	6.91738669788169	5.06557479731163
30.35	6.27492614904321	7.26678250244292	5.3313610583012
30.45	6.45534174776229	7.63760117743166	5.50598369845904
30.55	6.65016125793344	8.03267676092416	5.63806869435168
30.65	6.79869229736306	8.37164893954649	5.78624063634394
30.75	6.89143187325742	8.54175694337788	5.88591400794882
30.85	6.95637483942654	8.53243950322439	5.95421949200075
30.95	7.08898653362319	8.57713503191368	5.99925042098056
31.05	7.12055652922128	8.62438148811	6.06064904757507
31.15	7.1790582804187	8.62536051924897	6.06807572826038
31.25	7.27320495318355	8.62049128629478	6.0707265325159
31.35	7.23861575732748	8.69689006281041	6.07520711924663
31.45	7.29404279501853	8.68850556821025	6.06090577470186
31.55	7.29085582977688	8.48412520463167	6.04448278637018
31.65	7.19003107331507	8.39821746150779	6.03123175376267
31.75	7.02351175842134	8.27118113151974	5.99186634773109
31.85	6.95667176508213	8.08103304740121	5.96473311693724
31.95	6.83815679631917	7.88182624011089	5.94691134871738
32.05	6.65718416628405	7.62682796421028	5.88724329467107
32.15	6.51997060256423	7.33580422280596	5.83467102604618
32.25	6.33919403907307	7.08009974057839	5.76102826627691
32.35	6.18037090388709	6.87716020134389	5.65879999482663
32.45	6.05206495009865	6.69384450680314	5.38917968914257
32.55	5.9469833578682	6.50105395930107	5.27837771906322
32.65	5.85805194864133	6.34582146543007	5.26536616713362
32.75	5.77564190819143	6.23686181893702	5.18917441076308
32.85	5.69311177414842	6.15646269922702	5.09106909005522
32.95	5.61121483455758	6.09768708492355	4.96450804270297
33.05	5.5348380172219	6.04456917291637	4.87577604995082
33.15	5.46398132214154	5.97892489439555	4.83412734130127
33.25	5.3986447493164	5.91660938687819	4.80272272182473
33.35	5.3388282987467	5.84467237043989	4.80364265040421
33.45	5.28453197043216	5.81403293779551	4.83553870141818
33.55	5.23263410903863	5.77627206517268	4.83755823608428
33.65	5.16941965245556	5.72033757501418	4.76624488409984
33.75	5.1089260324255	5.66172662172223	4.69843091587204
33.85	5.04513265113859	5.63612995053496	4.61902627441506
33.95	4.98613123955527	5.59796871807291	4.52911514288301
34.05	4.92078275701344	5.5807045520034	4.42261342414637
34.15	4.85621562791939	5.55936875854045	4.33847103880808
34.25	4.79428958414246	5.53388615857008	4.24680571512939
34.35	4.73072952732702	5.47823483858327	4.16856772356151
34.45	4.66867186372931	5.4758784308973	4.07623009542429
34.55	4.6070479860274	5.46619234885615	3.97999480093235
34.65	4.54645400912878	5.4448649299443	3.88182100791725
34.75	4.48688993303354	5.4235208238507	3.78235928600597
34.85	4.4283557577414	5.40240346038544	3.67979758750288
34.95	4.36856267198527	5.41029247114401	3.58669019872066
35.05	4.32696628235804	5.39124679054826	3.54007505906765
35.15	4.29311686523498	5.38169495220465	3.4502134257592
35.25	4.13293813213932	5.31559333375422	3.31571176407077
35.304138	4.1006199615311	5.30645826989855	3.2618844588509
