phys	rec.rate	upper	lower
0.05	NA	NA	NA
0.15	3.98421079058494	5.18156873428422	2.914962028211
0.25	4.00252833507756	5.09642533781728	3.01527324942481
0.35	4.02000700974322	5.00367731710432	3.10480489860329
0.45	4.03664713178135	4.92928192759623	3.18899246680761
0.55	4.24892539699255	6.23740375630192	3.28683131888797
0.65	4.22150578876453	6.02829313860382	3.20939512866743
0.75	4.21745250615077	5.82188830419383	3.30730260476518
0.85	4.21190482328264	5.58472169705148	3.38244116975957
0.95	4.2053456234825	5.38264594874224	3.49196102562577
1.05	4.17800902887172	5.16913376304352	3.38218522099402
1.15	4.16384144185961	5.01054382311015	3.45586867289185
1.25	4.09249125557205	4.7390451989199	3.4259281972538
1.35	4.02922083918792	4.75534156913338	3.37394975048786
1.45	3.98696535191138	4.72795969069792	3.17652551560727
1.55	3.96572479374244	4.69985265949232	3.00058325884262
1.65	3.96546824326212	4.73148124829928	2.9126267906865
1.75	3.93558556918484	4.78667687492878	2.82112159284858
1.85	3.91473150938078	4.86255905901644	2.64476471452066
1.95	3.96507493070574	4.95482575667133	2.57851917263135
2.05	4.07679605530886	5.02139666623524	2.63413294439687
2.15	4.15366962260238	5.14482042600021	2.81629463367543
2.25	4.29653186751095	5.28531695862344	2.97331942242814
2.35	4.51694508152303	5.44857726966834	3.24437093653116
2.45	4.73290975344337	5.6644240168969	3.54385987835247
2.55	5.03524149541492	6.0214486079176	3.89440514516909
2.65	5.3693661570822	6.42188056110516	4.42077403469776
2.75	5.71640311276936	6.87921464700652	4.56543703253255
2.85	5.95783976763192	7.39785104015191	4.63137594838334
2.95	6.07352064682928	7.54970475853831	4.69078228299638
3.05	6.07033333251312	7.37045470239975	4.74052078307782
3.15	6.1536866851845	8.01129448457971	4.76148836458253
3.25	6.0472252839269	8.09486730175319	4.79791619603933
3.35	5.96828676462463	8.21645967463898	4.84252494086396
3.45	5.90884690775441	8.35805566157234	4.81845598835065
3.55	5.75682456569269	8.32634910954711	4.79785705118248
3.65	5.6371895370247	8.35238303984136	4.6587371826637
3.75	5.33013341298987	7.02493000728322	4.47178229032308
3.85	4.98578872752761	5.95420057785993	4.19357919141226
3.95	4.66882470722533	5.58224536672964	3.52967035566536
4.05	4.41922861690635	5.49601232576199	2.77304422132462
4.15	4.22330870548071	5.39881956953924	2.17785220090363
4.25	4.0810649729484	5.25560472228868	2.05051983718904
4.35	3.99249741930943	5.09285683640534	2.14819299784335
4.45	3.94812989102415	4.93034849344147	2.35333727121941
4.55	3.82018232501086	4.7904281160964	2.51501239361073
4.65	3.78050414516903	4.70458940797648	2.55709851127902
4.75	3.71114751859638	4.61529908091624	2.4487989213432
4.85	3.68143027194311	4.56077705843353	2.56803849645143
4.95	3.75415491974226	4.50462271449703	2.83517161543185
5.05	3.86771140654812	4.50323176815864	2.93847270647711
5.15	3.8906962842139	4.61723737836779	3.00931353444547
5.25	3.92467837750159	4.69717211465923	3.08457131693703
5.35	3.97692888554479	4.67035055523578	3.17590687692229
5.45	4.03686370131256	4.65123726724538	3.30876515706062
5.55	4.08802942379085	4.70796351087687	3.29798269582051
5.65	4.12550410704774	4.819993729128	3.20507995493677
5.75	4.16664560454609	4.90999113646026	3.15664673670905
5.85	4.21724620573631	4.97522263271949	3.27607740473817
5.95	4.27730591061839	5.00004497673636	3.54827505984578
6.05	4.35394041860147	5.04268012147358	3.75363323845671
6.15	4.42824288870143	5.10317360866201	3.73124327255513
6.25	4.4728775138827	5.18485964730641	3.75090459951776
6.35	4.48768235289019	5.24561455443893	3.77765079007392
6.45	4.47265740572394	5.23628745708636	3.8466831294838
6.55	4.42780267238399	5.18283504051578	3.90019627214506
6.65	4.35453853084109	5.00858485549053	3.91260475303648
6.75	4.33442941609764	5.00155541947047	3.87050554847178
6.85	4.31350704459872	4.96940987017482	3.7936869659692
6.95	4.27292253929291	4.97000145007704	3.66407763181369
7.05	4.24844280895625	5.03544789710625	3.54006356740289
7.15	4.21619031383837	5.04303386106585	3.37828900067902
7.25	4.14950846660528	4.97933980341601	3.2142659496428
7.35	4.04839726725704	4.93744845219147	3.06340962601886
7.45	3.91285671579357	4.80441945671907	2.8843544776262
7.55	3.75488291870279	4.60158683151274	2.75972889293093
7.65	3.60131019478609	4.48356218183709	2.64510594133878
7.75	3.44660707518349	4.41281273453941	2.5271668171049
7.85	3.29573455965158	4.31112063224797	2.38070742167713
7.95	3.14259874759345	4.13006486304802	2.24126971693605
8.05	2.98719963900906	3.80092406869956	2.07764494417153
8.15	2.81118901267493	3.55013025142052	1.9118789998592
8.25	2.57127633089366	3.2781240504819	1.77440879863667
8.35	2.3449274945723	3.07968119431244	1.63244758135607
8.45	2.16908261519412	3.01454136157854	1.43140825375252
8.55	2.04374169275911	3.02462026374567	1.23567742499305
8.65	1.96890472726728	3.00177695327328	1.05661687428248
8.75	1.94457171871861	3.03414329875722	0.972595931308385
8.85	1.97074266711315	3.08977141743258	0.868353307586701
8.95	1.97890543104138	3.0964016915397	0.817635190640849
9.05	1.91251520842293	3.01618305905866	0.812226605870524
9.15	1.91949514594403	3.07629449377449	0.84401010099362
9.25	2.00413363767553	3.19676605903391	0.910422313259033
9.35	2.16223361708671	3.35400667030349	1.00041197078557
9.45	2.26688442174218	3.45606266136231	1.11997776965413
9.55	2.37389332421673	3.57136161502523	1.26260582690546
9.65	2.54083441451671	3.77863287086501	1.4814143863365
9.75	2.76770769264216	3.97683939534298	1.79121660682605
9.85	3.05451315859309	4.18852451750695	2.12841299251414
9.95	3.39394399880984	4.41863181644122	2.43075690375014
10.05	3.73621295178632	4.85069061533921	2.80267103730224
10.15	4.09069223670404	5.32746183770862	3.27670236552536
10.25	4.4619377564089	5.80623194562519	3.69333608904011
10.35	4.84994951090089	6.06917643912063	4.09658654793466
10.45	5.30217058972915	6.83445272144735	4.39130681025144
10.55	5.73325357838883	7.42842353186224	4.61647593385891
10.65	6.13730056347095	7.84808387756962	4.84884034004938
10.75	6.49617368336647	8.3174881159302	5.04044409069177
10.85	6.70855955448279	8.32208750590826	5.146195764744
10.95	6.73123297410855	8.28213739709558	5.21599772029718
11.05	6.82516528919853	8.52389044926755	5.37339888548458
11.15	7.05583139851357	8.92606269006966	5.1109682463287
11.25	7.20868915326295	9.17609577438025	5.20607598955545
11.35	7.22871285328499	8.99272551703699	5.52802523893972
11.45	7.25098940625453	9.41723082670759	5.49547834843292
11.55	7.3508193920498	10.0630444556257	5.56314356144184
11.65	7.23215897323924	11.3796062205428	5.33702967047043
11.75	6.78627213679095	11.2709226442022	5.16574663598938
11.85	6.33335965167232	10.8780772332495	4.93273182362512
11.95	5.90839988116185	8.88478584113388	4.76324371895633
12.05	5.61075821426495	7.31947330696118	4.49952566579875
12.15	5.29907994838787	6.74345484057365	4.18000316233686
12.25	4.97147667811447	6.28711168027836	3.68967643799832
12.35	4.62794840344485	5.86526583216666	2.93836387513161
12.45	4.26849512437886	5.4761214521345	2.01065237935902
12.55	3.89311684091665	5.15080043075761	1.01294869678032
12.65	3.50181826227668	4.78215058330601	0.156381659408226
12.75	3.16218575784422	4.35346509197179	0
12.85	2.9862110020945	4.02783861662115	0
12.95	2.75384202012304	3.82522386769919	0
13.05	2.53984630941454	3.64908600877731	0.443881244612283
13.15	2.35198405902522	3.51483993019219	0.630794049491364
13.25	2.19025526895508	3.37845711222678	0.775418990714814
13.35	2.05465993920408	3.24553440394915	0.723558208587607
13.45	1.94519806977228	3.12029366525892	0.598647556699591
13.55	1.86186966065963	3.12082435142903	0.489409379550322
13.65	1.80467471186612	3.10959963393309	0.377730173767155
13.75	1.77361322339185	3.16168751153589	0.420748531733565
13.85	1.76868519523668	3.22847543087861	0.489278488690902
13.95	1.78989062740072	3.16838551306378	0.626139737132727
14.05	1.83722951988394	3.18766212796248	0.775832491752563
14.15	1.91070187268627	3.15023382984741	0.989186407251484
14.25	2.01030768580781	3.08617084737896	1.22086679967557
14.35	2.13604695924851	3.13731828135331	1.38456703249445
14.45	2.29527311233986	3.40712355775873	1.47017506249978
14.55	2.3767151334185	3.76530894069783	1.54691719546264
14.65	2.36998465220353	4.01958237814585	1.55922461027331
14.75	2.3363757007726	3.82561175511679	1.60798142551695
14.85	2.30053066726117	3.82126560138855	1.62956136318976
14.95	2.27037487100853	3.72876860054852	1.60669615635087
15.05	2.23877846850479	3.6614212629235	1.58972677878937
15.15	2.21507632825407	3.85503554662377	1.5956437328764
15.25	2.18515775677743	3.61316693170958	1.55167650541848
15.35	2.14581599223514	3.27870360856332	1.53249826883929
15.45	2.09815569864009	2.96328027961218	1.51829570014032
15.55	2.05422940311068	2.66787867157498	1.49287598398026
15.65	2.01425362794197	2.57523519390561	1.42543252886282
15.75	1.97687511399195	2.49504565365896	1.37402075918439
15.85	1.94209386126052	2.44793314242985	1.30676700743772
15.95	1.90990986974778	2.41845150164	1.25972981399699
16.05	1.88032313945365	2.39452161844855	1.22019763184543
16.15	1.8533336703782	2.36124624866747	1.22314824279806
16.25	1.82894146252137	2.31372785520852	1.1865612590403
16.35	1.8071465158832	2.26913529838611	1.08893582346467
16.45	1.78794883046367	2.21851281098451	1.03368609098406
16.55	1.7713484062628	2.18073808261153	1.06671331583013
16.65	1.75734524328056	2.15577540845811	1.10280002742466
16.75	1.74593934151696	2.10353150612119	1.16825040347308
16.85	1.73708269490233	2.0629193136096	1.25323313080103
16.95	1.72388740801667	2.05432819416367	1.27688409751406
17.05	1.70262366466024	2.02968030498007	1.25595880457567
17.15	1.67866144458081	2.01957493975219	1.23116483881999
17.25	1.65544650850194	2.00556099551733	1.20639652682191
17.35	1.6329788564235	1.99789518048042	1.17432314337634
17.45	1.61125848834559	1.97878224582589	1.152009711556
17.55	1.59028540426815	1.95287223796097	1.11792979200574
17.65	1.57005960419121	1.91704766315928	1.12582072032635
17.75	1.55058108811474	1.87153089661635	1.12677595275076
17.85	1.53184985603878	1.82864788630895	1.10979709660632
17.95	1.51163781041217	1.79233002294664	1.05591280482445
18.05	1.48853210693122	1.76561166346943	1.02627086329025
18.15	1.46370604991446	1.7367286609787	0.994823437828575
18.25	1.43728979353506	1.71665413664212	0.975186500484031
18.35	1.41125389103243	1.6999776195117	0.951289716654083
18.45	1.38559834240657	1.68855140158171	0.917980722753976
18.55	1.36032314765756	1.66935637281039	0.863091911390369
18.65	1.33542830678529	1.64646118434693	0.856013633350831
18.75	1.31091381978981	1.61507168255456	0.837284794324595
18.85	1.28677968667111	1.59400794122925	0.796345566987817
18.95	1.26302590742922	1.55227613472119	0.756720803718681
19.05	1.23965248206411	1.51627560230715	0.724414292582772
19.15	1.21665941057574	1.47650110815532	0.67181238938925
19.25	1.19148681481536	1.44997009792583	0.631965866420099
19.35	1.16374326261472	1.41158828742992	0.589170052837238
19.45	1.13397833531038	1.38377539462962	0.535126151735612
19.55	1.09914715857193	1.35618697923044	0.474160390302267
19.65	1.06550547854069	1.31370237231337	0.408715845983108
19.75	1.03328873691372	1.27705394990381	0.353038322553442
19.85	1.00249693369108	1.25506369268473	0.318438296326476
19.95	0.973130068872678	1.23766924252181	0.294812545759423
20.05	0.945188142458557	1.21313957007018	0.25943501881688
20.15	0.91867115444874	1.1965125370819	0.221412558817346
20.25	0.893579104843207	1.18136931557662	0.196165297034423
20.35	0.869911993641897	1.15814648102152	0.17903224746224
20.45	0.847669820844935	1.14627098458682	0.151566500969092
20.55	0.826852586452219	1.13012624563968	0.125742942576645
20.65	0.807460290463786	1.12210174249554	0.0906726319851701
20.75	0.78949293287962	1.11004282942943	0.0446902232189191
20.85	0.768952913647502	1.09643805792802	0.00783235052973541
20.95	0.738843900121823	1.0433709945973	0
21.05	0.710156047690109	1.00331050460436	0
21.15	0.68358953156688	0.985544140621905	0
21.25	0.659144351752151	0.977047251920399	0
21.35	0.636820508245898	0.969603953272245	0
21.45	0.61661800104813	0.962272187307554	0
21.55	0.598536830158868	0.953640039814062	0
21.65	0.582576995578047	0.946495947580598	0
21.75	0.568738497305745	0.94466870063784	0
21.85	0.55702133534192	0.948311282559744	0
21.95	0.547425509686573	0.958119088608782	0
22.05	0.539951020339713	0.963945337828577	0
22.15	0.534597867301354	0.970325629388175	0
22.25	0.531366050571494	0.98268655343957	0
22.35	0.524359624513311	0.991867761215119	0
22.45	0.499103237556337	0.938031552088172	0
22.55	0.475302924277561	0.896733939269319	0
22.65	0.454824302100701	0.865480116736398	0
22.75	0.437667371025737	0.831985756824935	0
22.85	0.423832131052601	0.823467011408168	0
22.95	0.413318582181421	0.827510925099815	0
23.05	0.406126724412025	0.84079654300629	0
23.15	0.402256557744597	0.849601774076353	0
23.25	0.401708082179013	0.864573619653129	0
23.35	0.404481297715269	0.889252279071856	0
23.45	0.410576204353478	0.911278621261532	0
23.55	0.419992802093552	0.94517307775929	0
23.65	0.432731090935478	0.984962311019054	0
23.75	0.447408740074627	1.02408791227959	0
23.85	0.442454520422621	1.01374433861243	0
23.95	0.432444889877728	0.990644006226628	0
24.05	0.425456317230192	0.950094539300214	0
24.15	0.421488802480221	0.933635798875376	0
24.25	0.420542345627654	0.924796468661915	0
24.35	0.422616946672597	0.91487924716525	0
24.45	0.427712605614974	0.915498623309427	0
24.55	0.435829322454838	0.908621934526452	0
24.65	0.446967097192152	0.921645536518963	0
24.75	0.461125929826951	0.942537449310751	0
24.85	0.478305820359216	0.965226276853994	0
24.95	0.498506768788915	0.983082065523902	0
25.05	0.521728775116173	1.04318320994002	0
25.15	0.547971839340794	1.07576364764899	0
25.25	0.577235961462931	1.12577217945966	0
25.35	0.609521141482542	1.19840906250518	0.023557392493721
25.45	0.644827379399589	1.27088275188745	0.0890151099888589
25.55	0.683154675214114	1.34137617793964	0.136243116269353
25.65	0.724503028926156	1.42622120826668	0.223892344364974
25.75	0.768872440535592	1.50632294446394	0.307824059836455
25.85	0.816262910042533	1.60072519983837	0.385733001045777
25.95	0.866674437446937	1.67557936902298	0.436360243474292
26.05	0.920107022748823	1.77017704441707	0.490345405651645
26.15	0.976560665948139	1.86576606116648	0.558748460509078
26.25	1.03603536704495	1.96336421444152	0.60923318791445
26.35	1.09853112603922	2.07803584925425	0.692201264474282
26.45	1.16404794293098	2.19138176305409	0.779955864869516
26.55	1.23258581772015	2.31516628842416	0.850899146632218
26.65	1.30414475040686	2.43992279245069	0.904731603247997
26.75	1.378724740991	2.58007585887717	0.95995919100289
26.85	1.45632578947259	2.69796917497287	1.01505753951856
26.95	1.53694789585168	2.8109361829464	1.07165287954145
27.05	1.62059106012823	2.94083701359484	1.13109041929371
27.15	1.70725528230226	3.079384992679	1.17843525864591
27.25	1.79694056237369	3.25454030011446	1.22832978974615
27.35	1.88964690034268	3.43303277405426	1.26764716042775
27.45	1.97546168311462	3.57800271181579	1.3199600301258
27.55	2.05549183056703	3.57988202594178	1.38895885950591
27.65	2.13714287609889	3.53117411239945	1.42789877577208
27.75	2.21060904057842	3.48299403940437	1.45934788897552
27.85	2.28222603784775	3.45893433477376	1.51617971382465
27.95	2.35199386790699	3.41110250110077	1.57686704580989
28.05	2.41991253075611	3.36218360160028	1.62999317521881
28.15	2.48598202639512	3.35271108198362	1.67513904162613
28.25	2.55020235482398	3.31552129750649	1.72038286477986
28.35	2.61171393065001	3.3112870072274	1.76496570247412
28.45	2.66134311954682	3.31901704664043	1.81615157149797
28.55	2.69357242505089	3.27812766011126	1.87064443477242
28.65	2.69940636875519	3.24818339971946	1.89436831101261
28.75	2.69406645203998	3.25308308590506	1.92108370982062
28.85	2.68183242113259	3.22777066010702	1.9749066740429
28.95	2.66216416895448	3.15342637321932	2.00635148866053
29.05	2.63171661872464	3.13992168869927	2.02573143780735
29.15	2.59127865766279	3.06698934578	2.01483587021307
29.25	2.54913601431982	3.06293436089599	1.99318675190831
29.35	2.50818497180143	3.01804393614695	1.97815684321507
29.45	2.46842553010761	2.97412375793255	1.95456053130545
29.55	2.42329032027967	2.87849126487645	1.8755126168141
29.65	2.36202533030994	2.78715146742862	1.82051685203094
29.75	2.28914718657238	2.70624873169412	1.77121888002193
29.85	2.19906601014031	2.6639585561924	1.69803136522181
29.95	2.12012105126378	2.64297228396201	1.60461817679793
30.05	2.05315460020933	2.62869257721185	1.5162487800307
30.15	1.99816665697695	2.5961970306992	1.44243396483083
30.25	1.95515722156669	2.58058952455778	1.34917394538417
30.35	1.92412629397846	2.57346233632562	1.27040623943303
30.45	1.90471247324609	2.59532680461516	1.21169032378664
30.55	1.85879543674524	2.57954191736741	1.16966920730407
30.65	1.80775637856876	2.55413821433447	1.14670916239132
30.75	1.78122325317332	2.57762852006668	1.11225293449807
30.85	1.77919606055896	2.59857594999487	1.04824634525226
30.95	1.80167480072553	2.6328395517199	1.01839987326353
31.05	1.84865947367322	2.65719445854628	1.04048516901629
31.15	1.92015007940191	2.70499565566174	1.08114374905399
31.25	2.01614661791161	2.75625174176774	1.11318594138152
31.35	2.13663080662273	2.85531174253719	1.16557673371781
31.45	2.20958543921	2.95862520331236	1.25777052695952
31.55	2.23143598223937	3.06555044287079	1.32488559783763
31.65	2.28362040574565	3.19201872184496	1.27429447947655
31.75	2.36889832430832	3.30978328685563	1.30095163907883
31.85	2.48726973792747	3.42026504397935	1.37879381504957
31.95	2.63873464660301	3.51262838831636	1.48342984712386
32.05	2.80819707500172	3.59800359760519	1.64080757388755
32.15	2.95672406580092	3.86434428764294	1.77560747789025
32.25	3.11381781516779	4.11872775285379	1.89188229106549
32.35	3.28185033193009	4.32904273650323	2.02146236341352
32.45	3.46082161608778	4.47114181130414	2.29394650501737
32.55	3.65220084342093	4.60558177867958	2.68297866266718
32.65	3.88119456857877	4.81631161515262	2.77445812770079
32.75	4.15630135668358	5.31384087144919	3.15615085920159
32.85	4.39887660948546	5.8872100139495	3.32770148624576
32.95	4.59006286031773	6.3277687361178	3.47256351167951
33.05	4.72986010918034	6.59539228120667	3.58571565465975
33.15	4.81826835607336	6.58794766024251	3.68128825508579
33.25	4.85532673479546	6.59815464902947	3.77518556003682
33.35	4.95666429335216	7.32040297879326	3.84913245752177
33.45	5.06263278132559	8.47242141201533	3.91917318983604
33.55	5.11976357632605	8.91608598597544	3.9506823317461
33.65	5.16635397183342	9.29271579194542	3.99071052699883
33.75	5.09324457241791	9.03445034661761	4.01253828245211
33.85	5.00232956041101	8.62742264168023	4.03904395159472
33.95	4.74723237453916	6.38300618141974	4.04692754290255
34.05	4.57699091138473	5.45747063819865	3.97097402918119
34.15	4.44946796960101	5.23341812633173	3.05654497416454
34.25	4.34539081131691	5.16183467749947	2.33655690769575
34.35	4.26475943653251	5.05538385445123	1.81735583108387
34.45	4.20757384524764	5.01923517312612	1.60085290320111
34.55	4.17383403746245	4.97796412805598	1.81057467708079
34.65	4.16354001317685	4.9514377058544	2.16603035317719
34.75	4.17068608023209	4.98302082281226	2.72445202350631
34.85	4.15101228711921	5.01720569370821	2.87855218753617
34.95	4.1226795539257	5.06835286533263	2.89809761158139
35.05	4.10044479519375	5.09656644218196	2.85321034928291
35.15	4.07984865338583	5.11433164137811	2.89495732134559
35.25	4.06056917009772	5.16333042391302	2.82004405557608
35.35	4.04021594563008	5.17046062820492	2.70277637172712
35.45	4.03307578558189	5.12788701197909	2.8045299691157
35.55	4.01862518776322	5.16615207459799	2.67472981533997
35.65	4.00361650553187	5.20052908727963	2.51789083188737
35.75	3.98868011617537	5.23961526315978	2.39136515893492
35.85	3.98667726784249	5.2253767225303	2.53827331939908
35.95	3.97305848396215	5.2735990541105	2.41220965790378
36.040684	3.96040042102325	5.32111311667241	2.3061461972797
