phys	rec.rate	upper	lower
0.05	NA	NA	NA
0.15	4.7229091789341	5.18932478671904	4.31345560678886
0.25	4.77010706876169	5.21776414397417	4.37780488414956
0.35	4.82713023796281	5.25481193922088	4.45123668961083
0.45	4.89397868653747	5.30046817245916	4.53451033830054
0.55	4.97065241448567	5.35473284368903	4.62762583021867
0.65	5.05715142180741	5.41760595291047	4.73058316536524
0.75	5.15347570850268	5.48972504040533	4.84854985829248
0.85	5.25915861353508	5.57157739571512	4.974348551116
0.95	5.35807137441073	5.65673086214255	5.08501390264609
1.05	5.42672044916014	5.71211330336484	5.16806698044711
1.15	5.48595651277107	5.75312318714318	5.24384739068558
1.25	5.54064810363506	5.7904477902626	5.3145211518245
1.35	5.59080026002202	5.82386109883575	5.38008826386384
1.45	5.63641298193194	5.85336311286265	5.44054872680363
1.55	5.67748626936484	5.87895383234331	5.49590254064385
1.65	5.71402142911637	5.90063325727771	5.5461497053845
1.75	5.74854759253151	5.91856430146798	5.5972003786447
1.85	5.81429179874319	5.95417749009895	5.69725725761525
1.95	5.89852215495795	6.01491366845455	5.79773434704056
2.05	5.97014631455829	6.06614051378515	5.88313000672341
2.15	6.02829319216893	6.11035750584301	5.95121964343185
2.25	6.07296278778984	6.14516802099199	6.00205589469813
2.35	6.10415510142105	6.16859447471321	6.03986407711175
2.45	6.12187013306253	6.18064769013261	6.06057295320633
2.55	6.1261078827143	6.18587642518924	6.06810251002032
2.65	6.11709551997143	6.17563767513175	6.06604512642397
2.75	6.11566613778692	6.15785440231262	6.08206668113443
2.85	6.16605257829941	6.21595688550099	6.11323720572726
2.95	6.23604490224878	6.30180644088528	6.15099657529333
3.05	6.2974140031304	6.3723769263055	6.20920927434502
3.15	6.34684555056586	6.43203871487313	6.25635869952266
3.25	6.38430794412142	6.47655618907555	6.29188027034495
3.35	6.40980118379709	6.50908057243707	6.30907747266364
3.45	6.42332526959285	6.52846493646948	6.31491298738569
3.55	6.4248802015087	6.53488554313666	6.31218837694496
3.65	6.41446597954466	6.52850209111816	6.29681099594115
3.75	6.39208260370073	6.50994996584234	6.26980141582217
3.85	6.35773157601552	6.47601193125028	6.23283050803338
3.95	6.33023001906855	6.48398335169087	6.19021238670301
4.05	6.39235561916505	6.59391550670927	6.1896679206938
4.15	6.47215975048238	6.67329953601837	6.25867177714
4.25	6.52126533553222	6.7131414827234	6.3226605671039
4.35	6.53787939611333	6.71716201605688	6.35297127242613
4.45	6.5220019322257	6.68536113601888	6.34672176949529
4.55	6.47363294386934	6.61773884260946	6.30508482981706
4.65	6.39584490796671	6.53682896169943	6.22696867731605
4.75	6.32606038902436	6.62760391731012	6.1313463485062
4.85	6.281289127432	6.74613217119819	6.05329582012092
4.95	6.24093162600488	6.84119935245869	5.98896429712618
5.05	6.20044229459304	6.91759082972282	5.92765050140429
5.15	6.15759125805104	6.96944107504029	5.8662972991448
5.25	6.11218702295799	6.99983820589421	5.80490469034782
5.35	6.06422958931386	7.02727070996768	5.74347267501336
5.45	6.01371895711869	7.03659799925446	5.68200125314123
5.55	5.96065512637245	7.02798575498738	5.62032396967621
5.65	5.90503809707514	7.00176748243091	5.55860584792018
5.75	5.84686786922678	6.96007981545834	5.49718851005181
5.85	5.78614444282736	6.90446929419993	5.43601506707034
5.95	5.72286781787686	6.83167434777747	5.37360396575847
6.05	5.65703799437532	6.74146686035348	5.31144828643687
6.15	5.58865497232272	6.63384683192797	5.24934818282881
6.25	5.51771875171903	6.50881426250073	5.18581048140405
6.35	5.44422933256431	6.36636915207194	5.12225846693592
6.45	5.36818671485851	6.20651150064143	5.05868729713129
6.55	5.28959089860166	6.02924130820928	4.99400516687296
6.65	5.20844188379375	5.83455857477564	4.92940695554605
6.75	5.12532390376611	5.65821982405127	4.86489266315051
6.85	5.04086972839367	5.55796679588875	4.80046228968647
6.95	4.96058192364244	5.49320600579787	4.73611583515384
7.05	4.88318698257543	5.42600857047499	4.67185329955246
7.15	4.80817261943424	5.35637448991999	4.60767468288267
7.25	4.73331334730099	5.28430376413321	4.54357998514414
7.35	4.65831767082972	5.20979639311429	4.47731977363188
7.45	4.58318559002044	5.13285237686353	4.38535821814562
7.55	4.50791710487314	5.05347171538074	4.26799813920823
7.65	4.43251221538782	4.97165440866611	4.14587805216978
7.75	4.3569709215645	4.88740045671915	4.02568995321209
7.85	4.28129322340317	4.80070034601988	3.90756639940737
7.95	4.20547912090382	4.71139509690714	3.79318172324924
8.05	4.12952861406645	4.61995819898007	3.68130839888109
8.15	4.05344170289107	4.52608820575829	3.57168569537927
8.25	3.97721838737769	4.42966992060023	3.464376585744
8.35	3.90085866752628	4.33081270015983	3.35941508533199
8.45	3.82436254333686	4.22951654443703	3.25680119414319
8.55	3.74773001480944	4.12606006257727	3.15575176126006
8.65	3.670961081944	4.02243921891707	3.05683759957492
8.75	3.59405574474053	3.91787727569471	2.96095752816997
8.85	3.51701400319905	3.80829070752346	2.86742492196839
8.95	3.43983585731959	3.70055132814546	2.77476764929256
9.05	3.36252130710209	3.59424993944306	2.68323324276058
9.15	3.28507035254656	3.49008245713155	2.59564056571291
9.25	3.20748299365306	3.38184731779069	2.51018540522469
9.35	3.12975923042152	3.29758145702609	2.4268514614522
9.45	3.05189906285196	3.21891467393552	2.34580710032313
9.55	2.97390249094441	3.14102876093494	2.26716004634869
9.65	2.89576951469881	3.07374129236983	2.1907960439165
9.75	2.8172655992853	3.01046862086631	2.11630552660834
9.85	2.73678885710389	2.94715102589167	2.04454592685615
9.95	2.65595669158636	2.88378850744584	1.97517487275058
10.05	2.57584885945085	2.82038106552923	1.90807328071591
10.15	2.49694763748818	2.75693308300624	1.84333270534084
10.25	2.41938296007837	2.69345836898572	1.78098033678786
10.35	2.3430913595618	2.62993871036905	1.72101617505716
10.45	2.2678867574154	2.56709307158954	1.66344022014884
10.55	2.19405481973534	2.50330799513914	1.57981433301547
10.65	2.12163053189033	2.44033040629715	1.47513823448174
10.75	2.05053584456617	2.37736685221962	1.36996226515856
10.85	1.97940089284406	2.31437998120667	1.27047685157859
10.95	1.9087076961609	2.251185982067	1.17668199374174
11.05	1.83920435562442	2.18701688862794	1.08857769164806
11.15	1.77153976131395	2.12449579470427	1.0061639452975
11.25	1.70571391322951	2.06219932779783	0.930614611588387
11.35	1.64172681137106	1.99909587210658	0.861131694033943
11.45	1.57957845573864	1.93611018744101	0.79754617701139
11.55	1.51841647688946	1.87448609954027	0.739858060521153
11.65	1.44839755846513	1.81289732157624	0.688067344563067
11.75	1.36120059239004	1.74627559488126	0.642174029137039
11.85	1.26937109103779	1.63836677823896	0.602178114243089
11.95	1.18335430001442	1.52442780936251	0.567800273830404
12.05	1.10404835519748	1.41742352948863	0.536921782854074
12.15	1.03108840147134	1.31735393861697	0.510073339335641
12.25	0.964834652661888	1.22421903674757	0.491022088784982
12.35	0.905399825695985	1.13810879219806	0.47376933151552
12.45	0.852783920573643	1.08991712414715	0.463163095539279
12.55	0.806986937294869	1.0829858905601	0.456387696760644
12.65	0.768008875859625	1.07836803747203	0.453979717389016
12.75	0.735849736267997	1.06961457403587	0.461459584755072
12.85	0.710509518519875	1.06981353618233	0.475394742140539
12.95	0.69198822261535	1.07234245338835	0.489622984318618
13.05	0.680285848554353	1.07720132565389	0.504184022647438
13.15	0.675402396336955	1.08439015297881	0.526747359172891
13.25	0.67733786596309	1.0939089353635	0.553989768274024
13.35	0.686092257432785	1.10575767280736	0.586113585224841
13.45	0.70166557074606	1.11993636531097	0.588845905125338
13.55	0.724057805902877	1.13644501287395	0.598680289068945
13.65	0.753268962903264	1.15542158249088	0.604732992101523
13.75	0.789299041747201	1.17736788835352	0.61975142283097
13.85	0.832148042434712	1.20166975181598	0.635754002157814
13.95	0.878305109292818	1.19593950431757	0.660520699880126
14.05	0.924958623739653	1.16771098321294	0.692396950876442
14.15	0.973187021582941	1.1627021500791	0.731343362261915
14.25	1.01451699978079	1.14087482287581	0.778966808218848
14.35	1.02494211113845	1.12505705702815	0.834451143957067
14.45	1.00380866487451	1.0929724367368	0.877289038206962
14.55	0.975503609032316	1.03768594321037	0.821225456996184
14.65	0.944684671739446	1.05332614928305	0.768511184772488
14.75	0.89525815046506	1.01274723446675	0.714051122424881
14.85	0.843330010911449	0.957810208529524	0.660805111092584
14.95	0.791741912130795	0.902142201542142	0.608773150775396
15.05	0.740642241768897	0.847517989906797	0.557955241473372
15.15	0.690559988404338	0.793937573623675	0.508351383186492
15.25	0.641495152037048	0.74164234577647	0.459961575915035
15.35	0.593447732667063	0.690612131958894	0.41278581965861
15.45	0.546417730294359	0.640613672896297	0.366824114417351
15.55	0.50040514491897	0.591676156546193	0.32207646019144
15.65	0.45540997654088	0.543778245579661	0.278542856980608
15.75	0.411432225160088	0.496911214127252	0.236223304785006
15.85	0.368471890776575	0.451434385179047	0.195117803604582
15.95	0.326528973390367	0.407081713585949	0.1552263534393
16.05	0.285603473001471	0.363751813520802	0.116548954289323
16.15	0.245695389609856	0.321444684983646	0.0790856061544964
16.25	0.206804723215544	0.280160327974641	0.0428363090348694
16.35	0.168931473818538	0.239898742493601	0.00780106293048444
16.45	0.132075641418814	0.200659928540406	0
16.55	0.0962372260163825	0.162443886115367	0
16.65	0.0614162276112799	0.1252572048644	0
16.75	0.0276126462034302	0.0891001089749311	0
16.85	0	0.0539658063822134	0
16.95	0	0.0198542970860154	0
17.05	0	0	0
17.15	0	0	0
17.25	0	0	0
17.35	0	0	0
17.45	0	0	0
17.55	0	0	0
17.65	0	0	0
17.75	0	0	0
17.85	0	0	0
17.95	0	0	0
18.05	0	0	0
18.15	0	0	0
18.25	0	0	0
18.35	0	0	0
18.45	0	0	0
18.55	0	0	0
18.65	0	0	0
18.75	0	0	0
18.85	0	0	0
18.95	0	0	0
19.05	0	0	0
19.15	0	0	0
19.25	0	0	0
19.35	0	0	0
19.45	0	0	0
19.55	0	0	0
19.65	0	0	0
19.75	0	0	0
19.85	0	0	0
19.95	0	0	0
20.05	0	0	0
20.15	0	0	0
20.25	0	0	0
20.35	0	0	0
20.45	0	0	0
20.55	0	0	0
20.65	0	0	0
20.75	0	0	0
20.85	0	0	0
20.95	0	0	0
21.05	0	0	0
21.15	0	0	0
21.25	0	0	0
21.35	0	0	0
21.45	0	0	0
21.55	0	0	0
21.65	0	0	0
21.75	0	0	0
21.85	0	0	0
21.95	0	0	0
22.05	0	0.00657453680824806	0
22.15	0	0.0169604092692041	0
22.25	0	0.0119247571046411	0
22.35	0	0.00546943308086679	0
22.45	0	0.00217079350285413	0
22.55	0	0.0125482676537965	0
22.65	0	0.0129020211665212	0
22.75	0	0.00553475180649709	0
22.85	0	0	0
22.95	0	0	0
23.05	0	0	0
23.15	0	0	0
23.25	0	0.00913582835633539	0
23.35	0	0.0127936473726747	0
23.45	0	0.0112804633284063	0
23.55	0	0.0118769192015014	0
23.65	0	0.0042774897443713	0
23.75	0	0	0
23.85	0	0	0
23.95	0	0	0
24.05	0	0	0
24.15	0	0	0
24.25	0	0	0
24.35	0	0	0
24.45	0	0	0
24.55	0	0	0
24.65	0	0	0
24.75	0	0	0
24.85	0	0	0
24.95	0	0	0
25.05	0	0	0
25.15	0	0	0
25.25	0	0	0
25.35	0	0	0
25.45	0	0	0
25.55	0	0	0
25.65	0	0	0
25.75	0	0	0
25.85	0	0	0
25.95	0	0	0
26.05	0	0	0
26.15	0	0	0
26.25	0	0	0
26.35	0	0	0
26.45	0	0	0
26.55	0	0	0
26.65	0	0	0
26.75	0	0	0
26.85	0	0	0
26.95	0	0	0
27.05	0	0.00265999087039499	0
27.15	0	0.00914191729179224	0
27.25	0	0.0126389765629969	0
27.35	0	0.0012186827488083	0
27.45	0	0	0
27.55	0	0	0
27.65	0	0.000560874116063174	0
27.75	0	0.00492805399077058	0
27.85	0	0.0101437170956567	0
27.95	0	0.0142820500355224	0
28.05	0	0.0184347170742513	0
28.15	0	0.0142747039690823	0
28.25	0	0	0
28.35	0	0	0
28.45	0	0.00438189267304887	0
28.55	0	0.0147561402699024	0
28.65	0	0.0243814394388725	0
28.75	0	0.0195928765818558	0
28.85	0	0.0214466375800925	0
28.95	0	0.0316412663988615	0
29.05	0	0.0280034269100074	0
29.15	0	0.0339238202606266	0
29.25	0	0.0281257416918278	0
29.35	0	0.0215789888222947	0
29.45	0	0.0209116120909471	0
29.55	0	0.027566022709823	0
29.65	0	0.0328676570199308	0
29.75	0	0.0355232815553659	0
29.85	0	0.0479352095671317	0
29.95	0	0.0490072100904132	0
30.05	0	0.0564201370564837	0
30.15	0	0.0437971015317296	0
30.25	0	0.0274048891095996	0
30.35	0	0.0271149683799564	0
30.45	0	0.0396570118847874	0
30.55	0	0.0501648159852294	0
30.65	0	0.0635818172990019	0
30.75	0	0.0773620863964196	0
30.85	0	0.0915056232774334	0
30.95	0	0.0932354890221953	0
31.05	0	0.0780135061758152	0
31.15	0	0.0612461761189218	0
31.25	0	0.0467725802640056	0
31.35	0	0.0318851343401074	0
31.45	0	0.0181670430493636	0
31.55	0	0.00556423737125114	0
31.65	0	0	0
31.75	0	0	0
31.85	0	0	0
31.95	0	0	0
32.05	0	0	0
32.15	0	0	0
32.25	0	0	0
32.35	0	0	0
32.45	0	0	0
32.55	0	0	0
32.65	0	0	0
32.75	0	0	0
32.85	0	0	0
32.95	0	0	0
33.05	0	0	0
33.15	0	0.000259642790183525	0
33.25	0	0.0142270936614464	0
33.35	0	0.0289125867559077	0
33.45	0.00507688344634822	0.045500713091106	0
33.55	0.0202345205205863	0.062614584568446	0
33.65	0.036145416345722	0.0802542011881051	0
33.75	0.0528095709217865	0.0984195629500831	0.00759960377734348
33.85	0.0702269842487635	0.117110669854344	0.0202301697608143
33.95	0.0883976563266467	0.136327521900691	0.0339491064075612
34.05	0.107321587155451	0.156070119089548	0.0468847632487919
34.15	0.126998776735179	0.176338461420572	0.0627727086795007
34.25	0.147429225065796	0.19713254889388	0.0792202897328156
34.35	0.168612932147333	0.218452381509415	0.0967355737904116
34.45	0.190549897979824	0.240297959267377	0.115856181614603
34.55	0.213240122563177	0.262669282167419	0.13626667460087
34.65	0.236683605897463	0.285566350209855	0.157779243775792
34.75	0.26088034798268	0.308989163394565	0.180230670122669
34.85	0.285830348818775	0.332937721721401	0.203750127847683
34.95	0.311533608405815	0.357426754501909	0.228364199615408
35.05	0.337990126743755	0.382446586122732	0.254069694692653
35.15	0.365012431989463	0.407992539699133	0.280848091708685
35.25	0.392539078952077	0.432928849187744	0.308719673631447
35.35	0.420001323549267	0.45839648994541	0.337684440461327
35.45	0.44152631417905	0.469846617148578	0.367742392197817
35.55	0.456250089337588	0.489446487985021	0.39889352884145
35.65	0.465078936615295	0.500294292913438	0.415606002529601
35.75	0.471881417443419	0.522171588191417	0.421337549867716
35.85	0.479528689034841	0.538753125993273	0.436379712014327
35.95	0.48795291062116	0.569248865599237	0.442997264193646
36.05	0.495948094563977	0.575160021505188	0.452338572615764
36.15	0.506060099534233	0.612740564688762	0.464403637280988
36.25	0.518110895923979	0.638243034716414	0.479112050621181
36.35	0.531467555326753	0.649930643859605	0.494545416445909
36.45	0.546746788612649	0.659431917354854	0.513479949128447
36.55	0.564212985875697	0.660437709527902	0.535204968584947
36.65	0.584270743854932	0.664761663143179	0.558320916257352
36.75	0.607012452230894	0.672403778200845	0.582473003824581
36.85	0.63243811100362	0.683364054700913	0.607885599305738
36.95	0.660547720173083	0.703047611752025	0.635644282692823
37.05	0.691341279739248	0.729272665303789	0.666485551627863
37.15	0.724818789702214	0.766301297559634	0.699816603926481
37.25	0.76098025006187	0.809733689050961	0.733610129310279
37.35	0.799825660818296	0.857503409661521	0.767669299600674
37.45	0.841355021971451	0.908060950912542	0.804935349876865
37.55	0.885568333521356	0.961406312804247	0.843417387083952
37.65	0.932446397283801	1.01755952975976	0.879753341129165
37.75	0.98163744138673	1.07147309528633	0.92296932643204
37.85	1.03283368954959	1.12466809386267	0.969005046405515
37.95	1.08448141168867	1.15864666922838	1.01346586623078
38.05	1.13564044392484	1.20246436496653	1.06367958673419
38.15	1.18420900391052	1.23208007804479	1.11847230120012
38.25	1.2334537554864	1.27636049957157	1.16764463966169
38.35	1.28222856865954	1.32533202573593	1.20198241061144
38.45	1.32356632191647	1.3668594142898	1.24277776142373
38.55	1.36050010441287	1.42185925323712	1.27110412894287
38.65	1.38954095268113	1.46052406124029	1.30217224261227
38.75	1.41619207026906	1.51102146672813	1.33598914960911
38.85	1.44383664908184	1.54763464610354	1.37255703537251
38.95	1.47305809951168	1.57723383299457	1.4109991125395
39.05	1.50527079526465	1.59631268554485	1.44886462317654
39.15	1.54021259644441	1.61555399267344	1.48860543020421
39.25	1.57705780915216	1.63853873614784	1.53128302392139
39.35	1.61686857468656	1.66526691596795	1.57709059618055
39.45	1.65976959203334	1.6957385321342	1.62744519945757
39.55	1.70576086119249	1.73599781251093	1.6786153003462
39.65	1.754842382164	1.78810004078583	1.72762161111953
39.75	1.80701415494793	1.84655566844496	1.77741194746547
39.85	1.86227617954418	1.90704145164838	1.82895399210717
39.95	1.92062845595284	1.97199751126421	1.88027601430778
40.05	1.98207098417386	2.03986562693141	1.9309077788627
40.15	2.04660376420727	2.11029083522564	1.98646621754701
40.25	2.11422679605303	2.18327313614693	2.04854182535263
40.35	2.18494007971119	2.25959809639506	2.11448337645917
40.45	2.2587436151817	2.33927060810152	2.18433946209143
40.55	2.33563740246461	2.42170453867111	2.25814151932176
40.65	2.41543524100034	2.50688597831617	2.3358895481503
40.75	2.49681036851119	2.5889130006244	2.41550633367468
40.85	2.57475727613115	2.64025608631875	2.4922895097569
40.95	2.64967704031834	2.72209832500481	2.54901377361896
41.05	2.71531278435656	2.78187751568002	2.53305871362128
41.15	2.75723469463916	2.844011074203	2.53181573806123
41.25	2.76454305091251	2.87567384203991	2.55384466962057
41.35	2.77283586885925	2.92182491727696	2.60109079960703
41.45	2.79846375505489	2.94348151316325	2.66390371365507
41.55	2.84331445242844	2.97708131051108	2.7362859477376
41.65	2.90739309016878	3.02752130037066	2.81480050752189
41.75	2.99069966827577	3.0929496163183	2.91935845386876
41.85	3.09323418674949	3.182207872297	3.02995082835616
41.95	3.21499664558994	3.29029058044946	3.15047852784014
42.05	3.35600693085232	3.43107530233687	3.29575138570731
42.15	3.51648211458108	3.62126079832	3.45184874908515
42.25	3.69983266018721	3.84603701660426	3.61701172777453
42.35	3.91551839709649	4.03974512880407	3.77385468331672
42.45	4.14518853307458	4.23779484495097	3.95972433973299
42.55	4.35542472930452	4.41111430727234	4.24278769059972
42.65	4.53559576421824	4.59109731260024	4.44315256229831
42.75	4.68195171917358	4.76250069628158	4.56288777657653
42.85	4.79445044776488	4.92136213766515	4.65082945429116
42.95	4.87309194999216	5.04337280066335	4.71752221870861
43.05	4.91910272290904	5.13166367952642	4.77647458296375
43.15	4.97212991081488	5.16308865796537	4.88086848839039
43.25	5.15747902743203	5.43789092229898	5.00403066276996
43.35	5.48486410396506	5.71330142790406	5.1573002287142
43.45	5.77554604457925	5.91012869658262	5.52488518621116
43.55	5.97899914627456	6.06136446181184	5.8428613030953
43.65	6.08975714807368	6.15449605491295	5.97668004888446
43.75	6.1078118224682	6.21220238911197	5.91217082033294
43.85	6.03316316945821	6.22289095758688	5.72561961774639
43.95	5.87523952547491	6.17239713066661	5.56178065688849
44.05	5.71136005022488	6.01859466624315	5.57888565962001
44.15	5.70860076206018	5.97535367957698	5.58043146198955
44.25	5.81725726570725	6.09041568050726	5.58575152944548
44.35	5.89847964475818	6.12590842176201	5.65453618708355
44.45	5.92160336744268	6.09266942538069	5.70930127149663
44.55	5.8845491796647	5.98820294294628	5.72000527424017
44.65	5.78731708142433	5.86082692145287	5.68664819531384
44.75	5.63006009740399	5.69526410280154	5.47563085654392
44.85	5.4194716836907	5.52645095879282	5.21905567064829
44.95	5.18474964269871	5.34192488933433	5.01009080180507
45.05	4.97305737563654	5.12704180819932	4.83357501626855
45.15	4.80656302407749	4.93140474396208	4.69243050351006
45.25	4.68892324434883	4.79457118141889	4.59022155586457
45.35	4.62034648706542	4.710967179001	4.54527202111282
45.45	4.60083275222732	4.73472421946436	4.53808700245925
45.55	4.63024714405718	4.84175465669454	4.53432347500482
45.65	4.70624196070601	4.92939748348162	4.55614341655003
45.75	4.81703306274138	4.98898559651599	4.61466650119328
45.85	4.92142583903996	5.0489014291087	4.74301240351604
45.95	4.97711605516171	5.06552477900726	4.86638464904234
46.05	4.97526810705409	5.04917004966539	4.87032873950807
46.15	4.91573449613212	4.99161036077748	4.75654799714384
46.25	4.79851522239577	4.90026699197769	4.60370482108796
46.35	4.62480926177286	4.77488573591018	4.41128253280257
46.45	4.39721543751747	4.58244440017236	4.19125107040394
46.55	4.13643841513327	4.33086988116962	3.98796071430708
46.65	3.88636513126468	4.04777105326258	3.79967149443708
46.75	3.67536639737963	3.83349297589297	3.61652568944174
46.85	3.50941806360707	3.62561374366008	3.45415016299486
46.95	3.3887957111022	3.5623659539139	3.30022043682824
47.05	3.31347979882306	3.52561696136014	3.17774112580764
47.15	3.28076267675078	3.4991115732273	3.0995236608094
47.25	3.29204616249856	3.48891339995143	3.07897993182632
47.35	3.34846938014771	3.53275190310378	3.08480835172242
47.45	3.40250492529632	3.51093645632173	3.09256754036951
47.55	3.35032539382712	3.48118020555302	3.15167222980059
47.65	3.21837827985301	3.39417927894859	3.01925876445147
47.75	3.11431607852514	3.32030777135656	2.94023433540664
47.85	3.0580794507927	3.22814898894188	2.94051289830352
47.95	3.05418600303389	3.16066348710237	2.97312223195763
48.05	3.10234398719534	3.21109263797517	3.0289577497494
48.15	3.19650663483163	3.35939853108563	3.08691107095961
48.25	3.30446923882869	3.39127440772394	3.18272233454468
48.35	3.35176853357188	3.40825985478977	3.24566455243646
48.45	3.33719302440675	3.42295795989356	3.22480455848176
48.55	3.32869363893351	3.41968385341917	3.23682699676096
48.65	3.3491114764179	3.42797893848895	3.27507407932374
48.75	3.39937838344725	3.46502889224161	3.34162211962559
48.85	3.47933363510898	3.55622345238621	3.42689120444525
48.95	3.58747935383027	3.66499061434113	3.53293981854791
49.05	3.7145075182398	3.79161952191485	3.64588540422689
49.15	3.83993055825184	3.90050498482912	3.77016911364702
49.25	3.94588148511753	3.99657479215362	3.88258010083765
49.35	4.02935124046228	4.08518864486378	3.97173638504599
49.45	4.09027131281271	4.15002327385459	4.03931977381021
49.55	4.1286344067846	4.18720552095624	4.07661577634872
49.65	4.14435730292667	4.1984000854956	4.08050119785663
49.75	4.13291196966597	4.19236858694584	4.0283305279824
49.85	4.07933450363526	4.17482708844134	3.96965151507853
49.95	4.00078455393641	4.1023224799683	3.93314390212156
50.05	3.95567992653358	4.02249357429052	3.91108816531941
50.15	3.95861162942303	4.04975800511983	3.90342766090635
50.25	4.00971421988471	4.13931002648378	3.93570674253345
50.35	4.10880927970834	4.26426511444828	4.01159913999832
50.45	4.24487354338609	4.35031220801656	4.13286656074278
50.55	4.37214922110478	4.42090524429028	4.2776735378899
50.65	4.43499091800476	4.50185710870358	4.31258311595459
50.75	4.47868116497039	4.55741401646731	4.3750633200976
50.85	4.5550652514401	4.62064773530192	4.47492269671109
50.95	4.66565166866677	4.72493993914436	4.62103878814386
51.05	4.81043672778211	4.86745543973059	4.7658616612744
51.15	4.98854928215691	5.09263159987363	4.93789516764507
51.25	5.19692884304717	5.33936093744016	5.12433254186811
51.35	5.42378271708138	5.52914325913136	5.33291808254592
51.45	5.62701228811909	5.69627422984283	5.56016595496996
51.55	5.78467561706762	5.83782653395892	5.73997462121181
51.65	5.89623600891665	5.95589596655958	5.8340025889433
51.75	5.96169346366609	6.03169685519279	5.87989485471431
51.85	5.981047981316	6.06388345493556	5.8855505041835
51.95	5.95592194624387	6.05078046299632	5.84397291637897
52.05	5.93506358672557	6.00781960401754	5.88236053629861
52.15	6.06214771466643	6.19680829144903	5.94409609454553
52.25	6.25480262657208	6.34561208176579	6.16090208754734
52.35	6.37642788503745	6.43710562580942	6.31315467359502
52.45	6.4176501712444	6.48526695160683	6.32064247312991
52.55	6.37846948519304	6.4789781677716	6.23645162537763
52.65	6.25941076900295	6.38433283724591	6.0684363311826
52.75	6.09855241294584	6.23171587146022	6.01424488736215
52.85	6.07792573345037	6.18205846573906	6.02397640911153
52.95	6.14712103661928	6.25748497493133	6.06483448439094
53.05	6.19071397409201	6.2863255068119	6.10321420529501
53.15	6.20405316731263	6.27403603151544	6.1283731964978
53.25	6.18713861628109	6.23414908311624	6.12787987749787
53.35	6.14007136162325	6.17791400563405	6.10026371134082
53.45	6.06877861896243	6.11241153393857	6.02110037342691
53.55	6.01823386081086	6.04693568902797	5.99220491813571
53.65	6.01355535030357	6.04786733962576	5.97532771427896
53.75	6.0105602873151	6.05680441524898	5.95498170496171
53.85	6.00115016863324	6.05757959718771	5.93172494732754
53.95	5.98532329923039	6.04939385497054	5.90607699267168
54.05	5.96307967910651	6.03161328641427	5.87803784099356
54.15	5.93441930826158	6.00598190879101	5.84760749229331
54.25	5.89934218669566	5.97066651927135	5.81478594657087
54.35	5.85784831440872	5.9256280463994	5.77957320382653
54.45	5.80993769140074	5.87166875857018	5.74118099821563
54.55	5.75561031767176	5.80954033670029	5.70526333863963
54.65	5.7009895562233	5.7426768917321	5.6660039999685
54.75	5.801629895315	6.04196959550587	5.64887086028216
54.85	6.10186569370109	6.31385757402206	5.84314885173946
54.95	6.29445083369421	6.42962583756603	6.13135556338243
55.05	6.32962146996486	6.39072092173914	6.24872734681141
55.15	6.20737760251293	6.27760388047735	6.11126101028728
55.25	5.92771923133858	6.05530444756419	5.74424193366424
55.35	5.49064752085195	5.70772202827922	5.21327399091545
55.45	4.93423196288108	5.21271906168698	4.75327695280311
55.55	4.62067353779446	4.69406466811578	4.5644833984703
55.65	4.51402231591029	4.58188987130437	4.43475327493211
55.75	4.37945190170226	4.43812652833351	4.31207313793444
55.85	4.20502148725843	4.25090032604527	4.15328834960259
55.95	3.9907310725787	4.02782478960968	3.95411667500454
56.05	3.73658065766312	3.77670090002665	3.70288430488342
56.15	3.44285669545837	3.49887970924726	3.38571793945552
56.25	3.14498098049186	3.19083018880975	3.11386792700543
56.35	2.92784373874697	2.97383518947615	2.89301614611242
56.45	2.73834416394032	2.78519079115606	2.70019089616846
56.55	2.53744644770013	2.58688650876245	2.49611670107239
56.65	2.32495093291004	2.37961614573512	2.28418520626234
56.75	2.10085761957011	2.16153206014455	2.05989178480567
56.85	1.86516650768024	1.93190658856963	1.82117420538647
56.95	1.6179025034188	1.68577127028198	1.57026192461412
57.05	1.3593547133543	1.43302897864517	1.30443263525047
57.15	1.09400113153478	1.18163199503882	1.03246819729866
57.25	0.833093667707865	0.933666725948762	0.763355227706118
57.35	0.578440230579321	0.691522658746803	0.499700104463059
57.45	0.330040853682751	0.455033334633062	0.243025425213773
57.55	0.0878955370182796	0.224198753607627	0
57.65	0	0	0
57.75	0	0	0
57.8166565	0	0	0
