phys	rec.rate	upper	lower
0.05	NA	NA	NA
0.15	7.83757939579185	8.48219595375102	7.19818338948947
0.25	7.80762163001181	8.42730622572989	7.19396551491964
0.35	7.77679345399507	8.37052453149865	7.18787653350373
0.45	7.74490218232807	8.3141815190845	7.17998916920931
0.55	7.7119478150108	8.25771966499528	7.1703034220364
0.65	7.67793035214821	8.20034260961359	7.15873269660398
0.75	7.64284779706731	8.14205035293958	7.14560013202503
0.85	7.60670246051886	8.08279524768646	7.13746113950614
0.95	7.56932582213528	8.02246404919046	7.11781443776446
1.05	7.53028241505785	7.96063230594618	7.09725959698613
1.15	7.48997635772133	7.89790654956892	7.08352248186521
1.25	7.45024246438549	7.83539406968067	7.06707866444256
1.35	7.41157211064302	7.7750373256785	7.04923047021085
1.45	7.37417341983563	7.71846424817653	7.03524526007825
1.55	7.33857110691761	7.66000154475454	7.01830193282091
1.65	7.30487267768275	7.6041018140031	7.00362167429186
1.75	7.27324124159244	7.55568750406518	6.99107250104176
1.85	7.24373033879296	7.50634086301291	6.98202750043425
1.95	7.21622119527096	7.45814699492309	6.97459191945315
2.05	7.18943160566132	7.4104712831438	6.96536785337449
2.15	7.16230258007766	7.35824133599204	6.96144165484084
2.25	7.12858972418557	7.29949013571441	6.95808112209268
2.35	7.0857848966616	7.24151990478808	6.94328937840342
2.45	7.0386277707494	7.1796450175644	6.90755046020706
2.55	6.98731887490197	7.11274304043018	6.86952055202197
2.65	6.93889642648831	7.05788685493199	6.82569232911528
2.75	6.89746239524911	7.01376670703044	6.76476283590443
2.85	6.86487088600342	6.98813775461273	6.70732724288619
2.95	6.84129707970997	6.97171414270977	6.64858001156411
3.05	6.82322293201403	6.96092224161552	6.59650642906519
3.15	6.79647483393446	6.95139308287172	6.53590384106841
3.25	6.75992620788174	6.95468059468987	6.44936524709623
3.35	6.7023331677005	6.95377664381182	6.31141152410507
3.45	6.6224443958473	6.93411950236018	6.17109358310681
3.55	6.53506946964292	6.93169266693104	6.05035997077156
3.65	6.4669192986284	6.95001642162916	5.94028729220045
3.75	6.39842709854179	6.94516439706629	5.88301793390125
3.85	6.33948341877673	6.94868656794462	5.84123406084404
3.95	6.30568112884067	6.92004513295991	5.83776662242367
4.05	6.30330539205558	6.92977324661526	5.84537670929732
4.15	6.32890146482975	6.8792677637737	5.85751127722699
4.25	6.37998188021424	6.89203421089818	5.93134119470855
4.35	6.44824996209401	6.92580208701491	6.01544065624522
4.45	6.54251352588616	7.00850558769057	6.09484830591194
4.55	6.65197885012574	7.0871747209925	6.19638535315017
4.65	6.75738829443895	7.17625512411262	6.30387261217289
4.75	6.85709233511573	7.25956707945596	6.39240089327635
4.85	6.9673194543545	7.34513053616771	6.49824443700521
4.95	7.08934749738357	7.43612780564857	6.61034484427854
5.05	7.21363675259846	7.54970610425746	6.74455771259597
5.15	7.34083707913875	7.67409344211495	6.88445290083407
5.25	7.47348295805657	7.80951581397732	7.04401661170058
5.35	7.61065321698131	7.95062700186882	7.22587595930467
5.45	7.74982643390232	8.09803327907272	7.40957572490044
5.55	7.89089939540365	8.25458831921412	7.55570242665072
5.65	8.03832539841632	8.39950824233932	7.68418102538605
5.75	8.18614759685189	8.57118057710707	7.81935816462608
5.85	8.31806371683969	8.75340240200116	7.94008097110264
5.95	8.45382724737285	8.95343016170304	8.02986129745378
6.05	8.57861245054047	9.11625348856728	8.11109367439379
6.15	8.71674026020249	9.27166296939266	8.19537445451108
6.25	8.85779517507618	9.42739525551889	8.25829719760054
6.35	9.02340799530544	9.57611988745926	8.38361889033865
6.45	9.18522990708666	9.68393240118774	8.51507641366919
6.55	9.319265417121	9.7823174936657	8.62817489443613
6.65	9.39159465576461	9.86411970571616	8.63032385920549
6.75	9.4016681898187	9.90542302288601	8.66583353037414
6.85	9.35269008750056	9.94176865000246	8.65863892439713
6.95	9.25430184688511	9.94112017205599	8.57114805231882
7.05	9.17201160779177	9.9188465171492	8.54007897575961
7.15	9.11819813435954	9.87518445041782	8.49328393542087
7.25	9.10009194817257	9.78411343250849	8.49712900135463
7.35	9.06378791638974	9.66175916830601	8.42873604432555
7.45	9.0005102550683	9.49920710390072	8.35495455315071
7.55	8.89111506404839	9.31680386269442	8.33133428889632
7.65	8.7315553997905	9.17849311313074	8.19828631032732
7.75	8.56780991299869	8.99370039436693	8.01809843452385
7.85	8.39979869834695	8.76921621574643	7.90156729896718
7.95	8.21072326321117	8.51448506878227	7.75735372396157
8.05	7.98587681084927	8.24727615138343	7.60881436825542
8.15	7.73607725124448	8.02642319154511	7.46439970349352
8.25	7.51771757815639	7.83192908286701	7.22875121009896
8.35	7.31962011474419	7.65250770165011	6.99291276819654
8.45	7.13820175219536	7.4713015768803	6.79090380364029
8.55	6.97249759905257	7.28939465410361	6.61596226378474
8.65	6.81953063818693	7.13690171147976	6.44594917849326
8.75	6.66653188847924	6.97996684956496	6.29938742643915
8.85	6.51268389186295	6.85021274130374	6.09980037653627
8.95	6.36436259933755	6.73478262082324	5.85845920146812
9.05	6.19406394838458	6.63916123552911	5.64203317559869
9.15	6.02912218160279	6.50426359137352	5.45525018390247
9.25	5.88572732343432	6.36695874873798	5.30152158701293
9.35	5.78178519829702	6.33091559160987	5.16470842930425
9.45	5.6955167079213	6.26570394915713	5.12200583082964
9.55	5.61121747322848	6.16932634268306	5.07184791318497
9.65	5.5434761058602	6.02950250856636	5.10419496620526
9.75	5.51325867706762	5.98869816360367	5.11884540936254
9.85	5.51550633195697	5.97769267103821	5.15217255645914
9.95	5.53137061246766	5.94578924887666	5.1890930105988
10.05	5.55286486691225	5.91734350023348	5.20881329899427
10.15	5.58202722157669	5.91085568451883	5.20884927700566
10.25	5.60264839281151	5.91355577382064	5.22337508777666
10.35	5.61265808380043	5.9166569010737	5.21970399279585
10.45	5.61240098816785	5.93281644047532	5.22762568758863
10.55	5.61880375917948	5.94734219410867	5.24189120556398
10.65	5.63605223018495	5.9618601182215	5.22517779197074
10.75	5.65284946988904	5.983705470921	5.2252610761883
10.85	5.66578754215491	6.00503390285163	5.24995577792791
10.95	5.67421007599985	6.02078586016387	5.27167329352539
11.05	5.70427557324854	6.05776988419617	5.2669879071147
11.15	5.74825924286496	6.1220608679346	5.27917449206188
11.25	5.78982428282172	6.2126767201918	5.31094160813888
11.35	5.8654017751184	6.31373153462704	5.34719737664383
11.45	5.98990991475936	6.4722746118922	5.42189717792706
11.55	6.14402359606173	6.67789012395935	5.53090256165471
11.65	6.31602868818671	6.89257598281574	5.68943881476828
11.75	6.49435528491459	7.09484701466721	5.80770665452538
11.85	6.68117047675965	7.30118193113298	5.98137414715874
11.95	6.87468072739866	7.52011000941116	6.16929733151368
12.05	7.07062345714702	7.72008382790779	6.38208672687169
12.15	7.2608338249667	7.92892848073675	6.59779721472097
12.25	7.45026247965194	8.15968902922766	6.84536984848919
12.35	7.64445616075848	8.33763994285017	7.08634394711062
12.45	7.84297488245361	8.53320453903855	7.26797880054975
12.55	8.02466221097763	8.73514852792111	7.40005826801566
12.65	8.18883482135318	8.95269268261939	7.49079096507368
12.75	8.34614006781977	9.13940853937794	7.60426076181155
12.85	8.44497524008213	9.29899126841513	7.59908599571063
12.95	8.52013644840053	9.50800415090173	7.64461629984977
13.05	8.54836484507794	9.66950870373069	7.62090819749187
13.15	8.54704239261818	9.70115195293897	7.60457268304227
13.25	8.53660602129358	9.78232161660767	7.52633120072228
13.35	8.50939724869087	9.68620855054087	7.44872779304391
13.45	8.40025914613117	9.52472872472751	7.39815731871982
13.55	8.19161545582592	9.33358349555094	7.17894299169325
13.65	7.94407178568368	8.98801318355971	7.0009187619634
13.75	7.63824954929211	8.55592728303561	6.84698316604789
13.85	7.30000082715924	8.13891706496066	6.59952002105378
13.95	6.97452039950622	7.80629550712024	6.25813157045889
14.05	6.65109774164355	7.48890437701396	5.88376684942679
14.15	6.33612014753411	7.15403962416563	5.54434247310607
14.25	6.04992217665969	6.90546924032369	5.21429047375246
14.35	5.81175892645716	6.68185368465329	4.8569985911931
14.45	5.62501536325245	6.6156487385605	4.53473329749504
14.55	5.53142275866922	6.56040665371647	4.34679306042946
14.65	5.48044370279053	6.55584414944564	4.10878700067883
14.75	5.432115561468	6.49184007322609	3.95839094650748
14.85	5.36322962350841	6.51302587954872	3.91882414803685
14.95	5.30005407130471	6.57417055300931	3.90391067302329
15.05	5.25895339955465	6.44549700206203	4.05019122684139
15.15	5.33027981792116	6.55927129120546	4.1517264228181
15.25	5.48999460181168	6.71342422490285	4.35731014044908
15.35	5.66746603465595	6.83220054134343	4.61277745726842
15.45	5.87122167303303	6.88986988411109	4.9289819849396
15.55	6.12655024755406	7.0291459222042	5.26544970678024
15.65	6.41581697402598	7.2140163773737	5.61355749810585
15.75	6.71654733356696	7.41162772815651	5.90202544629692
15.85	7.01490473372246	7.66188935942266	6.21747108459404
15.95	7.30967239488602	7.95886437295254	6.55717863037916
16.05	7.60726151950975	8.24689351314094	6.87830432793591
16.15	7.89870561038826	8.53004086055352	7.15339829464739
16.25	8.17262275842684	8.79500936301939	7.3684793251574
16.35	8.42053329713649	9.06860676513419	7.60260868036036
16.45	8.64228968354201	9.33819065599157	7.78212774249022
16.55	8.82965205133478	9.56033711759064	7.8849446718183
16.65	8.96612771360096	9.7416491405246	8.0062000763791
16.75	9.07259904652939	9.89806050720387	8.11661876573927
16.85	9.13913470435237	10.0127434114479	8.18636458103261
16.95	9.17733384503621	10.1059536439127	8.25317489288692
17.05	9.22771654722834	10.1649061935105	8.32862455137911
17.15	9.32217086823982	10.1887424614862	8.37465982402573
17.25	9.43588461215355	10.2387974243381	8.43285609475207
17.35	9.49118698189547	10.3190268615105	8.46977707299768
17.45	9.4409910859595	10.3145727290768	8.36208590260197
17.55	9.30755117460902	10.2201272184691	8.20679532143912
17.65	9.13208339892281	10.0713773556737	8.17691315861191
17.75	8.92309159381285	9.82835630680216	8.11041924664592
17.85	8.71742223306356	9.56333435696648	7.97786633557221
17.95	8.55936626315676	9.40281885446823	7.90345230895617
18.05	8.39497585286758	9.22764909857115	7.76651773340056
18.15	8.26604741021113	8.98380402373767	7.63022346315652
18.25	8.12631246055863	8.74127492484695	7.50373375177438
18.35	7.96143228429131	8.49415337947803	7.35715040754356
18.45	7.77848182181525	8.29120939384364	7.21595830487545
18.55	7.59418714887794	8.0989154502137	7.08367830373107
18.65	7.4215956275317	7.91252136175637	6.93689817253192
18.75	7.25740352380139	7.74957903314867	6.77989602294621
18.85	7.09636889086395	7.56655310468263	6.62153740023436
18.95	6.94692020325835	7.37724758892507	6.47412555251804
19.05	6.8061201430491	7.20566546036285	6.34528596102631
19.15	6.68127842607076	7.06728945764539	6.2223326005024
19.25	6.56914124501968	6.95206291849269	6.12457529047038
19.35	6.46861065428182	6.85511975454654	6.01931896045775
19.45	6.37922235094481	6.78386643345105	5.93354230582425
19.55	6.30122711684271	6.72304226304853	5.84876519360473
19.65	6.23285837216365	6.66228440518214	5.76863069566923
19.75	6.17458423982104	6.61148769275994	5.7126913148506
19.85	6.12352533760644	6.57334183793543	5.65975617352563
19.95	6.07262176111301	6.52425168092756	5.60398607538752
20.05	6.02884071885867	6.47573084622786	5.59097701765896
20.15	5.99301535071463	6.44419190471837	5.57594961808233
20.25	5.96377243230824	6.40645542516079	5.56261921430501
20.35	5.94181943484419	6.36032751440038	5.5674564617224
20.45	5.92792896339124	6.31956797243031	5.5785819122433
20.55	5.92221199520147	6.27805689337807	5.59251655270123
20.65	5.92196398278603	6.24693625769794	5.60278210045377
20.75	5.92434790823898	6.23543013381807	5.60565123175726
20.85	5.92739347004104	6.2330238463885	5.59988024450283
20.95	5.92683051356979	6.22590674791324	5.59463677169601
21.05	5.91695162556999	6.22036153178474	5.58709477313327
21.15	5.90177604883221	6.21163166206965	5.58186337070489
21.25	5.88062889397746	6.19726916346678	5.56285029023914
21.35	5.85625425408076	6.17193910158111	5.54687837916221
21.45	5.82829379068216	6.14124832812225	5.52128795883613
21.55	5.7959368057489	6.1071561161969	5.50875315141464
21.65	5.75935962474917	6.06720079464763	5.48169826886387
21.75	5.71856816349246	6.01653717281931	5.4600762515215
21.85	5.67359486325592	5.96383073777663	5.42198818981034
21.95	5.62758444549936	5.90126352061395	5.38475407006697
22.05	5.57919000225783	5.85116212227864	5.33970187378868
22.15	5.52592373384778	5.82289601580888	5.29549276815902
22.25	5.47224203315077	5.7724110956445	5.25053126344095
22.35	5.41854640981508	5.72625070879704	5.2014269777628
22.45	5.36044573870965	5.68181020078011	5.13341052419842
22.55	5.29944056028574	5.61965444557774	5.06586471211625
22.65	5.23784747825804	5.56658743584612	5.00976178797989
22.75	5.17274578141973	5.49733621983337	4.94327896979384
22.85	5.10275882859965	5.42573148281827	4.88188096382317
22.95	5.02789365263759	5.34982364695441	4.80480099470187
23.05	4.95260769078687	5.25480194804282	4.72984268572264
23.15	4.87797802133665	5.15883178261218	4.65639676672961
23.25	4.80056068151679	5.0669869782223	4.57782788897487
23.35	4.72034020281468	4.97171822765628	4.49777225287355
23.45	4.63725306797969	4.8911422767494	4.42066669645428
23.55	4.55139462132426	4.81183724833067	4.32964055187756
23.65	4.46252023900713	4.72005101818773	4.22014291575521
23.75	4.3717802318015	4.6356567554385	4.11927373298123
23.85	4.27975573978403	4.55368653491975	3.99165444717867
23.95	4.18755138134574	4.46906135492066	3.8755759424544
24.05	4.09698255120467	4.37924092675583	3.75746792732988
24.15	4.00959306837479	4.29080014818536	3.63801909662481
24.25	3.92331381008	4.20184939186885	3.51351586296798
24.35	3.83283962190357	4.11155734979594	3.39899643329701
24.45	3.72920788095784	4.04027486629084	3.29148189544403
24.55	3.6238188209926	3.97222927392103	3.17822846064636
24.65	3.52744277389927	3.89978764562264	3.08574879953455
24.75	3.42129423869042	3.83447163913575	2.95556255186986
24.85	3.29519122126382	3.75497047612044	2.82059174096637
24.95	3.1507555328574	3.57834135592486	2.68417009335279
25.05	3.02000044963896	3.52373725588554	2.56031133054567
25.15	2.91151722657017	3.50746600455059	2.45107277660281
25.25	2.82410302694485	3.48192631610958	2.35494543578982
25.35	2.74622055505207	3.4279146363826	2.26815733785156
25.45	2.68459216546846	3.42867938702039	2.17497474593899
25.55	2.62064553497951	3.39449835652492	2.10063580355393
25.65	2.55313113368482	3.33629108084032	2.04365171816944
25.75	2.49802517034898	3.26223381442511	2.00296775738042
25.85	2.46020936396914	3.18574292988663	1.982877995857
25.95	2.44148483406119	3.17160633104776	1.94308857157655
26.05	2.43904981437919	3.134102151351	1.92315491298799
26.15	2.45959121264608	3.1332848672942	1.92260860630826
26.25	2.498063186916	3.17091227586802	1.93549794323244
26.35	2.53951965587444	3.19761278638938	1.97060529702029
26.45	2.58305135385756	3.22161043721841	2.01043976973323
26.55	2.62849256929405	3.24642554546312	2.0564366781438
26.65	2.67664367394428	3.26619850351092	2.10893411459661
26.75	2.72903423270557	3.2666039226569	2.16300525947505
26.85	2.78214226686609	3.33836419365285	2.23148654323211
26.95	2.82364877388204	3.35329490473955	2.30161926598546
27.05	2.85650857858951	3.32887303941748	2.38590127472568
27.15	2.90280969817663	3.35607098933973	2.4718300120603
27.25	2.95764208003094	3.39263412977356	2.5455267263265
27.35	3.01572372972815	3.42381862707576	2.62984811574016
27.45	3.08611671689918	3.46780117475541	2.72702823754911
27.55	3.1578643161936	3.52534567596279	2.82762100782248
27.65	3.23712118467656	3.57693987769673	2.94377335145443
27.75	3.31989961458568	3.60718734490857	3.06386658389923
27.85	3.40477230421444	3.67972280781222	3.13825317622196
27.95	3.48913611675897	3.73621044814705	3.21752107010569
28.05	3.57742192840558	3.78791517558202	3.30712101754211
28.15	3.65742905962767	3.86936281559663	3.39266949689927
28.25	3.72781996474149	3.92838547432279	3.49704490019992
28.35	3.79798380120509	3.98859343506482	3.59098647939969
28.45	3.87242964238667	4.05769765884561	3.67247528756018
28.55	3.95037819150615	4.11886863796768	3.75184375225905
28.65	4.02884789353449	4.19007828989403	3.83079286416408
28.75	4.10542161873192	4.25765955238994	3.90945023808313
28.85	4.18169294805936	4.33369597838451	3.9957739478073
28.95	4.25877434601298	4.41521156883664	4.06813849018062
29.05	4.33600937452703	4.50118897285522	4.14466957348662
29.15	4.41418026857473	4.58990864549414	4.22095420229079
29.25	4.49352409903435	4.6787097623953	4.30207952898309
29.35	4.57225979026117	4.77141932527426	4.38331877283533
29.45	4.64947592354584	4.85233953523288	4.46067028721049
29.55	4.72653750585802	4.94566003565964	4.53530569501427
29.65	4.80439410501997	5.03000969217601	4.61030797006295
29.75	4.8817896593458	5.1274094693625	4.68235240179497
29.85	4.96192652254731	5.2177540177085	4.75597581444954
29.95	5.05229284013999	5.31675731886452	4.81455192108555
30.05	5.13682073833429	5.40898009736452	4.87000885140341
30.15	5.22375978649291	5.51228520259036	4.94774844643427
30.25	5.30553412006068	5.62616374819674	4.98666040706142
30.35	5.37625480021132	5.72345346387628	5.03137909319489
30.45	5.45184285955308	5.81400976217529	5.08142440850664
30.55	5.53010054523772	5.89781351075658	5.12310321802263
30.65	5.61473571637623	5.96600054046371	5.20315002214475
30.75	5.69136807367654	6.04553862250978	5.22826397897495
30.85	5.75611812830784	6.11470497307987	5.25034005432596
30.95	5.81611324331268	6.181515117459	5.31620724108403
31.05	5.86275971159447	6.23902488548867	5.33235189804524
31.15	5.89342971708966	6.29535228488367	5.36241459838301
31.25	5.91268401902406	6.33480021244954	5.3964816889553
31.35	5.91890263102639	6.36106369036032	5.40416049032448
31.45	5.9199785098512	6.38164692378184	5.4377824366904
31.55	5.91725540980092	6.39438827489799	5.44813161729859
31.65	5.91173445760755	6.40521638827043	5.44705179063312
31.75	5.91131562000169	6.39577624697197	5.41895065399097
31.85	5.91852868410191	6.38942805888995	5.43017144767031
31.95	5.9298913279845	6.36551253286784	5.430303232509
32.05	5.94211403879399	6.34112638087649	5.46903630981619
32.15	5.93772547223781	6.31519441841122	5.44154344399667
32.25	5.9229353977087	6.27996066710202	5.42145798003175
32.35	5.89951590157923	6.23002967308864	5.39760377347485
32.45	5.8626416213605	6.17442852012904	5.39846609482648
32.55	5.81136274278145	6.10284370961803	5.3307206044094
32.65	5.75011188070727	6.03157620222954	5.3074907826397
32.75	5.67695072085723	5.96327810807723	5.26229541177699
32.85	5.59613427516397	5.87604087852021	5.22278992027188
32.95	5.51698756931127	5.80225856230485	5.16896808727713
33.05	5.43541117538248	5.73084341737919	5.1304983611626
33.15	5.35348316719107	5.66160904073217	5.08194385753889
33.25	5.27604265206753	5.58252567026522	5.03511033901817
33.35	5.20965308409191	5.50583281637152	4.97483882667522
33.45	5.14614782641568	5.43705505123184	4.90220090647997
33.55	5.08290990526763	5.36258382371622	4.83071925204311
33.65	5.02061762574402	5.28940506386938	4.76331318249175
33.75	4.95890945814877	5.22155269795521	4.69416284472181
33.85	4.89860885395744	5.15100311677331	4.62962990255367
33.95	4.83930288733505	5.09456315830756	4.56367470062569
34.05	4.78204587479049	5.04208671900839	4.49691001289055
34.15	4.72705904373103	4.99044875141067	4.43174953524018
34.25	4.67579459841789	4.94753865019614	4.35352474632157
34.35	4.62518339685388	4.9028400470723	4.26633802720427
34.45	4.57248812217932	4.8700177161463	4.18135426460596
34.55	4.52293002671281	4.83693398403078	4.11099163635177
34.65	4.47143931225813	4.80717213026547	4.04325263798883
34.75	4.42140768143481	4.78051425499283	3.97085487818662
34.85	4.37100445304284	4.73864644819993	3.91578912710252
34.95	4.31949679800565	4.71442085454254	3.8577611021817
35.05	4.26805418346753	4.68506389697664	3.79160432995231
35.15	4.21445934308785	4.65363628935591	3.7364312732373
35.25	4.15639487301814	4.61040771002765	3.69941774588447
35.35	4.0984702246794	4.552490606028	3.66694785062068
35.45	4.04876377339861	4.53670442912482	3.63371030947043
35.55	4.00716557691131	4.48231503878754	3.61389341572426
35.65	3.97966082839157	4.47323761746623	3.59168106268124
35.75	3.96674519078914	4.51562722162178	3.58652898190274
35.85	3.95548124368241	4.49735160404752	3.59332980879157
35.95	3.94963938296732	4.47354178126859	3.59661312638277
36.05	3.9569137303021	4.45409612132976	3.61230160099856
36.15	3.97908041693345	4.50391014051645	3.63221691123026
36.25	4.01462668633354	4.56436617420337	3.66962540206446
36.35	4.06393138621212	4.57752145514805	3.72115146615761
36.45	4.12410889599128	4.64485969495213	3.78102044763247
36.55	4.19523980418434	4.66894666844678	3.86562838542331
36.65	4.27738199801288	4.70063477357177	3.95995912408036
36.75	4.37020306117238	4.74554614392263	4.04374381367486
36.85	4.4694121618702	4.79138848536798	4.14657027839423
36.95	4.57289816559904	4.84034626517582	4.24290251990105
37.05	4.68341601355723	4.89610855486952	4.3465757263964
37.15	4.78034854493428	4.94994464283262	4.45085907601072
37.25	4.86432965978218	5.02117767045709	4.56056288919138
37.35	4.94095300800076	5.09376461191051	4.66588893444299
37.45	5.01559390344166	5.17592485383892	4.7801813011176
37.55	5.08648204948128	5.24982639718155	4.87197409033228
37.65	5.1541121939496	5.32341630992185	4.9454993581937
37.75	5.21712893249744	5.39370151075098	5.00963851234129
37.85	5.27589106220792	5.45579904127458	5.07639866600182
37.95	5.33171803257291	5.5151308800438	5.14623803131572
38.05	5.38551982839656	5.56912194369376	5.21817320756269
38.15	5.43681994065978	5.61161183363994	5.28514329150504
38.25	5.48544176554702	5.65519893326061	5.35635689057496
38.35	5.53153124636988	5.69070298912675	5.41893711713243
38.45	5.57466954456237	5.73067546743117	5.4752020571026
38.55	5.61681251957911	5.75806152222632	5.52772102776999
38.65	5.65828058276326	5.7804673081922	5.57841341880596
38.75	5.69978504784526	5.80339745195836	5.62334795508451
38.85	5.74451217287954	5.83324480219136	5.67267998457637
38.95	5.7905504452835	5.86335447297389	5.720808602765
39.05	5.83866418713911	5.90971537309373	5.7703590885653
39.15	5.88814007995516	5.96001761423615	5.81705530404072
39.25	5.93816468103803	6.01362764942392	5.8633284614282
39.35	5.98798255560223	6.06688736900161	5.90921136587345
39.45	6.03722450278698	6.12063553330726	5.95329002883949
39.55	6.08583219571006	6.17544782814858	5.99708235104983
39.65	6.13384655656718	6.22975913355199	6.04159977680515
39.75	6.18167677004348	6.2839870051612	6.08579863788086
39.85	6.22956753951649	6.33600545738041	6.13255718890497
39.95	6.27776976459787	6.38946101455114	6.1771097123929
40.05	6.32649440411923	6.44589030659148	6.21994419431585
40.15	6.37550979170886	6.50225923804503	6.26059903277248
40.25	6.42438604440596	6.5582302615084	6.30259936134476
40.35	6.47304504962756	6.61379018673685	6.34291596792714
40.45	6.52143177210536	6.67026858774589	6.38739598522094
40.55	6.56918554365153	6.72440134220863	6.42849491862877
40.65	6.61627540307343	6.77805168732411	6.47021380802363
40.75	6.66277909865682	6.83131649738955	6.50995131978743
40.85	6.70883185187435	6.88411838634269	6.55068036045961
40.95	6.75461725180635	6.93448533210519	6.59141714392767
41.05	6.8001589378863	6.98639032032752	6.62530979621225
41.15	6.84540540654007	7.03933783097494	6.66067955086883
41.25	6.89039752704241	7.09100216598568	6.69852257295694
41.35	6.93536291536368	7.14320368855603	6.7387920530914
41.45	6.98064093739015	7.1958633224186	6.774509901573
41.55	7.02653948205362	7.24830653555599	6.81479905919001
41.65	7.07312323672687	7.30173605642592	6.85404099784418
41.75	7.12039659907867	7.3557953531689	6.89166644642471
41.85	7.16835971126529	7.41034237495962	6.93333914061994
41.95	7.21939386702215	7.4656518151892	6.98472618790922
42.0069135	7.28305639791703	7.51538338255588	7.06982177199113
