phys	rec.rate	upper	lower
0.05	NA	NA	NA
0.15	0.724855409489133	0.826732388410833	0.61497556548473
0.25	0.726837205095182	0.828618653960671	0.618033109711544
0.35	0.727514679374668	0.828288501519831	0.621166151767144
0.45	0.728334613021143	0.827129604994679	0.624296781808872
0.55	0.729242076237269	0.82615919282589	0.626527135691142
0.65	0.730487742755939	0.827693601715343	0.628449420179927
0.75	0.731819649230385	0.827007514201587	0.630423269450441
0.85	0.733379233307792	0.826369053835697	0.632873663500945
0.95	0.735162397947062	0.825590882731045	0.63697369167549
1.05	0.737170858829234	0.824918433387574	0.642111874288172
1.15	0.739379493739136	0.824351705805279	0.647491436097026
1.25	0.741775996221556	0.824040234483729	0.651554321512695
1.35	0.744153882984079	0.82435626585047	0.656457547941214
1.45	0.746289236739996	0.824824767465688	0.662652544349699
1.55	0.748154859481768	0.825427770181443	0.666811544768948
1.65	0.749563978430324	0.825390022779412	0.669807031194649
1.75	0.750736806953784	0.825250658267598	0.672716138038029
1.85	0.751825718756747	0.824731596617608	0.67511065805641
1.95	0.75285507738427	0.824167811244688	0.677995971047272
2.05	0.753833373134086	0.823265518170442	0.681002474802828
2.15	0.754761256108465	0.822318141305097	0.683114595377058
2.25	0.755638726307406	0.821344690838413	0.686766420331738
2.35	0.75646578373091	0.820346177112905	0.689595239035499
2.45	0.757242428378977	0.819611321847791	0.691855535035229
2.55	0.757968660251606	0.819144425627847	0.693980520981112
2.65	0.758644479348797	0.818877086589724	0.697574122285142
2.75	0.759269885670551	0.818554672270499	0.699453229570751
2.85	0.759844879216868	0.818185163311906	0.701764689219946
2.95	0.760369459987747	0.817683714128822	0.704047578392549
3.05	0.760843627983188	0.817136277943313	0.706197510383505
3.15	0.761267383203193	0.816041329662755	0.707642795438689
3.25	0.76164072564776	0.815255571299725	0.70905369348596
3.35	0.761963655316889	0.814801114885057	0.710589684306866
3.45	0.762236172210581	0.814454238006062	0.711564644295977
3.55	0.762458276328835	0.814051078526114	0.712709110541219
3.65	0.762629967671652	0.81358750809324	0.713959510633318
3.75	0.762751246239031	0.812275702164012	0.715362336936802
3.85	0.762822112030973	0.811735335200435	0.716431835135447
3.95	0.762842565047477	0.811540338235831	0.717692702760852
4.05	0.762812605288545	0.810524906877493	0.718871923902913
4.15	0.762732232754174	0.809198549569339	0.71978001167097
4.25	0.762602637760359	0.808181117503366	0.720393715001604
4.35	0.762469799142677	0.807138803392933	0.720953987012568
4.45	0.762307274909403	0.806473485727686	0.721466380183903
4.55	0.762091678945707	0.805724029672446	0.722008683991907
4.65	0.762018843031278	0.804586825506075	0.722340481948001
4.75	0.762249350968983	0.802913298910399	0.723062286422345
4.85	0.762405878097362	0.801679184527911	0.724228505316764
4.95	0.762462204995223	0.799813438778004	0.725000244960205
5.05	0.76241833166257	0.800745890780578	0.725213310806794
5.15	0.762274258099401	0.800478340085157	0.725452089078208
5.25	0.762029984305715	0.80026944944912	0.725907249150956
5.35	0.761685510281514	0.799869280533208	0.725836368852005
5.45	0.761240836026796	0.799028688064057	0.725599608242992
5.55	0.76073446333663	0.797973506807237	0.725325103975575
5.65	0.760396258694979	0.79707538350233	0.725497439423488
5.75	0.761046072311277	0.796764680385266	0.72786736215542
5.85	0.762389242971499	0.797909238341119	0.72988750394426
5.95	0.763595074204662	0.799101717319272	0.73111413350867
6.05	0.764422960384264	0.801514292521051	0.731051655254903
6.15	0.76521527341769	0.803449831558659	0.731504687300417
6.25	0.766293130387655	0.80495201394661	0.733575187568171
6.35	0.76706902851815	0.805630946804105	0.734629394204082
6.45	0.767259133888013	0.806065919648619	0.733875841612473
6.55	0.767645477070791	0.806077519885097	0.735585281478356
6.65	0.768432569813471	0.806526249212203	0.735438537318238
6.75	0.769067299992459	0.808717576222004	0.735410847738032
6.85	0.769428749412404	0.812595324539095	0.735341600986759
6.95	0.769613274141276	0.814794341315399	0.734459927499309
7.05	0.769202936351879	0.817558468030766	0.73189242485343
7.15	0.768506771602794	0.821312396591496	0.728678066854766
7.25	0.768847045530762	0.823019458804599	0.727910258315528
7.35	0.770924781994369	0.82641708119292	0.727149244612495
7.45	0.774732665295749	0.832777296064446	0.726989706045409
7.55	0.77810803238341	0.838008316047801	0.725193772256594
7.65	0.781220698452328	0.843433586997835	0.72744876819514
7.75	0.783797772360047	0.854376119024406	0.724576780077489
7.85	0.785640129951841	0.862162695571863	0.72269829704503
7.95	0.78674777122771	0.870932590420181	0.720166875153922
8.05	0.787670180641618	0.879114483235925	0.717232781006626
8.15	0.78871228713841	0.886358577155879	0.715932858178774
8.25	0.789768688406157	0.896671863672364	0.711343081939429
8.35	0.79013560913028	0.902004359862667	0.707933631427907
8.45	0.789775287203131	0.914459660585388	0.704022383770141
8.55	0.788687722624709	0.920259227355023	0.701258575268084
8.65	0.787120714320899	0.927250666594162	0.695982226287913
8.75	0.785326824677874	0.934859954915967	0.690250327789275
8.85	0.783001910877795	0.934493628382035	0.685013277093822
8.95	0.780052451689028	0.934669540877541	0.679385812825139
9.05	0.776517897075609	0.927118497919997	0.673155930857313
9.15	0.772707908339103	0.920923022609681	0.666572283676796
9.25	0.768434084574599	0.916105673669183	0.657313826444524
9.35	0.763661561494244	0.911065333521745	0.650931455784293
9.45	0.758523138244788	0.899557363831969	0.643044245248093
9.55	0.753111419717286	0.890209984512487	0.638390878672277
9.65	0.747402401657003	0.884020753447282	0.630329968678939
9.75	0.741374535165016	0.871745631410272	0.625419477470928
9.85	0.735027820241327	0.861730897572666	0.618605586595961
9.95	0.72835059535989	0.851493473132416	0.611585537215088
10.05	0.72135889602766	0.839660125723951	0.605742017599903
10.15	0.714080281856463	0.828466517506681	0.595820313282117
10.25	0.706579042706799	0.814987967861576	0.58545366045367
10.35	0.699051425241813	0.802501239782797	0.577187501903447
10.45	0.69151402936143	0.796952459823605	0.570045542232386
10.55	0.68401465025012	0.783922736879854	0.560764588105191
10.65	0.676895577318354	0.781402275724373	0.551229823880178
10.75	0.670090652716729	0.779712567579711	0.543553866926028
10.85	0.663564922077698	0.77825138697468	0.537488901987833
10.95	0.657318385401261	0.776696002158966	0.531852062167954
11.05	0.651351042687419	0.775096728324825	0.52395029126489
11.15	0.645662893936169	0.772693782630806	0.51223161058633
11.25	0.640253939147515	0.770970522865181	0.502465051707798
11.35	0.635124178321454	0.768200696578248	0.493363278553498
11.45	0.630273611457988	0.767002557641112	0.484414113196609
11.55	0.625702238557115	0.764720080057678	0.475091826707439
11.65	0.621410059618835	0.759554651843294	0.466446609290296
11.75	0.617397074643151	0.756720770574912	0.459383045645815
11.85	0.613663283630061	0.753951168830758	0.449017575863934
11.95	0.610208686579565	0.750800784692572	0.440486012563259
12.05	0.607033283491662	0.747775952543467	0.43185226287829
12.15	0.604137074366353	0.745063820587432	0.42257837131345
12.25	0.601520059203639	0.74204189200037	0.413932334835034
12.35	0.599182238003518	0.739991316905851	0.407552001709849
12.45	0.597123610765991	0.736702852611551	0.400552959566625
12.55	0.595344177491061	0.733964169429521	0.394166097383277
12.65	0.593843938178721	0.733235817727481	0.387913217795092
12.75	0.592622892828978	0.732408177414535	0.383927457994497
12.85	0.591681041441826	0.730730036737142	0.380676187021857
12.95	0.590578329004363	0.728344283135023	0.377867212388988
13.05	0.588335771907743	0.727440284202715	0.374501314544709
13.15	0.586303814141926	0.725506530851234	0.372012628127245
13.25	0.584712580285543	0.725925025621034	0.370210125142799
13.35	0.583284528145108	0.725390956848093	0.370137666587082
13.45	0.581398172623683	0.723364336590122	0.370343925170301
13.55	0.579807226975421	0.720033396931703	0.369988905627768
13.65	0.578735969974444	0.721243842467739	0.369857988738039
13.75	0.578190521844876	0.724570871636313	0.369412074473874
13.85	0.57817088258672	0.728516905235967	0.369006579557438
13.95	0.578532117959198	0.73441950588265	0.370847170260103
14.05	0.578062908546284	0.737194872477662	0.368627216167896
14.15	0.577034420382745	0.735013141453374	0.36374536761142
14.25	0.576426511592919	0.733083529547084	0.356666333405947
14.35	0.576295108733769	0.732424663459682	0.354464899518867
14.45	0.576640211805297	0.731389682335495	0.355192421500059
14.55	0.577461820807503	0.729470136802378	0.349037974440327
14.65	0.578759935740385	0.727727761779643	0.344248561357544
14.75	0.580534556603944	0.726266617404345	0.349895815862479
14.85	0.582785683398182	0.725827808626409	0.34845497056299
14.95	0.585513316123092	0.726310997879887	0.349540483463726
15.05	0.588717454778684	0.726162074121346	0.350815568871005
15.15	0.59239809936495	0.728034216539864	0.354278463605009
15.25	0.596555249881897	0.728737120797	0.360287833921559
15.35	0.601188906329518	0.72932548952002	0.368013645619104
15.45	0.606299068707818	0.730358129431164	0.377676763401125
15.55	0.611885737016792	0.733055462216388	0.386858923172053
15.65	0.617948911256445	0.735854280612125	0.403573625831081
15.75	0.624488591426775	0.738451161251614	0.422472292868736
15.85	0.631504777527783	0.743258905090697	0.441483742925076
15.95	0.638997469559466	0.747030672707537	0.456444623231393
16.05	0.646966667521829	0.751513600184399	0.472916095474704
16.15	0.655412371414866	0.757948630567415	0.493005376739726
16.25	0.664334581238582	0.764136408449833	0.510661646177699
16.35	0.673733296992974	0.77271908076769	0.529501289242394
16.45	0.683608518678045	0.785089860144406	0.550865146137029
16.55	0.693955925020663	0.7985785032251	0.557382005642452
16.65	0.704602641438926	0.814360983808642	0.571025349038228
16.75	0.715318189097382	0.830941168147192	0.587320103275717
16.85	0.726292657638751	0.849439014796669	0.600989174012304
16.95	0.737208616409161	0.866588185753222	0.611353686143827
17.05	0.748115950371316	0.885678866372276	0.619233999051208
17.15	0.759202703315542	0.903390455328765	0.627436018768421
17.25	0.770469202283645	0.919923041679792	0.636632330286647
17.35	0.781897390855406	0.936154453599007	0.645480726528666
17.45	0.792999255661513	0.954651598965471	0.655792350026825
17.55	0.803735021981888	0.970905039452308	0.663234510251663
17.65	0.814398679911557	0.990660634371389	0.671462315682556
17.75	0.824995853168217	1.00619564360413	0.679699026475063
17.85	0.835526541751864	1.02086395680739	0.690095112726743
17.95	0.845990745662504	1.03779368031965	0.699218515170127
18.05	0.856388464900133	1.05631103233986	0.70865183628578
18.15	0.866719699464754	1.07382582773694	0.718281407227167
18.25	0.876984449356363	1.09028036587403	0.728403354746447
18.35	0.887182714574963	1.10759927621283	0.738910792596675
18.45	0.897314495120555	1.12136186484328	0.750145652203006
18.55	0.907379790993135	1.13118590904635	0.761427413779069
18.65	0.917378602192705	1.14515416631753	0.772607515957666
18.75	0.927310928719268	1.15723663899547	0.785074621654664
18.85	0.937176770572817	1.16699433479147	0.796912249787233
18.95	0.94697612775336	1.1808598296815	0.809612001774967
19.05	0.956709000260891	1.18994578589325	0.822321312550736
19.15	0.966375388095413	1.19745320060119	0.83438920048892
19.25	0.975975291256927	1.20343144229298	0.848206913561596
19.35	0.985508709745428	1.2078792526768	0.861033401150204
19.45	0.99497564356092	1.21074337326493	0.873725832752615
19.55	1.0043760927034	1.21363900426035	0.885306053081019
19.65	1.01371518995364	1.21457210442871	0.897518185066784
19.75	1.02301723352214	1.21323597570914	0.910092411603608
19.85	1.03219366380997	1.21065509613257	0.922302995779478
19.95	1.04122479208766	1.2125500115317	0.934457282253137
20.05	1.0501106183552	1.21506174187125	0.948479641132615
20.15	1.0588511426126	1.21407046858591	0.960954338022844
20.25	1.06754675339569	1.21650188030185	0.973972393090095
20.35	1.07624775219214	1.20909012244893	0.987530287782576
20.45	1.08535835484609	1.21967459169554	0.998249605830848
20.55	1.09393455039023	1.23301954191305	1.00976672919507
20.65	1.10180973703472	1.24272460022667	1.02080435598855
20.75	1.10934800627243	1.25535158906631	1.02932638445671
20.85	1.11669712809044	1.26563165259042	1.04097904893983
20.95	1.12446534218437	1.27545740068859	1.04833813844798
21.05	1.13267904631579	1.27768036190676	1.05753011449634
21.15	1.14023655224324	1.29077011074061	1.06291817226289
21.25	1.14919935954456	1.29692660289149	1.07428544343382
21.35	1.15926023311206	1.30123939310139	1.08309755719212
21.45	1.1688992015046	1.3073750146846	1.0917828013092
21.55	1.17702346226857	1.31287278718283	1.09656898370058
21.65	1.18361589870202	1.31286986151299	1.100218886786
21.75	1.19012044571634	1.30896253491596	1.10900730215988
21.85	1.19683982193916	1.30773959686288	1.11657724561509
21.95	1.20177619427453	1.31797692818601	1.12110116024582
22.05	1.2048081840616	1.32392104332104	1.12245570136021
22.15	1.20852753831289	1.33415486764427	1.12750064604416
22.25	1.21918118733577	1.34393334188764	1.13303682444502
22.35	1.24016564511842	1.36452592971095	1.14791772989552
22.45	1.25818402085636	1.39601189443023	1.15911962342555
22.55	1.27241330728308	1.42243746537925	1.16432659116384
22.65	1.28322680329931	1.44194109648967	1.16984921082706
22.75	1.29113687773232	1.45946344166077	1.17657397652928
22.85	1.29453389770287	1.44757799339726	1.1755933157179
22.95	1.29665268577563	1.46057990063371	1.17260098813365
23.05	1.30120559084009	1.46785583537027	1.17229461077882
23.15	1.31203437778863	1.48416628436059	1.18447329241689
23.25	1.32420153298445	1.49567202739429	1.19670602518723
23.35	1.33459966351992	1.49986895903336	1.20892642558855
23.45	1.3427272676506	1.50571310504463	1.21853681751479
23.55	1.34858434537649	1.51263273884934	1.22636017819111
23.65	1.35220043969397	1.51914334636619	1.22012426782649
23.75	1.35672011855248	1.52092455287629	1.21855792751597
23.85	1.36292742712281	1.52318163442247	1.22100867338575
23.95	1.36782578176482	1.5203013802977	1.22424404755807
24.05	1.37122115111061	1.51816320619003	1.23079444777789
24.15	1.37311353516019	1.52190421211504	1.23698101389956
24.25	1.37350293391355	1.52098788351983	1.24320715854559
24.35	1.3723893473707	1.52096389173163	1.24700895485533
24.45	1.36977277553163	1.51903060664376	1.24388103445858
24.55	1.36565321839635	1.51675179930618	1.23852583008153
24.65	1.36006220054684	1.51244572818736	1.22298538726383
24.75	1.35583205891743	1.50804757154691	1.21694096720238
24.85	1.35343558833833	1.5049051377871	1.21504422522953
24.95	1.35008971385191	1.49574582309303	1.2122033517728
25.05	1.34575494585613	1.48714145555133	1.20821546702365
25.15	1.340431284351	1.47614730828742	1.20690600508966
25.25	1.33411872933651	1.46673186606167	1.19886576798243
25.35	1.32681728081266	1.45592465195355	1.1894786101487
25.45	1.31862857256367	1.44220095931874	1.18279869509701
25.55	1.30991589986179	1.43408969176961	1.17417261565353
25.65	1.30039765644691	1.41981003121929	1.16537397151402
25.75	1.29003886803397	1.40460023984923	1.16008082126874
25.85	1.27896372913376	1.39098697151277	1.15071979813465
25.95	1.26719377858858	1.38090650655028	1.13847628884399
26.05	1.25496913291722	1.36809006134077	1.12273191430249
26.15	1.24179280919534	1.35635373383009	1.10021858906671
26.25	1.22846311039065	1.35040759206547	1.07110256022715
26.35	1.21575376646162	1.33522222739002	1.04623931245069
26.45	1.20399975442819	1.32522858654402	1.0294734702043
26.55	1.19259676899387	1.31700349669674	1.01986817720087
26.65	1.18095624046005	1.31002803034249	1.01380090873706
26.75	1.16971639009699	1.29952224274494	1.0131928951563
26.85	1.15973779618027	1.28755982316513	1.01815801827994
26.95	1.15228935042532	1.27742593872563	1.0175409468498
27.05	1.14748133999697	1.26505669384354	1.00630400899027
27.15	1.14497865175141	1.2581794111628	0.998943804369086
27.25	1.13883085502528	1.2463177697899	0.987891692559852
27.35	1.12878460310413	1.23393783361453	0.980692225965554
27.45	1.12047665314888	1.23054186692291	0.973716614997404
27.55	1.11420279978512	1.22725185094481	0.968098454097666
27.65	1.10996304301286	1.22310033966106	0.966616207577715
27.75	1.1077573828321	1.22092888419383	0.959960663798568
27.85	1.10758581924284	1.21815566242877	0.96169412205732
27.95	1.10944835224508	1.21993483662122	0.964303709984209
28.05	1.11334498183882	1.22385745730308	0.968688360269048
28.15	1.11802722436089	1.22474731904477	0.975505510753185
28.25	1.11945948387314	1.2248700677266	0.988261532132003
28.35	1.12090333004388	1.21918640404461	0.994410314239355
28.45	1.12371789220486	1.21764128802599	1.00582047668678
28.55	1.12744377930698	1.21839494553473	1.02230856445045
28.65	1.13097874231771	1.2178366179059	1.0294162360875
28.75	1.13353915281308	1.21789207327668	1.04039158878821
28.85	1.13600183025099	1.218115603119	1.04022595335814
28.95	1.13745162945427	1.22119103254833	1.03812460545491
29.05	1.13673436361226	1.22202645589789	1.03404701546128
29.15	1.13395393200012	1.2244038676983	1.02899796276965
29.25	1.13124533393478	1.22539088674615	1.02674389617945
29.35	1.12886026255556	1.22551287111727	1.02540021439172
29.45	1.12679871786244	1.22714548321629	1.0213813435643
29.55	1.12506069985544	1.22709564980917	1.0194936462311
29.65	1.12364620853454	1.22797114980931	1.01470847664547
29.75	1.12255524389974	1.23037425309257	1.01305003429627
29.85	1.12178780595106	1.23234407905275	1.0118834920423
29.95	1.12134389468849	1.23360570549195	1.01070183505553
30.05	1.12122351011201	1.235019459737	1.00895905719014
30.15	1.12142665222166	1.23967115514608	1.00621503523861
30.25	1.1219533210174	1.24116589186048	1.00546587268153
30.35	1.12280351649926	1.24362701544046	1.00824483983787
30.45	1.12397723866723	1.24679744299273	1.0101500312609
30.55	1.1254744875213	1.24927563569912	1.0088072453542
30.65	1.12729526306148	1.25097746895489	1.00869367150437
30.75	1.12943956528777	1.25303904104514	1.00905908350805
30.85	1.13190739420016	1.25510072282468	1.00927072772658
30.95	1.13469874979867	1.25712620254077	1.01054077908477
31.05	1.13781363208328	1.25942024173413	1.01298004901007
31.15	1.141252041054	1.26117113971565	1.01682279520175
31.25	1.14501397671084	1.2632455760521	1.02112969454462
31.35	1.14909943905377	1.26554949699938	1.02494694262599
31.45	1.15350842808282	1.26789194353159	1.02858368906566
31.55	1.15824094379797	1.27016408362003	1.03290313797173
31.65	1.16329698619924	1.27239528036923	1.039717622938
31.75	1.16851512323724	1.27610188664327	1.04567365649982
31.85	1.17284461415071	1.28065055593814	1.05351476797677
31.95	1.17666866542955	1.28864964227824	1.05741362177615
32.05	1.18086205516863	1.2956927424606	1.06455370077278
32.15	1.18542801519003	1.29934885931749	1.06872586991319
32.25	1.19036654549373	1.30270449341946	1.0724333585942
32.35	1.19567764607974	1.30601475461393	1.07627164448758
32.45	1.20136131694805	1.30931785246982	1.08130043736627
32.55	1.20741755809867	1.31308275578271	1.08582935809515
32.65	1.21384636953161	1.31580363549342	1.08337362935681
32.75	1.22064775124684	1.31972895902209	1.08505689239584
32.85	1.22782170324439	1.32502216487181	1.09052353217549
32.95	1.23532327909251	1.33070140588091	1.10028612744137
33.05	1.2428288580538	1.33971051348117	1.1086778565544
33.15	1.25024136266581	1.3520424551962	1.11767851888339
33.25	1.2578690892234	1.36335352077145	1.12133513435677
33.35	1.26575910374193	1.38191002472648	1.12981900501413
33.45	1.27409010526458	1.39608366300544	1.13392733863104
33.55	1.28299530809502	1.41349176794474	1.14412123685666
33.65	1.29203334491898	1.42750096110765	1.15297852156819
33.75	1.30114907737188	1.44321652813429	1.15854955083511
33.85	1.31034250545373	1.45838513032002	1.16617931477521
33.95	1.31962487825282	1.47482511227042	1.17247475981744
34.05	1.33005446883089	1.48735899573513	1.18033381923146
34.15	1.34147543109895	1.50189031456602	1.19159760782655
34.25	1.3528938341579	1.51017461126334	1.20191979828749
34.35	1.36399893314415	1.52133836069115	1.21527264863689
34.45	1.37479072805771	1.53401325780751	1.22849670398921
34.55	1.38526921889857	1.55133274481594	1.24284040550209
34.65	1.39591946584702	1.56555217073613	1.25253307910579
34.75	1.40847210384319	1.58066198168829	1.26133539663091
34.85	1.42126968831477	1.5992241147967	1.2716702226087
34.95	1.43469778580295	1.61082581276588	1.28735758474076
35.05	1.44714206757337	1.6249718274774	1.30339091154235
35.15	1.4586651641864	1.6380791686964	1.31178429114739
35.25	1.47130206729313	1.65264571209383	1.31892117605539
35.35	1.48403549974518	1.6685598125641	1.32645647718771
35.45	1.49660085574655	1.68359709565888	1.33494751270163
35.55	1.50759815319486	1.70035344245987	1.3409542382971
35.65	1.51791600000092	1.71713902545114	1.34400541775181
35.75	1.52899296048694	1.72994843443111	1.34701896228372
35.85	1.53818567161523	1.74230826300198	1.35257024141733
35.95	1.54543741532605	1.75096118544326	1.35102433490974
36.05	1.55223324557525	1.76010353293856	1.35692694750542
36.15	1.5575487722074	1.77105832376576	1.35105621030962
36.25	1.5609606436886	1.782747854049	1.34571604482746
36.35	1.56581087623051	1.79680014324675	1.35852097123807
36.45	1.57236438374503	1.80751165328683	1.36361069045785
36.55	1.5792268115945	1.8171138635799	1.3676914811997
36.65	1.58347573429217	1.81998678993132	1.37507870731488
36.75	1.58510620919301	1.82878978189097	1.36649001562765
36.85	1.58430391822828	1.84187714509253	1.35616102374751
36.95	1.58439523557442	1.849578132489	1.35217403162727
37.05	1.58990367586073	1.84925352974375	1.36021328269734
37.15	1.59839602407277	1.85401943022146	1.36860917104607
37.25	1.60645803755056	1.85038441114884	1.36963446246879
37.35	1.61526455322669	1.84801433883894	1.38092209977937
37.45	1.6231470228211	1.84216622953367	1.39703017654398
37.55	1.62859154267147	1.83811164612892	1.40565606958881
37.65	1.63083046826193	1.83632707151382	1.41389158801188
37.75	1.63000131230479	1.83899050057226	1.40884266162335
37.85	1.62796362342925	1.84175033589956	1.41207770118473
37.95	1.62337804773159	1.84626324308404	1.41941367511526
38.05	1.61558762899723	1.84169488873299	1.41919391280204
38.15	1.60459236722616	1.82947096068313	1.41987369827495
38.25	1.59039226241839	1.81331386176934	1.40034811804215
38.35	1.57298731457392	1.80042524542441	1.37658041883123
38.45	1.55237752369275	1.78215472379121	1.34935820757292
38.55	1.52868422041117	1.75317972550895	1.32161270085104
38.65	1.50536643120683	1.73745433452441	1.30215625362217
38.75	1.48770424378515	1.71799185569273	1.28553613690375
38.85	1.47493388234433	1.7064502956028	1.28750848736598
38.95	1.45947938254397	1.69215579403024	1.28707048341005
39.05	1.44105172760289	1.67629578315357	1.26488066558987
39.15	1.42587404779938	1.659816390192	1.24593198770775
39.25	1.41635480779661	1.64211624900966	1.23429075908849
39.35	1.40858956494381	1.62418387889498	1.22340181926184
39.45	1.39947468098251	1.60733895249717	1.21317921098789
39.55	1.38858405906845	1.58397667754838	1.20173720108589
39.65	1.37591769920163	1.56407065378642	1.19523920756698
39.75	1.36147560138205	1.544647154917	1.18477200291536
39.85	1.3452577656097	1.52110656272347	1.17549545995429
39.95	1.32726419188462	1.49517977664384	1.16507510846266
40.05	1.30749488020676	1.4661055006843	1.15543564794435
40.15	1.28677941747058	1.43389438983674	1.13677776404689
40.25	1.26786307696903	1.40766527708921	1.12093603937846
40.35	1.24780020848552	1.38522943340738	1.1072289549694
40.45	1.22621436360075	1.35714764719974	1.08840218186565
40.55	1.20310554231471	1.33149520022725	1.0758575671768
40.65	1.1786497160935	1.30816777024649	1.05820803268897
40.75	1.1572991343293	1.28948495684279	1.04246990032463
40.85	1.14001488672729	1.2773888936589	1.02841459379395
40.95	1.12650318786436	1.26127787744781	1.01484844722204
41.05	1.11351483942643	1.24349210138303	1.00045134418078
41.15	1.10027200605929	1.22859392155357	0.986949158876796
41.25	1.08650182088239	1.21625228613978	0.97035529747471
41.35	1.07196373148555	1.20127137265045	0.95403750958373
41.45	1.05679083455581	1.18526046921286	0.938846581982233
41.55	1.04102110627356	1.17071395162558	0.921611491442099
41.65	1.02466603146722	1.14879507347828	0.905924632131348
41.75	1.00737396865335	1.1355524531034	0.88518686701601
41.85	0.988585972991054	1.12268830702213	0.868175871416439
41.95	0.969337995383806	1.11022694147177	0.844652444609476
42.05	0.950372553445281	1.08766598350089	0.819719611835864
42.15	0.931592533077448	1.06846844444664	0.795695325791576
42.25	0.913220810771066	1.04919600277436	0.772903393132411
42.35	0.895214210889517	1.02730719656821	0.750011594171044
42.45	0.877401362298115	1.01287160748221	0.726890893570531
42.55	0.859827988474846	1.00111116321648	0.702608216325324
42.65	0.842802526086607	0.989590047858165	0.680369931851892
42.75	0.82652763575113	0.980827123970359	0.661361064664237
42.85	0.811004138558131	0.967058277122238	0.645092292744667
42.95	0.796232034507621	0.953236959557329	0.628410102326477
43.05	0.782211323599597	0.9429351457405	0.614668981317681
43.15	0.768942005834065	0.93213262422442	0.595284218490927
43.25	0.756424081211014	0.92306826764687	0.575020203737778
43.35	0.744657549730449	0.912645832171268	0.553902589774816
43.45	0.73364241139237	0.899262265656391	0.537964410316459
43.55	0.723378666196775	0.891113764598849	0.522921290061756
43.65	0.713462334770598	0.87990791292043	0.504459541620653
43.75	0.703440310309103	0.868398436548192	0.488177630393546
43.85	0.694180982521969	0.861697443128046	0.472938625814843
43.95	0.685713243856775	0.859022941968422	0.458780664023159
44.05	0.677348427785123	0.852714061594029	0.445693256709934
44.15	0.668002169352323	0.84187240779148	0.430689686392879
44.25	0.657513569073323	0.834127449781013	0.416458178385615
44.35	0.645285683767273	0.82461131109243	0.405294487935167
44.45	0.631453963028428	0.814216543831323	0.394139668999013
44.55	0.618270279486697	0.803435687015353	0.384234455745959
44.65	0.605734633142098	0.792415533292221	0.375608278406236
44.75	0.593847023994614	0.782584679894078	0.365240556639604
44.85	0.582607452044262	0.773299895316967	0.356078906082152
44.95	0.572015917291035	0.764757122491868	0.349222356020411
45.05	0.562072419734928	0.756169532644776	0.340397582395625
45.15	0.552776959375947	0.747112554417136	0.33479381053887
45.25	0.544129536214079	0.738262152517008	0.329773597189484
45.35	0.536130150249352	0.729472740253842	0.326447199098216
45.45	0.528778801481731	0.720965492614569	0.323633892925099
45.55	0.522075489911251	0.713239598505699	0.318947423036685
45.65	0.516020215537887	0.706465515412446	0.312453168645486
45.75	0.510612978361645	0.700062866118963	0.304299303610196
45.85	0.505853778382528	0.692886853064574	0.30406025616495
45.95	0.501742615600532	0.686349086494291	0.301925145986814
46.05	0.498279490015673	0.680287868402258	0.302456439453983
46.15	0.49546440162792	0.673844279245315	0.297095719272188
46.25	0.493297350437303	0.669100335996915	0.295663726186201
46.35	0.491778336443802	0.663852501798503	0.30319600510575
46.45	0.490907359647428	0.658453679669979	0.302457740682845
46.55	0.490684420048185	0.653296616116763	0.309970492359832
46.65	0.491109517646062	0.649326057131004	0.312275204353413
46.75	0.492182652441042	0.644188060822195	0.319942725166467
46.85	0.493903824433179	0.643800428353072	0.328304564641766
46.95	0.496273033622422	0.64372026504739	0.329668259574173
47.05	0.499290280008788	0.641748752676074	0.331299629604999
47.15	0.502955563592283	0.640993269450394	0.336241987760906
47.25	0.507268884372899	0.644680879587449	0.346251293245271
47.35	0.512230242350643	0.648424741837839	0.352666002857397
47.45	0.517839637525503	0.648319032421436	0.359257514056787
47.55	0.524097069897496	0.650822461608031	0.370281971085843
47.65	0.531002539466606	0.656777931444288	0.383633610666521
47.75	0.538556046232838	0.66613144156121	0.39070818641729
47.85	0.546757590196209	0.679026927116664	0.403296508326276
47.95	0.555607171356686	0.69772584284225	0.415100999391902
48.05	0.565275623934045	0.723387499419742	0.425005266842329
48.15	0.576884324086454	0.759665073052192	0.435958863840811
48.25	0.589071497452453	0.809640079329264	0.443518801966264
48.35	0.601650564829366	0.845390764783046	0.450916643269973
48.45	0.615646944368346	0.880301069776872	0.458903507108812
48.55	0.629737837916901	0.925163164197193	0.469914253600316
48.65	0.644530317369731	0.964318538748894	0.482775235889921
48.75	0.65922153438106	0.99444505823867	0.49431712907025
48.85	0.673077933353429	1.01033712912664	0.504697490852056
48.95	0.685982098694012	1.01594891804729	0.515321752823588
49.05	0.697604397364545	1.01825729009527	0.519564589648011
49.15	0.707789079359062	1.01857457112496	0.52204529332004
49.25	0.716689904117739	1.02196391750841	0.52482934264516
49.35	0.724253821951916	1.01736934167397	0.52770880315519
49.45	0.73107575404081	1.01859311568628	0.529387853113235
49.55	0.737630674924491	1.0191583298576	0.531420841185564
49.65	0.743165235829933	1.01696918654015	0.533073344334965
49.75	0.748858036542404	1.01380879586571	0.536197451023175
49.85	0.753182925402224	1.00843523570803	0.538233327309811
49.95	0.755507717126311	1.00120691788077	0.544653006992962
50.05	0.75583241171468	0.99513640169503	0.549053067068312
50.15	0.754157009167322	0.979255274924258	0.552910513809121
50.25	0.750689298653665	0.97063748241895	0.556821836043191
50.35	0.746525011433925	0.951010736767894	0.561399020387477
50.45	0.741693406167676	0.93910295543872	0.56384273046781
50.55	0.735025752578892	0.918192691436837	0.567073972948111
50.65	0.726482575101511	0.897612272043019	0.569506924692129
50.75	0.716075777506553	0.886713297730079	0.572719073336814
50.85	0.705195306247373	0.876925440323358	0.569611943688501
50.95	0.695664897476384	0.866499400905896	0.568065588539202
51.05	0.688337400465792	0.861830327382128	0.561907368031455
51.15	0.68484016350565	0.855334738250232	0.563363912084774
51.25	0.684258715958841	0.846723880246881	0.565193377944897
51.35	0.685183355978063	0.838703588175147	0.565970588280131
51.45	0.685060982831173	0.828445173297768	0.565487357135593
51.55	0.683870441822676	0.824967563411081	0.565524185963757
51.65	0.681611732952572	0.820854462075633	0.56389361432385
51.75	0.678284856220872	0.813883395873451	0.557493683638465
51.85	0.673889811627553	0.811352396204074	0.549395855557816
51.95	0.668503646624533	0.806835344239953	0.540567556204277
52.05	0.664562381325296	0.804261527447277	0.537859694638376
52.15	0.660787066360888	0.800659270884016	0.538170074979094
52.25	0.655972179574514	0.799334765938142	0.536231559409792
52.35	0.65011772096616	0.793199954112509	0.531392312589142
52.45	0.643322960114934	0.789390765757478	0.525312395698757
52.55	0.636699345286612	0.783699516390722	0.51837963345802
52.65	0.630285584104845	0.774819847123867	0.516545850141149
52.75	0.623172658347638	0.76440712904108	0.513340173280699
52.85	0.614933381811873	0.756433400806578	0.505005691117908
52.95	0.606338585983415	0.74498031728031	0.499620331800935
53.05	0.599580276573912	0.731626871709203	0.495538654189378
53.15	0.592421583021683	0.724417037159732	0.491430758870514
53.25	0.584625129988335	0.713229143255151	0.483215588072621
53.35	0.575774087088946	0.711284396062093	0.477007854609646
53.45	0.566686631468729	0.699618604318954	0.469993561926954
53.55	0.556939146053536	0.692646835395785	0.463015474910478
53.65	0.547356327957893	0.685768198324738	0.456344668898917
53.75	0.539570388998302	0.678725085415514	0.447951749843589
53.85	0.533546852526191	0.674047354989511	0.439686724049644
53.95	0.527523569935043	0.670817781520978	0.432775360829675
54.05	0.522323957124304	0.670144162061198	0.423926794899369
54.15	0.51699893260468	0.66740682810126	0.416218634026714
54.25	0.511435214132486	0.662136433001764	0.405526967259982
54.35	0.505632801707708	0.653101035662766	0.395287948656676
54.45	0.499591695330353	0.64491862876302	0.386097261223184
54.55	0.493311895000416	0.636289755274084	0.375383612312445
54.65	0.486793400717901	0.625232283280683	0.366451384140438
54.75	0.480036212482807	0.61411650819214	0.356360405425926
54.85	0.473040330295133	0.607512530126828	0.347883868116464
54.95	0.465805754154886	0.598984390758613	0.340481973169218
55.05	0.458332484062055	0.593279788798567	0.332261939689089
55.15	0.450620520016637	0.584688783289338	0.325157619482438
55.25	0.442669862018647	0.57427931580406	0.319819465085289
55.35	0.434141844238456	0.565505756857509	0.313157105839378
55.45	0.42479223106972	0.552287546501584	0.30712820950005
55.55	0.415311482350768	0.543295482008573	0.302807025429348
55.65	0.406103974681179	0.529175084692122	0.298973719311703
55.75	0.396865088527098	0.517428753078306	0.289266650943886
55.85	0.387664361002836	0.504699305103941	0.275614634110253
55.95	0.378663107049125	0.493745416011018	0.260739214540614
56.05	0.369926432186256	0.482775625471604	0.247640859627078
56.15	0.361515919849493	0.475070091850217	0.231690268950347
56.25	0.351446380649879	0.468040477138342	0.215986678936636
56.35	0.339931444571955	0.46074350780534	0.202152207109553
56.45	0.328516442211719	0.454506022688716	0.187598556959687
56.55	0.317879255127318	0.444754830413992	0.169077387978368
56.65	0.307729153119942	0.439921630010981	0.153354170335957
56.75	0.298445812838168	0.435434344576795	0.13802734253713
56.85	0.290207203902444	0.43193719493232	0.122503254140394
56.95	0.283013326312737	0.433343819726129	0.100251206559225
57.05	0.27686418006908	0.431060856322357	0.0843253055829033
57.15	0.271759765171456	0.42868557925627	0.0694596506224049
57.25	0.267700064741012	0.430026518333627	0.0563517331060065
57.35	0.264268601157561	0.431352708333971	0.0444595175586351
57.45	0.260166303452215	0.427190088030474	0.0322238882964552
57.55	0.254626007012434	0.418707793060253	0.0191521644527996
57.65	0.249983709021085	0.41564379998487	0.00825008086832024
57.75	0.246443841278482	0.41469879116161	0.000960740537641048
57.85	0.243798089998481	0.417357850706446	0
57.95	0.241300043295837	0.418085830644661	0
58.05	0.238464632791535	0.415003210432397	0
58.15	0.235027501644871	0.412452173471601	0
58.25	0.232321849447251	0.410365260428264	0
58.35	0.23040822227409	0.416496720938637	0
58.45	0.226758653902137	0.413189560710669	0
58.55	0.222976685557729	0.407808513713893	0
58.65	0.219961538812418	0.402360977174939	0
58.75	0.21771321366617	0.395856856447244	0
58.85	0.21623171011903	0.390575438122763	0
58.95	0.215517028170951	0.386708533338567	0
59.05	0.215569167821977	0.385944522497429	0
59.15	0.216388129072067	0.385453954939502	0
59.25	0.217973911921241	0.39169274852148	0
59.35	0.220135363854737	0.399016557380457	0
59.45	0.221484077676148	0.400655372370083	0
59.55	0.222494890546572	0.399142399984978	0
59.65	0.224068514147133	0.406215681158242	0
59.75	0.22502047209106	0.410865061209159	0
59.85	0.224636444069448	0.409654343827698	0
59.95	0.224064765871735	0.408779021966433	0
60.05	0.223077087478939	0.407401511540559	0
60.15	0.222376247478855	0.404861872428449	0.00349206288512422
60.25	0.222029035415912	0.402485816057572	0.0056349897471594
60.35	0.222035451290124	0.400245908592653	0.0125572429027566
60.45	0.222395495101484	0.396982488849209	0.0171038521603083
60.55	0.223109166849979	0.396162906743374	0.0218947071239374
60.65	0.224176466535641	0.394399322752438	0.0276064895048474
60.75	0.225597394158427	0.395001041430603	0.0317593089367985
60.85	0.227371949718369	0.396172055337528	0.0376501940734547
60.95	0.229500133215464	0.397426738930615	0.0409105787091489
61.05	0.231981944649705	0.398030674737286	0.0446218420035536
61.15	0.234817384021085	0.398139062527883	0.0486667367032229
61.25	0.238006451329621	0.400682112795795	0.0509268690257542
61.35	0.241549146575297	0.402767984063688	0.0545950491052799
61.45	0.245445469758126	0.406531884930905	0.0601283411108876
61.55	0.249695420878096	0.409370285083395	0.0661471652355567
61.65	0.254298999935218	0.413822969359538	0.0726390879489277
61.75	0.258987564783034	0.42496155465287	0.0796102309380007
61.85	0.263159973469165	0.433767100982865	0.0830407091841471
61.95	0.267555984911259	0.440483047784106	0.0877405842133904
62.05	0.272234339426607	0.449396012589219	0.0945348732781714
62.15	0.277195037015183	0.457436179368712	0.101550089543985
62.25	0.282438077677019	0.46806450304293	0.109042935127198
62.35	0.287963461412098	0.478509810996285	0.118940869600676
62.45	0.29377118822043	0.485563141513498	0.128887618867007
62.55	0.299861258101998	0.496326396955292	0.138916120494876
62.65	0.306233671056826	0.506871002312819	0.149495595467598
62.75	0.312888427084891	0.51772784075326	0.160659185425165
62.85	0.319825526186204	0.527023822503251	0.169053381570875
62.95	0.327044968360782	0.536177058122936	0.181632825552176
63.05	0.334546753608573	0.545273473562456	0.19419456039745
63.15	0.342330881929641	0.554224933773475	0.207116783011082
63.25	0.350397353323944	0.563516568009557	0.21827415809964
63.35	0.358746167791498	0.575081915142429	0.230854239652486
63.45	0.367377325332287	0.583407142985047	0.245345677125904
63.55	0.376290825946335	0.591182989357336	0.258447041715488
63.65	0.385486669633637	0.599573490038452	0.271261925405785
63.75	0.394964856394166	0.607455635240209	0.28437406667416
63.85	0.404725386227959	0.61521235692706	0.296965552199962
63.95	0.41476825913499	0.622844947901868	0.30964848399123
64.05	0.42509347511527	0.630353408164747	0.321374423051686
64.15	0.435701034168799	0.637737737715789	0.333668200413565
64.25	0.446590936295573	0.645550759531074	0.345561180234928
64.35	0.457763181495599	0.654612276988911	0.355460907042964
64.45	0.46921776976886	0.662324776564575	0.368545240634922
64.55	0.480954701115379	0.669465846326664	0.380389599698329
64.65	0.492973975535146	0.676924079855091	0.392575956484463
64.75	0.505275593028155	0.684952595422393	0.403025786768872
64.85	0.517859600599121	0.692853490318064	0.41649268367318
64.95	0.53074305850891	0.703171758071799	0.429263353377063
65.05	0.543871504286189	0.725478823274397	0.439388628308824
65.15	0.557207262144651	0.740562512612854	0.450844925751702
65.25	0.570750332084331	0.75411915566791	0.460489422262865
65.35	0.584500714105205	0.772630495213974	0.470485847712136
65.45	0.598458408207274	0.793176463498157	0.479981556563202
65.55	0.612640047280701	0.815226479259291	0.489145106927915
65.65	0.627284792950677	0.835118602558626	0.498825816102174
65.75	0.642125405506849	0.851088571471969	0.508803368576607
65.85	0.65685567153599	0.868853986830529	0.51858821372665
65.95	0.671471145845398	0.891365496081709	0.529168126094236
66.05	0.685971828435074	0.910635328192802	0.539128046354822
66.15	0.700357719305031	0.930530386435847	0.549842859131865
66.25	0.714628818455258	0.949261836295117	0.559880723972798
66.35	0.7287894708451	0.962679623089249	0.56995045500284
66.45	0.742983180561413	0.981457203093131	0.580766283934412
66.55	0.757300142892939	0.993927311365008	0.591294545880836
66.65	0.771310379876866	1.01005332537464	0.601680850088121
66.75	0.784808628971685	1.02724250908726	0.612311853615167
66.85	0.797780268471761	1.03721515443472	0.623505773813621
66.95	0.810225298377078	1.04761170690176	0.635138912683527
67.05	0.822143718687647	1.05895123036633	0.647520429902194
67.15	0.833535529403474	1.06986275834382	0.659420445567154
67.25	0.844400730524522	1.07399393697168	0.671850204753059
67.35	0.854749138870222	1.07612013118375	0.684565086635509
67.45	0.86476722574154	1.08747251803931	0.697173350671947
67.55	0.874482180869212	1.09202675360596	0.708939487949511
67.65	0.883593378418171	1.09275232904906	0.721495398116083
67.75	0.892032843727114	1.09896751994475	0.734388624263194
67.85	0.899801643638411	1.09965843563041	0.746512287045367
67.95	0.907113333650545	1.09708683608972	0.759247148440708
68.05	0.913872366202337	1.09514359790383	0.772060444079489
68.15	0.919898863568372	1.09488726789859	0.783478731666588
68.25	0.925192825748636	1.09931529887746	0.795118603921216
68.35	0.929972787591706	1.09931783719108	0.806921857563128
68.45	0.934770464980047	1.10260752586544	0.817901226327843
68.55	0.940802639018175	1.10623701742221	0.826188066946996
68.65	0.948133080579758	1.10329556461373	0.830208683754036
68.75	0.954576237313663	1.11265365161857	0.831667148386049
68.85	0.96169273655178	1.12633090084861	0.831667832797667
68.95	0.968096375037833	1.14488381869535	0.831223507422519
69.05	0.973508684613973	1.15758259900624	0.831554854619583
69.15	0.978305065026822	1.16875430941144	0.832006018622047
69.25	0.981960225125215	1.1754795812114	0.83221929037222
69.35	0.98444905688509	1.180447088989	0.833054322274343
69.45	0.986222332676705	1.18596318215073	0.835052630766172
69.55	0.988582741714206	1.19235956069714	0.835949981665008
69.65	0.991521446440242	1.19147609703903	0.839184138014055
69.75	0.99430346677284	1.19725419809422	0.842080453614468
69.85	0.996710681423195	1.20060102990271	0.845626620206352
69.95	0.998750191485367	1.20120685812602	0.844742278751847
70.05	1.00080003830115	1.2021825140586	0.845962677590708
70.15	1.00290170081942	1.19127266890525	0.846340286671772
70.25	1.00491436219087	1.19236070751298	0.841952342388783
70.35	1.0068380224155	1.19375466968792	0.841962565915373
70.45	1.00863606711128	1.1956383471624	0.843677454454031
70.55	1.0096382765363	1.1973241840368	0.842321892537881
70.65	1.01007212018893	1.19307527669109	0.846023929922575
70.75	1.01087326612479	1.19300488117374	0.850436259537315
70.85	1.01206450086033	1.18945395038139	0.852975452144254
70.95	1.01364582439557	1.17941123605956	0.850598040501256
71.05	1.0156172367305	1.17537429004286	0.847899592023078
71.15	1.01702072046991	1.17398270104928	0.847661416920799
71.25	1.0175545943	1.16389448193096	0.848765628691906
71.35	1.01796833428726	1.15817793850839	0.848900712168782
71.45	1.01912092465563	1.15561808970129	0.851807373381611
71.55	1.02113217096369	1.15488648522887	0.8531339088719
71.65	1.02311059089269	1.15272923387114	0.852773332665925
71.75	1.02324650310274	1.14749386944691	0.85615486594314
71.85	1.02151832665211	1.1475379737023	0.852846705465487
71.95	1.0194891888994	1.15026493893916	0.847383317141729
72.05	1.01765600516758	1.15310726852347	0.839383507195767
72.15	1.01621025077687	1.15560717001473	0.842687611332691
72.25	1.01449125742121	1.15569644353385	0.844122945769508
72.35	1.01209511375972	1.15558185487544	0.846579806297561
72.45	1.01132363689147	1.15738003975711	0.840730695868068
72.55	1.01223514935912	1.16396597492587	0.835299221970244
72.65	1.01378840277832	1.17142485802295	0.829520399447312
72.75	1.0160528583932	1.18345963311575	0.817473176145964
72.85	1.01826696722643	1.19948572894516	0.804058446340296
72.95	1.01618854687759	1.20030553090344	0.800282555546495
73.05	1.01364747999945	1.21094682114016	0.794589067647333
73.15	1.0081980891235	1.20957426997615	0.786330616718756
73.25	1.0022474391669	1.20192769427567	0.779859873320738
73.35	0.998128622029416	1.20081012858675	0.77908702589625
73.45	0.995852292514025	1.20845997458065	0.772362355964892
73.55	0.99541845062075	1.21097192632273	0.765413592624848
73.65	0.996827096349556	1.2179518203928	0.761219045329501
73.75	1.00007822970047	1.22735826708239	0.761532124045749
73.85	1.00517185067349	1.23836221331707	0.762083320409245
73.95	1.0121079592686	1.24680342395853	0.760569142827639
74.05	1.02088655548582	1.25482205392723	0.76630437208641
74.15	1.03150763932514	1.26318901796871	0.770080023843448
74.25	1.04397121078656	1.2768951073287	0.784394115553157
74.35	1.05827726987008	1.29476899392598	0.799857381144487
74.45	1.0729878494849	1.30821722708354	0.813861769134922
74.55	1.08569714027904	1.3083440565871	0.830568894958853
74.65	1.09938161094534	1.30806904527849	0.847046243835879
74.75	1.11562595095822	1.31975898387239	0.850672557896415
74.85	1.1344301603177	1.33403794841977	0.85762021368296
74.95	1.15364169377377	1.34642734211174	0.8629416752165
75.05	1.16681202074712	1.3581918406088	0.865820984159524
75.15	1.17840541729897	1.37806619771307	0.890024058908661
75.25	1.19217334126707	1.40337783858151	0.902566380798825
75.35	1.20753339299559	1.42877752083905	0.899936362090704
75.45	1.22196820626372	1.45587262461348	0.899368250382792
75.55	1.23642235701254	1.48346994966189	0.889585999015746
75.65	1.25113728664993	1.50945765755894	0.887473885029108
75.75	1.26665265608234	1.53567149670729	0.891187626378463
75.85	1.28303528766643	1.56089540341902	0.902568544681733
75.95	1.30028518140221	1.58820734666276	0.915439296471963
76.05	1.31840233728966	1.61938774897666	0.932005189751797
76.15	1.33738675532881	1.64754733007801	0.952843301020034
76.25	1.35723843551961	1.67649346824047	0.976022773214686
76.35	1.37795737786212	1.7092537327809	1.0011563729822
76.45	1.39954358235629	1.73744560741606	1.04030066282139
76.55	1.42199704900216	1.76752686432961	1.07337469497913
76.65	1.44545650034609	1.79560290953771	1.10779626080621
76.75	1.46976227583764	1.82168893000944	1.13977716276182
76.85	1.49461450842831	1.84535848131552	1.17797543624373
76.95	1.52001223658687	1.87070500677113	1.22778991122421
77.05	1.54617672252619	1.89344066671826	1.26697838507271
77.15	1.57358209816316	1.91333587912629	1.30611305471904
77.25	1.60241675232609	1.93835434624586	1.34704335211789
77.35	1.63349656961986	1.96244836410126	1.37395630385282
77.45	1.66418880064479	1.98705296052444	1.40018703409562
77.55	1.69415775008845	2.00546833569039	1.42675308023981
77.65	1.72302446804314	2.02118595135395	1.44974959285908
77.75	1.75053562556497	2.03733823215457	1.48255305084701
77.85	1.77779900392608	2.05990985954367	1.50029138857697
77.95	1.80476728840039	2.08123072001631	1.51211257325893
78.05	1.82999639825315	2.10030198200938	1.52627857628824
78.15	1.85348402559554	2.12815909928676	1.53745344958975
78.25	1.87523017042751	2.15168457864992	1.54698896810247
78.35	1.89523483274909	2.18042135792709	1.55653514898005
78.45	1.91349801256028	2.20215670724308	1.56829223473518
78.55	1.93001970986106	2.22961334161855	1.57578741202656
78.65	1.94479992465145	2.2527742712183	1.57823164539858
78.75	1.95783865693143	2.27961290345456	1.58843466470868
78.85	1.96913590670103	2.30400108242828	1.59165169903102
78.95	1.97869167396022	2.32286746512181	1.58935759383975
79.05	1.98650595870901	2.34154935069308	1.58439613764291
79.15	1.99257876094741	2.35813167956091	1.58593781264917
79.25	1.99691008067541	2.37213210798556	1.58379902779556
79.35	2.00188432883816	2.38775412114382	1.5854131167099
79.45	2.00992014482159	2.39228491740621	1.5856258795274
79.55	2.01968954181016	2.39564781058424	1.59749397054028
79.65	2.03233599132995	2.39830515437302	1.62434585790031
79.75	2.0438458366585	2.40133714051024	1.62942573823114
79.85	2.05259953961063	2.39967463867952	1.62804002826261
79.95	2.06073357947137	2.39776459818668	1.64535922226689
80.05	2.06814975328721	2.39304401643927	1.66388440292939
80.15	2.07262412716603	2.39334378625998	1.66143126044857
80.25	2.07415668226441	2.39229762677105	1.64314808938306
80.35	2.07336605619292	2.39582572823266	1.63485900411373
80.45	2.07249334873784	2.41210521922723	1.65464524881419
80.55	2.06890959637572	2.4249398011541	1.66514014144538
80.65	2.06223501061252	2.44721424833107	1.67260562969681
80.75	2.05246959144823	2.45563877502328	1.66752667420466
80.85	2.03961333888284	2.45699926477111	1.65202662295943
80.95	2.02366625291637	2.45326815244231	1.62726359379792
81.05	2.00462833354881	2.4465170744848	1.6012944892763
81.15	1.98249958078016	2.43550370140978	1.57265362839134
81.25	1.95727999461041	2.42173981544422	1.54319648727805
81.35	1.92896957503958	2.40248255371712	1.51318342477095
81.45	1.90466470414193	2.38269950228562	1.5003852473562
81.55	1.88601170291563	2.35426853369124	1.4855708374227
81.65	1.8705606219816	2.3245160634132	1.49112515446948
81.75	1.85571528357129	2.28710091030371	1.49530409051153
81.85	1.83719170346009	2.24434423459687	1.47878562600224
81.95	1.81503920178576	2.19880220075947	1.46285708407807
82.05	1.79211738837234	2.16176029343436	1.44876513821489
82.15	1.76734459985428	2.14014391223872	1.43590146722103
82.25	1.73967512762033	2.10222908257124	1.42565860360315
82.35	1.70802466121335	2.07854622354753	1.40699869138816
82.45	1.67470550548654	2.04957639357162	1.39462321567789
82.55	1.63797464300058	2.01333011703386	1.35733328335268
82.65	1.60513826639275	1.97327160151796	1.32495831898484
82.75	1.58260791835444	1.95316852802016	1.30269974399354
82.85	1.56256470188608	1.926284928368	1.28817649544846
82.95	1.54104181702344	1.90065220107182	1.27300932388707
83.05	1.51616230751491	1.89625614651555	1.2499165930381
83.15	1.48938196066082	1.86645332297956	1.22554125543648
83.25	1.47116082911281	1.83937929910136	1.20680752124036
83.35	1.4538204253861	1.81198899345495	1.18046979188604
83.45	1.43463110087516	1.77928603448898	1.1534958262245
83.55	1.41359285558002	1.74888078441948	1.1269122643874
83.65	1.39070568950061	1.7126251133289	1.09908870597539
83.75	1.36596960263699	1.67171915864139	1.07063321039981
83.85	1.33938459498914	1.63230803846137	1.05076301455798
83.95	1.31095066655708	1.60709237405119	1.02766998908476
84.05	1.2809194667579	1.59294852609026	1.00549771891853
84.15	1.25235754624621	1.56836636710673	0.979800813319893
84.25	1.22596224554137	1.54661840864984	0.958454891196965
84.35	1.20074964872227	1.5224395172963	0.939133415855178
84.45	1.17567057411955	1.49678947105175	0.903252162559626
84.55	1.15069276701481	1.46396748814059	0.86400985366219
84.65	1.12581622740806	1.43094385432019	0.835460839819768
84.75	1.10104095529928	1.39817054608906	0.798928788109431
84.85	1.07636695068846	1.36001680702519	0.760426184472114
84.95	1.05179421357566	1.31730575171718	0.719983352824647
85.05	1.02732274396081	1.28943636926836	0.682862420859232
85.15	1.00295254184395	1.25843522775966	0.649367380166486
85.25	0.9783420701369	1.21599545210094	0.63032903285725
85.35	0.951987720193146	1.18453948469875	0.606345990871019
85.45	0.921422200857481	1.15204830937146	0.581698998645664
85.55	0.890990475977413	1.11872698403334	0.557117966469944
85.65	0.859262989599095	1.09259133423552	0.528011597374147
85.75	0.827394262108481	1.06532448056143	0.500472414979548
85.85	0.796499758333593	1.03589371194094	0.475080539536317
85.95	0.765022712753862	1.01720025423764	0.454795858227169
86.05	0.731073374617377	0.985545837311265	0.428956438954414
86.15	0.698412960583902	0.962350247116843	0.400456428365613
86.25	0.668023132720164	0.934539136709694	0.36207139011307
86.35	0.639903891026188	0.908540621605775	0.332539933639624
86.45	0.614055235501983	0.888996480652818	0.302959659458057
86.55	0.59047716614749	0.876679989131375	0.273444708552388
86.65	0.569169682962798	0.868721856814478	0.255098247337632
86.75	0.55013278594783	0.861798416137416	0.232585349988467
86.85	0.533366475102619	0.854232454725465	0.203873718747194
86.95	0.51887075042717	0.846987549382808	0.179756496532423
87.05	0.506645611921481	0.840869641640583	0.162749550542351
87.15	0.496691059585524	0.835099903709588	0.144407813499943
87.25	0.489007093419341	0.829678335590199	0.126574691019726
87.35	0.483593713422906	0.824604937281763	0.116139593652405
87.45	0.480450919596216	0.819879708784505	0.108760071743652
87.55	0.479578711939298	0.818318380787298	0.0988862488533102
87.65	0.480977090452114	0.817441838680317	0.094790188002671
87.75	0.484533019825398	0.817695664901007	0.0936390992735197
87.85	0.487386283071698	0.806655476529123	0.0987853232848351
87.95	0.484301770303286	0.791916826671886	0.109067366868028
88.05	0.477071627660487	0.773757560341705	0.109205706127665
88.15	0.470373927995053	0.75516846823885	0.113156045792375
88.25	0.464916595088046	0.733609049136939	0.115823677373627
88.35	0.462187426821751	0.729310076842252	0.113730265653653
88.45	0.460607449727709	0.731924053531151	0.112105064614439
88.55	0.457863978217082	0.713457704522955	0.1090588755533
88.65	0.457064923904101	0.705268677605585	0.120887447136663
88.75	0.457440017745818	0.704990453815839	0.116324207279668
88.85	0.458081029180872	0.694773108904539	0.115233717043185
88.95	0.457651081340359	0.695705297121414	0.104035453500038
89.05	0.459283287293242	0.705369968216047	0.101871622147302
89.15	0.453488680412657	0.704018341150491	0.108734488926564
89.25	0.440631095878502	0.679495364449535	0.117885580002682
89.35	0.429261480507387	0.657020483241832	0.122628853489466
89.45	0.419417762522743	0.63780037623468	0.133059398475706
89.55	0.411099941924514	0.621000354049372	0.143212340987413
89.65	0.404308018712731	0.607592838239021	0.15994640739274
89.75	0.399041992887413	0.597041218996977	0.167760803631673
89.85	0.395301864448486	0.58659056044266	0.176259354728777
89.95	0.393087633396041	0.57654359429424	0.188749259543979
90.05	0.392399299730017	0.571249790065491	0.193210516259279
90.15	0.393236863450441	0.573268311322189	0.206425960797472
90.25	0.395600324557294	0.581070253150291	0.205562983892364
90.35	0.399416335371445	0.608710531832521	0.213407515843512
90.45	0.402890220775703	0.614662566986456	0.214034991833363
90.55	0.406955476801481	0.623738107940202	0.219734776151038
90.65	0.410969224446041	0.624486236630258	0.228595946437475
90.75	0.41557096853773	0.626635356025758	0.236489406188924
90.85	0.421228058738003	0.638507590607518	0.244264079646139
90.95	0.424662715545825	0.643108286825158	0.248415555051952
91.05	0.428036209384207	0.652401942639302	0.251047018275525
91.15	0.432435288597143	0.662140937385365	0.255732487016005
91.25	0.437859953184679	0.670790639026972	0.263708677847598
91.35	0.444310203146779	0.675578852184027	0.270945519087488
91.45	0.451786038483474	0.686999270643533	0.280203934712917
91.55	0.460287459194723	0.694507579122506	0.291730198041986
91.65	0.46981446528055	0.699400309343478	0.302534088166709
91.75	0.480367056740972	0.706202987707208	0.317211767051924
91.85	0.491945233575949	0.710664330408542	0.329145997647271
91.95	0.504420547413577	0.711564539390023	0.338221476839058
92.05	0.516878262609639	0.718199033825985	0.348000644534699
92.15	0.52992836074006	0.729926378331249	0.358781909613216
92.25	0.543671785517363	0.744903351779975	0.365439589396225
92.35	0.55773090666269	0.7602083212035	0.379036379486984
92.45	0.571906368984715	0.773426867683967	0.384523452444139
92.55	0.585518712552697	0.787263631048735	0.396215381158653
92.65	0.598780331704432	0.802721139259769	0.405896956258628
92.75	0.611656911277796	0.82022748635571	0.420034939831037
92.85	0.623738650561052	0.841022795143624	0.426522990161686
92.95	0.634529721889408	0.854244755159995	0.436724540767358
93.05	0.644430171096142	0.87414253577235	0.446791754057508
93.15	0.653453287809944	0.873860736513283	0.458720574210795
93.25	0.661608402935384	0.872877749439525	0.471783905442527
93.35	0.66887458529268	0.869544219293711	0.484054909950777
93.45	0.675101926240695	0.886319468109744	0.499057818102901
93.55	0.680236558552946	0.895619259009345	0.507692527775045
93.65	0.684275960900711	0.891991297523956	0.508993026036202
93.75	0.687531432401351	0.895893579617395	0.517746850164306
93.85	0.690115388187134	0.907413542859549	0.52379657186138
93.95	0.692727183486326	0.915274524771002	0.520928857239498
94.05	0.694960781310078	0.915118220367003	0.522847121607983
94.15	0.69632558516148	0.912364932918722	0.521826765356623
94.25	0.697398377712142	0.908163544219289	0.516026630158225
94.35	0.698001689717271	0.903427818631209	0.511938246004537
94.45	0.697786019027256	0.908305590136562	0.507006590842725
94.55	0.696751365642071	0.905724224805994	0.505227810643493
94.65	0.694897729561769	0.901642202763083	0.501993843475567
94.75	0.692225110786297	0.902318284859473	0.493981871941589
94.85	0.68873350931569	0.897862249090684	0.487673411164859
94.95	0.684422925149923	0.88796099969904	0.481774306359351
95.05	0.679293358289021	0.87812047929459	0.477092011778814
95.15	0.673565697531904	0.871859958776301	0.472899625641114
95.25	0.667530662982713	0.868056467926863	0.469224124182022
95.35	0.660961271273133	0.859843294409468	0.465059531490249
95.45	0.653845400227849	0.853868868628828	0.459980419483789
95.55	0.646302672919143	0.844350777781869	0.458709278274124
95.65	0.638342035029617	0.8349158966094	0.453398975522245
95.75	0.629873152107552	0.821776364654864	0.446200203356107
95.85	0.620713792611508	0.808178731141932	0.436910228692543
95.95	0.611355360453288	0.791696941656353	0.430804113964015
96.05	0.601542260667816	0.778021901702258	0.425682228534895
96.15	0.591454362302392	0.759112522363065	0.417594161309579
96.25	0.580968755216404	0.737659149507164	0.40991989380953
96.35	0.57009007188332	0.716118969710178	0.399866882194141
96.45	0.559286964653917	0.691465133469137	0.38680460788379
96.55	0.548264883041099	0.674992977772219	0.380312353619331
96.65	0.537095429238754	0.660025045752422	0.367549408343389
96.75	0.526315819394814	0.65355277968276	0.359412113359711
96.85	0.516082366227598	0.647708585325562	0.349118667397493
96.95	0.506767228817564	0.643976747086144	0.338171964532831
97.05	0.498375769148205	0.640908875414758	0.330848299727524
97.15	0.490907987219544	0.640798596757954	0.318807194941276
97.25	0.484363883031563	0.640961500975282	0.305855236512847
97.35	0.478743456584261	0.640605836245222	0.29405495330992
97.45	0.474046707877666	0.638964036140668	0.281450570467916
97.55	0.47027363691172	0.641939246612046	0.270837419480669
97.65	0.467424243686496	0.644282128802634	0.261180095018535
97.75	0.465498528201942	0.645171629159728	0.254337481239684
97.85	0.464496490458088	0.646172531224321	0.247776392627532
97.95	0.4644181304549	0.647292730167313	0.243730633008215
98.05	0.465263448192415	0.650985455232787	0.24243040586007
98.15	0.467032443670598	0.652229504696143	0.239525934708268
98.25	0.469725116889482	0.654844365416985	0.236574663415636
98.35	0.47334146784906	0.657968087388207	0.233080889921115
98.45	0.477881496549302	0.662025773707457	0.23527781268476
98.55	0.483345202990238	0.666227099207649	0.236460477438191
98.65	0.489732587171855	0.672964591932654	0.244834537286994
98.75	0.49704364909418	0.681993164445226	0.247115800545505
98.85	0.505278388757169	0.687948543686407	0.25408553878312
98.95	0.514436806160853	0.697170727958238	0.263962453857638
99.05	0.524518901305222	0.705812951487342	0.273900500089473
99.15	0.53552467419028	0.719509926817123	0.285624285149071
99.25	0.54712004426784	0.730314798643443	0.29534992726516
99.35	0.558725852537338	0.736907363106797	0.31102993660609
99.45	0.570399823611115	0.745025832075224	0.324179236951903
99.55	0.582875817368148	0.75500449946718	0.337963533957168
99.65	0.596083156954248	0.76472947170905	0.352003214399739
99.75	0.609310312021981	0.770749250040035	0.366975005126371
99.85	0.622816172675442	0.77912953575469	0.37783222109665
99.95	0.633807163607953	0.793230666595405	0.386442138334897
100.05	0.642176743859631	0.805433537010844	0.396164101247125
100.15	0.650276272473099	0.820565845022206	0.407478432457948
100.25	0.658894268765376	0.833876614123227	0.420025745547136
100.35	0.668030732736477	0.844829367373395	0.43082449641431
100.45	0.677685664386369	0.855716369608379	0.442574688888328
100.55	0.687859063715092	0.866072531133747	0.454747084510768
100.65	0.698550930722604	0.875135005716622	0.468881022389587
100.75	0.709581992966232	0.884969310116765	0.47498716127477
100.85	0.719159178338953	0.897140443164053	0.483915441052104
100.95	0.728185044236867	0.907201366904713	0.496985081604947
101.05	0.73746572283771	0.91735014158889	0.515144510691938
101.15	0.747001214141442	0.928075104277375	0.530020803846133
101.25	0.756791518148066	0.940669247559478	0.543389609349631
101.35	0.766836634857578	0.955190140942322	0.565081748293963
101.45	0.777136564270002	0.96527425631878	0.587210729341224
101.55	0.787691306385286	0.974720522634316	0.598523284278747
101.65	0.798500861203517	0.975773390943394	0.616662282033914
101.75	0.80956522872461	0.990202035368651	0.633889037312478
101.85	0.820884408948599	0.998303807661024	0.654104577864254
101.95	0.832458401875488	1.0062806552879	0.681670778752774
102.05	0.84428720750529	1.01329577991075	0.703392024025849
102.15	0.856370825837962	1.01967454297362	0.724505163427653
102.25	0.868709256873542	1.0283608756932	0.73790434103054
102.35	0.881309753260223	1.03366852433105	0.75455241563159
102.45	0.89410832383495	1.04086115163422	0.767075175353168
102.55	0.906690616961364	1.056496165908	0.776626781089602
102.65	0.918729513559577	1.07926609414382	0.788847241118644
102.75	0.930179961860825	1.10208030447746	0.800027451009483
102.85	0.94116396053291	1.11208914947988	0.808546353471413
102.95	0.951518831730163	1.13831318332272	0.819526465223014
103.05	0.96106602222188	1.16181248261539	0.829265414988413
103.15	0.969805522086647	1.17340148548216	0.839244338380991
103.25	0.977737331324438	1.17968463693953	0.851178360767856
103.35	0.984861449935242	1.19414767813704	0.861991278424518
103.45	0.991271332226094	1.21877035968723	0.874123887834006
103.55	0.997475439608237	1.2268164554062	0.882067963397801
103.65	1.00282432883358	1.22397056018457	0.8944346360747
103.75	1.00717717984009	1.22088740649976	0.900365953838614
103.85	1.01053399262782	1.21465806960851	0.907008099627502
103.95	1.01316955693176	1.21330501394317	0.912831804463563
104.05	1.01695808514181	1.20946063720742	0.917425999732593
104.15	1.02080417279645	1.21060386508198	0.923111789515907
104.25	1.02441511602775	1.21761320551542	0.925360064998993
104.35	1.02715399533585	1.22638868446442	0.92922420810418
104.45	1.02944567590921	1.22623753398843	0.933131706396143
104.55	1.03050200895884	1.23152255255233	0.93296027825725
104.65	1.02994388430556	1.24030704259454	0.935993201990161
104.75	1.02950922560787	1.24661581857056	0.939254500530298
104.85	1.03091789748973	1.24463906395417	0.942528912905765
104.95	1.03321687998529	1.2343728127361	0.945609229754937
105.05	1.03456051606237	1.22842968062526	0.948252453381586
105.15	1.03486696625207	1.21057155910696	0.950947134862773
105.25	1.03413623055436	1.20698903385162	0.954650154061536
105.35	1.03236830896929	1.21055821263212	0.95556625055501
105.45	1.0321723039539	1.21047329171689	0.958628450913652
105.55	1.0361943138565	1.21368632475913	0.962841491097883
105.65	1.04007449200318	1.20910739470763	0.966854295512556
105.75	1.04369745609988	1.20733575079967	0.97081591433018
105.85	1.04706320614664	1.19644191671119	0.974537672399192
105.95	1.05017174214343	1.19504690754442	0.978517017400839
106.05	1.05302306409025	1.19708248333288	0.982084409989474
106.15	1.05604048847056	1.1975057497202	0.985656226421663
106.25	1.05956790259089	1.19451757141538	0.988736055229333
106.35	1.06364432960272	1.19263962905559	0.992611173970949
106.45	1.06764050228739	1.18946629262338	0.996927800652852
106.55	1.07151136533557	1.18518726167384	1.00111407044125
106.65	1.07525691874732	1.18486287132671	1.0051874883045
106.75	1.07887716252256	1.1804375831597	1.00936261564026
106.85	1.08237209666134	1.18054769847865	1.01300725860382
106.95	1.08574172116364	1.17842182893118	1.01717799383906
107.05	1.08898711236038	1.18075955218956	1.02111661056462
107.15	1.09228835640462	1.18198719057418	1.02472120445261
107.25	1.09566688542259	1.18523904171886	1.02867979654967
107.35	1.09956410634329	1.18711849861626	1.03264745321089
107.45	1.1037097497759	1.19025597876999	1.0365770875015
107.55	1.10793715342622	1.19446232416219	1.04012555181536
107.65	1.11209125343073	1.19742992725598	1.04363212743405
107.75	1.11616718971102	1.20060506703299	1.0471203686707
107.85	1.12016496226709	1.20384335189717	1.05058778488888
107.95	1.12408457109895	1.20892945918115	1.05403287248853
108.05	1.12792601620657	1.21231839026396	1.05745563146858
108.15	1.13169008788195	1.21519145893389	1.06085606182902
108.25	1.13542056982341	1.21717635465794	1.06423416357052
108.35	1.13910826098868	1.2202701647024	1.06760600695815
108.45	1.14274344789864	1.22214934562479	1.07095006185925
108.55	1.1463128002427	1.22513191756036	1.07413332872874
108.65	1.14980991790563	1.22950169040613	1.077544701761
108.75	1.15323480088745	1.22969421338525	1.0807130164684
108.85	1.15658744918813	1.23221329744831	1.08377559728244
108.95	1.1598678628077	1.23640222510462	1.08642757623008
109.05	1.16307604174613	1.23976693088461	1.08961032037695
109.15	1.16621198600343	1.2446098084526	1.09265473867553
109.25	1.16927569557964	1.24869126953083	1.09576085892457
109.35	1.17226717047466	1.25251713608863	1.09870337487587
109.45	1.17518641068862	1.25389875055064	1.10035797831666
109.55	1.17803341622142	1.25818755558811	1.10267239824693
109.65	1.18080818707309	1.26151416768291	1.10299487809868
109.75	1.18350726189312	1.26601783283018	1.10368989652117
109.85	1.18611066386912	1.26861637908295	1.10356228659997
109.95	1.18866849898638	1.27354769363985	1.10453332388916
110.05	1.19123004445372	1.27766812084473	1.10484805260922
110.15	1.19394563020006	1.28081596665196	1.10454419529633
110.25	1.19667047698313	1.2843266398821	1.10397736413019
110.35	1.19942064928129	1.28896390319247	1.10399960698282
110.45	1.20218478886998	1.29323438232392	1.10368794142852
110.55	1.20494902634428	1.29795978933799	1.10346582804303
110.65	1.20771336170428	1.30309087177526	1.10322953436312
110.75	1.21047779494996	1.30716589850553	1.10305122370025
110.85	1.21324232608131	1.31160091636284	1.10274983126046
110.95	1.2160069550983	1.3168118242558	1.1048548550269
111.05	1.21877168200098	1.32111400682322	1.1064399035699
111.15	1.22153650678935	1.32664853965818	1.10614467210779
111.25	1.22430142946335	1.33222413982723	1.10576966245426
111.35	1.22706645002303	1.33776898846193	1.10535938185954
111.45	1.22983156846839	1.34238751579618	1.10440420471269
111.55	1.23259678479944	1.3461221805497	1.10316758473197
111.65	1.2353620990161	1.3498717721738	1.1018251081902
111.75	1.23812751111846	1.3542925142977	1.10092947855768
111.85	1.24089302110652	1.35928965873008	1.10090322916623
111.95	1.2436586289802	1.36428513898692	1.10074869415775
112.05	1.24642433473961	1.3692789550674	1.10021096311782
112.15	1.24919013838462	1.3734924123129	1.09764140411584
112.25	1.25195603991535	1.37754751420287	1.09658913594201
112.35	1.2547201853284	1.3823488998136	1.09553223883201
112.45	1.25741791961866	1.38715067713535	1.09260878915953
112.55	1.26004068652211	1.39170355087075	1.09308803247152
112.65	1.26267734088805	1.39473475668529	1.09093838275762
112.75	1.26533711032332	1.39960687817275	1.0881187631453
112.85	1.26802115306601	1.40447050352989	1.08631120633867
112.95	1.27046987064951	1.40928816041213	1.0855854187568
113.05	1.27319922528458	1.41414402097237	1.08495195894234
113.15	1.27595296363763	1.41899148994503	1.08431565068116
113.25	1.27903543911158	1.42392852733706	1.08357717312671
113.35	1.28183805677616	1.42878626173046	1.08287767824428
113.45	1.28466320929083	1.43363660809458	1.08219069209938
113.55	1.28751089665554	1.43847956642843	1.08151621469067
113.65	1.29038111887034	1.44331513673293	1.08085424601956
113.75	1.2932738759352	1.44809639141117	1.08035586308613
113.85	1.29618916785016	1.45279947087593	1.08006665219995
113.95	1.29912699461514	1.45749552672055	1.08014392492178
114.05	1.30208735623019	1.46218455894426	1.08026429883329
114.15	1.30507025269536	1.4668298685784	1.08040124795102
114.25	1.30807568401056	1.47130040459779	1.08055477227526
114.35	1.3095801944726	1.4694505736805	1.08067205737278
114.45	1.31260847089074	1.47446964469597	1.08076634940941
114.55	1.31565967384808	1.47980548555234	1.08049606977814
114.65	1.31873380334458	1.48505885394792	1.08034105947329
114.75	1.32183085938028	1.49016772704246	1.0789444218856
114.85	1.32495084195516	1.49528476887457	1.07788648083944
114.95	1.3280937510692	1.50042222504896	1.07696087980361
115.05	1.33125958672246	1.50558009556515	1.07650909757927
115.13668	1.32833352488681	1.50993434075064	1.06998636399312
