phys	rec.rate	upper	lower
0.05	NA	NA	NA
0.15	NA	NA	NA
0.25	3.71216896093129	5.20918933959811	0
0.35	3.80208794672114	5.21647009904465	0.325696271515352
0.45	3.90127351720993	5.22056314451548	0.915578459953143
0.55	4.39218262203914	6.34721143151709	1.61498615680594
0.65	4.43991949392027	6.29475591683355	1.89469865231366
0.75	4.48997726455483	6.24327037494099	2.23511633926253
0.85	4.62809705292391	6.6237881026525	2.68271594815637
0.95	4.67088077847391	6.56078208439867	3.10421401695022
1.05	4.70314197290966	6.49422178103821	3.27905827377825
1.15	4.73444916330098	6.42728331849048	3.51276101948285
1.25	4.8058224517306	6.59155479048732	3.79306872758577
1.35	4.84133039331757	6.52133811179303	3.92386538176975
1.45	4.86595558575551	6.48722764706436	3.99061027878341
1.55	4.88644182989869	6.52275364240351	4.02371333723986
1.65	4.92709922784791	6.53996069799147	4.05536395830571
1.75	4.95047475457793	6.64639072811795	4.05298369396035
1.85	4.956520775103	6.75803495420602	4.06318317639115
1.95	4.99501502158905	6.81380625294469	4.07513633111011
2.05	5.02305258386194	6.87385188428211	4.08372358399728
2.15	5.02612041449619	6.88574073253776	4.09126181334229
2.25	5.00431432595647	6.75648783682515	4.09507084304306
2.35	5.0092776619927	6.71511979638563	4.09972619770509
2.45	5.00822222051034	6.74884185548725	4.09823603680287
2.55	4.98232612563399	6.64263350525778	4.10160018112864
2.65	4.98574582083629	6.54259853297759	4.11111169851209
2.75	4.99982298663339	6.56405320285916	4.11344793218876
2.85	4.95980750685042	6.43075536319391	4.08733262914484
2.95	4.95034056862421	6.46362406523729	4.08186387731728
3.05	4.89835394365083	6.29511562199814	4.06580416575563
3.15	4.78130639966664	5.96915960952405	4.03998108830371
3.25	4.6870643512242	5.71259040366191	4.01804599945571
3.35	4.54527106721116	5.34172671997827	3.95777222429655
3.45	4.43828165449107	5.25700352961555	3.87657411650827
3.55	4.35360708912914	5.30595386892642	3.7470624008878
3.65	4.27079979220866	5.24012016407172	3.61144085666941
3.75	4.1898597637296	5.14010741476532	3.48918551871975
3.85	4.11078700369198	5.00600383212456	3.41083080494526
3.95	4.03358151209579	4.83954588416415	3.3548443623705
4.05	3.95824328894104	4.68709830042599	3.29099081296094
4.15	3.87617252296293	4.52051470958052	3.23498753612654
4.25	3.76915663442605	4.40963099730199	3.10488631887942
4.35	3.69534949210965	4.27079424469763	3.03819879168447
4.45	3.61050638711045	4.17067637205732	2.96221038339858
4.55	3.50618858977484	4.12936588247044	2.84750488279888
4.65	3.42686117993481	4.10702339050631	2.74985985799947
4.75	3.37252415759039	4.07615932473291	2.64209192807642
4.85	3.34317752274153	4.02793886237529	2.56973565195028
4.95	3.33882127538824	4.01045719170508	2.50331255796573
5.05	3.35945541553055	4.01129882694885	2.48399382003855
5.15	3.39808879128703	4.00596966107762	2.46366907923472
5.25	3.34224846172272	3.94224086194734	2.42851711579953
5.35	3.26367840147286	3.92731569649713	2.33023100437975
5.45	3.23369041188549	3.94314360799074	2.33357441703425
5.55	3.24541308629777	3.95301396729844	2.31878882710968
5.65	3.21248474103483	3.9802731452795	2.30234792134492
5.75	3.18355447178485	4.02882621755844	2.30785176773305
5.85	3.18373810121847	4.05293004929433	2.26289952188457
5.95	3.21303562933565	4.1100112525158	2.28506315290241
6.05	3.27144705613642	4.14883542584849	2.3362537349069
6.15	3.35897238162075	4.18308670348038	2.39334930509635
6.25	3.45860031226429	4.22109663213647	2.46381057243283
6.35	3.47984697688657	4.22776667523389	2.48520533117999
6.45	3.46616148388603	4.31870023016058	2.43189436675413
6.55	3.4992073252739	4.36447852181337	2.4983591915401
6.65	3.57912111384723	4.4184641107498	2.55108199976
6.75	3.69070377916591	4.50251619089804	2.64700830327316
6.85	3.73537201115929	4.62360488764408	2.67742247942527
6.95	3.7991157054703	4.74856503100813	2.65459653710814
7.05	3.90422777714471	4.92880049914048	2.74749177931525
7.15	4.05070822618256	5.08482153017665	2.9041839047521
7.25	4.23855705258381	5.22616532674255	3.1441473524937
7.35	4.45145999290298	5.35020900332049	3.39289563736709
7.45	4.63409893863294	5.52012906564857	3.60235749959173
7.55	4.83760870283052	5.71252730253666	3.90483903937491
7.65	5.06852201774577	5.82165431838967	4.18821892936021
7.75	5.34193787818044	6.19178822346213	4.44779437022057
7.85	5.62410931596758	6.66166730698185	4.56018789484952
7.95	5.91202729420369	7.32013605751318	4.81193915322946
8.05	6.23007170782546	7.93608741366942	5.13323535907762
8.15	6.57356437866718	8.37932851276509	5.39600145926916
8.25	6.78948377338328	8.64704681004317	5.65655979458788
8.35	7.04942249723166	8.87220546456481	5.8232410584861
8.45	7.36643611642292	9.33178087341381	5.94682348962152
8.55	7.52407795376458	9.57976585532108	6.00779301697267
8.65	7.50417524808795	9.4929788871454	6.04709307042177
8.75	7.32788324931314	8.94406585375757	6.05777167215748
8.85	7.35088564468526	8.68041038963098	6.18564660113375
8.95	7.23760288174628	8.40245338926341	6.17589178184086
9.05	7.12629100240676	8.23789014641954	6.1428639820893
9.15	7.03917829463107	8.03764530582634	6.05768117323385
9.25	7.00105599356329	7.97866425302196	6.07225860997977
9.35	6.967155763797	7.98344744265836	5.72162671787128
9.45	6.91824564951239	7.95813901912948	5.51541872766417
9.55	6.85359561016731	7.83945212908417	5.62716248512206
9.65	6.79285679194015	7.79928127525694	5.82398423082466
9.75	6.73320227547083	7.68579769302913	5.82897408827961
9.85	6.67100212723848	7.63951853148714	5.69036763108239
9.95	6.59786929029734	7.48004809852431	5.77100622469067
10.05	6.52097484146531	7.41575017955353	5.72266508870226
10.15	6.4553600046596	7.21520314776878	5.70795921242951
10.25	6.40092306718816	7.19268066172748	5.68877455000079
10.35	6.35285254297948	7.1198968766622	5.62506532722874
10.45	6.29208712766232	7.14286804115979	5.52935835918388
10.55	6.213818834873	7.15826853390103	5.4200460654557
10.65	6.11879262116624	7.11522128550111	5.34324830991569
10.75	6.00700848654208	7.07666522212315	5.24470590328302
10.85	5.88712266132384	7.01767778306356	5.14337147070005
10.95	5.75578994009475	6.84048854440713	5.03820399271371
11.05	5.61287658557508	6.57065490791838	4.92081422166519
11.15	5.47090840989981	6.32074531318507	4.80787571393143
11.25	5.33545058676662	5.9923620118379	4.69547398750536
11.35	5.20109812613916	5.78087730911867	4.58174416421662
11.45	5.07007859395648	5.67115452159431	4.44617034113153
11.55	4.9516596724545	5.54086339216277	4.30097943400496
11.65	4.84606970084105	5.45723035064736	4.16453972293336
11.75	4.75330867911602	5.42613844742021	4.03938266174781
11.85	4.67337660727959	5.37874822645745	3.91790146055254
11.95	4.60627348533159	5.32359109456935	3.81452899913457
12.05	4.55199931327208	5.26090581079665	3.76954794209532
12.15	4.51055409110112	5.25684726047553	3.70137502172961
12.25	4.48193781881859	5.19240836452357	3.67004546807727
12.35	4.4661504964246	5.16813709072176	3.64856282730717
12.45	4.46319212391908	5.14080753116133	3.67116574572202
12.55	4.47306270130207	5.16800171325485	3.65444950258677
12.65	4.49534848437156	5.24512577380406	3.69891925035575
12.75	4.49449850338846	5.24577319247773	3.71883275771566
12.85	4.48331911326985	5.24609419534869	3.74247263733537
12.95	4.48498088217946	5.24520284953687	3.81024666820151
13.05	4.49948381011736	5.24666352386263	3.79465131033296
13.15	4.52682789708349	5.24933496205827	3.82298792319588
13.25	4.56701314307792	5.26768167314156	3.81758069187759
13.35	4.62003954810053	5.3465472184316	3.8742803031318
13.45	4.67128896097626	5.51307823736299	3.86349015353574
13.55	4.7003070340166	5.74547334200889	3.8609601342486
13.65	4.73295659722433	5.82726404673725	3.86999197968717
13.75	4.77014538139435	5.83478787655667	3.89609408936681
13.85	4.81139175443949	5.78827707882288	3.90561393686456
13.95	4.84161281024533	5.85322402261984	3.92224228441464
14.05	4.86615366676479	5.84393829931693	3.98159862020172
14.15	4.89151737453418	5.8495917780799	3.96062527661689
14.25	4.91231427115294	5.86272616739806	3.90064167320788
14.35	4.93146906829311	5.90027898276197	3.84447224731735
14.45	4.96615797782373	5.95183564567968	3.82020663171836
14.55	4.99403738311117	6.01378931070707	3.77356004654399
14.65	5.02416601407218	6.0926810506297	3.77199949515593
14.75	5.06403991721982	6.14258367762186	3.74767709870423
14.85	5.11365909255422	6.23423587785372	3.80166262313791
14.95	5.1730235400753	6.27083916512515	3.96326197902764
15.05	5.24213325978304	6.32355367205729	4.08981264962447
15.15	5.32022391935767	6.39585433533541	4.18319339733403
15.25	5.38107210679936	6.44726281756371	4.21963972759851
15.35	5.43604447863247	6.51450853316953	4.25396808032049
15.45	5.49774573795725	6.5611403112341	4.27776868092169
15.55	5.56617588477364	6.63402632984527	4.43794459836031
15.65	5.64119797687495	6.75751826037892	4.55085753256972
15.75	5.70494602472899	6.84217218993521	4.58849827298388
15.85	5.75397715016761	6.95131442046687	4.57317726475634
15.95	5.79710351277786	6.950373330635	4.5944474909469
16.05	5.83432511255991	7.05849978788365	4.59733866902188
16.15	5.86564194951356	7.13754198607527	4.61139246905635
16.25	5.89105402363899	7.19063333224835	4.62667056485834
16.35	5.91056133493606	7.22834251392606	4.57004239536547
16.45	5.92416388340489	7.26335861663762	4.54732924022746
16.55	5.93186166904539	7.22222969325366	4.50269930232449
16.65	5.93365469185763	7.21819041739392	4.47178615455274
16.75	5.92954295184153	7.19691668427297	4.42995679776076
16.85	5.91952644899718	7.19432804411218	4.38203059120142
16.95	5.90360518332447	7.12573359308217	4.32689922556754
17.05	5.8817791548235	7.0790206152481	4.26019679179084
17.15	5.85404836349421	7.00623680794229	4.21103559333503
17.25	5.8204128093367	6.94749318170481	4.14972800095162
17.35	5.78087249235082	6.93798376807724	4.0933757102054
17.45	5.74574400462107	6.99791882870618	4.03518748477514
17.55	5.72094675024315	7.03264128943574	3.9754670403134
17.65	5.68068682296488	7.02828014789778	3.91013738722753
17.75	5.62418969819924	7.04755618440393	3.85157762079297
17.85	5.56946706653693	7.05827970480428	3.78898953443874
17.95	5.5228304837522	7.06476499087097	3.73409535399556
18.05	5.46915720009435	7.1346248910732	3.67008755172891
18.15	5.40844709562075	7.20015622285039	3.60261914262937
18.25	5.34070017033137	7.22982439832439	3.53391008424884
18.35	5.26591642422625	7.25625046724187	3.4963008261843
18.45	5.18409585730535	7.29818514690966	3.43714792730156
18.55	5.09523846956865	7.34074029274065	3.36389850838101
18.65	4.99934426101632	7.37931448884554	3.30301058888924
18.75	4.89641323164807	7.42392838552195	3.24869357065601
18.85	4.78644538146414	7.48443076743523	3.19515121241845
18.95	4.66944071046446	7.55291366849079	3.14224579993414
19.05	4.54539921864896	7.62116604749479	3.089868771042
19.15	4.41432090601777	7.69191765766535	3.03669744816483
19.25	4.29620880888766	7.66518060129783	2.97457522292668
19.35	4.1898984675132	7.65926724326397	2.90280371959443
19.45	4.08833479791366	7.63083334829216	2.82884238151955
19.55	3.98639407102768	7.57137603978836	2.75467859730558
19.65	3.85537426074455	7.32513431450639	2.69147893446957
19.75	3.72562996009364	7.15976245226168	2.62643442343546
19.85	3.61191512093108	6.89640934766623	2.55596667955334
19.95	3.49948114908046	6.61590938535827	2.46754813264535
20.05	3.38832804454165	6.38072310677566	2.38698261045343
20.15	3.27845580731472	6.13014667042837	2.29166073322552
20.25	3.1698644373996	5.88157035260087	2.16218513020264
20.35	3.06255393479635	5.61343749438482	2.0384505714148
20.45	2.95652429950487	5.35060117927893	1.91878677994817
20.55	2.85177553152536	5.10532729677723	1.79363595201918
20.65	2.74830763085759	4.86380298453447	1.67454071402323
20.75	2.64612059750174	4.64895454223698	1.5561988119837
20.85	2.54521443145769	4.39333846479284	1.43794811022718
20.95	2.44558913272551	4.1683356476377	1.32386423143232
21.05	2.34724470130513	3.97741474025232	1.21245759710655
21.15	2.25018113719666	3.75003302876025	1.10187249323507
21.25	2.15439844040002	3.5497644571125	0.994569603082038
21.35	2.05989661091515	3.34799814295809	0.891149976552876
21.45	1.96667564874224	3.19971503255455	0.786215238310571
21.55	1.87473555388114	3.02283091780464	0.694667123070084
21.65	1.78407632633186	2.87956706649695	0.591003212195945
21.75	1.69469796609441	2.76797604323393	0.505677721324247
21.85	1.60618712532252	2.65709326035605	0.423711312027458
21.95	1.50646203480108	2.49909906076679	0.345601887570631
22.05	1.40338423685671	2.35328907833521	0.267118518519758
22.15	1.3032503934891	2.23199433142607	0.189479337513434
22.25	1.20606050469812	2.09817042718513	0.115934833575525
22.35	1.11181457048384	2.00518581907523	0.046634389779949
22.45	1.02051259084626	1.89891991326641	0
22.55	0.932154565785357	1.80850054510585	0
22.65	0.846740495301149	1.70746586817941	0
22.75	0.764270379393671	1.63652892624951	0
22.85	0.684744218062892	1.57593542290999	0
22.95	0.608162011308736	1.53948937253713	0
23.05	0.53452375913131	1.50874084865605	0
23.15	0.463829461530547	1.44243624687583	0
23.25	0.396079118506552	1.39505893384487	0
23.35	0.33127273005919	1.36792114952179	0
23.45	0.269410296188552	1.34174047070443	0
23.55	0.210491816894545	1.31606523840005	0
23.65	0.154517292177225	1.28375371728454	0
23.75	0.101486722036716	1.22268394567562	0
23.85	0.0514001064728525	1.19574634986948	0
23.95	0.00425744548560809	1.16919156931261	0
24.05	0	1.1424702111887	0
24.15	0	1.11302447142661	0
24.25	0	1.08973033361841	0
24.35	0	1.06708686075757	0
24.45	0	1.05150829306932	0
24.55	0	1.03368522075799	0
24.65	0	1.01639730911774	0
24.75	0	0.991812304830539	0
24.85	0	0.974986719255618	0
24.95	0	0.958759511335137	0
25.05	0	0.94089693605465	0
25.15	0	0.925607110541383	0
25.25	0	0.915195722807626	0
25.35	0	0.909493761999017	0
25.45	0	0.904627972462178	0
25.55	0	0.900516282965428	0
25.65	0	0.895701210209276	0
25.75	0	0.895432576543681	0
25.85	0	0.894032751175368	0
25.95	0	0.893571336572906	0
26.05	0	0.915128560712028	0
26.15	0	0.944876497071623	0
26.25	0	0.969023175130317	0
26.35	0	1.02208647246183	0
26.45	0	1.03023843737311	0
26.55	0	0.962837445297577	0
26.65	0	0.919838018971068	0
26.75	0	0.895637332187876	0
26.85	0	0.857527957116988	0
26.95	0	0.848709991655611	0
27.05	0	0.810878387750832	0
27.15	0	0.79566395107934	0
27.25	0	0.782089281512532	0
27.35	0	0.76335017054043	0
27.45	0	0.758000960338757	0
27.55	0	0.747004676021159	0
27.65	0	0.751641503270289	0
27.75	0	0.760809992866664	0
27.85	0	0.763569325712343	0
27.95	0	0.769503171839423	0
28.05	0	0.773369513128113	0
28.15	0	0.787199077602693	0
28.25	0.00558647122504352	0.78319810119549	0
28.35	0.0424021425098823	0.79264102806205	0
28.45	0.0817232939297604	0.802872733102105	0
28.55	0.123549925484629	0.805575648669055	0
28.65	0.167882037174549	0.819081941500356	0
28.75	0.214719628999447	0.829552458102061	0
28.85	0.264062700959477	0.85034030326831	0
28.95	0.315911253054413	0.870377690049935	0
29.05	0.370265285284479	0.920150309632882	0
29.15	0.427124797649459	0.985669806875848	0
29.25	0.486489790149562	1.07081118781696	0
29.35	0.541907912283538	1.15263024810337	0
29.45	0.582081410737473	1.17195429106428	0
29.55	0.62395203675837	1.1979375016882	0
29.65	0.668565013499759	1.22442786823477	0
29.75	0.715920340961562	1.23307954345568	0
29.85	0.766011529961331	1.24964659019329	0
29.95	0.808509417391392	1.28253886195842	0
30.05	0.844032740642926	1.32498135797403	0
30.15	0.881746426108787	1.3763134050769	0
30.25	0.921650473788819	1.3712910418171	0.0461190113393864
30.35	0.962670425728098	1.37820871989849	0.118105436666882
30.45	0.995400923806941	1.40300010290499	0.189131748323196
30.55	1.03171741245626	1.42366769697062	0.253240325909946
30.65	1.06243721996634	1.43891451246887	0.288560462535094
30.75	1.09431935762526	1.4584875917418	0.351326042730744
30.85	1.11943541999964	1.48799208945013	0.423148334134205
30.95	1.14447753001491	1.51560901238501	0.468296925780055
31.05	1.17072713897086	1.54169134766512	0.519969380003374
31.15	1.19818424686751	1.574810831942	0.5797607155583
31.25	1.22684885370483	1.60548537703392	0.629872172978423
31.35	1.25672095948281	1.63382696450075	0.684674145126746
31.45	1.28780056420148	1.66493014354807	0.748787447313566
31.55	1.32008766786085	1.68780984038878	0.814301090263796
31.65	1.35358227046091	1.71550048629689	0.877674026822694
31.75	1.38828437200158	1.7423097821206	0.92261838143981
31.85	1.42419397248302	1.76815763907042	0.975952521516856
31.95	1.46131107190512	1.79834666415287	1.02955524756034
32.05	1.49953994012732	1.82828335781533	1.08629308146165
32.15	1.5331934101493	1.85777027347177	1.1244054026608
32.25	1.56485299951324	1.8877725175618	1.15190369766003
32.35	1.598003482323	1.91955397729455	1.18582441434323
32.45	1.63264485857878	1.95430686573365	1.21622587992059
32.55	1.66877712828034	1.98933916756449	1.24798035653595
32.65	1.70640029142788	2.02348600655812	1.28949907940067
32.75	1.74551434802124	2.05705285193667	1.3303984133898
32.85	1.78611929806057	2.08853650689131	1.37500847545869
32.95	1.82821514154574	2.12140534977459	1.44218083078005
33.05	1.87067916572967	2.1544760738369	1.4908604764141
33.15	1.91030679829805	2.19005748848314	1.52391712367828
33.25	1.95077119752262	2.23854167804136	1.57644296786477
33.35	1.99246876023367	2.29255137900113	1.6299947136979
33.45	2.03539948643121	2.34115625715341	1.68654885781115
33.55	2.07956337611535	2.39672230562131	1.75105606390566
33.65	2.12496042928599	2.44326755502078	1.82692863514555
33.75	2.17167077416173	2.4872973091256	1.89671331637302
33.85	2.22423225953903	2.54617180936346	1.94224205666957
33.95	2.27769278201527	2.64881544684207	1.99146679437199
34.05	2.32815691268839	2.70294001165431	2.04473738406272
34.15	2.37562465155816	2.76747590477885	2.11404670257832
34.25	2.4223318017135	2.838385487382	2.18161053310377
34.35	2.48406019055208	2.93405719463898	2.2261489491477
34.45	2.5354993010948	2.97155024831693	2.28023474100443
34.55	2.60346425063439	3.03321983187272	2.32018186824474
34.65	2.69640083409853	3.13499115459563	2.37140270965367
34.75	2.78294863929111	3.21758321523827	2.40670270428137
34.85	2.86193064549144	3.31783081418742	2.45055877411538
34.95	2.93334685269957	3.40859940434639	2.48507230472792
35.05	2.99719726091541	3.47739085333496	2.50858077173353
35.15	3.05348187013917	3.54139623021648	2.52895572836743
35.25	3.10220068037053	3.61230651904306	2.55198272055416
35.35	3.14335369160979	3.66503228475194	2.57815436800341
35.45	3.17694090385686	3.7048531468801	2.59672617512232
35.55	3.20296231711157	3.74704114434365	2.61769112501303
35.65	3.22141793137417	3.76455931565396	2.63746036272189
35.75	3.23230774664449	3.76098722452841	2.65749474486414
35.85	3.23563176292264	3.75597308590269	2.67800468236424
35.95	3.23138998020853	3.75503048991316	2.68780667207491
36.05	3.23272019631157	3.75623942475349	2.7051292317429
36.15	3.26536619984307	3.75232807664115	2.73768235601526
36.25	3.28635597238828	3.76510410167359	2.76234101949919
36.35	3.29234149130558	3.79390848339081	2.77135599623452
36.45	3.2833227565951	3.76289870894269	2.78871389467279
36.55	3.25930942562204	3.7406479503908	2.78968275609272
36.65	3.24677502702454	3.72829343533934	2.76249764966767
36.75	3.24441450553489	3.7122729201646	2.71846603973603
36.85	3.22801732618236	3.68992568866652	2.71282106286996
36.95	3.19758348896672	3.64775704459294	2.67935747181476
37.05	3.17246924742009	3.62544665955921	2.62816954729352
37.15	3.15741648646471	3.59988433740265	2.56491004488568
37.25	3.13276238617309	3.56638639994714	2.55342683353779
37.35	3.10345219194821	3.55543885781314	2.53598510331318
37.45	3.0801788423945	3.50542727230175	2.4814516709219
37.55	3.05356650684798	3.47877136565603	2.43364650067995
37.65	3.02303022286842	3.4407259722001	2.36614499247424
37.75	2.98856999045585	3.38492384446329	2.31757238386388
37.85	2.94662395020353	3.33360773739212	2.26812130061526
37.95	2.87842905699126	3.3160389106996	2.20197803522928
38.05	2.79091746334672	3.27096371595297	2.12442638428537
38.15	2.71905819297944	3.20761352690354	2.05950177710022
38.25	2.62349421629448	3.18519795229319	1.97391124321234
38.35	2.53404192718381	3.18160085618971	1.87290277420204
38.45	2.46545743191106	3.19092843823104	1.79503806688543
38.55	2.41774073047641	3.16723261113509	1.71917359047491
38.65	2.3908918228797	3.1677535011967	1.65165670429314
38.75	2.38491070912085	3.18662453444913	1.60253631131145
38.85	2.39900897383348	3.21885924759499	1.5532601239167
38.95	2.37689614201289	3.20903414955051	1.52608636363274
39.05	2.33786697811036	3.17094790495704	1.51631406386716
39.15	2.31608693764405	3.13682498640526	1.51971070996312
39.25	2.31155602061375	3.13228407338318	1.53152000456977
39.35	2.32427422701968	3.14057450563656	1.54634265061525
39.45	2.35424155686175	3.15371484881415	1.55218250971466
39.55	2.40145801013984	3.16776807050071	1.56126553492415
39.65	2.46592358685419	3.1957974368586	1.58545776295263
39.75	2.54763828700457	3.2455261419693	1.65180539371949
39.85	2.64660211059112	3.28987821092131	1.77200847920643
39.95	2.76281505761383	3.37727793074992	1.90566202483043
40.05	2.89627712807257	3.48204941242801	2.07340656042836
40.15	3.04609908854745	3.61996318554901	2.22436361967815
40.25	3.17052200809272	3.7517370522218	2.37799529159951
40.35	3.29716873876344	3.90127731712493	2.49630865340072
40.45	3.43868120824079	4.05298442685933	2.65924227049782
40.55	3.56457572204105	4.30150619924344	2.81772538711112
40.65	3.69082348520359	4.53626465324009	2.98095654482408
40.75	3.81816772458505	4.76052205295598	3.12953583940225
40.85	3.94660844018558	4.90078796321262	3.27975712337068
40.95	4.07614563200487	4.99893198405749	3.42553542504973
41.05	4.23274968409327	5.10197231380351	3.56220108689858
41.15	4.39557371223963	5.68163117783951	3.64931689563518
41.25	4.51385550994582	5.62488166833196	3.74269250279375
41.35	4.61937207668008	5.61238498016029	3.83483935261629
41.45	4.76901277790026	5.84132948553871	3.92847434246594
41.55	4.90343855285614	6.10652842216489	4.02656116664461
41.65	5.0224011791409	6.30854988486624	4.13136963857995
41.75	5.12590065675432	6.44802135001051	4.2463120419186
41.85	5.21393698569667	6.50848916137774	4.36537348777829
41.95	5.28651016596778	6.51984319859339	4.48874246265223
42.05	5.34362019756764	6.39723692481584	4.59781772469371
42.15	5.38752334193366	6.2636636972073	4.71177516420056
42.25	5.44109870865369	6.1914095680376	4.81771191430029
42.35	5.48789479033102	6.10526377544589	4.8845734175798
42.45	5.5339752840917	6.12071937406312	4.93689078739362
42.55	5.59038996661649	6.29484829597542	4.80603389644728
42.65	5.65536662251831	6.43255318888421	4.63794821628073
42.75	5.70994186161811	6.5981240083048	4.49009663711653
42.85	5.7529307822849	6.71294303930231	4.38929175156476
42.95	5.79428319641507	6.87731882361155	4.22670168613848
43.05	5.82634956095331	7.00220627871351	3.81467283883598
43.15	5.88044813986278	7.04632182625868	3.98515493490746
43.25	5.95773955301384	7.07679107227937	4.3749059726778
43.35	6.04149762521246	7.04573536923158	4.67361448005199
43.45	6.1428749145422	7.04714276899485	4.7355278053364
43.55	6.22672629241926	7.12846489892525	4.94548830661735
43.65	6.30862046089017	7.1739821470795	5.30669347947858
43.75	6.4162370916315	7.31787561657503	5.41257695273378
43.85	6.49637241871334	7.46048990345871	5.60811554188144
43.95	6.60396850427035	7.66811806509692	5.61206802510234
44.05	6.72890948603352	7.84744933956902	5.61059873370494
44.15	6.87004158768614	7.99707442691292	5.54510306318209
44.25	6.95608217940006	8.18011358219878	5.46589753006044
44.35	6.98642954256533	8.3747733464076	5.36929895190396
44.45	6.96108367718219	8.51908069705911	5.31775419496553
44.55	6.88087215004527	8.52861251217422	5.23095873686836
44.65	6.85441256242836	8.46991208831276	5.16938948254238
44.75	6.84642701401776	8.4294864363561	5.06640677479805
44.85	6.77906106104694	8.34294004746436	4.88580275054127
44.95	6.65231470351599	8.24203465852585	4.6867593894008
45.05	6.4661879414248	7.9288533191287	4.52261355526863
45.15	6.22188126797626	7.58741346814891	4.46773353416428
45.25	6.00171595095981	7.36305825817143	4.33451419713692
45.35	5.76312985437275	7.22977933398012	4.11124979459958
45.45	5.54927104049659	7.1276421029266	3.73874861111797
45.55	5.34957810045499	6.92057598045115	3.40793145273126
45.65	5.14879787351675	6.60759222253851	2.96663535032845
45.75	4.8898527189619	6.5738741950384	2.57733350860278
45.85	4.60718711439126	6.49481754311101	2.21397842783723
45.95	4.1770328043931	6.50581997372802	1.74938781239813
46.05	3.8200052225975	6.38200634972917	1.29745776227331
46.15	3.54473512172631	6.42303225820835	0.846047807742141
46.25	3.3512225017794	6.56768610256095	0.409010338515942
46.35	3.23946736275685	6.72045306551855	0.150305465615664
46.45	3.20946970465839	6.80003283282675	0.0594195490798446
46.55	3.26122952748441	6.86805981902328	0.114483901149788
46.65	3.39474683123468	6.9473512186965	0.305742776549482
46.75	3.61002161590927	7.07559009158356	0.718028344998271
46.85	3.90705388150816	7.20071681952703	1.34175103889665
46.95	4.2858436280313	7.27800983727574	1.88326672309746
47.05	4.74639085547879	7.35631315776535	2.50318707789978
47.15	5.28869556385052	7.56897763074239	3.02776500564703
47.25	5.91271262489977	8.06717987977321	3.52341339305899
47.35	6.56101152636433	9.13705429515571	4.00777861015806
47.45	7.14512196566834	10.602648332149	4.39993796867742
47.55	7.67545791550712	11.5945959371727	4.85684808493064
47.65	8.21777633086401	12.3829285064033	5.33083007154348
47.75	8.77706684816888	13.1334155309342	5.80791467435496
47.85	9.26101414595559	13.8223632353318	6.31733519323133
47.95	9.78411461683945	15.2140689256986	6.56862300982374
48.05	10.013245053354	15.021284898324	6.87633376431234
48.15	10.3196525864022	15.584588866093	7.12934884316554
48.25	10.4043088968656	15.2801511751201	7.42781677495303
48.35	10.7520575588241	15.8453922350796	7.61250084607408
48.45	10.9658695815842	16.2323426137934	7.81877239743335
48.55	11.0396355119457	16.7728046869132	7.88250943646688
48.65	10.9733553499089	16.7233110251119	8.0121535119959
48.75	10.7965145414313	16.3631596021355	8.09862550975738
48.85	10.7129010950179	16.0626197221719	8.02268911762567
48.95	10.5766879110096	15.8712839969655	7.66103862451591
49.05	10.3463302559996	14.7004113223471	7.01652596257464
49.15	10.0218281299877	13.1482336007406	6.67703387352898
49.25	9.57359744588419	12.0326129818936	5.6780283886014
49.35	9.11908341199465	11.9018905963216	3.26581173405151
49.45	8.87186220147778	11.9347243153843	1.51768715232378
49.55	8.81332417523648	12.0135805354825	1.74254678315903
49.65	8.72593575973888	12.1860725849925	1.72818925393455
49.75	8.75087656223469	12.3293542327663	3.00334237156275
49.85	8.8861444198977	12.4843728597694	4.31033759710109
49.95	8.95802636644674	12.6655797857774	4.8364424146341
50.05	9.06572111813104	12.8705420161241	5.1391341412401
50.15	9.15232981203857	13.073972328928	5.0530283204595
50.25	9.21803827469408	13.3539853809707	4.65812529633655
50.35	9.30287036254492	13.6297653500351	4.37112360872657
50.45	9.37441687752285	14.0498750678762	4.21985343600455
50.55	9.54332138621035	14.7157528890642	4.15177684844816
50.65	9.66631225161705	15.4157146373552	4.00463476533012
50.75	10.3692953499626	16.8485356206046	4.742538846286
50.825327	10.5344244706004	17.8303511987643	4.57799103606895
