phys	rec.rate	upper	lower
0.05	NA	NA	NA
0.15	3.81710122009614	4.98306830701804	2.34110773267029
0.25	3.96296881700633	5.06457754160062	2.45951384648924
0.35	4.11267481780061	5.1354010100682	2.61270730650394
0.45	4.26621922247897	5.18662346844185	2.79508302262233
0.55	4.42360203104143	5.21815616874342	3.03991057229716
0.65	4.58482324348797	5.23635661754212	3.35124212257846
0.75	4.7498828598186	5.29685779062878	3.68455971016772
0.85	4.92112411187587	5.42762162601665	4.18916751207688
0.95	5.85011984202821	8.38909783133313	4.71632116637569
1.05	5.95350041960742	8.09282087061189	4.95643159960172
1.15	6.05983820846885	7.80337305478947	4.98150518183389
1.25	6.16913320861251	7.57867420257332	4.9660379153344
1.35	6.28138542003838	7.55326973614013	4.93574151908866
1.45	6.37406595356791	7.79293270258461	4.87448400306033
1.55	6.32196421745688	8.4357101383327	4.3226628571505
1.65	6.05458447242241	7.65572860492659	4.3731733125048
1.75	5.80278010949098	7.16080175474729	4.41443831353774
1.85	5.60850160775472	6.91732984081185	4.29182940435896
1.95	5.54183726820187	6.84736363044094	4.29352618802222
2.05	5.56737484116596	6.67912374031795	4.45716282791728
2.15	5.63958750621216	6.54959805204794	4.51936471707988
2.25	5.76840599094978	6.58091119404651	4.81278845067401
2.35	5.97067029578195	6.87051599660997	5.15501205386347
2.45	6.26614383205851	7.24751053061343	5.55197732772085
2.55	6.57411095676969	8.04440606187277	5.93765579907441
2.65	6.86718440185738	8.14184295400791	6.0690901681202
2.75	6.98843144238077	7.87581876071112	5.69792811181323
2.85	6.9883542572561	7.854395004694	5.57721578757403
2.95	7.196069309759	7.89383238137545	6.19386599026011
3.05	7.65872412715777	8.65868162964004	6.89007437540959
3.15	8.09277804212498	9.05374307789643	7.3265723425307
3.25	8.30476127668354	9.13232122264049	7.51769580493018
3.35	8.21432434547328	9.08005085268318	7.2568445205907
3.45	8.45428519685008	9.61157273167644	6.80861619269052
3.55	8.83337642508773	9.94299961781999	7.42450571719073
3.65	8.92838526313985	10.1831088557229	7.37802987871046
3.75	8.42809370554534	10.3453975482881	6.87943891061953
3.85	7.70004866352245	9.94671441491505	6.23767422737764
3.95	7.09136292187961	9.16997044736671	5.50467884177276
4.05	6.55661517595792	8.125024058886	4.63746944635638
4.15	6.03713068655807	7.6459034165853	3.71472468612188
4.25	5.54311593107238	7.41418919243547	2.78436474196877
4.35	5.07445389735344	7.27855317745572	1.86014823742927
4.45	4.60447338718699	7.21353266191213	1.45107807022789
4.55	3.97428093594704	6.39437000908027	1.4919379001871
4.65	3.27456189719884	5.43012772125414	1.53117839629087
4.75	2.6370815408058	4.38617180436611	1.46004383244002
4.85	2.06183986676794	3.59067850697751	1.19742681531969
4.95	1.54883687508526	2.9787062550479	0.716541866734855
5.05	1.09807256575772	2.48053185554834	0.0699240964856399
5.15	0.709546938785393	2.11735167199058	0
5.25	0.383259994168203	1.94810091832452	0
5.35	0.119211731906202	1.87099962994153	0
5.45	0	1.77311258377349	0
5.55	0	1.65705390377724	0
5.65	0	1.50401685634775	0
5.75	0	1.44301493387064	0
5.85	0	1.38022602425822	0
5.95	0	1.32721760139585	0
6.05	0.0128794209394936	1.19173262363674	0
6.15	0.0933077384866326	1.09668522422834	0
6.25	0.145402889896193	1.04082280402668	0
6.35	0.103875406143621	0.946851149298552	0
6.45	0.134052540359764	0.94725791755613	0
6.55	0.0700658045282372	0.866043965361129	0
6.65	0	0.633277497065014	0
6.75	0	0.486771921597634	0
6.85	0	0.398955445666419	0
6.95	0	0.322309004078212	0
7.05	0	0.335245167636121	0
7.15	0	0.352158325544408	0
7.25	0	0.43246478981679	0
7.35	0.0124707042554019	0.705973306265195	0
7.45	0.131245044619153	0.851199523183401	0
7.55	0.243328611963048	0.943126868960049	0
7.65	0.407471995282795	1.07807301679234	0
7.75	0.623675194578365	1.28044703296942	0
7.85	0.85863475648778	1.62564254888534	0
7.95	1.01483668009572	1.85094748943585	0.0647959799497147
8.05	1.14949451220086	2.12524711732634	0.0822831107479155
8.15	1.3577538137574	2.37275041848384	0.308544192119531
8.25	1.65961389972535	2.62905483718305	0.68178521629647
8.35	2.05173007214128	3.02560366569778	1.08826609903081
8.45	2.49807306341917	3.50743785082356	1.65953075313043
8.55	2.98594587546687	4.0751345064794	2.34458695426929
8.65	3.52142327656482	4.7431456793711	2.95288059961911
8.75	4.15795451142898	5.56694897649541	3.4292386298516
8.85	4.88113442987425	6.79369710455123	3.77521843908616
8.95	5.53050301485218	6.98266125665514	4.08163444790672
9.05	6.04418521472096	7.24637569961312	4.35876116611333
9.15	6.2548025742709	7.48059873535961	4.58098510767486
9.25	6.1441347002097	7.14898454643105	4.86888917089535
9.35	5.97597165280476	6.91372770824485	5.08146785025319
9.45	5.75425884822858	6.63686709022386	4.92052253879382
9.55	5.31531471008182	6.00041572458233	4.66338008653292
9.65	4.68589035763752	5.4639091842255	3.88115032458441
9.75	4.11308596712686	5.26244125321213	2.70284652574878
9.85	4.01398288876753	5.03489018571415	2.82572134643724
9.95	4.00118318470123	4.88870769858783	3.15437745736999
10.05	4.14237862222266	4.97204287372385	3.30178067942288
10.15	4.44228873263345	5.22661767952562	3.71128403823238
10.25	4.87243617216692	5.53859410554345	4.18445134654756
10.35	5.23186396095033	5.90139641306147	4.55083845305416
10.45	5.57931000838131	6.31775965350103	5.00939450685796
10.55	5.97455677478385	6.64162666965871	5.21879523197632
10.65	6.29166293437316	7.00969860516247	5.40367009870917
10.75	6.50635729079242	7.25545463425786	5.65744672087094
10.85	6.61863984404168	7.32481157588878	5.89850079669894
10.95	6.62851059412093	7.20115165953297	6.09827464083489
11.05	6.54226007309518	7.12871769492171	6.03687696291221
11.15	6.41476662426559	7.45122447406511	5.71495109175705
11.25	6.31174235495685	7.35162167503991	5.34866395336093
11.35	6.25295353600353	7.25649135595865	5.08490847226481
11.45	6.21057990628226	7.19490844141942	5.09489900353253
11.55	6.16575461842191	7.05718506050733	5.02990785444904
11.65	6.11908750097889	7.07086660755859	5.08544600556294
11.75	6.14339548170808	6.96497423217915	5.22687650849957
11.85	6.16449311487779	6.9602453046693	5.32825021488073
11.95	6.17610512488916	7.08595255195363	5.58611785835995
12.05	6.19155762329292	7.16835645003933	5.53490140989197
12.15	6.18451292730167	7.44617605962058	5.37907801836024
12.25	6.16662271978554	7.51520898497016	5.19452691752512
12.35	6.13738509459547	7.19890164536332	5.20160445966263
12.45	6.09680005173165	6.75521007416588	5.304964411829
12.55	5.99656962406162	6.79088891376126	4.65271182668296
12.65	6.00962989368219	7.00837150884941	3.7708494997565
12.75	6.4364269278063	7.17999489406735	4.45357633819742
12.85	6.75139895483982	7.39187590422781	4.7018222352896
12.95	7.04601407194464	7.61263921928349	5.84912677398361
13.05	7.36067272115898	8.19330969627384	6.54908861259605
13.15	7.59972744840704	9.00664304253023	6.55609091534466
13.25	7.73512675070354	9.54819817533343	6.55385473269779
13.35	7.76687062804853	9.58223667990429	6.63891283864239
13.45	7.69495908044198	9.2872824988339	6.70973132084581
13.55	7.51939210788386	8.45831664335154	6.73471099882423
13.65	7.24833659726844	8.10812719127078	6.17314294419305
13.75	7.04669700384774	8.02837259460718	5.16470282058841
13.85	7.0342298975967	8.0935123141581	4.92779242218878
13.95	7.04708025419214	8.24804326127245	4.6676262944615
14.05	7.15511086687907	8.42590965683715	4.80020305182438
14.15	7.36263783747625	8.53430011846319	5.79052381290677
14.25	7.55334672470189	8.65683447459216	6.13021570551719
14.35	7.71775426834982	8.84279978843303	6.23256330790824
14.45	7.85841976341901	9.16426030184901	6.52827045253245
14.55	7.97534320990955	9.37833545774247	6.8720214571342
14.65	8.06852460782132	9.4783923797698	7.16906313515303
14.75	8.13796395715439	9.49044357788457	7.37811185182992
14.85	8.2441360639281	9.90953657473473	7.43668516715159
14.95	8.29387239948137	10.4256154612243	7.29575090691382
15.05	8.27180376504114	10.7777309669341	6.95431320402081
15.15	8.15693644169678	10.7015738047368	6.6504658850266
15.25	7.93056315124543	9.73313134352255	6.56536337852838
15.35	7.63504144993057	9.02428131648806	6.18447536560197
15.45	7.3914265579931	8.49034232872282	5.10922131682624
15.55	7.17162367931918	8.07763251031495	3.70445747769576
15.65	7.01972772670376	7.88065060340911	3.65022838147045
15.75	6.95555462810448	7.80233797340039	5.31442393783987
15.85	6.86062653429918	7.79155333606923	6.03664945835353
15.95	6.76494091471983	7.82398309846192	5.99592527848523
16.05	6.67434742940327	8.05652665417269	5.68771893511406
16.15	6.58884607834943	8.50586109141267	5.34517624355574
16.25	6.50045754385001	9.11952983853861	5.00619510041498
16.35	6.43431710969085	9.73666671734921	4.64616314321092
16.4165575	6.39045674691055	10.1055339111723	4.34471707431646
