phys	rec.rate	upper	lower
0.05	4.98483234388932	5.0795107610499	4.74755216613621
0.15	4.98483998681093	5.07940027679606	4.74755216613622
0.25	4.9850526545617	5.06750102944459	4.74755216613621
0.35	4.98350062850795	5.05225072143406	4.74755216613621
0.45	4.97935550766954	5.04380653304297	4.74755216613622
0.55	4.9726025453182	5.03413683039938	4.74755216613621
0.65	4.962211300211	5.020508378095	4.74755216613622
0.75	4.94738944159391	5.00590100048605	4.74755216613621
0.85	4.92830352508581	4.98655146831645	4.74755216613622
0.95	4.9048782244573	4.96054385064492	4.74755216613621
1.05	4.87734421004924	4.92238171878599	4.74499842137288
1.15	4.84829770914108	4.88474378054468	4.7410729593777
1.25	4.81897283388721	4.84960651918781	4.7327885207392
1.35	4.78938339341072	4.81696293376526	4.7245003633948
1.45	4.7595293877116	4.78974330865473	4.71310476837389
1.55	4.72941081678986	4.76244974893588	4.69270227596087
1.65	4.69902768064549	4.73452830115605	4.66270482078433
1.75	4.66837997927849	4.70616561478089	4.63492922767228
1.85	4.63746771268889	4.67608752833144	4.60250830234505
1.95	4.60629088087664	4.64406878541825	4.57161845502293
2.05	4.57484948384177	4.61524663711528	4.54344704267259
2.15	4.54314352158428	4.58692337949942	4.51648435120723
2.25	4.51117299410416	4.55577817156727	4.48773706532115
2.35	4.47893790140142	4.52707656002627	4.45447840292656
2.45	4.44643824347606	4.49778680665217	4.41686114722671
2.55	4.41384250905242	4.46769657323364	4.37627479751056
2.65	4.3833507161702	4.43775733220214	4.34265019110689
2.75	4.35699284416284	4.41201367910187	4.32060744747279
2.85	4.3355485010684	4.39259466396967	4.3014606996479
2.95	4.31985761023474	4.37932389320811	4.28895524968196
3.05	4.30975127198525	4.36600090541718	4.28447947194721
3.15	4.30402839392878	4.35387229937737	4.28079970669276
3.25	4.3015458198652	4.3469065046895	4.27790924339789
3.35	4.30129086235093	4.34273184213376	4.27496049829817
3.45	4.30248244028658	4.34335089439029	4.27429630133574
3.55	4.30509598709906	4.3452596913388	4.27577907670336
3.65	4.30910350876049	4.34672108229388	4.27698789058159
3.75	4.31346441910648	4.34460310093339	4.28022926774828
3.85	4.31685391526524	4.34289215317841	4.28128439703568
3.95	4.31915063934176	4.34402358981041	4.28218482905572
4.05	4.3195192398972	4.34341134613211	4.2836766862746
4.15	4.31711348646331	4.33994232608482	4.27873211711048
4.25	4.31189572369028	4.33422062158426	4.27248373611351
4.35	4.30366593951458	4.32785813607312	4.26077529719359
4.45	4.29131865426235	4.32008107283176	4.24533250911128
4.55	4.27447404535731	4.30581365754999	4.22954892253136
4.65	4.25311938472033	4.28717517182274	4.20998686834611
4.75	4.22617548627174	4.26287294414811	4.18428787477663
4.85	4.19274441600303	4.22928983670547	4.15779423191205
4.95	4.15382257523722	4.18194774357317	4.12648184486949
5.05	4.11225735655418	4.13401122077257	4.09121038802778
5.15	4.06971721631284	4.09080919276945	4.05226858179911
5.25	4.02623411377146	4.05203823144419	4.00923153013445
5.35	3.98180804892997	4.00814573665453	3.96361909754972
5.45	3.9364390217884	3.96400475266349	3.91684155850525
5.55	3.89012703234677	3.9187848689829	3.86925076793885
5.65	3.84287208060505	3.87187189868981	3.82203918763254
5.75	3.79467559245415	3.82170372167238	3.7747491907684
5.85	3.74567342684873	3.77293790880583	3.72624283183793
5.95	3.69611037471302	3.7220910675214	3.67621189995649
6.05	3.64594973639865	3.66982229438418	3.62504918355002
6.15	3.59510332814112	3.61661456460355	3.57373638124283
6.25	3.54356451933954	3.56328084966198	3.5223601470034
6.35	3.49133043089174	3.50976210726974	3.47024543621428
6.45	3.43830031892633	3.45649908251057	3.41457849924435
6.55	3.38436727055719	3.402017448386	3.35924765343328
6.65	3.3295299843758	3.34654671321892	3.30647447468324
6.75	3.27386642211594	3.28914323371247	3.25313670863331
6.85	3.21858418387691	3.23437739958663	3.20082863747475
6.95	3.16559648642088	3.18126528745236	3.15195318571799
7.05	3.11630987110003	3.13427803966332	3.10617441819866
7.15	3.07172940843977	3.0915886191292	3.0627869947835
7.25	3.03203288131293	3.05293240326629	3.0231640248877
7.35	2.9972202897195	3.01545242257561	2.9879017467333
7.45	2.96729375577361	2.98567104335742	2.95760995810869
7.55	2.94236526480875	2.96083761819846	2.9323781629743
7.65	2.9226001043313	2.94004449413298	2.91140848507796
7.75	2.90801156601576	2.92253988694574	2.89499185200885
7.85	2.89859964986214	2.91136729314028	2.88386543908413
7.95	2.89427733743441	2.90726505981956	2.87646759910301
8.05	2.89400381650655	2.90787494499996	2.87641037749212
8.15	2.89580945849517	2.9134703552632	2.87761769690883
8.25	2.89829083214625	2.92158844875416	2.88061700851869
8.35	2.90126461831872	2.92605342116575	2.88471821083527
8.45	2.90473081701252	2.92869157434894	2.88982218718632
8.55	2.90868942822769	2.92905238891256	2.89516631652159
8.65	2.91302696373373	2.93715370762176	2.89713839978446
8.75	2.91649587823602	2.94753899255207	2.89264308296816
8.85	2.9151534217684	2.94878898070084	2.88354331863215
8.95	2.90702360982973	2.93384038764606	2.8692842507742
9.05	2.89206263774671	2.92237161410076	2.84666888723884
9.15	2.8714880106312	2.90345737073764	2.82415282427557
9.25	2.84553518835783	2.87793619191919	2.79391961493403
9.35	2.81421958144049	2.84402338359363	2.76398951913971
9.45	2.7785500766523	2.80488761328627	2.73463935760548
9.55	2.74014092170327	2.7599225970943	2.7027628965304
9.65	2.69948164630294	2.72174595719958	2.66983111154478
9.75	2.65887842636597	2.68695134693295	2.63450379926095
9.85	2.61927771777662	2.65066615896091	2.59499874700872
9.95	2.58068240541692	2.61532532382478	2.5540483138163
10.05	2.54309248928685	2.578026717917	2.51481846369031
10.15	2.50655861449055	2.54718604921108	2.47791508422656
10.25	2.47221287040803	2.5149556434805	2.4414755763003
10.35	2.4415960465889	2.48640614074681	2.40848465943868
10.45	2.41492942003327	2.46142306872511	2.38433593065169
10.55	2.39184711560732	2.43660883156889	2.36280939662065
10.65	2.37213706260155	2.41348279764111	2.34497616576926
10.75	2.35579667416712	2.39095094665632	2.33151617731717
10.85	2.34277338867596	2.37145084140931	2.32032700112396
10.95	2.33248428220122	2.35431416837328	2.31007822170389
11.05	2.32456526536282	2.34271488347718	2.30106590250917
11.15	2.31863336656907	2.33614532224553	2.29240266083595
11.25	2.3137349742137	2.33236624314255	2.28657675251025
11.35	2.30972181203445	2.32968991352037	2.28137955492079
11.45	2.3064858422515	2.32524639624214	2.27601630760679
11.55	2.30274726230302	2.32263222969806	2.27056194006968
11.65	2.29745714485133	2.31860244278322	2.26520617629644
11.75	2.29021294594586	2.3102878060499	2.26032838632601
11.85	2.28116482822293	2.30000212843334	2.25561976343587
11.95	2.27067488253694	2.28612636340625	2.25169224203977
12.05	2.26002100672428	2.27264886948222	2.24568364431251
12.15	2.2498539698079	2.26255558103578	2.23947516753686
12.25	2.24017923241053	2.25379873461405	2.23121283076895
12.35	2.23099679453215	2.24499829557069	2.22260112747254
12.45	2.22230904201506	2.23610285468212	2.2146665233414
12.55	2.21417982885248	2.22761114200414	2.20631655457784
12.65	2.20667843599347	2.2204650037306	2.19847091403353
12.75	2.1998083369359	2.21391798063486	2.19162389592806
12.85	2.19356953167976	2.20710758927979	2.18530385076858
12.95	2.18796202022506	2.20038139413186	2.1801043016492
13.05	2.1829858025718	2.19287969272081	2.17455106074905
13.15	2.17863883398509	2.18674238485629	2.16959093550978
13.25	2.17490029156412	2.18240495675147	2.16435603391607
13.35	2.17175801990184	2.17873628827104	2.16124673894375
13.45	2.16906886046669	2.17600454289617	2.15727510041177
13.55	2.16572846189106	2.1721584411548	2.15446875288237
13.65	2.16135453841988	2.16652363092801	2.15201204550693
13.75	2.15611987074137	2.15995277835756	2.14932159029034
13.85	2.15021776651539	2.15295440226001	2.14493312870386
13.95	2.14378470282468	2.14676420423842	2.13924109663416
14.05	2.13682828911504	2.14024946968295	2.13228031588634
14.15	2.12934852538654	2.1332456662678	2.12470109504814
14.25	2.12134541163916	2.12557763956192	2.11676128407821
14.35	2.11281894787296	2.11736831996015	2.10846865435476
14.45	2.10378634534381	2.10838421078294	2.09963081346462
14.55	2.09445227508606	2.09941403558269	2.09016024729874
14.65	2.08495099601053	2.09066763857086	2.08091588581992
14.75	2.07528490542241	2.08129965602574	2.07135394100863
14.85	2.06552410710991	2.07248957068541	2.0616281514746
14.95	2.0559046499015	2.06264900511976	2.05187137332319
15.05	2.04647803297503	2.0533038375559	2.04258768534464
15.15	2.03722616104089	2.04374135257989	2.03343639963558
15.25	2.02813017534178	2.03530806365354	2.02399832274095
15.35	2.01911048675599	2.02658831236043	2.01501949400923
15.45	2.01012032792528	2.01677806557494	2.00626356546117
15.55	2.00115909785533	2.00726659902331	1.99716006903448
15.65	1.99222442751683	1.99787220565257	1.98682493780679
15.75	1.98323730033306	1.98935693822748	1.97559283323829
15.85	1.97402779851206	1.98038242105108	1.96392375786108
15.95	1.96453976573516	1.9713390462709	1.95384156203229
16.05	1.95477258130283	1.96152800163769	1.94244351982428
16.15	1.94472410552345	1.95126270320225	1.93108005078578
16.25	1.9343806554204	1.94075094827617	1.92077445834778
16.35	1.9237368493161	1.9304954644856	1.90980232070741
16.45	1.91282240205469	1.91938095230301	1.89935176004857
16.55	1.9017355683446	1.90857620747683	1.888534538536
16.65	1.89054067986317	1.897914219099	1.87815054958663
16.75	1.87955392780099	1.89132191937021	1.86542932827619
16.85	1.86916287154267	1.88773659982566	1.85545631307211
16.95	1.85972298035116	1.88351628976013	1.84684313636452
17.05	1.85142549219976	1.8820638813033	1.83569676991075
17.15	1.84496333438571	1.87933737913225	1.82674373232126
17.25	1.84045384166848	1.87617588217526	1.82063636414679
17.35	1.83758660885273	1.8728784599719	1.81578807602022
17.45	1.83579608761419	1.86874952237315	1.81378058284529
17.55	1.83465710885431	1.86378030128976	1.81498760775472
17.65	1.83350826779073	1.85950386469141	1.81870960400902
17.75	1.83178584015173	1.85642352523631	1.81737953296905
17.85	1.82904623313135	1.85112172935511	1.81304117175904
17.95	1.82526804287865	1.84606608906647	1.80824835261288
18.05	1.82045126939356	1.83964165431205	1.80231730708006
18.15	1.81459591267611	1.83295808286889	1.79532434932969
18.25	1.80770197272631	1.82524164519184	1.78719952149329
18.35	1.79976944954411	1.81724784749905	1.77531602472454
18.45	1.79079196702877	1.80797739081819	1.76425259368294
18.55	1.78058160653581	1.79812022266516	1.7496834855474
18.65	1.76892418616713	1.78797212534318	1.73469724223738
18.75	1.75580800105563	1.77707405467931	1.71839793623517
18.85	1.74120011009482	1.76369155759991	1.70227734675834
18.95	1.72501016384455	1.74761634672483	1.68426089731097
19.05	1.70722280983678	1.72956925590234	1.66611100089164
19.15	1.68783804807146	1.70907783734845	1.64880802869168
19.25	1.66685587854861	1.68703212523736	1.62940906752229
19.35	1.64427639166174	1.66301505819866	1.60839128143107
19.45	1.62019973138228	1.63758712227814	1.58750831182396
19.55	1.59491757255893	1.61296728390445	1.56434080323454
19.65	1.56848272605688	1.5895403349234	1.53951861860123
19.75	1.54090802170535	1.56768567644326	1.51503375493255
19.85	1.51303094078934	1.54653704790643	1.48762276208698
19.95	1.48666507493579	1.52683436798535	1.45988876278154
20.05	1.4624740929974	1.50754196457802	1.43370654905763
20.15	1.44114641706204	1.48791494865965	1.4110186544063
20.25	1.42280749921545	1.46972762155262	1.38957193110261
20.35	1.40749756669181	1.45334097175578	1.37304633716444
20.45	1.39501442410729	1.43810178449535	1.36191450218084
20.55	1.38474744952065	1.42538649250018	1.35661581407861
20.65	1.37634203820676	1.41123909383291	1.35579103876322
20.75	1.36891486047973	1.39806218182712	1.35069735334909
20.85	1.36226315206441	1.38739184261594	1.3416089711968
20.95	1.35638691296077	1.37900040467909	1.33430126458106
21.05	1.35128614316886	1.36986186475499	1.32818498499111
21.15	1.34696084268865	1.36479341416909	1.32283514697484
21.25	1.34341101152016	1.36099594483962	1.31912397400806
21.35	1.34063664966337	1.35904389940125	1.31637130022823
21.45	1.3386377571183	1.35725431169967	1.31207741173573
21.55	1.33740562068711	1.35582878603941	1.30871612666648
21.65	1.33668181155016	1.35511405748175	1.3064721340841
21.75	1.33617084993923	1.3566202150712	1.30471743312107
21.85	1.33579425158821	1.35934517303317	1.30358476029366
21.95	1.33529413614204	1.35963624058299	1.30206864017806
22.05	1.33460380885675	1.3585474724706	1.30176770759064
22.15	1.33372326963906	1.35655357781275	1.30149864124908
22.25	1.33264798461097	1.35304851443457	1.30212138348863
22.35	1.33129854984262	1.3494660634506	1.30286127866917
22.45	1.32960732709768	1.34542586739698	1.30426751239084
22.55	1.32757554679481	1.34292150924472	1.30469617518152
22.65	1.32528636633487	1.34105003488327	1.30537986212418
22.75	1.32282590157302	1.3385205121981	1.30462446198713
22.85	1.32019813659596	1.33562047383791	1.30562597194429
22.95	1.31740307140375	1.33317596471918	1.30421547024238
23.05	1.31444070599634	1.33025754662547	1.3010196235986
23.15	1.31131104037374	1.32830936621441	1.29768428612785
23.25	1.30803522607537	1.3258338722964	1.29314060880689
23.35	1.30496565216195	1.32376637949338	1.28869799188219
23.45	1.30253494158228	1.32215888653222	1.28519950824884
23.55	1.30114933552666	1.32087602457838	1.28288582943258
23.65	1.30087792734995	1.32012438782662	1.28318280302228
23.75	1.30171648580975	1.31917793072642	1.28755567818551
23.85	1.30348041767895	1.31837748774457	1.29155110796445
23.95	1.30558638374035	1.31812878138628	1.29532703527578
24.05	1.30762801531329	1.31804460848236	1.29701622682947
24.15	1.30928519768437	1.31910020219486	1.29722525016843
24.25	1.31053357503395	1.32101561962192	1.29710572865591
24.35	1.311373147362	1.3220243094896	1.29813198020578
24.45	1.31180381499589	1.32254142594493	1.29863009252838
24.55	1.31177301135862	1.32278205489728	1.29885289321888
24.65	1.31115593613346	1.32264487625957	1.29847546123345
24.75	1.31000470471838	1.32206999609991	1.29764844945119
24.85	1.30834426835159	1.32083699067122	1.29615670947155
24.95	1.30617464445831	1.3173318746283	1.29445504478712
25.05	1.30349585443655	1.31359645022155	1.29213242615649
25.15	1.30035404175006	1.30911157181463	1.28992841910133
25.25	1.29689297698955	1.30552752219125	1.28732431386435
25.35	1.29314058131629	1.30171523936824	1.28449926872504
25.45	1.28909685473031	1.29751174923885	1.28103995723833
25.55	1.2847617972316	1.29262684201087	1.27695585026808
25.65	1.28013540882012	1.28787541607653	1.27276574590212
25.75	1.27521768949593	1.28292048037624	1.26807450418771
25.85	1.27001118099289	1.27740971317214	1.26214580475284
25.95	1.26461571842439	1.27190737782293	1.25523629246192
26.05	1.25920921644876	1.26693130768876	1.24838289678554
26.15	1.25382379881299	1.26207531669627	1.24221711316022
26.25	1.24845950456588	1.25685211534695	1.236653482704
26.35	1.24311633370747	1.25182681775277	1.2318462158111
26.45	1.23779345203625	1.2465740231229	1.22798205988372
26.55	1.23248450104236	1.24182604971556	1.22363064080173
26.65	1.22718655341141	1.23690434716982	1.2189273601315
26.75	1.2218995935928	1.23162338010071	1.21400038301453
26.85	1.21662362158655	1.22631210817973	1.20892120987483
26.95	1.2113586373926	1.22071867609132	1.20411489725393
27.05	1.20610464101105	1.21504753202719	1.19877468209683
27.15	1.20086163244181	1.20942566647059	1.19347298189799
27.25	1.19562961168493	1.20312003959477	1.18842104423907
27.35	1.19040857874037	1.19764066069885	1.18321187024885
27.45	1.18519793055428	1.19222175415623	1.17796281127415
27.55	1.17999121748291	1.18713928146065	1.17270395147093
27.65	1.17478453017409	1.18254143619265	1.16773016321203
27.75	1.16957781390117	1.17759884407031	1.16230456962957
27.85	1.16437106866417	1.17248973940701	1.15710343528429
27.95	1.1591642944631	1.16715693937531	1.15209441703815
28.05	1.15395749129791	1.16169557286515	1.14710075409505
28.15	1.14875065916864	1.15648339603153	1.14207487729329
28.25	1.14354379807531	1.15098756976774	1.13697975668644
28.35	1.13833690801788	1.14532665527376	1.13133018527763
28.45	1.13313375133171	1.1404408379562	1.12559538917289
28.55	1.12803161442964	1.13614707562615	1.12000956491794
28.65	1.12313450775007	1.13169254253951	1.11452357807292
28.75	1.11844762025464	1.1276963006926	1.10938103571177
28.85	1.11400054697209	1.12401718290078	1.10460538999223
28.95	1.10986758112943	1.12026516395722	1.10064036880623
29.05	1.10606019455583	1.11614338159152	1.09709876431469
29.15	1.10257838725132	1.11277252885532	1.09415025374631
29.25	1.09942215921585	1.10961788176435	1.09133970370012
29.35	1.09659151062413	1.10719742200028	1.08962460349031
29.45	1.09409077632956	1.10448215848374	1.0873276982554
29.55	1.09193535303447	1.10293593299302	1.08487480057095
29.65	1.0900862424231	1.1013528317782	1.0826136179665
29.75	1.08844786161633	1.10121213442299	1.08089334312712
29.85	1.08700715968225	1.09953741380922	1.07944110862983
29.95	1.08576413662084	1.0981446409377	1.07787210939479
30.05	1.084718792432	1.09552824752591	1.07478861556303
30.15	1.0838687879119	1.0946675797571	1.07091131379837
30.25	1.0829964837682	1.09535363907808	1.06636722586511
30.35	1.08137808488879	1.09538081719503	1.06153114398998
30.45	1.0785567510006	1.09232479992182	1.05680372622768
30.55	1.07440506632897	1.08705044432242	1.05046473964828
30.65	1.06886380563889	1.08178340615239	1.04447636458002
30.75	1.06213649953105	1.07644359367623	1.03838145531623
30.85	1.05459996718771	1.06926662080853	1.03230129604966
30.95	1.04629484407211	1.06015306983371	1.02574291028926
31.05	1.03722113018427	1.04896929072944	1.01890003278128
31.15	1.02737882962208	1.03758912931554	1.0122294602331
31.25	1.0169628805571	1.02781483694299	1.00491176848663
31.35	1.00693944884554	1.01926093082266	0.995762131814591
31.45	0.997655785026754	1.0114001863208	0.984415593438946
31.55	0.989113809916609	1.00488632689868	0.973770520682362
31.65	0.981316948262516	0.999548747169147	0.965617479861685
31.75	0.974375112347991	0.994423077989673	0.959231734631589
31.85	0.968418934571828	0.990032584245871	0.954725227651242
31.95	0.963456022489869	0.986040109105776	0.951077460293201
32.05	0.959486375238389	0.982156548808693	0.946725189432628
32.15	0.956476681732942	0.97940923804234	0.942582480910816
32.25	0.954305336634073	0.976355052410355	0.940033570501481
32.35	0.952944598229371	0.973505060151771	0.938559627362626
32.45	0.952394466518753	0.971687637354567	0.938455813696089
32.55	0.952654941502306	0.969920089115533	0.938888497892134
32.65	0.953707795648833	0.96785827457428	0.941132927033363
32.75	0.955300613372887	0.967558495474578	0.943467490921336
32.85	0.957145987587151	0.966915664282867	0.944457795315366
32.95	0.958775428748844	0.966920686007385	0.944561014746793
33.05	0.960058168985503	0.968292976059367	0.944619309088414
33.15	0.960994200956806	0.96975556083152	0.944671298098474
33.25	0.961583524662813	0.970858896886931	0.944234575850118
33.35	0.961826140103406	0.971220589346023	0.943835801409474
33.45	0.96172204727874	0.971264034203678	0.943499365356616
33.55	0.961271246188676	0.970581664257285	0.942733230867373
33.65	0.960456803702212	0.968894052782077	0.94224499612836
33.75	0.959082473402291	0.967920138298606	0.941321539812109
33.85	0.957021929602055	0.96698963042626	0.940256268991256
33.95	0.954273079636484	0.966171328814529	0.93861622059971
34.05	0.950835923505599	0.964314875816492	0.936612293019143
34.15	0.946709971782707	0.960682763927253	0.93408319071643
34.25	0.94182408990324	0.957121780820448	0.931213275353252
34.35	0.936033201432948	0.955207279852624	0.926635729968697
34.45	0.92932133224616	0.950917134688898	0.92035060388345
34.55	0.921714578967393	0.941480006329663	0.91323957810661
34.65	0.913671558674123	0.92910367577757	0.906607640281821
34.75	0.905955386890724	0.918388834732331	0.900657885550591
34.85	0.898695878237852	0.909237488529515	0.894741775954391
34.95	0.89189401880534	0.901950574686241	0.888047007672243
35.05	0.885549808593222	0.89476745593061	0.881013092515117
35.15	0.879663247601497	0.888249091149339	0.873824873292774
35.25	0.874237524401494	0.881202430580759	0.86781861599375
35.35	0.869390147431114	0.874910617875504	0.862043744244953
35.45	0.865270135790184	0.869570034975491	0.857402823307061
35.55	0.861887091887642	0.865728097567841	0.854619188970338
35.65	0.85924308222994	0.862655963018755	0.853103380019596
35.75	0.857146455272124	0.86018931191069	0.852077711841103
35.85	0.855298346584166	0.857991064342378	0.849936455850712
35.95	0.853676533833064	0.856148468571357	0.849283776169797
36.05	0.852202486669481	0.854670098369992	0.848691951968446
36.15	0.850764616161713	0.853089515333844	0.847538645881058
36.25	0.849302624590469	0.851623405381203	0.846954173139134
36.35	0.847807886326576	0.849820072230801	0.845566851296704
36.45	0.846287818328518	0.847867629629187	0.844218846712848
36.55	0.844753115338956	0.846354706828299	0.842685988731822
36.65	0.843211781127898	0.845154679135364	0.841121039958401
36.75	0.841664009871486	0.843553701870116	0.839507262010509
36.85	0.840111475559362	0.84189559787262	0.837876832160043
36.95	0.838582964002272	0.840415049180108	0.836498633173781
37.05	0.83711963557002	0.838933604123314	0.835318499288184
37.15	0.835731113228509	0.837528136559821	0.834101549836325
37.25	0.834455357998419	0.836271703163272	0.833142830189422
37.35	0.833313995709848	0.835332931606123	0.831994745178585
37.45	0.832307928254001	0.834608970486999	0.830804715392133
37.55	0.831437155630903	0.834027859490233	0.829907544622958
37.65	0.830701677840514	0.833495650322311	0.829144478460949
37.75	0.830101494882838	0.832944003417522	0.828556403503117
37.85	0.829636606757905	0.832462820336109	0.828180014995266
37.95	0.829307013465696	0.831965374135701	0.827860037152923
38.05	0.8291127150062	0.831441992084669	0.827635197391376
38.15	0.829049264863509	0.831358526094042	0.827544463727235
38.25	0.829084299197119	0.83146435985489	0.827472737742069
38.35	0.829193377287478	0.831514451545749	0.827381514215438
38.45	0.829312057776502	0.831384781350978	0.827222427559261
38.55	0.829398408695163	0.831610489498604	0.826931931699582
38.65	0.829353711443839	0.831229838832064	0.826480741687557
38.75	0.829141906430112	0.831130473440463	0.826079505744455
38.85	0.828762893284428	0.831004476793384	0.825438452856843
38.95	0.828188825860813	0.830664232812162	0.824569803624801
39.05	0.827344117826746	0.830290161188887	0.823808555811641
39.15	0.82619563820764	0.82927987159147	0.822734627628537
39.25	0.824723450604749	0.827676002566664	0.820624079794352
39.35	0.822951089037132	0.825527902569575	0.819307646332525
39.45	0.820935195833349	0.823670564854997	0.817266068570167
39.55	0.818712461065006	0.821353638502866	0.815003184702667
39.65	0.816284003989187	0.818794529314188	0.812438161944828
39.75	0.8136498246059	0.816096573531804	0.809689789511906
39.85	0.810809922915126	0.813089049739012	0.806335167030574
39.95	0.807764578617695	0.809773638317928	0.803235500519185
40.05	0.804533377209747	0.806578388198207	0.8001979334195
40.15	0.801148459221909	0.803381995303659	0.796744757843931
40.25	0.797629796107656	0.800106750629296	0.793422662638153
40.35	0.794018945539188	0.796701250319337	0.789791307177409
40.45	0.790322140342677	0.79303783194404	0.786189726667994
40.55	0.786539380518113	0.789173822549319	0.782412451374703
40.65	0.782670666065551	0.785247423087479	0.778631567082918
40.75	0.778715996984908	0.78111049669312	0.774962771969086
40.85	0.774675373276218	0.7770809093828	0.771334167065749
40.95	0.770551219259164	0.773269548499401	0.767705969710808
41.05	0.766393139370278	0.769379313283703	0.76405513962634
41.15	0.762290051415613	0.765687243350214	0.760141921754751
41.25	0.75827987935172	0.76198045735288	0.75603144364678
41.35	0.754365048173905	0.758189436788218	0.751962506192754
41.45	0.750584781859824	0.754711327896473	0.748129873641442
41.55	0.746981473911243	0.751274760785677	0.744394274201291
41.65	0.743557235886076	0.747808447780486	0.740808951602634
41.75	0.740318944480243	0.744839804962698	0.737505016025527
41.85	0.737294834734794	0.741708199726468	0.734597225776483
41.95	0.734492152268924	0.738892678753881	0.731893765336539
42.05	0.731910897087282	0.735802633191583	0.729434900587254
42.15	0.729551069189821	0.733123991605666	0.727113770918678
42.25	0.727412486796687	0.73071408387364	0.724762057623217
42.35	0.725481294859102	0.728323058191052	0.72277683244521
42.45	0.723734125629244	0.726413175160288	0.721035051743053
42.55	0.722153940471633	0.72490917929283	0.719321270533964
42.65	0.720673653158635	0.723356707631258	0.71766608051097
42.75	0.719239085049394	0.72184260129578	0.716097562076936
42.85	0.717818737066861	0.720334305301098	0.714717157437573
42.95	0.716417339807033	0.718901748254746	0.71346765873926
43.05	0.715037260542403	0.717498251051886	0.712289618084296
43.15	0.713678505814571	0.715862300223833	0.711038801634001
43.25	0.712345171460681	0.714276591706615	0.709964365448397
43.35	0.711073110537184	0.712972332797947	0.708944536789702
43.45	0.709885454073347	0.71187077857933	0.707885257040073
43.55	0.708832095471847	0.711045543951169	0.706858088592804
43.65	0.707943515578287	0.71024396785812	0.70575135616921
43.75	0.707220154820035	0.709741538771653	0.704689983208845
43.85	0.706669768250625	0.709380984903007	0.703965806157939
43.95	0.706359297990801	0.709253532452068	0.703422853387466
44.05	0.70632297802618	0.709175941292813	0.703229283517221
44.15	0.706567181902532	0.709234888774703	0.703814976977413
44.25	0.707017101057861	0.709434255466456	0.704497207376797
44.35	0.707557475789642	0.709903869107763	0.705070899458328
44.45	0.708182861033392	0.710440620034949	0.705745057272737
44.55	0.70889325678909	0.711286903316318	0.7066142654704
44.65	0.709688628384446	0.712615108772333	0.707475037354808
44.75	0.71055612529349	0.713894300463288	0.708319226287732
44.85	0.711463739674989	0.715250638469396	0.709142961592708
44.95	0.712406553369511	0.716629258276393	0.709873558643332
45.05	0.713365980989827	0.717551685475254	0.710656586615269
45.15	0.714288327169705	0.718783172649538	0.711540544475071
45.25	0.715163951863735	0.719811568823925	0.712311823971419
45.35	0.715990999965018	0.720729815499727	0.713111125919849
45.45	0.716734009525559	0.721420672517857	0.713766691194317
45.55	0.717361112348732	0.7216390296229	0.71461111936263
45.65	0.717871174651384	0.721778374347587	0.715186214774846
45.75	0.718264196433526	0.721802902132471	0.7156255496629
45.85	0.71853100668907	0.721595609982796	0.715767943221775
45.95	0.71860540721341	0.721391443517122	0.715817834467524
46.05	0.718458042017145	0.721101693552758	0.715709436483341
46.15	0.718045757924571	0.720632583441728	0.714751529461957
46.25	0.717280597869939	0.720032939026553	0.713461622472324
46.35	0.716135905958687	0.719126899936214	0.711581563410338
46.45	0.71453348032611	0.717904371014866	0.709599065077069
46.55	0.712449332769251	0.716188326686894	0.707101254755497
46.65	0.709883456958436	0.713717824899668	0.704331206020737
46.75	0.706835852893624	0.710694053609686	0.701345259160868
46.85	0.703304592908172	0.707851655712915	0.697815628787333
46.95	0.699243472059477	0.70469518195391	0.694058224715548
47.05	0.694705557467445	0.699057689123283	0.689761309080127
47.15	0.689956207075379	0.693682588867191	0.685540788603125
47.25	0.685150903390709	0.689059994604986	0.681205203791223
47.35	0.680292605283736	0.684190853835365	0.676736769300566
47.45	0.675381312754425	0.679343548870058	0.672221220809258
47.55	0.670417025802821	0.674285753148227	0.667574329735641
47.65	0.665399744440975	0.669563898941445	0.66267203260425
47.75	0.66036190225924	0.664876177846293	0.657334405315586
47.85	0.655451255986859	0.660088150266739	0.651812870337453
47.95	0.650746335260287	0.655383060938798	0.646539838227416
48.05	0.646253276399227	0.650879409127197	0.641543842578793
48.15	0.641953557315296	0.646700073059692	0.636900155672917
48.25	0.637819604054446	0.642226171251719	0.632763870858211
48.35	0.633849172563018	0.638108528401767	0.629119956527551
48.45	0.63004226284103	0.63414090875066	0.625895613636295
48.55	0.626390394098015	0.630325479641714	0.623259478930615
48.65	0.62282462108011	0.626459457574478	0.620150080176869
48.75	0.61931140751713	0.622739172610155	0.616488081618149
48.85	0.615850529790144	0.619039936021865	0.612940523877326
48.95	0.612441987899173	0.615428567024675	0.60953771937391
49.05	0.609085781844222	0.611876984394913	0.606257791082245
49.15	0.605781911625306	0.608416456043452	0.603049679957844
49.25	0.602530377242387	0.605152553122233	0.599851922401735
49.35	0.599331178695511	0.601990132715093	0.596678145142159
49.45	0.596184315984654	0.598820084519764	0.593509784908038
49.55	0.593089789109782	0.595663644371359	0.590264282512879
49.65	0.590047598070957	0.592686953864077	0.586920839362291
49.75	0.587042579264474	0.590331547062471	0.583527935674165
49.85	0.58400588318943	0.587964318300673	0.580371873680056
49.95	0.580917918123915	0.585076450068738	0.577217164196449
50.05	0.577759413476755	0.582012901143485	0.573926343521342
50.15	0.57448209117243	0.578430357536283	0.570377491012638
50.25	0.571074515240144	0.574879585060258	0.567074292106333
50.35	0.567535929361191	0.571071172712556	0.563525780319078
50.45	0.563866333535553	0.567089809021855	0.560132673685622
50.55	0.560069728302489	0.562819263991314	0.556638336281828
50.65	0.556168316438668	0.558493232977972	0.55304480124576
50.75	0.552173676907557	0.554177734727168	0.549387682851676
50.85	0.548112888522097	0.549986931878905	0.545604917156435
50.95	0.543997378427444	0.545866830769227	0.541784378199241
51.05	0.539827187006491	0.541693190988635	0.537827472880007
51.15	0.53560231425923	0.53759013141456	0.533727053186275
51.25	0.531322760185699	0.533363656832673	0.52931045164383
51.35	0.526988660816682	0.52907575285835	0.524930540041147
51.45	0.522608013183687	0.524779877746839	0.520581520630079
51.55	0.518193118832981	0.520380197638935	0.516191276675396
51.65	0.51374502506841	0.515944096317717	0.511852028628642
51.75	0.509263731889916	0.511504744854065	0.50738235975512
51.85	0.504749239297553	0.507013524481195	0.502960937709069
51.95	0.500201667910866	0.502548937180222	0.498457739930629
52.05	0.495622666589877	0.497924839476543	0.493783429268405
52.15	0.491013355928388	0.493296897652499	0.489116558735283
52.25	0.486373747780195	0.488640252212097	0.484403257057743
52.35	0.481704185413944	0.483871031950187	0.479703432931665
52.45	0.477013508955587	0.479186410037417	0.475014678960476
52.55	0.472310665064247	0.474482584699406	0.470223011236798
52.65	0.467589560714942	0.469650584870032	0.465615999730855
52.75	0.462842307072853	0.464902658300002	0.460885160366275
52.85	0.458059243718802	0.459708676737873	0.456183319725828
52.95	0.453238700850521	0.454761709737274	0.451425119222734
53.05	0.448380602043005	0.44975145862193	0.446735458660272
53.15	0.44348347749211	0.444613436548725	0.441918510053015
53.25	0.438546001540178	0.439579027434903	0.436962489635172
53.35	0.433568126687911	0.43453147061823	0.43190151207178
53.45	0.428549852935253	0.42952142833192	0.426623320998309
53.55	0.423491180282251	0.424492859072275	0.421574794018644
53.65	0.418392108728857	0.419404781676794	0.416427077996759
53.75	0.413252638275108	0.414268103919001	0.411254402740075
53.85	0.408072768921001	0.409080661976288	0.405983395715436
53.95	0.402852500666523	0.403897843003422	0.400706655212074
54.05	0.397591833511638	0.398645804366458	0.395355852201687
54.15	0.392290767456451	0.393316558976478	0.390048501900109
54.25	0.386949302500861	0.38795469774208	0.384886039595559
54.35	0.38156743864489	0.382551610893861	0.379727642002846
54.45	0.37614517588859	0.377093666523827	0.374488615948646
54.55	0.370682514231894	0.371590046595019	0.369168150024303
54.65	0.365179453674834	0.366090147544687	0.363877829790004
54.75	0.35963599421743	0.360608305428366	0.358378647450026
54.85	0.354052135859608	0.355152252409278	0.352750357190216
54.95	0.348427878601487	0.349689769176854	0.347055564320057
55.05	0.342763222442957	0.344363532314637	0.341176058688794
55.15	0.337058167384062	0.339084368483656	0.335228898847666
55.25	0.331322449131617	0.333840909283355	0.329200119154754
55.35	0.325619610143083	0.328582883708399	0.323316288585611
55.45	0.320016916880972	0.323311921877658	0.317770907265022
55.55	0.314542323722177	0.318117144056525	0.312390700025609
55.65	0.309218830288705	0.312960807958322	0.307145249197514
55.75	0.304058626887151	0.307769774693603	0.302016773330798
55.85	0.299061830069099	0.302707980301434	0.297150723387442
55.95	0.294228439834549	0.297629039498857	0.292446581852522
56.05	0.289558456183518	0.292629502923212	0.287923111699217
56.15	0.285051879366751	0.28764400288934	0.283553785065357
56.25	0.280717127401176	0.282967946689606	0.278897682557538
56.35	0.276584794449747	0.27898158987643	0.274264222450181
56.45	0.272661828749133	0.27501187291301	0.269995559363541
56.55	0.268948780575574	0.27150583823666	0.266054774180684
56.65	0.265452236156916	0.268037306934125	0.262491246651155
56.75	0.262176536304966	0.264910936639349	0.258874387386989
56.85	0.259121475336278	0.262219097841623	0.255433570657761
56.95	0.256247256307731	0.260108582270782	0.252194731371567
57.05	0.25342514622934	0.258054237143955	0.248977896478547
57.15	0.250439123849465	0.255196885101636	0.245986879206544
57.25	0.247338259642125	0.251698304704089	0.243397182970448
57.35	0.244178163218521	0.247687364337594	0.240657277649316
57.45	0.241044592919586	0.24415340938911	0.23781323229981
57.55	0.238053144781123	0.24124493220085	0.235171282595623
57.65	0.235212027183473	0.238633591854498	0.232501086033004
57.75	0.232521240126627	0.236390662424114	0.229395248581984
57.85	0.229980783610559	0.23432780288745	0.226538942388988
57.95	0.227592875441746	0.232476240606433	0.223914475755601
58.05	0.225405054367851	0.230681414957577	0.221188516844542
58.15	0.223463007307884	0.228898569782399	0.218382099196603
58.25	0.221768581519355	0.227071708084474	0.216361515877808
58.35	0.220321753807027	0.225282214727067	0.215026931160761
58.45	0.219093217011706	0.223756081613934	0.214109583145889
58.55	0.217994400693376	0.222369773005824	0.213784582663785
58.65	0.216902260293493	0.22112552270048	0.213024210055498
58.75	0.215609186198059	0.219634297385689	0.210726813195571
58.85	0.213881906385725	0.218250987317703	0.207949266882218
58.95	0.21165601714729	0.216561584839832	0.205167312002296
59.05	0.208931510411496	0.214104649106908	0.202203598211224
59.15	0.205707401175226	0.210680784103073	0.198997680760866
59.25	0.201894907267417	0.207276402357249	0.195907745406274
59.35	0.1973359827243	0.202728787571794	0.192287399610657
59.45	0.192063392474569	0.196479836058643	0.18833013426984
59.55	0.186685143211978	0.191321093176186	0.183518027626378
59.65	0.181975016665301	0.187423821740397	0.178539655887126
59.75	0.177999088714424	0.183916117490836	0.174314202150833
59.85	0.174757359359316	0.181319490110856	0.171094105236439
59.95	0.172260787443278	0.178623434292699	0.168730452900429
60.05	0.170612043481409	0.176474814377238	0.166946710295187
60.15	0.169863254744	0.175097455656123	0.166014957792038
60.25	0.169895379734444	0.174024124491706	0.166126002540741
60.35	0.170481309821511	0.173711204095839	0.167228356859565
60.45	0.171298766310961	0.173681322199605	0.168159414078366
60.55	0.172218403434519	0.174219305822605	0.168763293462093
60.65	0.173238277133241	0.175320598549438	0.169407915352825
60.75	0.174358387407038	0.176565735086656	0.17081518361858
60.85	0.175578480658271	0.177687290302054	0.172514852225249
60.95	0.176866673097163	0.178875453271686	0.174315580732514
61.05	0.178160386365881	0.180177686302536	0.175697423236902
61.15	0.179452335792122	0.181464559796301	0.177121833194307
61.25	0.180730330037101	0.18277631129464	0.178437420795803
61.35	0.181953940934293	0.183978554169564	0.179632390367787
61.45	0.183114786234751	0.185074574100547	0.180872773277585
61.55	0.184206041763763	0.186091502143534	0.181925727369632
61.65	0.185209727671949	0.187049977516122	0.182993790294288
61.75	0.186122917646824	0.18795948533077	0.183734269103931
61.85	0.186945611688342	0.188684741277638	0.184590897447618
61.95	0.187677809796559	0.189286143486129	0.185105606054442
62.05	0.188319511971466	0.18984043177115	0.185710904760204
62.15	0.188870718213024	0.190362198431804	0.186101486297212
62.25	0.189331324471378	0.19111702518238	0.186002543871372
62.35	0.189696745412082	0.192001235436519	0.186240778969663
62.45	0.189963162737118	0.192482852571353	0.186463355634785
62.55	0.19013094184399	0.192494312348342	0.186818715413009
62.65	0.190221971056461	0.192635988257419	0.187311398455653
62.75	0.190502509957528	0.193429936521132	0.187518455689834
62.85	0.191148453715614	0.194936166055595	0.187976656004929
62.95	0.192162797804301	0.196644525255863	0.188990045411867
63.05	0.19354554222352	0.198601062971982	0.190483199527756
63.15	0.195297048352407	0.200642054362011	0.192161786148746
63.25	0.197421549195909	0.203044553198428	0.194227749038572
63.35	0.199912026593434	0.205331160790359	0.197010521468411
63.45	0.202695644082488	0.207869907780038	0.199686465114952
63.55	0.205726227594951	0.210624198163953	0.202647963912612
63.65	0.208897998848139	0.213314352255531	0.205579990206431
63.75	0.212160351410065	0.216317623943159	0.208796002236895
63.85	0.215512967525089	0.219567219559007	0.212308235343024
63.95	0.218955847193176	0.222724671391918	0.215924055102603
64.05	0.222488990414355	0.225912262936769	0.219172949605492
64.15	0.226091752733568	0.229055351602954	0.222190256311693
64.25	0.229619172008025	0.232676778686524	0.225190855623991
64.35	0.232939106363889	0.236432199337693	0.227717676560035
64.45	0.236034772139833	0.240029326723707	0.230463635728809
64.55	0.238906169335774	0.243198004929046	0.233126406861901
64.65	0.241553297951773	0.245866759949944	0.235778913356199
64.75	0.243972920938362	0.248436065095387	0.238185434531857
64.85	0.24611753006178	0.251497431255743	0.240385512387712
64.95	0.24795102208637	0.253479389333961	0.242514926716996
65.05	0.249474203955147	0.254295938445825	0.244417392432596
65.15	0.250788902704348	0.255442876247944	0.246153385204774
65.25	0.252066567613588	0.25662889753388	0.247746887774674
65.35	0.253324678559163	0.25765480884273	0.249417979354551
65.45	0.254563235541104	0.258480875179878	0.250945125037482
65.55	0.255782238559363	0.259296701807609	0.252309355024096
65.65	0.257003946584524	0.261020599616576	0.253791002609468
65.75	0.258343354698217	0.262716087231554	0.25457693350797
65.85	0.259837489440861	0.264482829088069	0.255375344398281
65.95	0.261486368608638	0.266273956130207	0.256537917730129
66.05	0.263289992201499	0.268254999147198	0.258438909841199
66.15	0.265249691528477	0.270326211279817	0.26051732931359
66.25	0.267375824098824	0.272513388401192	0.262352977970349
66.35	0.269673243044618	0.275063332182055	0.264293948186202
66.45	0.272117376196238	0.277755253847369	0.266085415015266
66.55	0.274525670370359	0.280559277955306	0.268102458557058
66.65	0.276749935425903	0.282917762878372	0.270361477289663
66.75	0.278782338581787	0.284936244753484	0.272525286829315
66.85	0.280738109122454	0.287005005694696	0.274734379548009
66.95	0.282796946528087	0.289632840040531	0.276664922514696
67.05	0.284974862276913	0.292418799844228	0.278871937434112
67.15	0.287272092050587	0.295089797602212	0.281348351454172
67.25	0.289718151534783	0.297638599456554	0.283029692523774
67.35	0.292370909144168	0.299977984658948	0.284719110842901
67.45	0.295237090200947	0.302425420623602	0.287252401931858
67.55	0.298316694705194	0.304632494165029	0.290755483819194
67.65	0.301584017105985	0.307689647303291	0.294003565563769
67.75	0.304877536441807	0.311092376513937	0.297905044678525
67.85	0.308129728614041	0.314493075887322	0.301751007766977
67.95	0.311214442317913	0.317976619765688	0.305427044681735
68.05	0.313958652635143	0.321344145518809	0.308141011049701
68.15	0.31634145768932	0.324147418924164	0.309856992790465
68.25	0.318362857480464	0.326441668252742	0.311496623173163
68.35	0.320022852008549	0.327836924123759	0.312511993944229
68.45	0.321321441273617	0.32850944991925	0.313263747420404
68.55	0.322258625275624	0.329013182027041	0.314355060995899
68.65	0.322835909709887	0.329601044800268	0.315186357065152
68.75	0.323119213511445	0.33039321823123	0.314780383165484
68.85	0.323198703393996	0.330837085423731	0.313922772808476
68.95	0.323107240366509	0.331279956157368	0.31239880464631
69.05	0.322945324625159	0.331392788810973	0.311918561740297
69.15	0.322736907125936	0.331553792158659	0.312010329960216
69.25	0.322482273426145	0.331724358737852	0.312342262900266
69.35	0.322182597348671	0.331920491331467	0.313439881253808
69.45	0.321785657041383	0.331709888727418	0.313223199360959
69.55	0.321243039146251	0.331364383198356	0.313058762985191
69.65	0.320553107276526	0.330074780085284	0.312988711383596
69.75	0.319715861432159	0.329449837420808	0.312397209396128
69.85	0.318731301613197	0.328737425397869	0.312410231503984
69.95	0.317599427819586	0.326914178181984	0.311815550796403
70.05	0.316320240051373	0.325006326898511	0.310713183755029
70.15	0.314893738308521	0.323229356032333	0.30892723776833
70.25	0.31331992259106	0.321992041277821	0.306671436343908
70.35	0.311598792898978	0.321905700730374	0.304031768647554
70.45	0.309730349232282	0.322245081322845	0.300860373615513
70.55	0.307714126552932	0.323003273750882	0.296885500050205
70.65	0.305448743928981	0.324370699899483	0.292100039129912
70.75	0.30270663760435	0.320863185766826	0.287532748808444
70.85	0.299480784142794	0.313570355642943	0.283330171564711
70.95	0.295993134380261	0.30841511834436	0.278966820655229
71.05	0.292366439019227	0.304133260330398	0.27441380815617
71.15	0.288602016306347	0.299621662330252	0.270444148370531
71.25	0.28469986624164	0.294684812295688	0.266854580037614
71.35	0.280659988825073	0.290428413017864	0.263560011751315
71.45	0.276482384056685	0.287998493959583	0.260921104061244
71.55	0.272174967872779	0.285962169121249	0.258209448053744
71.65	0.268077941719997	0.284072414488597	0.253481256191897
71.75	0.264652999320478	0.282420826481568	0.249261401173701
71.85	0.261939389646916	0.281269109140191	0.245297403626971
71.95	0.259976275283339	0.280734152212892	0.242354009018551
72.05	0.258778633009002	0.280510462442348	0.240214064813533
72.15	0.258346492972306	0.280596621624396	0.239596235100691
72.25	0.258679855173271	0.28113601240671	0.240067244140273
72.35	0.259778719611872	0.282327510420694	0.240899427291759
72.45	0.26164308628814	0.283694768541841	0.242475720302646
72.55	0.264272955202019	0.285317437293565	0.244759849536433
72.65	0.267661809475313	0.287543122264117	0.248188994753544
72.75	0.271701755595462	0.290150448290698	0.252960905449229
72.85	0.276304084821042	0.293159800195717	0.258954500343477
72.95	0.28146616339286	0.297383224771894	0.266208827465509
73.05	0.287187991310916	0.301958428313518	0.273863193896288
73.15	0.293469568575206	0.307427566456692	0.280633511956582
73.25	0.300310786262522	0.313265413223089	0.287073561025372
73.35	0.307633698918612	0.320871560179318	0.294304508817852
73.45	0.315223342159818	0.328311650294997	0.302094642708265
73.55	0.323042973940329	0.336661004982193	0.310747029986322
73.65	0.331092594260241	0.346213882354169	0.319570692403122
73.75	0.339372203119496	0.356095473014888	0.32740794294475
73.85	0.347881800518106	0.365833440409962	0.334440901857118
73.95	0.356621386456083	0.37516517197119	0.341209964284895
74.05	0.365590960933429	0.384143519951596	0.348175887305678
74.15	0.374790523950134	0.39272155392282	0.355666129122794
74.25	0.384220075506188	0.400839318472156	0.36309636691698
74.35	0.393879615601629	0.409411524735909	0.37068510466132
74.45	0.403769144236373	0.422389658589419	0.378673423833245
74.55	0.413888661410561	0.438369751594093	0.387279857934891
74.65	0.424222309697557	0.454980259939725	0.395906516155411
74.75	0.434244616316766	0.469154553484286	0.404686579862362
74.85	0.44332138840388	0.476004204363184	0.413492446585061
74.95	0.45114349159121	0.484216296903454	0.422689962062413
75.05	0.455972902424863	0.485320609991712	0.431261317444742
75.15	0.458211909593981	0.478251776122809	0.43939823260515
75.25	0.45968011677557	0.475330197687333	0.445720873773667
75.35	0.460554338042279	0.477281761199459	0.45148879815902
75.45	0.460834573394074	0.475542217997335	0.452980166954959
75.55	0.460520954700332	0.470825736806499	0.451739874937737
75.65	0.459757474261373	0.470494218330176	0.450974391020062
75.75	0.459026312394387	0.471384465081789	0.448976843715013
75.85	0.458437332791462	0.471747818881094	0.446528568051908
75.95	0.457990574542981	0.470409539762299	0.445902366241839
76.05	0.457687556183673	0.468715172112332	0.446846254748299
76.15	0.457550926974313	0.466039647881095	0.447979517936947
76.25	0.457551505400451	0.463486673453621	0.450731023586702
76.35	0.457591641326403	0.461821677318131	0.451704037066634
76.45	0.457658875157892	0.460696562689209	0.451760416481808
76.55	0.457753206894977	0.460878856299352	0.451137963075667
76.65	0.457874636537612	0.460946068969407	0.45200447168691
76.75	0.458023164085808	0.461034276090949	0.452751701463296
76.85	0.458198491616483	0.461269900328973	0.453795685814542
76.95	0.45832257355539	0.461057233586055	0.454758616472547
77.05	0.458194941305202	0.460876655464485	0.454399463472374
77.15	0.457778440295001	0.460589895604167	0.454414123427559
77.25	0.45707301317839	0.459733414476943	0.453758961400041
77.35	0.45606305135536	0.459083397371218	0.452517539515875
77.45	0.454590475538775	0.457702251514751	0.450973890967661
77.55	0.452561124626326	0.455727841738398	0.448927662801471
77.65	0.450029840902074	0.452874197799653	0.446183749674006
77.75	0.447262272670602	0.449942775786824	0.443215370508587
77.85	0.444599215841907	0.447245878451863	0.44015032301385
77.95	0.442087323224116	0.444462575022343	0.437707805464946
78.05	0.439726594817211	0.441907224409098	0.435528477349861
78.15	0.437517030621119	0.439965042430568	0.434143343770678
78.25	0.435476538815069	0.438673154851321	0.432344242617907
78.35	0.43392960902463	0.43832205312334	0.429744073546011
78.45	0.433216960488133	0.438917196832385	0.428378092720603
78.55	0.43388061663883	0.440935016637281	0.428419553297568
78.65	0.436253574594106	0.443995620022101	0.430696867801362
78.75	0.440751033456911	0.449270268693017	0.434693909212444
78.85	0.447514697007708	0.455687325139139	0.441778213768515
78.95	0.456202649044702	0.46380065631809	0.450786098106808
79.05	0.466535630748055	0.473468011972939	0.461745777929859
79.15	0.478504704422915	0.484125434026949	0.474788843440015
79.25	0.492109870069321	0.496106861864061	0.488836406985574
79.35	0.50732595354478	0.511548231621604	0.502545250161358
79.45	0.523465460680225	0.529819442601115	0.515597573415676
79.55	0.539006645171927	0.546429123409915	0.52957386716328
79.65	0.552130321124409	0.558987436454597	0.542860724575013
79.75	0.562113033641045	0.568314651197903	0.553475705436972
79.85	0.56902252453158	0.574260702975061	0.560264368640691
79.95	0.573272533822451	0.577507640078729	0.564202303470118
80.05	0.575288991515884	0.579422814501563	0.567172695687796
80.15	0.575651413332561	0.57981487039146	0.568748159529868
80.25	0.574730414467952	0.578935721086698	0.568751601394181
80.35	0.573247124137524	0.5772862408509	0.568440284210596
80.45	0.572027988291875	0.576698301443589	0.567656859838291
80.55	0.571175673514932	0.575903396171697	0.566770801914712
80.65	0.570699061999342	0.576084964907083	0.566431714870067
80.75	0.570669157295836	0.576419584037112	0.566480805017279
80.85	0.571120008274651	0.577527510396476	0.566163835637941
80.95	0.572051829423555	0.578998340830453	0.567177145796254
81.05	0.573464620742478	0.580288346171209	0.56922068136942
81.15	0.575358382231456	0.582198894542836	0.570769307123122
81.25	0.577737221276866	0.58509123386936	0.572350673108258
81.35	0.580698944990043	0.588837131385281	0.573972894313539
81.45	0.584337854512701	0.592778089649022	0.577217179562532
81.55	0.588426538870765	0.596815037645483	0.582645875550014
81.65	0.592569189194491	0.600652038287768	0.587542069967513
81.75	0.596648951013019	0.604917171960759	0.591764649465449
81.85	0.600665563433307	0.608637762125208	0.595919320454025
81.95	0.604619026455357	0.612162178450062	0.600222468375139
82.05	0.608509340079324	0.61577035768535	0.603806400131075
82.15	0.612336504304987	0.618702270704908	0.606832535972379
82.25	0.616087776357556	0.622224363629048	0.609285900245714
82.35	0.619490450269461	0.627505123279185	0.6107411744042
82.45	0.622272727344632	0.630973066408857	0.611958235220889
82.55	0.624432427198148	0.633466241243176	0.612826627732489
82.65	0.62599618268743	0.635119994149488	0.613183235213284
82.75	0.626988833263469	0.63582593478631	0.613580282746438
82.85	0.627549770719895	0.635685540489725	0.614202293720982
82.95	0.627738046304756	0.635813810686479	0.615097511657555
83.05	0.627678772266789	0.636016749394428	0.615623110449982
83.15	0.627593259069742	0.635910317394082	0.616320778816213
83.25	0.627504191072531	0.635005709127614	0.616091217854334
83.35	0.627411568275102	0.634918066563238	0.615919956082198
83.45	0.627315390677514	0.634864846430006	0.61589646610939
83.55	0.627215658279734	0.634720666922731	0.616448220652832
83.65	0.627131668609801	0.634996379073603	0.616762989324456
83.75	0.627206230365882	0.636640671280729	0.617399110743656
83.85	0.627503424431004	0.638193017809724	0.617137297952545
83.95	0.628023554654145	0.639838182126707	0.617255770253169
84.05	0.628766674978484	0.641042128649618	0.617597066153277
84.15	0.629772248814651	0.642999190087307	0.618098352925418
84.25	0.631149436766112	0.64592729719921	0.619012889486122
84.35	0.632917600704938	0.648287014526781	0.619321054020698
84.45	0.635091612571473	0.651106914291281	0.621275435780823
84.55	0.637686369156711	0.654412897907684	0.624016092407878
84.65	0.640702520095255	0.656918089617845	0.62692302573905
84.75	0.644140065386315	0.660079920523991	0.631121508789835
84.85	0.647978302955625	0.663161283961534	0.635171380315765
84.95	0.652135277139595	0.666414165202172	0.640233269539007
85.05	0.656590709990362	0.670907702728389	0.646230347147805
85.15	0.661344601507973	0.675037302488355	0.650600563279509
85.25	0.666396730228202	0.679285148578247	0.655827479756717
85.35	0.671683096008845	0.684289864033335	0.65670292694813
85.45	0.677051455047657	0.691292964234951	0.65866137619882
85.55	0.682479658627908	0.698183650826935	0.661361431115847
85.65	0.687967706749396	0.705508926944121	0.662983786109271
85.75	0.69351559941224	0.713139590900652	0.665699495592474
85.85	0.699072336144323	0.722102735920467	0.66708036690393
85.95	0.704400133722061	0.729850190583948	0.669102947324105
86.05	0.709429963594401	0.735983825646806	0.670782489729628
86.15	0.714170749926177	0.742141956373291	0.672959313921697
86.25	0.718726194185807	0.748689093341277	0.675757931192552
86.35	0.723384412997983	0.754740436035363	0.679021614135855
86.45	0.728201421399592	0.760804703015009	0.682968804395184
86.55	0.733177219390574	0.766005156933437	0.688000246234553
86.65	0.738311806970983	0.770462559134317	0.694053966781709
86.75	0.743605184140751	0.773566830591095	0.69968145540694
86.85	0.74905735089998	0.776544801249534	0.70796746686514
86.95	0.754668307248536	0.778283348880284	0.715249435767477
87.05	0.760438053186558	0.779980051363229	0.724737449282655
87.15	0.766366588713955	0.781311101494486	0.735229492936127
87.25	0.772453913830728	0.783791532921598	0.747430030138528
87.35	0.778700028536946	0.793881369936563	0.760511130620782
87.45	0.785104932832538	0.807387848566332	0.76700142804273
87.55	0.791668626717534	0.821271397484403	0.765909360064863
87.65	0.798391110191922	0.838913131626055	0.762692034685664
87.75	0.805272383255718	0.857280611859652	0.757485101146379
87.85	0.812349580687312	0.878262100126733	0.751960348409341
87.95	0.821084427815076	0.902232948438294	0.749937372226466
88.05	0.834876876300332	0.926239633233684	0.763043157842602
88.15	0.85531489121662	0.950481871869518	0.782115203591003
88.25	0.884234704640814	0.977692670015303	0.810775792525677
88.35	0.918830916894444	1.00306507469637	0.853435990337082
88.45	0.956980265445498	1.02781796940674	0.904174641448781
88.55	0.994810041720831	1.05532734302874	0.939563412253134
88.65	1.03068937559089	1.08042637323684	0.97426914060708
88.75	1.06461246611841	1.10981115323369	0.99946755653356
88.85	1.09657931330315	1.14580651208181	1.0235138891675
88.95	1.12653314418973	1.18412803352765	1.04369802203276
89.05	1.15349164635058	1.2198648428814	1.06321273847343
89.15	1.17662436782884	1.24725608636475	1.08175105753951
89.25	1.19590517654151	1.26694095467056	1.09932231837253
89.35	1.21138131768912	1.27946449895143	1.11335892050626
89.45	1.22407626594934	1.29341307774973	1.12836229346036
89.55	1.23498172934693	1.30627671478949	1.13850440776925
89.65	1.24413856559776	1.31169042927558	1.15070560593338
89.75	1.25154677470183	1.31537633849366	1.16308103825265
89.85	1.25720635665917	1.31568299681422	1.17770417820046
89.95	1.26111732224124	1.31716684005013	1.19216195173962
90.05	1.26389007412476	1.31983281448092	1.20338485096496
90.15	1.26777822275289	1.32938124151371	1.20819760413141
90.25	1.27330173818702	1.34344399699704	1.21165217105481
90.35	1.28047459827727	1.36289822298255	1.21547911609882
90.45	1.29076913520509	1.381290463202	1.22244702413908
90.55	1.30693402607756	1.40792373462976	1.23111598243465
90.65	1.32927014182691	1.43444849428816	1.24765992198479
90.75	1.35777748245294	1.46895636785266	1.28126345436444
90.85	1.39245604795599	1.50540938509254	1.32200518957362
90.95	1.4349356812788	1.55345235998572	1.33828226059025
91.05	1.49496138362236	1.60803301334802	1.39088509617785
91.15	1.57893283940761	1.67851809034416	1.48734259570259
91.25	1.67713309756059	1.75544655020383	1.60308159654585
91.35	1.75544074187841	1.80367361446326	1.66865219609636
91.45	1.81370563602249	1.86918384666539	1.70483230978603
91.55	1.8527509496321	1.91555931874576	1.72673754367323
91.65	1.87268715767113	1.93448980376609	1.74922540823396
91.75	1.87746491461029	1.93877581383663	1.75695310744218
91.85	1.87475656366841	1.92943666776836	1.77318667191084
91.95	1.87197598539144	1.93092985873919	1.786108215906
92.05	1.87046332669561	1.93786633975706	1.7921373844582
92.15	1.87021863661567	1.94306080508899	1.80086550392341
92.25	1.87124191515155	1.94303617425264	1.81345574882064
92.35	1.8735313059065	1.94198180468176	1.83084293337298
92.45	1.87707162721886	1.94194157730632	1.83754508830236
92.55	1.8818554573516	1.94330070468647	1.84124060590329
92.65	1.88788274583279	1.94584261059848	1.84422357092944
92.75	1.895153492663	1.95621475553672	1.84846712383863
92.85	1.90366769784166	1.96829923105571	1.85542236341104
92.95	1.91342536136901	1.98017605303617	1.86450771535227
93.05	1.92442648324517	1.99411628165282	1.87694316253191
93.15	1.9366710634699	2.01017365789277	1.89185466066976
93.25	1.95015910204327	2.02489365986997	1.90924058429685
93.35	1.9648905989655	2.03995764102847	1.92710624409447
93.45	1.98086555423623	2.05730742543926	1.9450497681136
93.55	1.99808396785572	2.07174701766422	1.96234265596299
93.65	2.01654518256707	2.08775822110601	1.98022592065047
93.75	2.03607325812731	2.10292012629229	1.9977388230064
93.85	2.05625593954774	2.1189786624328	2.01605478024631
93.95	2.07703425780226	2.13494947854779	2.03548083807342
94.05	2.09840821289069	2.15159722217498	2.05599858900231
94.15	2.12037780481316	2.17268100057995	2.07508569736787
94.25	2.14294303356953	2.19475070109495	2.0961722852401
94.35	2.16610389916006	2.2150717466139	2.11728166336004
94.45	2.1898604015844	2.23750820364141	2.13830899785736
94.55	2.21421254084289	2.26425107182278	2.1613131891008
94.65	2.23911892596464	2.29821971775405	2.17860555946466
94.75	2.26303424057211	2.32385687962022	2.19656831149931
94.85	2.28488827446135	2.34908989439063	2.21183566689778
94.95	2.3050157647083	2.37308928111925	2.22693032539397
95.05	2.32341784409963	2.3925565643775	2.24181034820038
95.15	2.34009451263535	2.40675395099587	2.25912806140258
95.25	2.35504577031558	2.41485133345314	2.27520014080635
95.35	2.36827161714013	2.4173971740201	2.28992250261844
95.45	2.37979068915985	2.41745503214187	2.30381278439561
95.55	2.38984105475547	2.42232398631446	2.31659675544667
95.65	2.39858713225612	2.43057415225278	2.32947457252639
95.75	2.40603219213162	2.43684940157609	2.34323199748907
95.85	2.4121762343823	2.4418502082492	2.35769535331231
95.95	2.41701925900773	2.44552252198088	2.36919621684394
96.05	2.4205612660083	2.44795788148553	2.37971618636765
96.15	2.42280225538367	2.45023375614762	2.38420789457229
96.25	2.42374222713421	2.45276674320299	2.38394743945827
96.35	2.42338118125931	2.45581932740558	2.38335820935802
96.45	2.42171911775982	2.45963679295353	2.38259014449369
96.55	2.41875603663526	2.46754934875091	2.38134833003219
96.65	2.41451619158696	2.4739532970708	2.37467045223254
96.75	2.40953108862248	2.48451212845017	2.36257473238821
96.85	2.40469851700751	2.49011220430076	2.35458567918551
96.95	2.40018545809981	2.48794354130792	2.35050753743716
97.05	2.39599191889343	2.4781622175332	2.34956946517416
97.15	2.39223763127742	2.46670029398793	2.35302296014081
97.25	2.38957082002592	2.45400307944506	2.35247079028108
97.35	2.38805238139295	2.44257030064333	2.35485798726288
97.45	2.38733032542817	2.43665247695255	2.35939295874667
97.55	2.38696133740948	2.42943294572253	2.36181702481956
97.65	2.38691424308002	2.41944315531106	2.3621222633266
97.75	2.38714670911289	2.4116496543722	2.36227582404293
97.85	2.387453967787	2.40727921195831	2.36431462977517
97.95	2.38777418961796	2.40506888522571	2.36644585966153
98.05	2.38810704882054	2.40288245965256	2.36873241458681
98.15	2.38841646668761	2.40077239938446	2.3683953555334
98.25	2.38863330500448	2.40073823632218	2.36650137268264
98.35	2.3887497487772	2.40145980846637	2.3643623984096
98.45	2.38876579800542	2.40192093010414	2.36198468970341
98.55	2.38868145268938	2.40238540439509	2.36037722957197
98.65	2.38849671282895	2.40233526269352	2.36095972752329
98.75	2.38821157842422	2.40281882286433	2.359267494247
98.85	2.38782604947508	2.40245348338355	2.35856021629218
98.95	2.38734012598171	2.4020396929901	2.35809464597214
99.05	2.38675380794398	2.40192027114653	2.35851642088885
99.15	2.38606709536185	2.40152756127042	2.35866161262579
99.25	2.38527305307159	2.4025518878146	2.35671580985855
99.35	2.38432368512894	2.40333125088967	2.35690739417335
99.45	2.38319869540692	2.40317179521009	2.3570122676411
99.55	2.38190440857949	2.40367783148763	2.3555658670811
99.65	2.38047634543195	2.4017109644764	2.35333378721153
99.75	2.37912985182235	2.39932832427835	2.35011185651459
99.85	2.37801538771401	2.39631250503885	2.35038087311074
99.95	2.37714207978173	2.39331453621291	2.35143105980746
100.05	2.37674763791193	2.39270821029998	2.35196304191408
100.15	2.37714552420526	2.39230129254442	2.35408727386894
100.25	2.37835716416315	2.39180391568514	2.35671174107186
100.35	2.38038255778478	2.39227837018309	2.36288150150049
100.45	2.38322170507071	2.39500992640226	2.37021964265687
100.55	2.38687460602061	2.40305452554186	2.37401673997388
100.65	2.39136531854595	2.41455151101665	2.3744837930958
100.75	2.39736752375927	2.43084240789988	2.37462478105213
100.85	2.40661010523113	2.45223078322476	2.3796750931686
100.95	2.42390054376689	2.47673314359133	2.39234714026305
101.05	2.45249277802346	2.50559512360754	2.4169544159362
101.15	2.49040203908671	2.53661016921048	2.44945840852085
101.25	2.53166672587979	2.57113732739337	2.48709524255592
101.35	2.57023695539709	2.60066906514273	2.5251614002553
101.45	2.60463503071839	2.63480603139072	2.56036749049909
101.55	2.63532537212747	2.66957716252936	2.59159562407328
101.65	2.66230839030138	2.69969394954788	2.621473847098
101.75	2.68558408524012	2.72413329832103	2.64705812606931
101.85	2.70515245694378	2.74100650318956	2.67061710780176
101.95	2.72101350541227	2.74964695389181	2.69120762017389
102.05	2.73317162800443	2.75669515007335	2.70608900968422
102.15	2.74208293157622	2.76588997671171	2.71657182694778
102.25	2.74859506480874	2.77317783332268	2.72323220853149
102.35	2.75280029220923	2.77761727619073	2.72648054704141
102.45	2.75469861377715	2.77968693879092	2.72637836768975
102.55	2.75429002951305	2.78182354840217	2.72465643508758
102.65	2.7515746657675	2.78412262539007	2.72317388500221
102.75	2.74685040237368	2.78537236739546	2.71876570824211
102.85	2.74105900777618	2.78468085796987	2.71099162143624
102.95	2.73485161202619	2.78164889374175	2.70412877617416
103.05	2.72900736182045	2.77692362597322	2.69938212809551
103.15	2.72359998039301	2.76993866469667	2.69802736954358
103.25	2.71863091282248	2.7610123510528	2.69503255529196
103.35	2.714744483737	2.75146856305594	2.6882529511866
103.45	2.71359561850677	2.74115795956618	2.68740582073567
103.55	2.71421589204189	2.73326099072436	2.68879282408541
103.65	2.71502952732526	2.72821591672211	2.69572292508473
103.75	2.71569224354164	2.72433578976568	2.70115001523064
103.85	2.71620483139634	2.72248459707955	2.70491881857369
103.95	2.71657936114608	2.72127213279255	2.70920604127433
104.05	2.71686222046581	2.7203350354127	2.71210452835261
104.15	2.71709497142854	2.72083371757863	2.71385114098191
104.25	2.71728207786252	2.72259465748528	2.71307919953433
104.35	2.71742353976764	2.72412190913064	2.71239339482319
104.45	2.71751935714406	2.72524626394946	2.71126736423981
104.55	2.71756952999146	2.72543275792547	2.71123401329962
104.65	2.7175740583102	2.72532980154571	2.71135201261793
104.75	2.71753294209986	2.72519393470466	2.7122556760592
104.85	2.71744635933449	2.7239726385774	2.71317202318864
104.95	2.71732983517641	2.72324295163698	2.71394421677201
105.05	2.71721419084981	2.72146514714814	2.7148428498882
105.15	2.71711609897866	2.72044284371323	2.71521427681158
105.25	2.71703904504594	2.71941817593524	2.71540275796567
105.35	2.71698303781602	2.7190559314587	2.71546198908549
105.45	2.71694885392385	2.71837548232636	2.71528495473481
105.55	2.71693735245356	2.71826258525369	2.715359191364
105.65	2.71694064687092	2.71818380820003	2.71524810800086
105.75	2.71694978373915	2.71797708347217	2.71547853196941
105.85	2.71696377683577	2.71772081659996	2.71554580330647
105.95	2.71697856463441	2.71768765027134	2.7159456320171
106.05	2.71699026337518	2.71764477419379	2.71598135933528
106.15	2.71700159433652	2.71770543639682	2.71593869698499
106.25	2.71701274254368	2.71782357872663	2.7161018003818
106.35	2.71702096504219	2.71787891140829	2.71645114074324
106.45	2.71702138631902	2.71792446569851	2.71655213634084
106.55	2.71701970478648	2.71787269095069	2.71665866578283
106.6487475	2.71701357514107	2.71806823194659	2.71657242002264
