phys	rec.rate	upper	lower
0.05	0	10.4548106825018	0
0.15	0	10.5224980286714	0
0.25	0	10.1909784453858	0
0.35	1.66420414769951	11.5454079438066	0
0.45	5.500323234132	13.0359351569035	0
0.55	6.66497792043143	13.3672722147795	0
0.65	6.70941971040692	13.7212595949292	0.698100089814189
0.75	6.19666941983218	13.8819023298925	1.92617572449836
0.85	5.59779924710511	12.8595734613991	1.81738488402189
0.95	4.96622649605718	12.181700702354	1.70760186229155
1.05	4.33767084163795	8.80197292467216	1.09962622805839
1.15	3.68678810211189	6.96826550570713	0.615055898921177
1.25	3.08451542558432	5.71352614283979	0.880684464826158
1.35	2.74675683389545	5.21636761564318	0.912883495697659
1.45	2.77395918146675	5.04559000580578	0.699027077949763
1.55	3.16960551229529	5.14758232914754	1.24352482601757
1.65	3.93075114803021	6.16620508499858	1.92828372477961
1.75	4.83739890915112	7.39974885942166	2.34443841607375
1.85	5.35599825607751	8.04740877279136	2.51199635950253
1.95	5.36748662375533	7.71444482085428	2.58564421924158
2.05	5.18334438750699	6.90907091197042	2.52975950934316
2.15	4.9770291769068	6.6365921094302	2.49705399792065
2.25	4.74958138567108	6.30465542022799	2.43459486251971
2.35	4.50100101379982	6.13544529996709	2.36324175086475
2.45	4.23128806129303	5.99836139799117	2.26594394566381
2.55	3.9404425281507	5.91989417187638	2.02850468233074
2.65	3.63739842215674	5.65205245552321	1.26638249629454
2.75	3.37367763473724	5.3350260504845	0.645249556735104
2.85	3.15249186968058	4.92245112671371	0.581857378115944
2.95	2.94190015423701	4.58204664785094	0.605712049378842
3.05	2.7378903973507	4.31212130226244	0.608339549831528
3.15	2.54046259902161	3.97462132901371	0.633108038863569
3.25	2.34961675924978	3.70080520662447	0.668638193697904
3.35	2.16535287803519	3.42163759810852	0.688659636941099
3.45	1.98767095537785	3.13113629408374	0.647400756380366
3.55	1.81657099127776	2.87586262239496	0.606325174600163
3.65	1.65205298573491	2.63519691373467	0.588901084010676
3.75	1.49411693874931	2.49006953799947	0.520570403078674
3.85	1.34276285032096	2.31650826154815	0.359508932011051
3.95	1.19799072044986	2.12471764790155	0.168536157570951
4.05	1.05980054913599	1.99258690739275	0
4.15	0.928192336379379	1.87088376445025	0
4.25	0.803166082180018	1.72101134001624	0
4.35	0.684721786537893	1.60590563276529	0
4.45	0.572859449453023	1.48539922112285	0
4.55	0.467579070925392	1.38454781772504	0
4.65	0.368880650955014	1.28347715276485	0
4.75	0.276764189541881	1.19719198840808	0
4.85	0.191229686685993	1.15659265827904	0
4.95	0.112277142387355	1.12538868310633	0
5.05	0.0399065566459605	1.0944500567604	0
5.15	0	1.05963981399465	0
5.25	0	1.03299692976985	0
5.35	0	1.00615587247878	0
5.45	0	0.97724221064484	0
5.55	0	0.942110004024175	0
5.65	0	0.915172080234862	0
5.75	0	0.892962595002799	0
5.85	0	0.864664402567379	0
5.95	0	0.846306206808462	0
6.05	0	0.834588810162349	0
6.15	0	0.802771476762325	0
6.25	0	0.802381619546942	0
6.35	0	0.794730289786451	0
6.45	0	0.75260818759491	0
6.55	0	0.794170180655208	0
6.65	0	0.807387310951658	0
6.75	0	0.820925146290017	0
6.85	0	0.867669231437978	0
6.95	0	0.867167724168043	0
7.05	0	0.862224549407491	0
7.15	0	0.837102172383653	0
7.25	0.000196469852079061	0.790294547225006	0
7.35	0.0401344344121298	0.767355082981135	0
7.45	0.0808422914260896	0.831985232749769	0
7.55	0.122320040893954	1.00611157531075	0
7.65	0.164567682815726	1.16166305998795	0
7.75	0.207585217191404	1.41028906081959	0
7.85	0.251417239153345	1.72942358691937	0
7.95	0.297073245138755	1.98843508551641	0
8.05	0.345553817351731	2.33063652122675	0
8.15	0.401008624054382	2.62574223215007	0
8.25	0.500043202019195	2.84907319322685	0
8.35	0.661876666320215	3.17184316771723	0
8.45	0.88667926920169	3.5064111966712	0
8.55	1.17445101066363	3.91748614541038	0
8.65	1.525191890706	4.26885312724753	0.34417125572909
8.75	1.93890190932883	4.6491342079292	0.952625648552274
8.85	2.41558106653213	5.07659919737544	1.39464001666666
8.95	2.95522936231585	5.59386303029497	1.63485189079769
9.05	3.56031089499252	6.70857204643496	1.78697740006912
9.15	4.22606344741073	7.12981016713714	2.3454116236482
9.25	4.63012287148648	6.5681488928505	2.50580467431804
9.35	4.64006711748843	6.16618220945957	2.68093308992657
9.45	4.42868496714639	6.02561952627104	2.85667629660002
9.55	4.19362246158453	5.80784341085421	2.74057781103147
9.65	3.97690303454103	5.52074177290244	2.59923255697409
9.75	3.68157995731059	5.0379078553671	2.4432899544809
9.85	3.25232887961906	4.52031931743251	2.34928696909247
9.95	2.83682348918749	3.98290536727379	1.86585010599036
10.05	2.54682447181162	3.62720960238952	1.51654625847366
10.15	2.39986371379385	3.4784984572061	1.36258921494877
10.25	2.41021495803207	3.5673411469979	1.43805183139315
10.35	2.57624882452304	3.71786255817767	1.70880603095135
10.45	2.85164719961203	4.04429462322492	2.09179488324326
10.55	3.18917713586431	4.26382155975004	2.39084031540898
10.65	3.55086916183588	4.5228564095596	2.74983847979989
10.75	3.90657529341054	4.81315496786849	3.00442889968337
10.85	4.25537065915094	5.17373219176206	3.25128148969631
10.95	4.58513640194685	5.51606714315963	3.41529024290955
11.05	4.83222928640126	5.89005668747911	3.59254082099757
11.15	4.97277297610708	6.08966260941395	3.7412856185699
11.25	4.99870026527744	6.07390874057688	3.83435763178579
11.35	4.90870160832957	5.76417212782978	3.96669984796658
11.45	4.70277700526338	5.37912671077922	3.70104656188933
11.55	4.41041185117812	5.3422594022786	3.13193476595559
11.65	4.23224636542169	5.69758873339928	2.85805344017069
11.75	4.30926827409999	6.08216127066245	2.93870323528809
11.85	4.92805544335603	6.72501685321117	3.48315365819829
11.95	6.12126496653679	7.34553634725412	4.68843045387637
12.05	7.42855985826108	8.44226042588676	5.60728206764146
12.15	8.03666925178696	9.5430388636143	6.18867831708152
12.25	7.671516292892	9.16532017495207	6.21092022101671
12.35	6.89989644442792	8.11822526969757	5.84422112125643
12.45	6.3815324973259	8.1661053056159	5.0487462584794
12.55	6.78975797328954	8.77479921009801	5.26874505032496
12.65	8.19050176996187	10.1438489879314	6.58310890768614
12.75	9.35916774342089	11.0290409867503	7.6149025830755
12.85	9.52074591707795	10.9734177228992	7.82364746335573
12.95	8.82021941630613	10.0747530713442	7.123307779419
13.05	7.41775065477332	8.7133968266305	5.64228859272158
13.15	5.82265527358265	7.56660889825713	3.81135682042592
13.25	4.21636745347391	6.23112735328619	2.35500713294336
13.35	2.87468917794454	5.48432432598413	1.00773262799625
13.45	2.07863317506109	4.83511341859353	0.208856561838893
13.55	1.78151900274245	4.39613843166001	0
13.65	1.83963812273031	4.12569375842963	0
13.75	2.23417566676882	4.18241011118978	0.389917635634127
13.85	2.88921060366948	4.58180167200921	1.03197090617528
13.95	3.54388517415216	5.43668613467835	1.64881436766879
14.05	4.13542402192923	6.34486763149658	1.6813570547391
14.15	4.46416320703948	7.55208754132032	1.69773621033537
14.25	4.31333790294341	6.55935346646379	1.61768512639032
14.35	3.83755225812717	5.62619804543232	1.40323970467009
14.45	3.17068369816318	5.0305379464126	1.15606836516014
14.55	2.32748419433356	4.22658463188756	0.700844637867789
14.65	1.49607266944907	3.55764842193195	0
14.75	0.88915366280963	3.01909059874746	0
14.85	0.540650057864178	2.80309294800947	0
14.95	0.449758046392919	2.77519845273198	0
15.05	0.613504608184131	2.78550583077296	0
15.15	1.03130049061355	2.7901269379411	0
15.25	1.70314569368118	3.07516835248822	0.558536977001193
15.35	2.62129537514148	3.93347134692018	1.32367870738542
15.45	3.72891473975834	5.11852635161611	2.11674519048843
15.55	4.88793765232668	6.24372657277698	2.95736391522074
15.65	5.84068432573498	7.42365130957705	3.56834875343176
15.75	6.24977460066079	7.71950826252051	4.18613094799036
15.85	6.11233263236039	7.43167766719578	4.45532713781118
15.95	5.82812127851015	7.27194178537344	4.22592779073174
16.05	5.71366052806258	7.1772521580019	4.46505930224051
16.15	5.54940752570519	6.75269949896603	4.427320836272
16.25	5.19691431557804	6.29294340260661	3.99446690600325
16.35	4.86480469716504	5.83090737828474	3.89861957416186
16.45	4.86241003449049	5.80496958123692	4.07544786760003
16.55	5.43410199006108	6.25468445712052	4.75753220111175
16.65	6.38607448971838	7.14449149358405	5.69354405294514
16.75	7.40616337377496	8.25303772321288	6.60126514725316
16.85	8.34380014045568	9.3128355403862	7.10402728482205
16.95	8.74968279140073	10.0880172983861	7.26675251308547
17.05	8.25692975456626	9.78863895919821	7.02319584217867
17.15	7.67343027654656	9.05657908731211	5.89384231902208
17.25	7.67466437414394	9.25008341833263	5.89699080665383
17.35	7.39195288651216	9.34614164941706	5.27077427972252
17.45	6.16612896166209	7.94702143552766	4.48839358845051
17.55	4.93560956455539	7.0182319426229	3.38692464717284
17.65	4.21944848471283	6.85869665297657	2.66212046268299
17.75	4.23183993409121	6.82746476239504	2.53897263108867
17.85	4.88647725034652	7.1189764493818	3.55710524859113
17.95	5.95041106916515	7.68244535859831	4.49756849841138
18.05	7.01034684830066	8.80159384464094	4.87697033498796
18.15	7.72301460148579	9.99501925350951	5.01350347217462
18.25	7.77881800448543	10.61457647912	4.94250443489703
18.35	7.13380213968627	9.15345505352798	4.67958952381499
18.45	6.21275400332729	8.19478655664168	4.28852708334823
18.55	5.17122318576847	7.01153080138737	3.67358631606574
18.65	4.01445406250296	5.60864608924565	2.53400644412933
18.75	2.93883227471016	4.95076601468693	0.489646797373176
18.85	2.19911421176869	4.40172481173488	0
18.95	1.80513755577502	4.06095640250817	0.0862757325339754
19.05	1.72278512759719	3.79269800871657	0.163396104260657
19.15	1.93951727315943	3.54391227974391	0.425202218478959
19.25	2.3486680384949	3.58666320320163	0.515521561097487
19.35	2.79340552095149	4.07572209161181	0.86479463502222
19.45	3.06630146397607	4.34087157103534	1.1445036996595
19.55	3.04624558435629	4.0137970591062	1.60579940862375
19.65	2.97235839196704	3.85371681649884	1.95773881807624
19.75	2.99838406126921	4.06024492925043	2.13015608931973
19.85	3.29200602422983	4.54140479490689	2.46300352877736
19.95	4.0204261616171	5.29665900958435	3.13829942434932
20.05	5.36553037948446	6.41421836075988	4.52427453480919
20.15	7.25720801100491	8.35160084915324	6.11357638547995
20.25	8.83793491991652	10.2217281757954	6.89944144227668
20.35	9.22452396051812	10.9136408170954	7.0938540153715
20.45	7.96953329163946	9.82773182970714	6.57568123545805
20.55	6.54956026679445	8.86944546067327	4.81371301213975
20.65	5.934815203971	8.12322604366751	3.84875870533636
20.75	6.06296035816337	8.38989049401081	2.8418278924069
20.85	6.02263961149547	9.05037420115295	1.95812081170164
20.95	4.87654948430307	8.69332901931969	1.34459304123802
21.05	3.18262346670017	6.04213504489325	0.837305664141701
21.15	1.82147500745065	4.32221418653733	0.380617231925134
21.25	0.835480481271787	3.17879854795924	0
21.35	0.224639888163611	2.47556100782765	0
21.45	0	2.04229055024609	0
21.55	0.128420501159256	2.16069280983406	0
21.65	0.64304170726311	2.83015381109995	0
21.75	1.53281684643761	3.80370108021497	0
21.85	2.79774591868281	5.07536814795066	1.06496256766016
21.95	4.43782892399861	6.6628592561156	1.86573961316653
22.05	6.3659322302362	8.45829850769428	2.67589201502545
22.15	7.78819665389132	9.52632991442909	3.46342629731766
22.25	7.82204709277032	9.15709819590265	4.48750740582451
22.35	6.88225026607892	8.37439338136907	5.34435851210756
22.45	6.15313844667993	7.60924215327428	5.11318469519431
22.55	5.99134305021651	7.16112658534323	5.00785720676972
22.65	6.35958738837482	7.39084477387122	5.57773459741303
22.75	7.24988605572684	8.17680585583308	6.1431812784641
22.85	8.8269829858389	9.86631464507671	7.82179220286275
22.95	10.5048089089626	12.0067095230398	9.14492210753121
23.05	11.4279108549529	13.0153267838935	10.1100169213927
23.15	11.5554672678548	12.7666711543145	10.676992940035
23.25	11.6184809723318	12.6868869536087	10.1987029374103
23.35	11.9454046728588	13.1701356416723	10.6248247304401
23.45	12.1739723524505	13.5846265645451	10.7122332263635
23.55	12.2322577293589	13.5749660488913	10.4014107875116
23.65	12.6870885127756	14.7188632887735	10.7994246270436
23.75	11.4539580211644	13.4207767343672	9.48125608553011
23.85	8.86668240501899	10.2243844157386	7.67271471473503
23.95	6.76234515353898	8.58082829505109	5.46638080748816
24.05	5.36833549525497	7.54899616588901	3.79396849913542
24.15	4.9765964632195	7.16553356809374	3.22584739236415
24.25	5.56513144187224	7.69021837506568	3.56137745486834
24.35	6.69989597229051	9.22255800161702	4.22671873894794
24.45	6.99242498422763	10.0342481921092	4.63054168292912
24.55	5.97109128295589	7.9197728658951	4.05871380794254
24.65	5.6869340360697	8.13775659844317	3.30153949966578
24.75	6.39203785936651	9.12498609023681	4.06839481154495
24.85	7.43414453040942	9.68994422555455	5.29110277010137
24.95	8.31432929264954	10.2904753059236	6.39251461107973
25.05	9.54942731243424	11.5125741752247	7.70010133985945
25.15	11.2262860069212	13.1773372675231	9.21779902232709
25.25	13.1631852904717	15.8234389485154	10.2182880203031
25.35	12.7290153366203	16.3884460093391	9.69250032038714
25.45	9.77369768345812	16.3471635671504	7.91628761293343
25.55	7.52822936895309	16.3437921759331	4.42897124871853
25.6372955	6.86847976101324	16.3437921759332	3.58457443729907
