phys	rec.rate	upper	lower
0.05	2.24296232120623	5.10011464682718	0
0.15	2.24296232120624	5.10011464682719	0
0.25	2.24296232120623	5.10011464682718	0
0.35	2.24296232120624	5.10011464682719	0
0.45	2.24329763196056	5.10011464682718	0
0.55	2.25376139748916	5.10011464682719	0
0.65	2.28545692314914	5.10011464682718	0
0.75	2.33898271014397	5.10011464682719	0
0.85	2.41433875847367	5.10011464682719	0
0.95	2.48405781874766	4.99812719958502	0
1.05	2.40595905871261	4.50147669276776	0
1.15	2.25783216707075	4.14545628140142	0
1.25	2.06007287896634	3.91322747858481	0
1.35	1.8126811943994	3.72044405960594	0
1.45	1.51604556440013	3.75460452812298	0
1.55	1.22057553391323	4.03796506821508	0
1.65	1.02606205862108	4.13897713259912	0
1.75	0.944238462001219	4.43989267354178	0
1.85	0.975104744053667	4.49536005452198	0
1.95	1.11866090477842	4.78558402152087	0
2.05	1.37490694417547	5.0543080802613	0
2.15	1.7570952592924	5.36008223598835	0
2.25	2.37739809769559	6.36172038477378	0
2.35	3.2922544103538	7.38999329235623	0.721937841744441
2.45	4.502092704888	8.48146678236435	1.76303271751873
2.55	5.99925546118543	10.0830809362332	2.71412198974398
2.65	7.60940639929585	12.0527807869667	3.8228796829404
2.75	9.1591961028774	13.3286216647323	4.65739042790998
2.85	10.5778701146013	16.5659477542863	5.17403851511914
2.95	10.6728114665119	17.3663891527116	5.1800024653557
3.05	9.34341586776819	13.369158624837	5.02741442551447
3.15	8.07968767797421	11.5013528085785	4.49322725451791
3.25	7.02437123462345	10.918532085219	3.57331999047409
3.35	6.17746653771592	9.93555440859721	2.98710877555081
3.45	5.51727193198215	8.89208824755875	3.01843300058331
3.55	4.93312546754441	8.46561453466941	2.40405799211119
3.65	4.38984431804742	7.91131495981636	1.68958017772944
3.75	3.88741384447617	7.14277690845106	1.18819638230897
3.85	3.42582635252396	6.19175049641178	0.91042731891488
3.95	2.9908852927146	5.10655590727844	0.831956890205849
4.05	2.53904245780989	4.27759814293009	0.700458477361305
4.15	2.08817532168352	3.48749533778471	0.705542962699098
4.25	1.70612616182035	2.95063818002771	0.605402612664016
4.35	1.40372149326759	2.64454333066366	0.589414805329231
4.45	1.18096131602524	2.41375761213799	0.425480673931791
4.55	1.03784563009331	2.22535359976262	0.297343030997459
4.65	0.962930191052468	2.04680470103958	0.270852733289345
4.75	0.90697499954815	1.87298670855219	0.237766973600487
4.85	0.856739794988423	1.70956458663871	0.153653289810697
4.95	0.812224400583554	1.55655580195376	0.0209064947774015
5.05	0.773428816333548	1.43954720950423	0
5.15	0.740353042238396	1.33892816617887	0
5.25	0.713062251663306	1.35799785745407	0
5.35	0.695480489326847	1.40417881491465	0
5.45	0.693697882153321	1.45544416797675	0
5.55	0.708239231480486	1.49739682302601	0.0110559226841453
5.65	0.739104537308347	1.53237569311062	0.102052590589988
5.75	0.7862937996369	1.56079244802599	0.159291569139368
5.85	0.851176817277298	1.59812208825381	0.265303481080044
5.95	0.941354038198353	1.7061649355303	0.365020658928217
6.05	1.05944653076231	1.791380031594	0.52450140051942
6.15	1.20545675284697	1.89740850711936	0.554002710535465
6.25	1.37938470445235	2.03346008342913	0.517875681466713
6.35	1.58116552829192	2.32322809263464	0.481794745554914
6.45	1.78491604681001	2.69542219787636	0.470419660135422
6.55	1.92533545795481	2.91936715405404	0.486043884446676
6.65	1.99228510886814	3.04415557126907	0.515930729613801
6.75	1.98576499954997	3.09137175343896	0.547323162334691
6.85	1.90577513000031	3.06206285147602	0.584719283361481
6.95	1.76682294328041	2.88963754884372	0.606392101687519
7.05	1.63832903449301	2.7302077350726	0.643615657755283
7.15	1.54103401806314	2.5974109313329	0.520865314267801
7.25	1.474941591052	2.49210952674919	0.364127624859967
7.35	1.44005175345956	2.41806599071221	0.140269904832509
7.45	1.43148825288291	2.41580477216434	0
7.55	1.42468044490065	2.36468709725931	0
7.65	1.41190662150997	2.36745092565647	0
7.75	1.39316398731214	2.3354270346415	0
7.85	1.36845254230718	2.30143240509936	0
7.95	1.33777228649507	2.25797632834592	0
8.05	1.30112321987582	2.16775833968069	0
8.15	1.25850534244943	2.05086877150505	0
8.25	1.20991865421589	1.99247555495289	0
8.35	1.15536315517522	1.94334161698484	0
8.45	1.0948388453274	1.91270871173677	0
8.55	1.02834572467244	1.93891606802141	0
8.65	0.955883793210336	2.01165997612087	0
8.75	0.8774530509411	2.06962426344653	0
8.85	0.793066956696042	2.14972646286029	0
8.95	0.710590599688425	2.24505774695341	0
9.05	0.65110325836902	2.35191224650349	0
9.15	0.618099337725476	2.46015682766427	0
9.25	0.611578837757802	2.53899447275064	0
9.35	0.631541758465989	2.60830606510858	0
9.45	0.677988099850038	2.73364492655328	0
9.55	0.750917861909947	2.89268094255356	0
9.65	0.850331044645728	3.03415981043291	0
9.75	0.976227648057363	3.22281117517278	0
9.85	1.12860767214487	3.59725912943072	0
9.95	1.30747111690824	3.90560936070537	0
10.05	1.51281798234745	4.51232620329767	0
10.15	1.75062205375506	5.06219158476212	0
10.25	2.05554432706059	5.47444654331358	0
10.35	2.44005484357002	6.11700273226321	0
10.45	2.90417004241167	6.54428124600486	0
10.55	3.45904516047464	7.21422202739043	0.0690887168944182
10.65	4.16554560335817	8.70264987822661	0.69259522356595
10.75	5.04432743824537	10.2794699763824	1.04419945971932
10.85	6.0954074778453	11.5635351803728	1.32791936273528
10.95	7.31877425215136	13.5975810205048	1.58267248596084
11.05	8.39513651889262	15.8495372000602	1.62896719321605
11.15	8.23046616664299	15.6766244141066	1.69354549186037
11.25	7.10352938974965	13.9723594690611	1.72703493346193
11.35	5.7904413715978	11.8874023839145	1.72619371135685
11.45	4.60282829227347	10.2810106364319	1.58857637339001
11.55	3.54442213242391	8.66127369066685	1.2152763300755
11.65	2.61522289204914	7.1808797570665	0.589268648146772
11.75	1.81523057114919	5.84964439773089	0
11.85	1.14444516972401	4.90815833162185	0
11.95	0.602866687773641	4.62235264720252	0
12.05	0.190495125298053	4.23009792594795	0
12.15	0	3.82874658074247	0
12.25	0	3.37771667659741	0
12.35	0	2.99683425023684	0
12.45	0	2.9313512729331	0
12.55	0	2.93505020918105	0
12.65	0	2.91812943964279	0
12.75	0	2.83931936176552	0
12.85	0	2.59403704285977	0
12.95	0.0470248647153941	2.4298890622057	0
13.05	0.173325850480437	2.32099327159024	0
13.15	0.319887255066309	2.27731350936583	0
13.25	0.48670907847302	2.59700400942333	0
13.35	0.673128325304854	3.10953738654495	0
13.45	0.805545550378346	3.28077591718482	0
13.55	0.772211948237196	3.04140238737153	0
13.65	0.701939517952493	2.7094562459775	0
13.75	0.641511529999501	2.43127243152268	0
13.85	0.590952096252356	2.20486009015599	0
13.95	0.550261216711054	2.0372038065774	0
14.05	0.519438891375602	1.88703394157715	0
14.15	0.498485120246003	1.7488165840135	0
14.25	0.487399903322247	1.67145500877716	0
14.35	0.486183240604337	1.65542013286988	0
14.45	0.494835132092281	1.64331570787961	0
14.55	0.513355577786066	1.6153966198293	0
14.65	0.541744577685707	1.69722990397132	0
14.75	0.580002131791185	1.6966551335169	0
14.85	0.628128240102522	1.68895557243241	0
14.95	0.685758573393475	1.687646677627	0
15.05	0.746792519827177	1.6343105725589	0
15.15	0.806177947750504	1.66415743842311	0.00389357192321792
15.25	0.863762564409095	1.72343678505006	0
15.35	0.919546369802954	1.79248291549045	0
15.45	0.973529363932065	1.8492227405817	0
15.55	1.02571154679645	1.92292686200523	0
15.65	1.07609291839608	1.98089728089679	0.0300555049526575
15.75	1.124673478731	2.02264179440877	0.060216365011436
15.85	1.17145322780116	2.06177182492933	0.110742402338521
15.95	1.21643216560658	2.07876584184555	0.169787596752134
16.05	1.25961029214728	2.08015369331297	0.245636884177635
16.15	1.30098760742324	2.1071020973429	0.317590284636664
16.25	1.34056411143442	2.12384787774697	0.381572450785924
16.35	1.37833980418092	2.12033736328028	0.420549421892255
16.45	1.41431468566266	2.0450214116743	0.469717167988615
16.55	1.44842157521458	2.05802208305829	0.53670628414093
16.65	1.48000640405169	2.07604829649209	0.595321380880826
16.75	1.50870055238626	2.08398617806912	0.666986137117217
16.85	1.53449988319306	2.05150177883218	0.753764412771444
16.95	1.55740439647211	2.08195308662742	0.829917682561631
17.05	1.57741409222347	2.08447366457882	0.870941126689257
17.15	1.59452897044704	2.07336881334014	0.932757901893386
17.25	1.60879449023368	2.0627273408827	0.988417318811193
17.35	1.62097469171473	2.06478546949973	1.03712503936656
17.45	1.63170379736105	2.06979857447755	1.1234184683236
17.55	1.6410010201609	2.08480920185987	1.15805954568231
17.65	1.64886636011425	2.06758548240743	1.19169970728847
17.75	1.65529981722113	2.03599745514372	1.21622908409595
17.85	1.6603013914815	2.03241369390824	1.17974390543929
17.95	1.66387108289544	2.03830901540924	1.14535832057966
18.05	1.66600889146286	2.03471650858819	1.12783904994989
18.15	1.66671481718382	2.05253862139223	1.10780582235416
18.25	1.66491332559993	2.05855927916346	1.0922432785322
18.35	1.65200583587797	2.05171116655365	1.07940185995267
18.45	1.62386866218724	2.02699023966203	1.04431631393998
18.55	1.58047581901898	1.9815340975877	1.0331570984845
18.65	1.52182730637319	1.90425651088732	1.00958415385276
18.75	1.44792312424984	1.80016165582822	0.974198746320719
18.85	1.35876327264898	1.66995494549501	0.931117057679452
18.95	1.25434775157058	1.52989610653454	0.852821655284905
19.05	1.13487318438844	1.42325474093167	0.7623988445236
19.15	1.01414718530909	1.37476369708283	0.674463188905343
19.25	0.914815203435927	1.36023274310863	0.59125249436956
19.35	0.838978207553154	1.34515896861201	0.54165023152189
19.45	0.786636197660826	1.34636193510337	0.469316738747208
19.55	0.757789173758902	1.37584904892697	0.424043447293733
19.65	0.752437135847406	1.41238978820731	0.419627492084804
19.75	0.770675181572493	1.46093643581793	0.463186684704556
19.85	0.814137224958258	1.50440901863105	0.536288109399237
19.95	0.884198522612399	1.53578033244188	0.611233474728838
20.05	0.980901958579698	1.5770739574252	0.692870640791557
20.15	1.10424753286019	1.63997039364377	0.785283588945572
20.25	1.25204932771502	1.71627250847242	0.897478732394875
20.35	1.40198842237891	1.8309193308469	1.00849896005351
20.45	1.54186711514819	1.99001682346723	1.07713344208395
20.55	1.68710768749431	2.11562185982706	1.13965486158519
20.65	1.8512965077604	2.22080762022693	1.19045951898403
20.75	2.02881085321476	2.45758883075183	1.23996357831952
20.85	2.16236181906039	2.73435721299683	1.34771929343551
20.95	2.22048122034359	2.80411838914667	1.47082860072542
21.05	2.20298473522158	2.68906298609564	1.59958557646757
21.15	2.14252343475563	2.65134470679379	1.51925688528616
21.25	2.11338571784794	2.81520753274256	1.44756947722806
21.35	2.12585024768487	3.16728425879769	1.52617163834766
21.45	2.18744052047333	3.58137168912887	1.50824323577495
21.55	2.37641317488227	3.99826738739584	1.50457869794179
21.65	2.7392039071625	4.35049952857892	1.75581821096503
21.75	3.26503442229003	4.92176495269249	1.98958775962966
21.85	3.89841173622005	5.68287892994326	2.16128304799004
21.95	4.55104093771567	6.38112811393003	2.39983098236001
22.05	5.09170001033179	7.24137912293562	2.66767507389103
22.15	5.10664469166859	7.30600723257419	2.83692763272582
22.25	4.54649923876439	5.98286501743826	2.63694793789645
22.35	3.90709973480933	5.34364760861693	2.23415608501135
22.45	3.38855507914858	4.88585004541079	1.71013871217741
22.55	2.99640731357852	4.64916385258024	1.48851872148118
22.65	2.75416444283694	4.54821650177615	1.13331731302508
22.75	2.66875691544209	4.59876598927071	0.859122619238927
22.85	2.74217400506238	4.75982717342312	0.758554826196452
22.95	2.97889754800718	5.14173712776423	1.08151159274397
23.05	3.37954110618418	5.83590977587787	1.70727883729542
23.15	3.94706319697231	6.73214590366042	2.29097531868356
23.25	4.72913394234341	7.86613715931465	2.8901361770111
23.35	5.76427155518904	8.84188510968156	3.08920397872408
23.45	7.05163841853187	10.1650039580465	3.07075740279892
23.55	8.43465178524771	12.9996735277463	3.003117003363
23.65	9.40256882647927	16.0348417485742	2.80359494791389
23.75	9.21479654981483	16.633414264922	2.57936249736609
23.85	8.22807522248477	14.7098766510997	2.32208199972224
23.95	7.22900049159969	12.9305286884445	2.05958761708973
24.05	6.28076228772129	11.5693188343235	1.75090821746914
24.15	5.38336061084966	10.1820306776601	1.46484317244454
24.25	4.53679546098493	8.80005404895303	1.21657666258325
24.35	3.74106683812688	7.7189526408385	0.919981574799523
24.45	2.9961747422756	6.65387441001114	0.601562858353449
24.55	2.30211917343109	5.86142008566806	0.372430545879915
24.65	1.65890013159332	5.18628378004802	0
24.75	1.06651761676236	4.59280289842869	0
24.85	0.524971628938169	4.01129417013683	0
24.95	0.0342621681207268	3.45909662945019	0
25.05	0	2.83311824757143	0
25.15	0	2.28582882926221	0
25.25	0	1.94487828802131	0
25.35	0	1.77313339991392	0
25.45	0	1.70330641136084	0
25.55	0	1.56956892733523	0
25.65	0	1.5136607461294	0
25.75	0	1.46362448034867	0
25.85	0	1.44635295711058	0
25.95	0	1.4167030055958	0
26.05	0	1.38687051530171	0
26.15	0	1.38765665967658	0
26.25	0	1.38966119841647	0
26.35	0	1.4006065920076	0
26.45	0	1.43089456571998	0
26.55	0	1.47672199451157	0
26.65	0	1.57029447419866	0
26.75	0	1.70705088955424	0
26.85	0	1.83219876441576	0
26.95	0	2.09884933096994	0
27.05	0.0762171855080709	2.4934713319086	0
27.15	0.442170456504109	2.73767741480031	0
27.25	0.836476514461895	2.91862522996905	0
27.35	1.25913535938145	3.13963557929284	0
27.45	1.71014699126282	3.59806563936756	0
27.55	2.18951141010592	4.25669203502643	0
27.65	2.69722861591083	4.99185390503768	0
27.75	3.23329860867743	6.0010038696387	0
27.85	3.7977213884059	7.01611044987858	0
27.95	4.39049695509611	8.1129756947191	0
28.05	5.01162530874809	9.29257458883169	0
28.15	5.6485357578957	10.3880304311916	0.174435581443233
28.25	6.05359073283802	10.838891817376	0.639444415866234
28.35	6.00021926808108	9.81185678871227	1.01634253061372
28.45	5.53892769590551	8.00933693455686	1.53936966846468
28.55	5.01948433714538	7.46574030499637	1.91911947862232
28.65	4.57059149674116	7.04150764091185	2.01835676800832
28.75	4.19355862346002	6.57857291474952	1.91974883364536
28.85	3.90654507706621	6.10195236737125	1.68712615955248
28.95	3.64661501699109	5.50517081930371	1.5425139211887
29.05	3.13017896288302	4.67186910024857	1.27348772368948
29.15	2.43060292008708	3.71039982758023	0.840015173946006
29.25	1.758866489923	2.98286101192213	0.541798144824898
29.35	1.17871789370612	2.40526270825985	0.308241415588339
29.45	0.71590349507466	1.98898442838702	0.0297777590763164
29.55	0.370683725541737	1.6674644679102	0
29.65	0.143058585107381	1.50306178004135	0
29.75	0.0330280737715676	1.45130608872131	0
29.85	0.0403162480498229	1.48900117363538	0
29.95	0.153875532962487	1.43534500757981	0
30.05	0.359166657467919	1.49902818357508	0
30.15	0.65519878491294	1.75366632020962	0
30.25	1.04197191529751	2.0213672464106	0.269005163337703
30.35	1.51948604862165	2.31297438362087	0.441568962108431
30.45	2.08774118488532	3.17578085238351	0.663363562750126
30.55	2.68299253719199	4.08237128055919	0.711121610273292
30.65	3.06501536329877	4.62599348973888	0.731508034716232
30.75	3.31145354104071	5.14402858010288	0.740918851259829
30.85	3.39010327550144	5.57968665624386	0.740335237930353
30.95	3.24430629451863	5.68296466913082	0.737841403025514
31.05	3.09181010418743	5.68305329944869	0.714732617693253
31.15	3.00779761442686	5.68305329944868	0.74033523793042
31.2116	2.98745695487809	5.68305329944898	0.707977780198654
