phys	rec.rate	upper	lower
0.05	7.4954210568289	9.74627407856085	5.66543639657904
0.15	7.495420660154	9.74627557303736	5.66543639657904
0.25	7.49467156636661	9.74538264441168	5.66547273262417
0.35	7.49087282041569	9.74538264441168	5.6657685126287
0.45	7.48367933423006	9.74538264441172	5.68528191116788
0.55	7.47506558061073	9.74538264441171	5.67584479553624
0.65	7.46688853050338	9.74538264441172	5.69203000729493
0.75	7.45922028453275	9.74538264441169	5.73872437868626
0.85	7.45206084269886	9.74538264441172	5.80432760113344
0.95	7.4454102050017	9.7453826444117	5.83560628983259
1.05	7.43926837144127	9.74538264441171	5.86939224845003
1.15	7.43363534201757	9.74538264441171	5.92799200448823
1.25	7.42851111673059	9.74538264441171	5.99196962028561
1.35	7.42389569558035	9.74538264441169	5.9919696202856
1.45	7.41978907856684	9.74538264441173	5.99196962028559
1.55	7.41619126569006	9.74538264441169	5.99196962028562
1.65	7.41310225695001	9.74538264441171	5.9919696202856
1.75	7.41052205234667	9.74538264441171	5.96238845069142
1.85	7.41221020435394	9.74538264441169	5.89208937544845
1.95	7.43687847686402	9.74538264441173	5.87178640680305
2.05	7.49033696207186	9.74538264441169	5.87491681000291
2.15	7.57258746344948	9.74538264441171	5.88635200367957
2.25	7.68362998099686	9.74538264441171	6.02716799269537
2.35	7.823464514714	9.78840936155433	6.18301253926943
2.45	7.99207929047166	9.84878281123893	6.36595381829739
2.55	8.17933589377137	10.1188043098715	6.45782038788743
2.65	8.35658790344903	10.3942311782433	6.52839443315097
2.75	8.51841865472016	10.6346638017338	6.59609414779918
2.85	8.65751990462032	10.8049974779507	6.53765634857444
2.95	8.76743145429212	10.8914493863145	6.48139752448223
3.05	8.8472495147456	10.9862467462784	6.49344584287341
3.15	8.88196339675202	10.9500133936944	6.39492008055671
3.25	8.85691983668359	10.824589682049	6.3708006650515
3.35	8.77150902601774	10.6325133816547	6.34151516622143
3.45	8.62573096475448	10.3541129123542	6.30087437668222
3.55	8.41958565289382	9.91453141568761	6.19386631800836
3.65	8.16022995202911	9.35509088784211	6.01080559109374
3.75	7.88377781977573	8.84668789895587	5.88377342064555
3.85	7.60159447704652	8.4258623408128	5.77291737395023
3.95	7.31368410937469	8.18493426563476	5.55836443791432
4.05	7.02004671676027	7.96938516850186	5.34958224918411
4.15	6.72068229920323	7.78544764423673	5.10642906999413
4.25	6.41559085670352	7.57881063810877	4.86265673362944
4.35	6.10477238926124	7.33884530296329	4.62247710288533
4.45	5.78822689687634	7.06962918094176	4.4209791140163
4.55	5.4659543795488	6.75629040607711	4.15385634033322
4.65	5.13795483727867	6.42925805588443	3.87568480102697
4.75	4.8042282700659	6.07301304305753	3.57914250956678
4.85	4.4647746779105	5.70245413337751	3.27071613503049
4.95	4.11959406081253	5.32615996448163	2.99174924438696
5.05	3.76868641877189	4.96128034433201	2.63875064963804
5.15	3.41273418394088	4.58051088812968	2.33492135618114
5.25	3.05822821031115	4.25720000963965	1.99388426940596
5.35	2.70875955921726	3.99246471812019	1.66460243561127
5.45	2.36443576405206	3.89647932310987	1.34706555893039
5.55	2.03403259302263	3.78857647204752	1.00925614117589
5.65	1.7347903749902	3.66099667837236	0.691795393887068
5.75	1.46871761345269	3.47541923258245	0.425421385549055
5.85	1.23581430841008	3.34649295623473	0.213198198593939
5.95	1.03608045986238	3.16579799770599	0.0306131256438801
6.05	0.869516067809597	2.95871968461949	0
6.15	0.736121132251723	2.76625079498628	0
6.25	0.635895653188741	2.55291262236159	0
6.35	0.568839630620682	2.32496210045509	0
6.45	0.535216744030792	2.13802151640462	0
6.55	0.541123348775027	2.06946162682058	0
6.65	0.592673478723314	2.00416938090333	0
6.75	0.690134349071023	2.08427870033939	0
6.85	0.83350595981815	2.23501408037705	0
6.95	1.01847538530633	2.4177478135816	0.119125415129036
7.05	1.21736028135789	2.55462621042909	0.236474956251766
7.15	1.41846098182827	2.65979813489173	0.38783080489428
7.25	1.61659406105813	2.85827950181085	0.532326780684397
7.35	1.80934629009158	3.0262492246455	0.666510511616739
7.45	1.97945257261671	3.21054712496789	0.81940702744314
7.55	2.10059637964526	3.32416108052296	0.976006698501396
7.65	2.17088256171561	3.37139657278631	1.07113052472
7.75	2.19031346379449	3.32436145626802	1.11058786916761
7.85	2.1588890858819	3.16263587218715	1.18900001598755
7.95	2.08236707543084	2.90236023959102	1.13148272925488
8.05	1.99061413124651	2.68874987250254	1.15097460830348
8.15	1.89328484072152	2.5009267497479	1.1049085382797
8.25	1.79068845130487	2.33319767317768	1.07501363010609
8.35	1.68803369203098	2.21287318387113	1.01888262565238
8.45	1.58969348534996	2.14809889101145	0.973423481939465
8.55	1.49580346686372	2.0650167286995	0.934466652754718
8.65	1.40636363657228	2.03687576519736	0.860478897387074
8.75	1.32137399447562	1.97911060223241	0.798921211863152
8.85	1.24083454057376	1.93447398759605	0.704598886471653
8.95	1.16474527486667	1.89678907064898	0.60755911286136
9.05	1.09310619735441	1.85034214699088	0.528478115349652
9.15	1.02591730803691	1.78713917525857	0.47248550236508
9.25	0.963178606914215	1.72925822300857	0.410773305421841
9.35	0.904890093986307	1.66172438181978	0.362710127622413
9.45	0.85105176925318	1.58474781230708	0.324767857644472
9.55	0.801974074456429	1.49877975810464	0.275510585078079
9.65	0.759756789663743	1.40458161981418	0.236227032469793
9.75	0.723642044611978	1.33721082890105	0.210843115424262
9.85	0.690844794410641	1.26364581928917	0.173515185808601
9.95	0.661094956933648	1.1981742348744	0.159704424389759
10.05	0.634392532181001	1.13702963893229	0.130521757366377
10.15	0.610737520152704	1.08334112646805	0.107516004379758
10.25	0.590129920848751	1.0529416777074	0.0804722023241492
10.35	0.572569734269144	1.05375467546387	0.0585079340071692
10.45	0.556751616546348	1.05093005355531	0.044850283444193
10.55	0.535555502178103	1.08909613329919	0.0274027119861855
10.65	0.506565740390555	1.1142217923425	0.00127555139225778
10.75	0.469780370211971	1.12850476244355	0
10.85	0.425199391642328	1.11247220900315	0
10.95	0.372822804681649	1.0642138188938	0
11.05	0.312650609329916	1.02126778249944	0
11.15	0.244682805587127	0.982806437961962	0
11.25	0.170081502484062	0.907457385371872	0
11.35	0.10103721948965	0.833581259329022	0
11.45	0.0448306661657158	0.770283143227563	0
11.55	0.000976526781264284	0.709891681960827	0
11.65	0	0.648823096933322	0
11.75	0	0.583293112843661	0
11.85	0	0.525523235750329	0
11.95	0	0.480853880451551	0
12.05	0	0.446763578835418	0
12.15	0	0.399250161468275	0
12.25	0	0.383061097811568	0
12.35	0	0.350686976628622	0
12.45	0	0.333841964568893	0
12.55	0	0.338726509603454	0
12.65	0	0.34026763278468	0
12.75	0	0.329857411671124	0
12.85	0	0.332945275225131	0
12.95	0	0.337795154804862	0
13.05	0	0.377311798912471	0
13.15	0	0.401837931908367	0
13.25	0.0243006277822745	0.446466877507696	0
13.35	0.0557113781531439	0.475832594895133	0
13.45	0.088326740527065	0.521153361632884	0
13.55	0.122146714904042	0.542501803455392	0
13.65	0.157171301284069	0.573094122177322	0
13.75	0.193400499667151	0.596095042859242	0
13.85	0.230834310053285	0.632144665671874	0
13.95	0.269472732442455	0.666847547403469	0
14.05	0.309315766834701	0.699625443361744	0
14.15	0.350363413229986	0.729058602027687	0
14.25	0.39261567162833	0.797049038505267	0
14.35	0.436072542029724	0.823917339139656	0.000183539379261085
14.45	0.480734024434168	0.850832562835248	0.032609954332001
14.55	0.526600118841664	0.878340660049082	0.0595065776451689
14.65	0.573670825252209	0.906511715595137	0.0974901923486445
14.75	0.621946143665815	0.953592361778742	0.146399482389214
14.85	0.671426074082467	1.00655795578384	0.189998349019958
14.95	0.722110616502169	1.06318528827162	0.234439107015883
15.05	0.773999770924934	1.11326338648869	0.281761684317679
15.15	0.827093537350754	1.17674969704421	0.333051954467178
15.25	0.881391915779604	1.23422448608099	0.387241270593111
15.35	0.936894906211517	1.29077332439651	0.439316634650536
15.45	0.993602508646496	1.34570083275635	0.491265389762173
15.55	1.0515147230845	1.41898265914924	0.536150203401056
15.65	1.11063154952558	1.50167979467404	0.601458989864942
15.75	1.17095298796971	1.58266624382242	0.660243771554353
15.85	1.23247903841687	1.65760923097215	0.726771493965907
15.95	1.2952097008671	1.72921205850829	0.793820465662347
16.05	1.35914497532039	1.79351686570305	0.859878488894481
16.15	1.42428486177673	1.86288127184218	0.916261254334405
16.25	1.49062936023611	1.94136007493187	0.973716913085973
16.35	1.55817847069854	2.00874035752916	1.04971561960101
16.45	1.62693219316405	2.09215644324179	1.10127653174068
16.55	1.69689806949864	2.17684663612723	1.16037294648204
16.65	1.76940516538014	2.27341961114837	1.21415967379314
16.75	1.84729612858497	2.36705439437697	1.26270210301565
16.85	1.93093726697199	2.4688536734606	1.338987913768
16.95	2.02032858054114	2.57153197900532	1.38766372549754
17.05	2.11547006929241	2.68226836585358	1.43603710703696
17.15	2.21636173322593	2.7861848507135	1.47950582058984
17.25	2.32300357234154	2.89800752280563	1.52443153695898
17.35	2.43539558663932	3.02309850083495	1.55614983087081
17.45	2.55325887014196	3.16232157803345	1.59854160795
17.55	2.67372515569714	3.30150328827174	1.64434756486968
17.65	2.79510733477151	3.41575827239169	1.69180699240212
17.75	2.91738379532992	3.54712962950904	1.73997889414448
17.85	3.04055453737236	3.64280044067828	1.78653328953273
17.95	3.16159924373609	3.81197650965968	1.80821316724472
18.05	3.26739680349664	3.95121216360079	1.85468420871257
18.15	3.35438498671928	4.09309572216034	1.92210901674261
18.25	3.42256372503348	4.18788284044031	1.99274600175519
18.35	3.47193301843927	4.27943286235598	2.02809039404297
18.45	3.5024928669366	4.36876903167414	2.09249305231354
18.55	3.5142432705255	4.41996587378787	2.14500448742091
18.65	3.50718660702265	4.4503572624812	2.22974775344946
18.75	3.48447823923293	4.45824036721036	2.20442173734941
18.85	3.45549389853472	4.44244801756289	2.14691903410231
18.95	3.42324991605236	4.44078199111547	2.0647611305528
19.05	3.395501207224	4.43902730952294	1.95628032273797
19.15	3.37514687643448	4.4580860269843	1.82532222950085
19.25	3.36219195016362	4.46256447262876	1.73881499928274
19.35	3.35663642841144	4.45709500507804	1.73269278328829
19.45	3.35848031117805	4.4587870007944	1.73421492076368
19.55	3.36772359846333	4.46497743413882	1.80073209065341
19.65	3.38436629026725	4.46581132057032	1.86482377946023
19.75	3.40840838658995	4.46258881168733	1.97108563022588
19.85	3.43984988743132	4.44590859482266	2.06082898982924
19.95	3.47869079279138	4.43688239334538	2.16981907172958
20.05	3.52493110267015	4.41553777131713	2.24942395440323
20.15	3.57857081706764	4.48984206431562	2.33629676652499
20.25	3.64517553072292	4.56213534087633	2.39443089762723
20.35	3.75377408523898	4.58403315022465	2.59790880198669
20.45	3.91166693089735	4.66017720257494	2.8839378110887
20.55	4.08378915354078	4.88059452087979	3.22011259062501
20.65	4.24143490529689	5.25634641288928	3.43529264699052
20.75	4.38375991734955	5.5289193589006	3.6909293626284
20.85	4.51076418969861	5.77121608120571	3.75346468056161
20.95	4.62244772234415	5.94898561882159	3.7610678916321
21.05	4.71881051528611	6.10906253521655	3.76984079166142
21.15	4.79985256852463	6.24054796811879	3.77820882647011
21.25	4.86557388205951	6.3623401254637	3.78532867716485
21.35	4.9159744558909	6.40950026549204	3.78697765202844
21.45	4.95105429001873	6.4620987521787	3.78074502198626
21.55	4.97081338444303	6.45943784976535	3.78790559760569
21.65	4.97525173916378	6.4442735335726	3.78967212386204
21.75	4.96436935418104	6.36598958004741	3.78770848787215
21.85	4.93816622949472	6.25397287606141	3.78995435378369
21.95	4.89689421998354	6.10238893561693	3.79248093400822
22.05	4.84199477012073	5.97604389758861	3.77985872028406
22.15	4.7739798172419	5.8370399499732	3.76730946625357
22.25	4.69285212062182	5.749114398862	3.75035603818262
22.35	4.60244139870315	5.66844871208334	3.71624101618216
22.45	4.51447230700871	5.60596885234079	3.67536185804039
22.55	4.43118090821527	5.54350372590314	3.63710537303469
22.65	4.35256720232272	5.46092803047555	3.63223662778121
22.75	4.27863118933113	5.34753170658543	3.60718040568062
22.85	4.20937286924065	5.21391388706246	3.58706821233167
22.95	4.14457884603192	5.07132804471942	3.59724123397596
23.05	4.07625027953244	4.93981237806048	3.5529349364991
23.15	3.99453409708753	4.79010522166747	3.44003993846333
23.25	3.91218811340416	4.68090562637239	3.30996448881766
23.35	3.84613387542349	4.63670840936109	3.19841110857981
23.45	3.79744643331332	4.58745470509511	3.1288246484324
23.55	3.76403010403578	4.52594933400967	3.08712522519214
23.65	3.74060477197477	4.48232473282762	3.07019601051911
23.75	3.72560883117235	4.44780256921014	3.04642012900028
23.85	3.7149857489465	4.41350302285575	3.02401955467703
23.95	3.7073580431008	4.40186108545498	2.99363769978278
24.05	3.70272458649464	4.38067600689156	2.9922644677656
24.15	3.69627751461798	4.41047355817892	2.97470360261847
24.25	3.66515157495696	4.45011504765632	2.92070269147042
24.35	3.60243808917898	4.43166979610166	2.87659975035465
24.45	3.50514577704364	4.34794346382033	2.81359633785907
24.55	3.3701287136414	4.20790115359304	2.7369692778578
24.65	3.19634465614889	4.00869455582566	2.59178032048883
24.75	2.99568905522414	3.7697688173977	2.41754743583122
24.85	2.79895509972592	3.54976694373728	2.17096783556295
24.95	2.6336881289848	3.45142136938607	1.88956446832588
25.05	2.51657855222992	3.36858580367815	1.71351905360589
25.15	2.44796334114634	3.384737430682	1.56231849265693
25.25	2.42784249573407	3.41432626012768	1.45104167103121
25.35	2.45589979610725	3.47509821048794	1.46940679956214
25.45	2.52597931554378	3.51657746692915	1.51615365386908
25.55	2.63248838791267	3.61442002619301	1.63100566763022
25.65	2.77242995970405	3.79440770158969	1.78999878767209
25.75	2.93069476865213	3.9030945133513	1.9723285052639
25.85	3.1006722760953	4.08352325419308	2.17386637271825
25.95	3.2602609854807	4.25515032966254	2.41289293197914
26.05	3.3901071447396	4.34321571624633	2.620112656069
26.15	3.4784505151612	4.36772070524599	2.73570685431436
26.25	3.52716273376949	4.27576807091835	2.77013800504267
26.35	3.59618338233903	4.29452941885632	2.65076375380612
26.45	3.7259965203797	4.48799519786531	2.64423264155791
26.55	3.91211015015123	4.7423044404258	2.81816581602247
26.65	4.12023533903786	5.03039016905456	3.05033459600667
26.75	4.32296045213286	5.24769140563497	3.27862554821445
26.85	4.51601177154564	5.44279284878662	3.50464446929782
26.95	4.69794721570954	5.59298498340608	3.75226732791178
27.05	4.84785267297377	5.69927243458919	3.98193410453068
27.15	4.9567804397521	5.74381740629425	4.12704523787103
27.25	5.04141199375276	5.78756357540864	4.25089544827379
27.35	5.10463237547395	5.8446953642877	4.3087322617544
27.45	5.15649881519508	5.88073984550092	4.34960923922008
27.55	5.2098853417877	5.91760413319615	4.37245321915469
27.65	5.26563487396329	5.97732944033736	4.41232431044467
27.75	5.32545484350771	6.02130773535066	4.44484615072149
27.85	5.39435629519563	6.10083173694584	4.50781058985644
27.95	5.47255569159922	6.19472192414247	4.55833312019819
28.05	5.54893373377559	6.29069399254294	4.6001545131812
28.15	5.61218609184892	6.3433288338468	4.61427068968562
28.25	5.64927412443547	6.36951087221101	4.6266432396024
28.35	5.6670598473343	6.34282984839487	4.6270752211296
28.45	5.6830244300807	6.3452383552009	4.62815210390009
28.55	5.69805235109082	6.35667217035469	4.62984495631038
28.65	5.70906152876304	6.37756929638358	4.62984521725411
28.75	5.71510387259798	6.37866067418446	4.62984521725414
28.811117	5.71654795731472	6.37891472494499	4.62984521725351
