phys	rec.rate	upper	lower
0.05	55.2682772298809	98.3571638691875	0
0.15	50.8565955027502	86.7109068445143	0
0.25	40.1677738536392	69.2280221751473	0
0.35	27.1513020913336	52.1871419053202	0
0.45	15.9852013551838	36.2601933120215	0
0.55	7.08041033153807	23.7014999364612	0
0.65	0.436929020396495	18.2123296559382	0
0.75	0	14.406999952595	0
0.85	0	10.5883403209557	0
0.95	0	7.45865046036337	0
1.05	0	7.05997088695832	0
1.15	0	7.82554197827257	0
1.25	0	9.92121527961041	0
1.35	0.405378427362082	11.0529314638663	0
1.45	3.69410232553924	12.3978992275397	0
1.55	7.55469502976139	15.1934105138385	0
1.65	11.1553219618538	17.7599135141203	0
1.75	13.692172427721	20.2753113085925	2.80281693539395
1.85	13.4216479598483	17.9070246060213	5.97915538115251
1.95	10.861452145417	15.503576419602	5.69542012645272
2.05	7.38433745074562	12.4834759768865	2.3098218518526
2.15	3.23073195117392	8.93354094951813	0
2.25	0	7.7945063276848	0
2.35	0	7.43371806200826	0
2.45	0.440774105483359	6.28766053317573	0
2.55	0.756603249150162	4.40813182875717	0
2.65	1.01955535979871	3.15250153518025	0
2.75	1.22963043742903	3.83444014694533	0
2.85	1.38682848204109	4.82714019265297	0
2.95	1.49114949363491	5.48462971774647	0
3.05	1.54259347221048	5.51019493431496	0
3.15	1.5411604177678	5.19711192506487	0
3.25	1.49696474494512	5.32836839708629	0
3.35	1.5617301048545	5.8463276835853	0
3.45	1.84111941937229	5.95587523371533	0.091986443384282
3.55	2.30045410974526	6.83961822041809	0.621053724521925
3.65	2.93190485535435	7.33284251390772	1.20642181470337
3.75	3.71721733403566	7.75606882142196	1.25666795012739
3.85	4.39924198097651	8.8733889494871	1.26429677395787
3.95	4.7878961925863	9.40891940525093	1.25555673880737
4.05	4.86850371877132	9.2733065027179	1.07343325304708
4.15	4.4002322237574	9.48654232373855	0.606204157877959
4.25	3.13900471966568	8.45678306227811	0
4.35	1.07395328251277	6.55497084239927	0
4.45	0	3.95935265200301	0
4.55	0	2.87713350885223	0
4.65	0	2.02973788147054	0
4.75	0	1.67247615274763	0
4.85	0	1.7460535941215	0
4.95	0	3.1126107045707	0
5.05	0.230614584585149	4.1070384966173	0
5.15	0.735528643049248	4.36548708957556	0
5.25	1.14140548143307	4.32756432775992	0
5.35	1.25528184780011	3.69480276435797	0
5.45	1.32180239294986	3.62715406980721	0
5.55	1.38065584882677	3.62281350336562	0
5.65	1.43184221543087	3.64649681706001	0
5.75	1.47536149276211	3.54653752663277	0
5.85	1.5112672854443	3.24936942636769	0
5.95	1.54516982644765	3.13724711645884	0
6.05	1.58746831748729	3.03012175926401	0.131480999866272
6.15	1.633770142424	3.0144273644744	0.435067759960891
6.25	1.67386850062563	2.83444648662564	0.553646943842872
6.35	1.70666289683471	2.8368108338601	0.605573015307123
6.45	1.73215333105122	2.88683638626528	0.614689505064293
6.55	1.75033980327517	2.912080220938	0.592655348780582
6.65	1.76122231350656	2.8546936680955	0.572025794887842
6.75	1.76480086174539	2.78547140797664	0.652414688911799
6.85	1.76107544799167	2.64588339248272	0.706900467630221
6.95	1.75004607224538	2.61877498112004	0.74654032261219
7.05	1.73171273450653	2.56715796478597	0.75354499252378
7.15	1.70607543477512	2.44738665521515	0.700943798950081
7.25	1.67313417305115	2.59830592303506	0.489495828294557
7.35	1.63292271699221	2.79174208211839	0.3563400045314
7.45	1.6212707679211	2.97024535745898	0.219804768534868
7.55	1.74201498280007	3.23517745706643	0.415698518223981
7.65	1.92327708431878	3.38736119593539	0.268208784536673
7.75	1.90609734170743	3.40418665861653	0
7.85	1.83111768986753	4.00791502677374	0
7.95	1.72086507790104	4.74910986883052	0
8.05	1.61708678117809	5.38793083715022	0
8.15	1.52827751074647	5.84922496528652	0
8.25	1.57368674558337	6.16421273762137	0
8.35	1.92583439973902	6.56677880499153	0
8.45	2.59820919860946	6.91222918068779	0
8.55	3.59081114219471	7.46143279843715	0
8.65	4.903399172538	12.0274218802281	0
8.75	6.11825110953961	16.7435560940592	0
8.85	5.96000263632701	17.850537887104	0
8.95	4.38448390004266	15.2312676177856	0
9.05	2.59667266262752	11.7760077155724	0
9.15	1.04908142584953	8.60820699953228	0
9.25	0	6.0906543008275	0
9.35	0	3.79238344990374	0
9.45	0	1.73683238329375	0
9.55	0	0.669259674829786	0
9.65	0	0.654472207512776	0
9.75	0	0.672027847027121	0
9.85	0	0.710823445873543	0
9.95	0	0.755848682584818	0
10.05	0	0.877399992272505	0
10.15	0	1.00462670884348	0
10.25	0	1.15736316865832	0
10.35	0	1.44360259037183	0
10.45	0	2.0609930078869	0
10.55	0.341866605082217	2.76571159674049	0
10.65	0.95371674820154	3.45908826387608	0
10.75	1.59636737091696	4.29881886365471	0
10.85	2.26981847322846	5.04343821568517	0
10.95	2.85948916421139	5.68350316738936	0
11.05	2.86980207185647	5.38309417855097	0
11.15	2.56308613352922	4.23625012124618	0.443248818747007
11.25	2.4504085271794	4.13623138615213	0.623761763022181
11.35	2.415560910396	4.34341723010607	0.60112503039759
11.45	2.28957350361534	4.05131314908536	0.502750570348848
11.55	2.15930899729167	3.77407031712171	0.332908495745195
11.65	2.0326955483004	3.55464974872108	0.167105113014613
11.75	1.90973315664152	3.29686213302537	0
11.85	1.79042182231499	3.15395487935923	0
11.95	1.67476154532088	2.97516485161751	0
12.05	1.56275232565914	2.81650404710586	0
12.15	1.45439416332979	2.64896482251852	0
12.25	1.34968705833282	2.52468996282275	0
12.35	1.24863101066825	2.42515712113132	0
12.45	1.15122602033604	2.31597101228021	0
12.55	1.05747208733624	2.20837800759354	0
12.65	0.967369211668822	2.11505526373159	0
12.75	0.880917393333781	2.04060118076298	0
12.85	0.798116632331126	1.96085539007504	0
12.95	0.718966928660859	1.86593430442946	0
13.05	0.643468282322981	1.8062557337795	0
13.15	0.571620693317486	1.7690893710495	0
13.25	0.503424161644376	1.69203040304015	0
13.35	0.438878687303647	1.62374788230475	0
13.45	0.377984270295316	1.56015137475379	0
13.55	0.320740910619358	1.49557894116592	0
13.65	0.267148608275792	1.44588599743722	0
13.75	0.217207363264613	1.36094620085611	0
13.85	0.170917175585811	1.30314387287421	0
13.95	0.128278045239404	1.23271919101209	0
14.05	0.0892899722253752	1.156987153614	0
14.15	0.0539529565437444	1.09982814402641	0
14.25	0.0222669981944794	1.05612187441059	0
14.35	0	0.987162831313151	0
14.45	0	0.940686281823611	0
14.55	0	0.889256735192202	0
14.65	0	0.823276239900936	0
14.75	0	0.784124859706771	0
14.85	0	0.735934867165276	0
14.95	0	0.733247035088715	0
15.05	0	0.715632112535596	0
15.15	0	0.702996917966978	0
15.25	0	0.692910033909904	0
15.35	0	0.679042573406243	0
15.45	0	0.682099703790677	0
15.55	0	0.71822699924285	0
15.65	0	0.819850162546078	0
15.75	0	1.06238744882222	0
15.85	0.011835461810855	1.25828223574992	0
15.95	0.0422174781121617	1.56285364927316	0
16.05	0.0762505517458411	1.83517859161008	0
16.15	0.113934682711917	2.1580739457956	0
16.25	0.155269871010373	2.49387233061101	0
16.35	0.200256116641217	2.91465383427425	0
16.45	0.248894048559047	3.31513645953055	0
16.55	0.306199618438866	3.76857238922592	0
16.65	0.389311537616051	4.16140249285811	0
16.75	0.501887203213638	4.60092169473661	0
16.85	0.643926615231638	5.04786627361093	0
16.95	0.815429773670044	5.53796260988337	0
17.05	1.01639667852886	6.00927677092572	0
17.15	1.24682732980808	6.54256933036342	0
17.25	1.50672172750774	7.09199612760243	0.0427783586963416
17.35	1.79607987162776	7.65383624063195	0.0780313301076212
17.45	2.1149017621682	8.2220877426147	0.0915520513411183
17.55	2.4631873991291	8.80583189681358	0.104253442769116
17.65	2.84017481842439	9.5638354752735	0.127339856853397
17.75	2.78301998864609	8.73537713953214	0.0579011602577878
17.85	2.01289486616579	5.09492930564906	0.0643628332706365
17.95	1.42773172400595	2.96561730680492	0.140555933115841
18.05	1.07921734191523	2.77172459715773	0
18.15	0.967351719893532	2.88272194215987	0
18.25	1.09213485794091	3.22021960441022	0
18.35	1.45196807984352	3.51561846424051	0
18.45	2.03378786193972	4.14131411623886	0.258899876176004
18.55	2.71910964106101	5.36730405235213	0.629235273645758
18.65	3.0136910131231	6.29467317565497	0.640477970019826
18.75	2.61449587755436	5.07794963511086	0.621334691144883
18.85	2.09174999993054	4.02904058600896	0.569460269445
18.95	1.65269329163068	3.23455116986262	0.311709234305473
19.05	1.29732575265471	2.68901594786176	0
19.15	1.02564738300268	2.30397866641922	0
19.25	0.837658182674571	2.21605740964527	0
19.35	0.733358151670372	2.14575309504883	0
19.45	0.708374856374168	2.08848501812267	0
19.55	0.692888802653117	1.99823482092815	0
19.65	0.631291063329443	1.87568569712845	0
19.75	0.545212785924073	1.69808249363512	0
19.85	0.467787746674161	1.68067861167516	0
19.95	0.401557185783532	1.79370527734862	0
20.05	0.346521103252202	1.92375602645874	0
20.15	0.302679499080158	2.03567595492999	0
20.25	0.270032373267408	2.16469265346691	0
20.35	0.248579725813951	2.27771693628816	0
20.45	0.23837336427603	2.41391977767408	0
20.55	0.272893000440694	2.59378786738009	0
20.65	0.443177499928998	2.9174582211223	0
20.75	0.764554850927951	3.29917564417446	0
20.85	1.23702505343756	3.6809682365498	0
20.95	1.86058810745785	4.62826324787928	0.369657984038931
21.05	2.63524401298874	5.84285804798169	1.1716383506693
21.15	3.56099277003038	7.35226769578154	1.36770788154953
21.25	4.62017442456961	8.90763536428409	1.66917771047666
21.35	5.73055003480777	11.0735446231933	1.93887246043802
21.45	6.43810133302853	13.1002391890744	2.10535866685343
21.55	5.92373339761614	11.8417659483042	2.21992266249268
21.65	4.92366465153724	9.25915508231937	2.01417585291124
21.75	4.03980623003353	7.76407133682028	1.86488041313999
21.85	3.28511717677732	6.43889392327241	1.33235700830545
21.95	2.65959749176872	5.1917363365819	0.0468967689733609
22.05	2.16324717500773	4.77685253746258	0
22.15	1.79606622649425	4.36349798084011	0
22.25	1.55548583130737	3.89670605609238	0
22.35	1.42669178910482	3.75613332812281	0
22.45	1.40438488975203	3.75637426900798	0
22.55	1.48855844573668	3.7357072238114	0
22.65	1.67921245705881	3.7270547892299	0
22.75	1.97509323631604	3.70449126874182	0
22.85	2.30175713255209	3.68452664902323	0
22.95	2.54426139571074	3.68486369725062	0
23.05	2.69277029483893	3.87635188781356	0
23.15	2.74728382993679	3.90606520699996	0
23.25	2.70864508112513	3.83264149700831	0
23.35	2.5991191047029	3.82831135457847	0
23.45	2.44269545940595	3.89876941708442	0
23.55	2.23160256570649	3.8427315720325	0
23.65	1.88192099387749	3.56598555354844	0
23.75	1.47343576185209	3.16599652622699	0
23.85	1.14819496462015	2.91063235277403	0
23.95	0.913444200009285	2.70236001156876	0
24.05	0.769183468019455	2.61765366033384	0
24.15	0.715412768650644	2.63936551690577	0
24.25	0.752132101902888	2.72676995206791	0
24.35	0.879341467776158	3.01571700249016	0
24.45	1.09704086627045	3.33317185715084	0
24.55	1.40523029738579	3.81055672507069	0
24.65	1.8039097611222	4.06786155290914	0.280449774009159
24.75	2.2930792574796	4.81148498243668	0.110719601233273
24.85	2.88467401475745	5.93348287616624	0
24.95	3.75204771409003	7.47071190378622	0.334817876411428
25.05	5.02602173986481	9.48157478195524	2.06428143655449
25.15	6.70981299278307	11.9121075378049	4.23993890654238
25.25	8.80342147284452	14.670780468711	5.12713194758978
25.35	11.1147106061185	17.3722957822086	5.79706011768323
25.45	12.087142061513	15.5827642115083	6.55679192185363
25.55	12.0434288599094	15.1382669007747	7.55215432420394
25.65	11.4083948763883	14.4315801938056	8.01672964883467
25.75	10.527555461198	13.7539763552847	7.83699007108566
25.85	10.206957547704	13.7531602222985	7.69345547664205
25.95	10.8594958966698	14.7246698818841	8.58448137471528
26.05	12.5028656300173	16.4936793014839	10.634141373612
26.15	15.1366483812204	18.685937456704	13.4162705997475
26.25	18.4268083952232	21.7882046974185	15.4404481939695
26.35	21.1077880305027	24.1575829316641	16.5385767997366
26.45	21.6910816443119	24.2695047798576	17.8091069743015
26.55	21.2599148058999	24.4724926930227	17.9703976290174
26.65	19.2526798802251	24.1245344934626	15.9136565022124
26.75	19.550384498784	25.9946295560639	14.3898873645677
26.85	23.982842214631	34.1032953775118	16.2024162266866
26.95	27.0448781216961	38.2203804329924	18.2813287094907
27.05	23.8079680481855	31.1515187875129	17.9744193545119
27.15	20.1390302530275	29.436830433012	11.6118068750385
27.25	17.6105760423858	29.296892366209	8.26810370394693
27.35	17.3988506073464	30.4395196943818	6.56901191966861
27.45	18.0309088276002	30.8766789420336	6.12635127344659
27.5475355	18.4351282733413	30.8766789420341	5.31403425769823
