phys	rec.rate	upper	lower
0.05	12.9149732785939	13.2725438753574	12.7160283981988
0.15	12.9633422165134	13.2405209633849	12.7790455890702
0.25	13.0018979249177	13.1317895750908	12.8880670281033
0.35	13.0176707567162	13.0910952996109	12.9417919161321
0.45	13.011826546241	13.0731044029059	12.9465136005695
0.55	12.9952673371247	13.0755327371249	12.915462302536
0.65	12.9911929712724	13.0914767135292	12.9080074735537
0.75	13.0056163526745	13.1003397554971	12.9308785013544
0.85	13.0363888951828	13.1313670927739	12.9679255441879
0.95	13.069264149826	13.1873454666922	12.943954362926
1.05	13.0750282661208	13.2132156140268	12.879112331181
1.15	13.0324159220197	13.1755629672183	12.8322162075664
1.25	12.9692446238737	13.130750143407	12.797573716616
1.35	12.9545754479695	13.2449163432887	12.7767772244133
1.45	13.0364504685664	13.3875182942475	12.7877887494231
1.55	13.1751824536323	13.5249019973005	12.8703448157516
1.65	13.198129557436	13.5614424934847	12.6712917955536
1.75	13.0272014710705	13.457447447315	12.3882991110908
1.85	12.7289950555636	13.2348546370234	12.1351770333012
1.95	12.5951665406652	13.1835202038711	11.8987944538228
2.05	12.8844929125734	13.8067468926323	12.1014162409139
2.15	13.713716453867	14.9019967881558	12.546955358941
2.25	14.83051396066	16.4374056363295	13.6779550634443
2.35	15.2728256371801	16.9749487152854	13.9293634638547
2.45	13.1427325140374	15.6635971919114	10.8305984239225
2.55	8.04064716585074	9.47403780620111	6.34375058545945
2.65	4.05305114619491	5.37531600668991	1.99183835029127
2.75	1.82559727578583	3.33478220104129	0.276998656806537
2.85	1.00315340789327	2.3815199919424	0
2.95	1.16591857759039	2.42009915856846	0
3.05	1.85355951186076	3.01107523196346	0.602157896093434
3.15	2.52634244877689	3.43471351909804	1.18557665006815
3.25	2.88031898906882	3.57136016172873	2.04631278270938
3.35	2.88429354380959	3.57193265613599	2.16858908317777
3.45	2.68128472841766	3.52747944489655	1.89850400692355
3.55	2.50503203120316	3.20964831793413	1.87363562042965
3.65	2.44710854591536	2.90457077955557	2.00895771671882
3.75	2.46192748301228	2.83239822879625	2.07771527924185
3.85	2.5111739160183	2.93172499699418	2.1229820489813
3.95	2.56409241456475	3.02815857944025	2.13173669695462
4.05	2.59537496598387	3.06774577696635	2.14055891432071
4.15	2.58514585329721	3.05298279984548	2.13335590913608
4.25	2.54207526882697	3.02422071323012	2.10575827906441
4.35	2.47819205585781	2.93182380211137	2.06033531180251
4.45	2.39962133195477	2.81485933843134	2.00966575769738
4.55	2.32454787775632	2.73834698571165	1.95071109616769
4.65	2.27389422833974	2.6645854392512	1.90021337659916
4.75	2.26147869282689	2.5981762616062	1.84016027000487
4.85	2.29181846667521	2.62445049993213	1.82669888334505
4.95	2.36656672022935	2.73495107067145	1.88058931056557
5.05	2.49839231066433	2.92067917693322	1.90877143134175
5.15	2.71061181554592	3.18473425098534	2.01817763897957
5.25	3.03500379895002	3.5348648516402	2.34754740278312
5.35	3.49965735535102	3.96855683945172	2.90450327307815
5.45	4.10596292844437	4.51820474736015	3.64382651328902
5.55	4.84274117667211	5.27222060971542	4.48318444227379
5.65	5.67421195601189	6.34196224738413	5.25466535720637
5.75	6.5059718511365	7.30665981931241	5.9571498698869
5.85	7.23745711053525	7.96871783150626	6.65907011068006
5.95	7.80261391092982	8.3637002920791	7.3395485832616
6.05	8.16148945492553	8.62499426331957	7.6294399382398
6.15	8.29786765883003	8.85151700464107	7.51428723695241
6.25	8.25963823518986	8.80585371824072	7.40789222252596
6.35	8.09456209791405	8.57350425695915	7.42380356802116
6.45	7.6751244244415	8.14234228924724	7.15692766221542
6.55	6.87329922178893	7.55713047369837	6.25076162467906
6.65	5.6921608276483	6.43306324628668	5.06639954310294
6.75	4.2472202430491	4.8671429763737	3.76612077704354
6.85	2.97196710464801	3.59570954557594	2.46928851276469
6.95	2.11560000341964	2.74247235538793	1.62439242704227
7.05	1.73029980420142	2.19408036469302	1.24547808656537
7.15	1.73271295924453	2.18251284320595	1.2073649913206
7.25	1.9414917744642	2.32922960966057	1.40029230554256
7.35	2.19888539153315	2.5002718123281	1.70723741578505
7.45	2.40576578661757	2.66911318414249	2.05871028510058
7.55	2.52086080071516	2.83139866377658	2.21994800186047
7.65	2.52601357402613	2.86839469890398	2.22799952761146
7.75	2.4284387408851	2.7422065073057	2.16445890119861
7.85	2.26653710092586	2.56527805135999	1.95246630915764
7.95	2.1058980019281	2.38277777203152	1.73062789492362
8.05	2.00581862331093	2.30576755184229	1.61674612269056
8.15	2.06637304134472	2.40470512330918	1.64997968256221
8.25	2.35667562745322	2.77644614512953	1.94210025493511
8.35	2.870538736636	3.38000450294218	2.51244383871934
8.45	3.53997188434689	4.02055854850652	3.19567820328918
8.55	4.24934426997326	4.78270505978077	3.84750764867273
8.65	4.90638941639099	5.39514223281817	4.47358553222531
8.75	5.40689811729904	5.84076509720741	4.89633029620122
8.85	5.63684938036061	6.04919320422436	5.09165699179264
8.95	5.55785302269824	6.01052787240035	4.99418649600547
9.05	5.14675475360884	5.6520806924627	4.61778591881124
9.15	4.44937471213198	5.00926422551125	3.91365657898395
9.25	3.56419833494621	4.06583727783413	3.08919669349768
9.35	2.61296346209855	3.17147657637728	2.16521633583612
9.45	1.747577737864	2.34435563027911	1.18250213354448
9.55	1.05151837028982	1.5527695908467	0.520828565150273
9.65	0.571874215248795	0.99697144505872	0.167039877885563
9.75	0.315910918681738	0.702635274179283	0
9.85	0.259752977382135	0.670070212263529	0
9.95	0.369310947961225	0.817230666801817	0
10.05	0.533782212895112	0.973571315730078	0.0538959979387858
10.15	0.674073449362287	1.03328702856409	0.279192623086982
10.25	0.752224418825534	1.0068089221984	0.472183914599537
10.35	0.755073622496466	1.00357133392259	0.482162741810143
10.45	0.694541097204776	1.01423313016225	0.342807622589395
10.55	0.589956235823921	0.949751188377138	0.266744050134834
10.65	0.508041255732434	0.826934888792908	0.219476239400349
10.75	0.565633107440921	0.832836849048222	0.302056944162215
10.85	0.697432411225977	1.05181515226437	0.356132543911515
10.95	0.690365094027063	0.883338932211613	0.4712387611296
11.05	0.644699109459455	0.855320467109987	0.432676381390722
11.15	0.608275615187104	0.808302302574116	0.358658819762075
11.25	0.597999646488991	0.862911671053327	0.356991135880669
11.35	0.642771140915629	0.930972346981073	0.364862793939208
11.45	0.72379739619787	1.02383860486566	0.469034488926738
11.55	0.778131535680746	1.07625222622114	0.563675373010615
11.65	0.757610640001347	1.07467479074101	0.473343157336432
11.75	0.66563787826622	0.9939911883287	0.353205670295031
11.85	0.545796232479499	0.880585468337178	0.216755419225365
11.95	0.43252412465471	0.708046480066287	0.102619251536892
12.05	0.364677462756149	0.648113734157391	0.0434079139618445
12.15	0.382274258642288	0.686830309781777	0.0314365489563199
12.25	0.498589797524602	0.864706546276865	0.121300457678564
12.35	0.719989950124943	1.13355365943296	0.31791551724679
12.45	1.04530381944177	1.46086248320473	0.634490626799801
12.55	1.47113111178229	1.82794440033335	1.04957683987822
12.65	1.99027212261847	2.35963609112388	1.64945934941159
12.75	2.58021020772824	3.01399376181948	2.26904994544705
12.85	3.18324944019311	3.7452642519649	2.73638616445785
12.95	3.6981924199479	4.340659181172	3.15131886451677
13.05	4.05982798168799	4.67545062992126	3.51437688105171
13.15	4.22930403856642	4.85080994859203	3.83760383179142
13.25	4.25195265123414	4.66031132905569	3.92610212685049
13.35	4.23038084722337	4.64653566371158	3.79915773620003
13.45	4.23995636522563	4.72836294136665	3.63519508251758
13.55	4.29069581022744	4.75037567810798	3.6580112542595
13.65	4.35861122901221	4.72986511488392	3.84809706656688
13.75	4.3783767219553	4.66300964457659	3.93232340932204
13.85	4.31598862166027	4.60304095280607	3.93843287636232
13.95	4.16097052727901	4.51475877947867	3.8466912678567
14.05	3.91038215301011	4.32745265802542	3.47502758159391
14.15	3.54262601512622	4.15459028718469	3.02248028340099
14.25	3.04016735215715	3.74810714579103	2.54567844539855
14.35	2.44468060428431	3.02820386691158	2.02715011967384
14.45	1.81963117690013	2.2717351352922	1.53874074917235
14.55	1.23294373258327	1.57949497135049	1.00962395478938
14.65	0.731969244877912	1.06962207634374	0.403324235089789
14.75	0.342352624540873	0.706964621418747	0
14.85	0.0690995171592234	0.437003336637149	0
14.95	0	0.259547056799328	0
15.05	0	0.168377000949527	0
15.15	0	0.192050945313142	0
15.25	0.0515888863741718	0.312582508201762	0
15.35	0.171227988834852	0.416706112472679	0
15.45	0.264251782905879	0.481397884693299	0.013322442257163
15.55	0.319411136876319	0.555103135502878	0.109663931647598
15.65	0.338313571300321	0.587211290626547	0.162332681088132
15.75	0.326299843839826	0.577918506673227	0.171601224201716
15.85	0.289591177906165	0.535662648674086	0.141502688848576
15.95	0.237717227838257	0.480855398669499	0.0951617110923028
16.05	0.183280693721887	0.409188873024335	0.049650227415021
16.15	0.135120587928206	0.341511356762339	0
16.25	0.0994761800406246	0.263996969973188	0
16.35	0.0805696037828365	0.222726933878928	0
16.45	0.0828397860707683	0.207233153612887	0
16.55	0.10515567990815	0.209650723255557	0
16.65	0.140688942123709	0.236076657747668	0
16.75	0.16840653373377	0.273120592108164	0.0146718588892936
16.85	0.178404046291681	0.292745937925477	0.0380022150678124
16.95	0.167755517679443	0.281676926871301	0.053267126513686
17.05	0.134751686190583	0.256449919819335	0.0372692608084003
17.15	0.0848014831559442	0.211922793237211	0
17.25	0.0297544163356372	0.157457971468138	0
17.35	0	0.111115737279208	0
17.45	0	0.0865415762791333	0
17.55	0	0.0776332185647621	0
17.65	0	0.0900508576848954	0
17.75	0.0303245253295235	0.119240795131384	0
17.85	0.0865450155339118	0.169143839933281	0
17.95	0.133788859629458	0.232533996868882	0.0148373342590527
18.05	0.159244378095871	0.292648586112861	0.021939220344137
18.15	0.157317297032068	0.320972880955516	0.0258477579452402
18.25	0.133051388240782	0.296118533011352	0.0229173981227963
18.35	0.099917491813752	0.26411755292851	0.0170270765226055
18.45	0.0689094377528776	0.205452551484837	0
18.55	0.0433855954190298	0.156740815290417	0
18.65	0.0272165586917512	0.116971091791227	0
18.75	0.0257465331150174	0.127990970048069	0
18.85	0.040420126381625	0.156190908208399	0
18.95	0.0749727121073677	0.194569102322362	0
19.05	0.144236163430058	0.241836312195844	0
19.15	0.227985947086326	0.283050212262875	0.121112635668515
19.25	0.26464833268931	0.365475662772618	0.161964638423189
19.35	0.240062914213959	0.384995387528418	0.137198961453874
19.45	0.163928407446562	0.277614764139769	0.0856735606406165
19.55	0.085172044230157	0.193663661596933	0.0121976041087171
19.65	0.020977931968297	0.122644515839157	0
19.75	0	0.0551750754543623	0
19.85	0	0.0147313021214577	0
19.95	0	0	0
20.05	0	0.00983948610754467	0
20.15	0	0.0612635650515499	0
20.25	0.0223456045568785	0.13196343914587	0
20.35	0.0711623880728767	0.18311259252592	0
20.45	0.116258308326234	0.223517458182191	0.0460046575209932
20.55	0.145218645271863	0.250854231661886	0.0861786642402104
20.65	0.15731163296468	0.237823589370766	0.0946743043184193
20.75	0.155013149623915	0.206247208577737	0.0829139101835121
20.85	0.14072863669694	0.194253189407598	0.0384530920130176
20.95	0.120169349094074	0.181715556017619	0
21.05	0.0959070129802224	0.166567447886348	0
21.15	0.0744274211821077	0.152090936974529	0
21.25	0.0616197629835651	0.142128949861376	0
21.35	0.0571247715745847	0.13330527172498	0
21.45	0.0595790610111598	0.146807294563856	0
21.55	0.0678012751169874	0.193032980873799	0.00317098155304403
21.65	0.0780438900748092	0.234549430598751	0
21.75	0.0840697554247135	0.274604719265634	0
21.85	0.0843380695506115	0.250261932725209	0
21.95	0.0836344831392162	0.202476997688415	0
22.05	0.0874551096953501	0.170412643926985	0
22.15	0.108361252644116	0.212917109267818	0
22.25	0.169823254513485	0.299337645367891	0
22.35	0.287164237717557	0.410773930387302	0.098745854255322
22.45	0.452576958802555	0.558908129111196	0.318861911734757
22.55	0.620940151605747	0.771507734383483	0.508730907908713
22.65	0.76420275155747	0.933555562908254	0.656245089928264
22.75	0.874991966036937	1.02363153891665	0.779250754959391
22.85	0.953266715944679	1.07693293702184	0.868541808121064
22.95	1.00313835682796	1.10373886724919	0.922327566522581
23.05	1.02740995548677	1.11767755662095	0.937337305843884
23.15	1.03001085464026	1.12071579837381	0.926084052292386
23.25	1.0152536301316	1.10784894565552	0.904318568452188
23.35	0.989327789549564	1.08208579060123	0.874820326453596
23.45	0.961976927677522	1.05126810875586	0.853439181067853
23.55	0.938876340663193	1.01199007395745	0.858101985000849
23.65	0.921548562384193	0.980242468445234	0.861324193420581
23.75	0.909645487828756	0.972616638419836	0.851375565619044
23.85	0.902446984617426	0.97685483328187	0.84173348837984
23.95	0.899541083245623	0.975115715441585	0.837329162115871
24.05	0.900581352526013	0.97115055988266	0.828428306578966
24.15	0.905577203763075	0.96539216064425	0.826091988070828
24.25	0.914164328790824	0.967678285372187	0.842112276080546
24.35	0.925084982141013	0.978487364268418	0.867360690656847
24.45	0.935795522679358	0.989601904669019	0.886758262618906
24.55	0.942435506039323	1.00935898892204	0.889389939217638
24.65	0.942988127386285	1.01887577942154	0.886385398921805
24.75	0.937092240424955	1.00917576873298	0.879333559900922
24.85	0.926708300631768	0.99605404126017	0.86619337370127
24.95	0.917290404249782	0.972014291900219	0.858011350554375
25.05	0.915388272028368	0.9644657226652	0.856129954165697
25.15	0.92431123599513	0.97261357199653	0.865139363886231
25.25	0.941548531734452	0.996496747887715	0.879171382670522
25.35	0.962480001298832	1.02211672215536	0.908766693503002
25.45	0.978355546927682	1.03737760787276	0.930866126907249
25.55	0.980550313426237	1.03861511419731	0.939241155050124
25.65	0.970375747694286	1.01571406112989	0.931296014930404
25.75	0.953416764492688	0.995150749297135	0.910664176417574
25.85	0.936557275410299	0.974936677744989	0.883105550372056
25.95	0.924041588023122	0.961582699042949	0.869615835806912
26.05	0.916333148586298	0.953173663139087	0.865828593107201
26.15	0.912816826072528	0.945437044570984	0.866385694067441
26.25	0.912506420506743	0.942172121863296	0.873094004518877
26.35	0.914533900207463	0.944081239543874	0.880275895046013
26.45	0.918375273914619	0.949491846953047	0.887929946453448
26.55	0.923250537879514	0.958852071028329	0.894279791976048
26.65	0.92846484224621	0.967122267133768	0.897653109645409
26.75	0.933429691570223	0.978090426248858	0.905040714317495
26.85	0.937930174193693	0.983483551263319	0.907993889775029
26.95	0.941520484484923	0.981304308900511	0.910912652174014
27.05	0.944014742027608	0.978616329511933	0.911648200027252
27.15	0.945426992074965	0.977252274835483	0.912437791190447
27.25	0.946020488190069	0.975982783257318	0.913354553648778
27.35	0.946142427568031	0.976888567325055	0.911234708122103
27.45	0.945965249371143	0.978115583995233	0.908100734449215
27.55	0.945543456922282	0.976670788711481	0.905323463513569
27.65	0.944933834112126	0.979458889814336	0.902029592834251
27.75	0.944119843635642	0.986338650559631	0.899893885711831
27.85	0.942819523988253	0.989012230711605	0.897634262392985
27.95	0.940755810122572	0.987259610975901	0.898113849042053
28.05	0.937754231280401	0.986525252191985	0.896822211412123
28.15	0.933761573394937	0.977702560897903	0.8970933899911
28.25	0.929086107438172	0.969897343017183	0.895786539352533
28.35	0.924137411399144	0.960248119814378	0.890825791850323
28.45	0.919053925831354	0.952950301696634	0.88311115359342
28.55	0.913953745582746	0.949205931727861	0.875331786899784
28.65	0.909339393855516	0.945613192493593	0.866263091693247
28.75	0.905802619579515	0.94447400611284	0.853077521078561
28.85	0.904150867494237	0.94720354547004	0.845840245804622
28.95	0.905117192573404	0.955381628258673	0.848472273605648
29.05	0.910572369366842	0.964395667506619	0.855462738184324
29.15	0.921817894076709	0.979652891597457	0.869964359747785
29.25	0.939035578936118	0.994230496171301	0.891820373125378
29.35	0.961754627856674	1.01095306146388	0.917235540042978
29.45	0.988173627639547	1.04261863704404	0.942114497463349
29.55	1.01350344667522	1.09064498544143	0.953174345029453
29.65	1.0194295350577	1.09552949463642	0.945969603566323
29.75	0.989091509542757	1.05425303520247	0.912405141535659
29.85	0.92099245162263	1.01400204722486	0.81993121970143
29.95	0.854540390748705	0.944680373410931	0.747442274914333
30.05	0.840496156978583	0.916855683515857	0.755615019863274
30.15	0.880521669367959	0.970367460006564	0.810094774828946
30.25	0.950826688999201	1.05793835622906	0.86148286106381
30.35	1.00981116650418	1.10946701606073	0.910687320243448
30.45	1.01308243784102	1.12514034597872	0.909662977575289
30.55	0.975569642724496	1.06602274450951	0.880577674224272
30.65	0.951447104586158	1.0284944581618	0.852775909595549
30.75	0.95035841532232	1.04795434016105	0.861736093743606
30.85	0.95485822910444	1.07240249075949	0.860325147435214
30.95	0.935354969144354	1.04377702550049	0.845549351917054
31.05	0.903367136597856	0.971692352695492	0.822886280628679
31.15	0.883397521969952	0.948114579458971	0.818913220545613
31.25	0.876335450422627	0.941661431850188	0.805847605562472
31.35	0.881541749012771	0.956272625661207	0.80735673639042
31.45	0.897620228849234	0.971756064482093	0.826598000800498
31.55	0.920340440043966	0.994547840137614	0.851389712789301
31.65	0.943841017372701	1.01644054177404	0.876193542590256
31.75	0.961995513552825	1.03099314155275	0.895164358333607
31.85	0.969941868597302	1.03780686572478	0.907289911650289
31.95	0.967363073866209	1.03156126739258	0.904304814823403
32.05	0.95779626348717	1.02782252622368	0.878165791084678
32.15	0.948057302271826	1.02648953303145	0.863266031642942
32.25	0.948047142228841	1.04688400112291	0.847657078400746
32.35	0.964727382066974	1.05969824209078	0.87983129717227
32.45	0.981877672527658	1.08920536201969	0.894166896774427
32.55	0.966711632903733	1.09143076855413	0.831280175661191
32.65	0.908035097294173	1.03738594363305	0.740096128809782
32.75	0.858366454299056	0.983603161830527	0.717977864154304
32.85	0.876719269036697	1.05212748409361	0.741702866042679
32.95	0.976370194782215	1.24404469952517	0.800601733332221
33.05	1.13161776668565	1.40478613730501	0.927018967856047
33.15	1.25130478840139	1.50106239063841	1.06273558138697
33.25	1.26543748925356	1.47535137340828	0.941169386311238
33.35	1.16583348689092	1.39180895165625	0.802484264731191
33.45	1.00439405381765	1.28599019738517	0.53588047357223
33.55	1.00953148555555	1.42116909941524	0.536863909865257
33.65	1.45054627927066	1.97706715681231	1.01512428656076
33.75	2.4638633035722	3.11095242672839	2.06122575107637
33.85	3.90353552218915	4.58794795627167	3.44054412823106
33.95	5.25113175759047	5.8631596925277	4.50272266455432
34.05	5.71717955321828	6.1852752908446	5.03261501727847
34.15	5.04685360552153	5.77591671540071	4.12247441215261
34.25	3.94621359072531	4.62942887938903	3.38175889265977
34.35	3.70647134452407	4.46530455168008	3.13027366203925
34.45	4.85632486971612	5.70265649870258	4.25512459598179
34.55	7.25908170709478	8.06624629897407	6.48490470413536
34.65	9.90433467546824	10.652047503954	8.9877060967499
34.75	11.6346258585911	12.6194873976737	10.4480376341395
34.85	11.9617284021565	12.8621505167894	11.023961799528
34.95	12.2175893669124	13.3512786030809	11.5379405893525
35.05	12.9682230497684	14.4341661762458	12.0857699553186
35.15	13.662980522574	14.5329635069792	12.6455562192331
35.25	12.4184379214268	13.2921907770367	10.9424587330704
35.35	7.37386977012526	8.79519974125114	5.84424242149824
35.45	2.05082511656059	3.24202929590392	1.14601792531821
35.55	0	0.65647217970743	0
35.65	0	0	0
35.75	0	0.260818208397427	0
35.85	0.282805002271411	0.834757830133307	0
35.95	0.650413149226736	1.32070505829143	0.04964805868699
36.05	0.595207299685241	1.37956384053841	0.0887659064875793
36.15	0.300680420332773	1.0088122305803	0
36.25	0.0761495144023326	0.654869714184384	0
36.35	0	0.453281529494196	0
36.45	0	0.253098023698747	0
36.55	0.200989255665717	0.693726865517196	0
36.65	1.18723683744189	2.05323971135145	0.398923982130005
36.75	3.06386140383146	3.99015530887165	2.46053752458671
36.85	5.77671792647242	6.68778359683578	5.06610794616944
36.95	7.5933783652513	8.53937973418222	6.09516813426627
37.05	5.88264313317289	6.76576982367561	5.11299967901207
37.15	2.66231704882206	3.92030348465824	1.87703428226703
37.25	0.647213287056735	1.31670825875185	0
37.35	0.0450476424303506	0.621922240525847	0
37.45	0.279701295243552	0.844459022907709	0
37.55	0.429164641166431	0.871698989706649	0
37.65	0.52529726602884	1.07045288670537	0.0011034044681537
37.75	1.52339985723736	2.08813001736394	1.10716676339769
37.85	3.38509457432053	3.8164023236308	2.99765115665481
37.95	5.01365950910807	5.47463125058817	4.4023036104289
38.05	5.3677830456401	5.70502489231478	4.95908381673865
38.15	4.770287307272	5.12542708235031	4.49656698748955
38.25	3.99859500790913	4.39756984315854	3.78406108389142
38.35	3.6833212078548	3.87834306276225	3.41535482485385
38.45	3.43358361209776	3.57788876769438	3.21132007568861
38.55	2.90098710052971	3.06222135972295	2.78362624753496
38.65	2.51282088676627	2.66192108399417	2.39557963827545
38.75	2.36662708365011	2.49282626276572	2.25181391677413
38.85	2.30963935885603	2.42383508618494	2.16626128895286
38.95	1.99350549850777	2.1109648368371	1.88522951813248
39.05	1.70401334826143	1.7875935934954	1.62526829766623
39.15	1.57333131932442	1.65466287425396	1.48930894842195
39.25	1.5417019832189	1.62142567328867	1.45992178559252
39.35	1.57318258961502	1.65319697741771	1.49341027487135
39.45	1.62597187985832	1.72153772204644	1.54110326160113
39.55	1.64832390727364	1.77203859653248	1.54442571900196
39.65	1.5730107156611	1.71689362043388	1.43283194534974
39.75	1.41207279674474	1.53604379266906	1.25101605361664
39.85	1.30779195287355	1.43693474943558	1.14286759113063
39.95	1.3848474491528	1.56199239993915	1.22438921240518
40.05	1.77307115985979	1.95534215135881	1.6091135246318
40.15	2.49914470896953	2.66080609581776	2.35558545414547
40.25	3.35849127738187	3.57317627308694	3.11044418990099
40.35	3.89619104007928	4.06181294782262	3.73410976567556
40.45	4.04214478193556	4.20572358941812	3.91515187511316
40.55	4.00863997476262	4.17997540424835	3.87433388183513
40.65	3.96257224796545	4.05112328286746	3.86056219511595
40.75	3.97442686585484	4.06311138968621	3.87515014979072
40.85	4.00710078502927	4.09533034586141	3.9210134442664
40.95	4.02177794200055	4.11261564729207	3.93349656223618
41.05	4.00198176362775	4.0780905779076	3.92081827686606
41.15	3.92599649641502	4.02093671198316	3.83615398008026
41.25	3.82572601543501	3.93181546511131	3.71583009168898
41.35	3.8615006362816	3.95417643268099	3.78105820537256
41.45	4.12330459524249	4.23465139452677	4.0332206258016
41.55	4.55501016757543	4.65959239622833	4.44053159216018
41.65	4.92334519745882	5.01123590048364	4.82282861128731
41.75	5.05704768475278	5.15758705989479	4.96121296602826
41.85	4.97811440937661	5.10661855859597	4.84786771977483
41.95	4.89463947412071	5.01831645665232	4.78880212990246
42.05	4.87712759070498	5.06350070863704	4.74125302249755
42.15	4.76144442058631	4.93366601284542	4.53468966386539
42.25	4.60335324234783	4.78338223000207	4.33220766800991
42.35	4.65384688498203	4.87175719368236	4.4514898483957
42.45	5.27882075606564	5.574162260638	5.02273448754458
42.55	6.91356556915136	7.1201644273893	6.66261949726282
42.65	9.00828558814554	9.24892597802176	8.71781919894441
42.75	9.99970304321054	10.1914412559332	9.82242225459018
42.85	9.9453654356382	10.1972874066569	9.74858375697894
42.95	9.63926368830422	9.83206053690467	9.46156388226401
43.05	9.1503297731433	9.39649833967809	8.73345555040682
43.15	9.68252438902191	10.4692481144125	9.09234213883267
43.25	16.3791626656542	17.389367062768	15.2929183440746
43.35	19.08429761727	20.4878551297475	17.7099575555257
43.45	10.3589300912532	11.7682224515775	9.17464960117728
43.55	4.7965190446696	5.40321585630575	4.18872172082239
43.65	2.20969526199757	2.40393020130053	1.98321458771171
43.75	1.17634565251451	1.33442208257966	1.02520434746143
43.85	1.1506339494655	1.27932184359171	1.02735760699625
43.95	1.95900684933249	2.10349685767456	1.81294402790287
44.05	3.13797151291822	3.23553687678749	3.02558440433112
44.15	3.88467997606133	3.99952921017618	3.75982554968792
44.25	4.01497897997525	4.12560570949841	3.91002352115684
44.35	4.03115761069764	4.10864811226469	3.94810104259993
44.45	4.04103466878356	4.11003125813419	3.96784949414747
44.55	4.00905236200477	4.08535882783695	3.93440518534619
44.65	3.97220041325996	4.04727262159676	3.90050920147475
44.75	3.9534369594096	4.02746004887166	3.88474782426569
44.85	3.9267691129632	4.00496887767433	3.85346537909719
44.95	3.909588827207	3.99982197049578	3.79870028569947
45.05	3.99523673928453	4.11323271579561	3.89924153366564
45.15	3.85590259377067	4.0485191564889	3.68755784313563
45.25	2.9840605833221	3.11232221799879	2.79249285012243
45.35	1.74776681918428	1.96350734085593	1.52976607171466
45.45	1.04260358813198	1.23757262859867	0.865760996117813
45.55	0.901438788095224	1.05915607469274	0.728178215364846
45.65	1.01658551696399	1.1763075057753	0.825434355675109
45.75	1.05226270417201	1.17809387674243	0.944658957978576
45.85	0.79583811023749	0.996308487728726	0.629507735581205
45.95	0.78295249938892	1.04648259564609	0.359681756333166
46.05	2.6227252933388	3.42412993207056	2.12992327831813
46.15	5.69011530335954	6.28906767408892	5.23924010343345
46.25	7.30717861225787	7.93000272588552	6.26074556485434
46.35	5.80114583288665	6.40576574652544	5.18879162409769
46.45	2.94539273604468	3.80743572769437	2.45532957571464
46.55	0.760510775724707	1.3165490397785	0.268117183017747
46.65	1.08953622789487	1.78651777516692	0.361664977172817
46.75	9.98871505662935	10.9329004575102	9.1494416676139
46.85	27.6960451666213	28.4553617239071	26.8159497621102
46.95	32.7557883312526	33.7570575871997	31.6714165813819
47.05	19.934498530519	20.8408325533572	19.0945883796897
47.15	9.27300123587835	10.2112993569876	8.16858454541584
47.25	6.14573342180812	6.98325166291431	5.14509237316963
47.35	7.39216004591768	7.95482556164028	6.844250485932
47.45	7.38443320859033	7.74171145840029	7.1078789767819
47.55	5.2703889843354	5.45666609290466	4.93500391881852
47.65	2.24042461702913	2.71689307107662	1.88570388631902
47.75	0.996793113940947	1.29603905801409	0.725148403619049
47.85	1.13295224768788	1.38566790508396	0.776554597009731
47.95	1.23656607811397	1.46615492343211	0.888101891552403
48.05	0.794997261360583	1.07414946070934	0.355307645057055
48.15	0.744006716612399	1.19512965889967	0.380502094774743
48.25	2.91481610278479	3.28505600157328	2.57148845878387
48.35	7.6554163687741	8.20200835276309	7.11591803821591
48.45	11.6072137674706	12.0062524544982	11.0960171269851
48.55	12.7122751497986	13.079002225218	12.2452420830095
48.65	12.2127552529556	12.7792389258259	11.9195406342415
48.75	12.8482751849927	13.0861053021403	12.5409585413234
48.85	14.5106828045481	14.6475877626329	14.2501492744731
48.95	15.6583111578003	15.8644055584875	15.3723444855231
49.05	16.4702379415917	17.2000671166902	16.1019720926688
49.15	16.3932545721446	17.4602184767548	15.4645281988301
49.25	13.6989717828724	14.8074286449191	12.6204122551578
49.35	9.89493542991243	10.6052356249617	9.11037536910217
49.45	6.30413831507637	7.29205698503588	5.32692706109956
49.55	3.97529216678236	5.0229077892194	3.03765739686549
49.65	3.3258907962798	3.9442178097707	2.59809572689553
49.75	3.62044239694532	4.14568822063901	2.88196276109751
49.85	4.08488494698182	4.53935137052009	3.40278831321085
49.95	4.02297840780316	4.56531493440959	3.65546632009111
50.05	3.04397161381479	3.43735992389338	2.84058833921785
50.15	2.47878601122215	2.80101525623187	2.18558274457026
50.25	5.55497696553803	5.94168690379047	5.14383511624441
50.35	9.69478472332467	10.1492254613841	9.23228940893285
50.45	11.6903525255521	12.0581152292816	11.3755898147512
50.55	12.1118215171387	12.4110638826146	11.8720767617725
50.65	11.946562906128	12.1147385462152	11.7544120451502
50.75	11.8269674202868	11.945083126728	11.7113472066926
50.85	11.7426032668024	11.839467887605	11.6545885420085
50.95	11.7932252943346	11.895109712811	11.6975534541331
51.0350565	11.9194016123518	12.1291173089515	11.7075697237245
