phys	rec.rate	upper	lower
0.05	19.3833621204368	24.2386216201001	12.6619908662062
0.15	14.3465661869772	17.3932801078125	10.241453191039
0.25	8.28096717370657	9.61633411419511	6.92474525281611
0.35	5.21608711162254	5.79212196277159	4.70316895387218
0.45	3.90258556723458	4.56804850486225	2.85592383686337
0.55	4.30099001110099	5.1813527095184	2.79612426935132
0.65	8.4732361822945	10.4405430345668	6.51613106453872
0.75	17.4985184335474	21.0346467264603	15.5413425764316
0.85	27.4032444403451	30.5256234960605	24.7875421375939
0.95	31.4227034361562	34.1907201235941	27.4215400587627
1.05	27.1203476889298	29.6625337820576	23.0781302165342
1.15	17.0406580869215	19.9964240411593	14.7079403683352
1.25	7.46373474784432	11.3702932751553	5.38252767817118
1.35	2.10635519322195	4.90038082132964	0.222103422786186
1.45	1.24522612106314	2.51939082405026	0
1.55	2.71697358115102	3.54101255680042	1.10341569691236
1.65	3.78782106012661	4.86532221974116	2.99676482756842
1.75	3.77869907856222	4.59200616876397	3.47786322569397
1.85	3.62094038902711	4.04835909372274	3.38593283190263
1.95	3.55714255345605	3.88379606199193	3.15469426164031
2.05	3.50465306232526	3.70599804581238	3.12482633351651
2.15	3.27874618302703	3.54074747784827	2.63210192059511
2.25	3.57810536273591	4.44752665002116	2.72327388091178
2.35	5.74843713393292	7.01481552094733	4.64519512595593
2.45	8.58977027344277	9.50303110808887	7.52806886555814
2.55	10.4964853688835	11.6448564296268	9.42030231017302
2.65	10.473300060095	11.6265334178515	9.42107721038773
2.75	9.14437333090467	10.3848651037793	8.12482298004721
2.85	8.29165528345018	9.21967274677967	7.38564202567913
2.95	8.56832070375777	9.14561717152993	7.85853424695352
3.05	9.65282973719066	10.2171667824573	9.03939080128897
3.15	11.3488335344685	12.0680942680583	10.7786915851824
3.25	13.4096145417048	14.2997210658664	12.749078210489
3.35	15.2827722333502	15.875947608993	14.6171057980021
3.45	15.910041569344	16.6583728083372	15.0773452897583
3.55	14.8851686270805	15.5504094180846	14.1307847805953
3.65	12.7947087204608	13.5989789944399	12.130781233779
3.75	10.7557183384308	11.4843027822539	10.2256677329159
3.85	9.41154385513347	9.91592892375484	8.81986662489463
3.95	8.49156380532411	8.90325842620396	7.99757850149852
4.05	7.6326900561214	7.93357070642764	7.32393390111803
4.15	7.06559378185435	7.4401657026965	6.75452678046305
4.25	7.36133928976132	7.63655181597585	6.99000207287708
4.35	8.96400448872993	9.42330477562504	8.55743656943383
4.45	12.1895930137813	13.0727803809362	11.5619560680628
4.55	15.6166896748419	16.4925844132444	14.6217378202261
4.65	15.2983698004506	16.4970800607537	14.067800027752
4.75	11.3181512718969	12.1307351124512	10.6008588555564
4.85	6.36663334581875	7.58249963218983	5.1571723470233
4.95	2.51606541505242	3.4171443729178	1.61746365907249
5.05	0.328249271078544	0.977738830208119	0
5.15	0	0.26960145730166	0
5.25	0.112832640952567	0.659599351794171	0
5.35	0.813852048506578	1.12640447453163	0.334510497254557
5.45	1.04999338135589	1.32856439187992	0.893872808286035
5.55	0.975392461745303	1.12903312120882	0.883405776996867
5.65	0.959238227898368	1.04955265249698	0.848401252740449
5.75	0.90921795746457	0.996304414967982	0.761724146478305
5.85	0.830756681010803	0.912556301105162	0.697920751727523
5.95	0.788990721440078	0.911631891221574	0.633033038018706
6.05	0.898128796340304	1.09898556417786	0.733792011945722
6.15	1.23250915367155	1.41229424352372	1.0340400919413
6.25	1.69165106743129	1.81638065348478	1.50080209148495
6.35	2.18064641222121	2.28306652901612	2.05750465783848
6.45	2.62834323081598	2.78885258715885	2.4798102427384
6.55	2.99205993083755	3.17768586448296	2.84584904491801
6.65	3.23400385501403	3.36516994264689	3.09982959465958
6.75	3.31512712314387	3.41469071428078	3.22925099529892
6.85	3.24156404069724	3.32597214571127	3.15064156143727
6.95	3.03836882472368	3.13518205581881	2.95456343873865
7.05	2.76933448127756	2.8602612110903	2.68839542721285
7.15	2.53868250790772	2.62089223919176	2.45414092974706
7.25	2.40474624709327	2.47291827061898	2.32600964096705
7.35	2.34536431629532	2.40207776460772	2.2818824126937
7.45	2.33427718634495	2.40010650671553	2.26987355608183
7.55	2.3517016082406	2.42802697800561	2.28899379502189
7.65	2.38143391790844	2.45193746110724	2.32296830566238
7.75	2.40499051157925	2.4666861520475	2.35122826916852
7.85	2.42024369670465	2.46898929596598	2.3649353826704
7.95	2.43056164798387	2.47583789841816	2.38190544193917
8.05	2.43689931785179	2.48079552672404	2.39086740443925
8.15	2.4378878999754	2.48892080596565	2.3894782799084
8.25	2.43200402311728	2.4845099226748	2.38358105558921
8.35	2.41905804110612	2.47002444740389	2.3691611781156
8.45	2.40434399234923	2.45922831391745	2.34994456767821
8.55	2.39698186393506	2.44190553116382	2.33754977598525
8.65	2.39908936083821	2.44271806612424	2.3459240040055
8.75	2.41438794137478	2.48157069553946	2.329224653022
8.85	2.46162306367013	2.57136155827748	2.35638892523963
8.95	2.50183196834639	2.60577606178883	2.41416440659489
9.05	2.42766349259808	2.52665267144976	2.33552681269826
9.15	2.1791039871858	2.28316298590422	2.04372836491271
9.25	1.73580251281865	1.82319765790249	1.6209501959181
9.35	1.13393674453782	1.25773621691814	1.01631291659695
9.45	0.579421826738305	0.769615286946009	0.467112093755025
9.55	0.247825844010136	0.357027197230854	0.14750970908501
9.65	0.123586766863267	0.222340148242867	0.0197068229586873
9.75	0.142954823463904	0.222365567988716	0.0255070441164539
9.85	0.240799853505811	0.335003262475913	0.152839612602423
9.95	0.311960767407603	0.397395257885458	0.216503573186238
10.05	0.32173231806658	0.395369122186636	0.23759728275741
10.15	0.327950676382834	0.387689673456744	0.262337287846795
10.25	0.311861908754419	0.393759742409534	0.241465453109954
10.35	0.274716287453842	0.341682582125345	0.204771539082689
10.45	0.245021534572395	0.306469757354786	0.175124548307706
10.55	0.233300124871195	0.288899644730554	0.172262661200137
10.65	0.238767278236398	0.302330184351651	0.182852344893489
10.75	0.256286264324808	0.329121178627007	0.200818519420507
10.85	0.279545621319002	0.372963687322316	0.211634506795751
10.95	0.28797822419788	0.38864530210404	0.209500528666207
11.05	0.264483181427826	0.338597710156306	0.195061514092948
11.15	0.246633428457868	0.306413371019281	0.173277589783874
11.25	0.257579349710629	0.318705643078011	0.188125767960962
11.35	0.286169553583762	0.348233896460095	0.21920991859277
11.45	0.313477675162863	0.379219900376139	0.247331592211599
11.55	0.318278150573742	0.381603135741351	0.25557546345439
11.65	0.289851914602435	0.344992338534851	0.239721240166038
11.75	0.234779044723034	0.291736248394089	0.165956647894778
11.85	0.191684835428446	0.26532322764939	0.113976776185414
11.95	0.204018344790962	0.262814452189969	0.131827187466886
12.05	0.248042032279921	0.294624377995175	0.201255607458988
12.15	0.28417339611295	0.337330297948309	0.231290297456899
12.25	0.30008180800903	0.355618701499759	0.249042446090221
12.35	0.294886519454969	0.348040443476341	0.248194515855665
12.45	0.277792436669071	0.328978115891228	0.226983027376309
12.55	0.259832237312374	0.308846293821321	0.200535475643433
12.65	0.256003576678362	0.311947125013606	0.186616459583738
12.75	0.265943040635978	0.323187416792325	0.210202312660162
12.85	0.272579439427659	0.333288346756942	0.226665499733971
12.95	0.268724497815105	0.32664379715975	0.218864463110811
13.05	0.255503191043049	0.316430159706075	0.203055531445863
13.15	0.237555363765114	0.295768248242287	0.184927063808117
13.25	0.224040397766735	0.280802022723514	0.16667751757179
13.35	0.225432991833215	0.290871343861151	0.146739977840568
13.45	0.253627419784624	0.315738669372595	0.173599850784881
13.55	0.304080364907107	0.36030750725487	0.241534750614697
13.65	0.346862502752426	0.407935853327375	0.286745045286534
13.75	0.368779714703278	0.426943152449841	0.312251438990049
13.85	0.361779770936792	0.421786089846327	0.305130577431572
13.95	0.324199481080403	0.396013769060942	0.257773546365269
14.05	0.274292620929096	0.338528401114463	0.206670420296366
14.15	0.231269544579628	0.281695812023592	0.17603644071493
14.25	0.20665040366195	0.251906535901299	0.160170153225482
14.35	0.201462421698656	0.243995242467014	0.151683167788257
14.45	0.212491533917744	0.257123595200174	0.16126201951748
14.55	0.235515683642027	0.278730477455115	0.191241296021952
14.65	0.262011183177899	0.308378974414637	0.217953359088383
14.75	0.285480168980169	0.333675157888457	0.242715884693214
14.85	0.303421706623685	0.347892622547956	0.259047365758513
14.95	0.315128108897646	0.357196662429108	0.272105217487279
15.05	0.321129360931233	0.364697070432167	0.273901891150704
15.15	0.322013445153155	0.363198772956119	0.273203733894282
15.25	0.318271406173756	0.361964971629266	0.272556042529256
15.35	0.310426150309401	0.35717374127091	0.26675124275459
15.45	0.299672770402423	0.347690881478809	0.257791307801052
15.55	0.287372404274273	0.336743693221517	0.24378836290129
15.65	0.273744923688573	0.320180980741403	0.226852445809285
15.75	0.259044038737369	0.301402421589079	0.215124126138794
15.85	0.244430025098337	0.283038339195445	0.198709431041194
15.95	0.231533346588463	0.270967532282669	0.174486867444916
16.05	0.221109630726367	0.267222324887383	0.162945001277245
16.15	0.213807979329867	0.271297045448935	0.146241290332112
16.25	0.212452719979223	0.280004580743288	0.116187302752508
16.35	0.227704796568844	0.29913587634296	0.138515233058729
16.45	0.261686119664269	0.331126758903007	0.190196459240099
16.55	0.293687234054688	0.368325527244982	0.218247022916839
16.65	0.312402162543505	0.393883138795439	0.236352242543804
16.75	0.317164999145224	0.397823349834064	0.231344662210184
16.85	0.313748945438859	0.418534095393661	0.21679243586452
16.95	0.305590249233096	0.48847345005387	0.156995226899351
17.05	0.285505213172381	0.480110182241813	0.135155207929449
17.15	0.205065271135764	0.371422351851479	0
17.25	0.0444607648960594	0.285174536955089	0
17.35	0	0.132902202209022	0
17.45	0	0.226630192768022	0
17.55	0.48200068501861	0.912543260694325	0.176096953484156
17.65	1.66934500615508	2.15333782983482	1.35034938473095
17.75	3.4627960560066	3.76986005703944	3.12712001376148
17.85	5.32595833306985	5.57194917922514	4.89887989142549
17.95	6.74536583707406	7.00861225065869	6.34845963271785
18.05	7.57970642166942	7.81885802080146	7.33416404193761
18.15	7.79749116680248	8.03922698018867	7.60913784758524
18.25	7.42085100881278	7.6359221665666	7.24508423121875
18.35	6.44550201790567	6.6597807277143	6.16861985736593
18.45	4.6936684519853	5.02203187394518	4.10611693999543
18.55	3.17444554764004	3.51214836113426	2.74726889021562
18.65	2.23747098356272	2.67358155395743	1.92292042822502
18.75	1.72341958906816	2.23616050637095	1.44017618733721
18.85	1.56402884449459	1.97921025886715	1.23942255918609
18.95	1.61592410069566	1.90244749293874	1.23231305373418
19.05	1.76889959886943	1.99766260205018	1.44504569240599
19.15	1.93355091567791	2.12478506143695	1.52189082252743
19.25	2.07309136887399	2.2624739584538	1.67003574479888
19.35	2.1802053304943	2.38505838329726	1.87295715151333
19.45	2.24637108249229	2.45729888618804	2.0673708209945
19.55	2.25135089343274	2.53317252379841	2.06166136845401
19.65	2.19751630869249	2.46473279907173	2.04493974242685
19.75	2.13915670749609	2.3245773336061	2.01909299120491
19.85	2.10192277814238	2.20661064500482	2.00192055858194
19.95	2.0793882915223	2.17642140433891	1.96937392823586
20.05	2.05926586464464	2.15422196901264	1.92983588082519
20.15	2.03037501695182	2.11512799376711	1.91983260615581
20.25	1.99743704679242	2.0719373839973	1.92231890782725
20.35	1.98495248962928	2.05202297897406	1.91521813230687
20.45	2.00670175303517	2.07629082018022	1.94091594369131
20.55	2.04429121390887	2.10526840458935	1.98162525264384
20.65	2.07157511012101	2.12496714749319	2.01400180454744
20.75	2.08199679167174	2.13033493482073	2.03503720420492
20.85	2.08098487676088	2.13513537001734	2.03073431928837
20.95	2.07540633576835	2.12542402977298	2.01804216154346
21.05	2.07305250383853	2.12350889315846	2.01748418764669
21.15	2.08099337995837	2.13117129384468	2.02267063676873
21.25	2.09785061091393	2.1448291167728	2.04510769358101
21.35	2.1185395576074	2.16209951742668	2.0717062625074
21.45	2.1340333849368	2.18433713399599	2.08794228638716
21.55	2.13873800365907	2.19561757845815	2.09111293247058
21.65	2.13179655450368	2.19241767790365	2.08239546837932
21.75	2.11615212032322	2.17497625833244	2.06388682422807
21.85	2.09487036870934	2.15047864004457	2.04166933261924
21.95	2.07081329487765	2.12027198101174	2.01705961224336
22.05	2.04586049066304	2.08975349685738	1.9928866370891
22.15	2.02276607435249	2.06852208001005	1.96511110431617
22.25	2.00663446497733	2.05745650464659	1.94074107803078
22.35	2.00152185637005	2.05892635260191	1.92816886510543
22.45	2.00967861787056	2.07222953070563	1.94337201927668
22.55	2.03253219850506	2.10218745263457	1.96468395103129
22.65	2.06142777009758	2.13524736861931	1.99670918477277
22.75	2.08671531557526	2.16405557225226	2.00748781928637
22.85	2.09836376980577	2.20040874732091	1.98136141230089
22.95	2.09211835191263	2.19503688838028	1.9776291543133
23.05	2.07454524629299	2.15141468331843	1.98366933454541
23.15	2.06493878375131	2.1851784121637	1.95170843908228
23.25	2.09852521196679	2.28452978974303	1.96594467670345
23.35	2.17040525611356	2.37143435805881	2.03344617020088
23.45	2.17380556815648	2.36253306509696	2.02382234521139
23.55	2.05323491548678	2.19922260687561	1.90236897458827
23.65	1.85038073249337	1.98636307447427	1.69616834886604
23.75	1.6030951739725	1.75119486363686	1.42581598037073
23.85	1.33464262600978	1.47650184922055	1.17306791142262
23.95	1.07455657958133	1.21796883217789	0.936269374724079
24.05	0.844624663197203	0.976158364982013	0.722423121435409
24.15	0.653063749768364	0.771838736387433	0.527254675341165
24.25	0.500894484580144	0.611022492250646	0.378659387974154
24.35	0.387948082669609	0.49611267798122	0.27794055761321
24.45	0.313668575244655	0.424623076909208	0.217951214440636
24.55	0.27643027070783	0.396782435987988	0.176180879028768
24.65	0.274411569478225	0.39734680448762	0.162867851813102
24.75	0.298794202906588	0.432907170781358	0.175454591630139
24.85	0.340031663583907	0.486808845059795	0.204979066716515
24.95	0.396739997143446	0.523839040175123	0.258256446467302
25.05	0.462966411132933	0.599973827946086	0.329050122432259
25.15	0.520367481510431	0.67872431390222	0.400562483354663
25.25	0.539734851876685	0.687839701199899	0.429705876675955
25.35	0.510578796237433	0.640057886269995	0.412067262404002
25.45	0.460171157282436	0.597795001079091	0.357765466319795
25.55	0.411863150534621	0.522029907027999	0.316916517818522
25.65	0.38564771696514	0.463329053952326	0.297389550530691
25.75	0.387974434047782	0.463971743931107	0.298809232465376
25.85	0.415610515082925	0.486205304903226	0.325229191544266
25.95	0.459813156617207	0.525354834747969	0.369736840329449
26.05	0.508001614231892	0.575310494857358	0.42051616962224
26.15	0.553068042875166	0.617218033699691	0.491767532516637
26.25	0.587467171324375	0.651688883817481	0.529841201994537
26.35	0.598788618978468	0.674408736505137	0.532167364467714
26.45	0.57347053989349	0.658521129605137	0.503033706105939
26.55	0.507376898430001	0.580534422023304	0.4335357325478
26.65	0.447497327398207	0.508692316117504	0.377040607253184
26.75	0.442639464769455	0.511765112708915	0.380929855030694
26.85	0.478168520918325	0.561558302516498	0.407229964252549
26.95	0.525492783784394	0.588411571026105	0.472413536258816
27.05	0.564223586262805	0.613869903082245	0.51562445429241
27.15	0.592919928661593	0.632621828816168	0.550170907502977
27.25	0.612321831496672	0.650243929683043	0.572907537521638
27.35	0.622789389177759	0.66124655859568	0.578627049524928
27.45	0.624403080122612	0.665708428252394	0.577549716069646
27.55	0.617911602289505	0.667150268570677	0.570020408850968
27.65	0.605576788044079	0.658969759958539	0.557345108816722
27.75	0.590870998612886	0.642336634577102	0.543198052773339
27.85	0.575970806083986	0.624809753790272	0.528783472630905
27.95	0.563197432671139	0.606374799549963	0.519191834607082
28.05	0.554789812784855	0.593994188019432	0.510507112656814
28.15	0.552483296014445	0.593347805265145	0.504786239410791
28.25	0.556737539272446	0.596089811175373	0.510295805353362
28.35	0.56706395358225	0.6093977827629	0.520183576687905
28.45	0.581516787035519	0.626874613821793	0.537463795126038
28.55	0.596817051117237	0.646186983000157	0.548362570681842
28.65	0.603795529419925	0.659934311105375	0.554584772324293
28.75	0.596860507302577	0.647792694372608	0.554086453442858
28.85	0.581086412783459	0.624696067388046	0.543504202507779
28.95	0.563837800326712	0.609359762758049	0.52810634224321
29.05	0.54836613458162	0.589735246765207	0.511788396021593
29.15	0.536259736587925	0.575635484002165	0.497398231386679
29.25	0.529229210893078	0.568652079399092	0.488066207412053
29.35	0.528591619568939	0.567389127023918	0.488215700785151
29.45	0.535300961619779	0.572781390926961	0.492331763968096
29.55	0.549448541274436	0.583674108020178	0.511191488224305
29.65	0.570959498811608	0.610977991100667	0.535221345078248
29.75	0.597506926962428	0.647540817847986	0.557764150987258
29.85	0.622814349016413	0.689478256864107	0.567491439529756
29.95	0.624303246383025	0.697310239622941	0.565552790931297
30.05	0.594647386300267	0.6433305623703	0.549793342699181
30.15	0.562435785854805	0.602120803973046	0.522920748773312
30.25	0.535399969643727	0.575168059753194	0.49437362165834
30.35	0.515057537186117	0.552974842106575	0.475098843817417
30.45	0.502676076627424	0.541790452726357	0.47050593708041
30.55	0.498609094525025	0.534322732618932	0.467579840457347
30.65	0.502280290127584	0.536503635874748	0.465748010574253
30.75	0.512775892742886	0.548925627918092	0.474435350328537
30.85	0.529487246009679	0.569569500723569	0.491358428525569
30.95	0.551248830588652	0.59134140168815	0.50727829157599
31.05	0.573247883399865	0.615860923408233	0.524329769108028
31.15	0.593178075144276	0.636764176624416	0.543736430843111
31.25	0.609566774581761	0.650126601784041	0.566250136599789
31.35	0.621115454323497	0.657167567802032	0.579704970831286
31.45	0.626249298818234	0.663688375554699	0.585042115510271
31.55	0.624495086378414	0.665445837536791	0.580365092329511
31.65	0.615770805786427	0.662392108623039	0.570139892866968
31.75	0.600564244313334	0.648074633328434	0.553651402834
31.85	0.579620902231532	0.626882403505222	0.530789634977143
31.95	0.55313336275025	0.599258759204277	0.50679597161227
32.05	0.521679034725072	0.584064610958054	0.457863953571938
32.15	0.496096224351065	0.57328608118778	0.416056648220132
32.25	0.494930012951871	0.56993504371983	0.416326450526026
32.35	0.522386380815595	0.57786619905031	0.458744872993856
32.45	0.561707334977591	0.613317399618454	0.503514384518404
32.55	0.586572478881706	0.642136580526179	0.518298138932955
32.65	0.589558249176609	0.654407075105437	0.516897808989895
32.75	0.570673750537062	0.632866654171495	0.506855336187627
32.85	0.535375811151569	0.60024317154443	0.480602092084644
32.95	0.49630014295934	0.560255159266954	0.450326328815685
33.05	0.458006282240898	0.514747563088686	0.414004995319617
33.15	0.423017077281893	0.475547953234891	0.382274963451165
33.25	0.394021290730684	0.445320884092902	0.352598493057434
33.35	0.372319086569558	0.419006616487414	0.327746984099346
33.45	0.358812319964711	0.399883161220055	0.310653891420883
33.55	0.353540318402923	0.392538629631447	0.305298960389823
33.65	0.355626704157947	0.392796742795054	0.307504968162543
33.75	0.36201919968488	0.400716208662837	0.316112230758157
33.85	0.370937999781009	0.406278217260633	0.332191395933422
33.95	0.381240587031498	0.414198374099678	0.345468228802221
34.05	0.391360203985141	0.424558816139134	0.355607310126482
34.15	0.400575186144632	0.433050237272558	0.369153299393267
34.25	0.408239337887043	0.442417894746513	0.375929531800319
34.35	0.413966144266032	0.449297082361778	0.379646946241106
34.45	0.417515728253994	0.452920997725155	0.383507227427392
34.55	0.418902950753345	0.451400409049104	0.387239841021218
34.65	0.41832845072415	0.448429045068438	0.386703104646822
34.75	0.416348491066532	0.443271266173341	0.389156128002584
34.85	0.413681635116764	0.438923828226201	0.389160201122963
34.95	0.410607247701342	0.434610136438608	0.387697187900246
35.05	0.407409146685007	0.430204208512042	0.383403392038014
35.15	0.40434879337322	0.428050627199068	0.380145501420246
35.25	0.401476334330398	0.426385175022991	0.37585858658298
35.35	0.398856168537293	0.42391608680738	0.373122769275333
35.45	0.396603569518776	0.421688219645181	0.369138761753591
35.55	0.394731621834778	0.419201103539984	0.368353262288741
35.65	0.393237109526824	0.417004529405529	0.367850947659276
35.75	0.392115432682944	0.416152845412776	0.367501251625084
35.85	0.391369933690779	0.4135526879243	0.36750039204022
35.95	0.390991985069514	0.412125839254231	0.369139330754768
36.05	0.390897171236413	0.412613098013236	0.369611530225596
36.15	0.390974877080234	0.415011055969275	0.367611795004779
36.25	0.391066681955279	0.4168625283709	0.367268304912633
36.35	0.391114027680418	0.418038207373398	0.3673603539427
36.45	0.39103250517334	0.418958655544043	0.367021157129235
36.55	0.390652553310732	0.420279697972178	0.365302299088322
36.65	0.389838871672303	0.421624721539996	0.364162667648772
36.75	0.388507579706157	0.420009172499143	0.361217642349244
36.85	0.386673278683092	0.419241888344675	0.360609510041093
36.95	0.384478986556942	0.414280596192531	0.358207964120359
37.05	0.382043607573511	0.409732985097553	0.357296652854222
37.15	0.379537494478931	0.406514655348699	0.355930518983245
37.25	0.377178681745157	0.403187974448867	0.354038909372603
37.35	0.375165110436289	0.399803237953227	0.352675442182092
37.45	0.373722002331723	0.396879015143268	0.348884869509556
37.55	0.373460911078047	0.398639385773654	0.342147740371817
37.65	0.375114410690239	0.402703142301108	0.343260845047789
37.75	0.379191796936619	0.408915005411719	0.346332978735175
37.85	0.386252494329412	0.414731354536029	0.353943212720959
37.95	0.39610265016501	0.426691265605205	0.365406373845295
38.05	0.407131305274316	0.438142770568249	0.375198667588295
38.15	0.418715036029395	0.448200920376362	0.389649348053131
38.25	0.429511021689465	0.456678963454977	0.401256078171306
38.35	0.438086811497618	0.464090840643469	0.413758762647949
38.45	0.444018006662305	0.469720969199726	0.419983139013456
38.55	0.446852396582239	0.473308256456555	0.421196312184003
38.65	0.446352728748317	0.473478120383739	0.417984738261518
38.75	0.442449520704026	0.473312432821487	0.410404034829118
38.85	0.43521195076725	0.469388266828272	0.399418298446294
38.95	0.424993947313438	0.457617289545277	0.385745096173012
39.05	0.412316617322607	0.446226545759473	0.370526186958712
39.15	0.398608455979737	0.432673470755977	0.35699077365465
39.25	0.384652613642521	0.418467446857009	0.348497565898887
39.35	0.370554017703324	0.40871116998357	0.339082538234762
39.45	0.356089386957788	0.397155757906189	0.321100897611491
39.55	0.341055613225302	0.388138339929098	0.30260241426124
39.65	0.325841539604568	0.378386833750737	0.284037737169434
39.75	0.31136250028046	0.357889524680397	0.269861375491523
39.85	0.298916926244966	0.340511394770728	0.260969282906462
39.95	0.289943479798769	0.324512207844653	0.251634199487619
40.05	0.285445334913621	0.325179863251647	0.24559701227756
40.15	0.286106264718827	0.329240785650404	0.239780354308337
40.25	0.291876863606539	0.333483125522643	0.244351949084408
40.35	0.301263959819705	0.338548138262914	0.2559818594174
40.45	0.311436919089519	0.347972338341796	0.275600751536844
40.55	0.320245661594838	0.355196814438186	0.28741897215066
40.65	0.326901829669227	0.362228329738811	0.294001750298619
40.75	0.330969281841135	0.366502793345967	0.298274513060871
40.85	0.332263431746675	0.367177312902898	0.298936227998005
40.95	0.330689670645498	0.365716929759137	0.298862903129286
41.05	0.326229796246964	0.361099410211937	0.29287145697323
41.15	0.319341970830174	0.352848018415587	0.283127389027676
41.25	0.310989129460335	0.345774327281143	0.275787326744225
41.35	0.302489809742786	0.33883940415633	0.268336475403632
41.45	0.294455365842461	0.329243988109917	0.261059015255623
41.55	0.287324259502984	0.319430886186327	0.256174646581076
41.65	0.28199053292194	0.312047657270177	0.249872573531189
41.75	0.279251161260571	0.309456329290955	0.245140975183734
41.85	0.279540639807661	0.314167908923184	0.243138757769394
41.95	0.283437850073382	0.319891532729905	0.246814920845516
42.05	0.291016196948887	0.330759650667747	0.250216942568734
42.15	0.301657931528341	0.348387956280109	0.258444172422052
42.25	0.313190271391299	0.367556614251415	0.267402131678853
42.35	0.321026189152886	0.382767401800153	0.276701981089953
42.45	0.321145533932912	0.384889876670318	0.27519508349315
42.55	0.313720541805843	0.366052556623119	0.266886311567557
42.65	0.301982634912251	0.349804710512276	0.250293005627334
42.75	0.291008323025152	0.341163978112248	0.221696406568683
42.85	0.286666266535368	0.335919069873877	0.202811047845981
42.95	0.290580747206345	0.337022503214795	0.211468953809616
43.05	0.298527365971492	0.338548919041612	0.243436247108594
43.15	0.303967721727683	0.342579159095762	0.26417271688814
43.25	0.304159030030634	0.349518710489149	0.263724017127902
43.35	0.298545771555119	0.350222260003852	0.255708310171474
43.45	0.287163729887368	0.343949987141899	0.242297839216032
43.55	0.271768548182811	0.328783597696563	0.224145129950053
43.65	0.257142646125997	0.311723517921879	0.211010083005114
43.75	0.247776393486037	0.294540418260694	0.203201910358022
43.85	0.245855206588181	0.286719212970744	0.206896197388748
43.95	0.252063962294291	0.290553636776773	0.210005211905341
44.05	0.264761377264843	0.302883428834572	0.220232937286511
44.15	0.281273388902913	0.323718105497195	0.234191408525376
44.25	0.29996404031585	0.344003409804037	0.253967382236357
44.35	0.318169417392876	0.363553958203783	0.276718915471931
44.45	0.332401640234651	0.384655330243036	0.290314847355307
44.55	0.338656129867112	0.39701570190226	0.292484428170919
44.65	0.338366579043034	0.390428661003477	0.288834358422612
44.75	0.335721515835148	0.378813499957049	0.284708606683459
44.85	0.334611707180777	0.374015893337729	0.282693268856352
44.95	0.336124413082869	0.376278151684801	0.285206402188463
45.05	0.33872244867692	0.381255201933348	0.290773091141787
45.15	0.340718745381817	0.38773354371092	0.294070189812899
45.25	0.340356302157466	0.400436880922344	0.294387318853171
45.35	0.334182966119717	0.406884812171709	0.288194477153016
45.45	0.318663594395259	0.379205766507809	0.273416346231654
45.55	0.297053903894265	0.350459611741501	0.247595891906215
45.65	0.275938522142135	0.326711031686211	0.225959299291543
45.75	0.258027553448215	0.305114793003258	0.201971741979911
45.85	0.246986983736907	0.296059542734251	0.186257510763601
45.95	0.244601182981679	0.295280415004984	0.183473829186454
46.05	0.249851628608629	0.297909769086292	0.188817205683411
46.15	0.260899684288376	0.30878345351424	0.204867674918792
46.25	0.275679605854517	0.324999933681066	0.228032907707171
46.35	0.292494757375081	0.343452768969142	0.24777506605221
46.45	0.307409975814319	0.365814365620828	0.260775316050154
46.55	0.316528742778718	0.382100390847947	0.266189672480358
46.65	0.318463821480876	0.384012416250291	0.263808007696749
46.75	0.312892353568988	0.370073109439966	0.25821689216621
46.85	0.300361855759357	0.356269442196903	0.245345538830829
46.95	0.286718675121931	0.342058659684321	0.226043718523409
47.05	0.280768870261804	0.336425026451919	0.218868974484146
47.15	0.286278333727101	0.342065858167269	0.229075837669346
47.25	0.304553643907433	0.367647616328858	0.236756112538551
47.35	0.324977751588102	0.413487483103517	0.243257219204342
47.45	0.317376964558508	0.403175346978893	0.236202632799475
47.55	0.285786598073362	0.357813907044163	0.218529860908511
47.65	0.266251077210872	0.332400988085633	0.198486077373656
47.75	0.285293714132528	0.359085325597073	0.215061972417253
47.85	0.364728227577807	0.447076498263091	0.275020979578432
47.95	0.507814824960022	0.597281715697145	0.414472953831054
48.05	0.642384072720014	0.722460148052023	0.553508784046094
48.15	0.693354368547656	0.765178882511506	0.61785300559186
48.25	0.688519184545489	0.771787250282539	0.601564986894177
48.35	0.685769768165397	0.792406002795523	0.587717251309921
48.45	0.696947872462856	0.801448640546172	0.604053643594698
48.55	0.708088088456628	0.813569121991768	0.617415986038255
48.65	0.692402543655468	0.810852851317828	0.583425262602278
48.75	0.636777916779845	0.745695620589057	0.489140566206338
48.85	0.558626502666704	0.706855080833134	0.355654654084196
48.95	0.565525418348491	0.76711327448075	0.355892063600826
49.05	0.726096781745665	0.955489742913141	0.502949931375465
49.15	1.0124947524908	1.26361583538033	0.807121401709476
49.25	1.39343024277772	1.60779545703743	1.24404997806909
49.35	1.79808438810531	2.0176487851738	1.61174341201824
49.45	2.16951122788053	2.38652417817933	1.95217372942702
49.55	2.45871991743925	2.63887252259909	2.18230422947404
49.65	2.58945556556022	2.74451803663773	2.34485331541787
49.75	2.54620023547984	2.70900943860282	2.34364858027486
49.85	2.3497919863602	2.53126959856982	2.17278944747385
49.95	2.13883206929098	2.31222835013584	2.02994217869941
50.05	2.03344717233943	2.22694689161674	1.91849521205987
50.15	2.02356471452038	2.19054836393094	1.88123017018931
50.25	2.0593019939867	2.18317522916244	1.9174559972896
50.35	2.08386050739631	2.17415849505786	1.93356969311221
50.45	2.07499496928821	2.17179984841159	1.8921726487947
50.55	2.03320752616039	2.16117082209937	1.84244607177146
50.65	1.96596311439493	2.11291828299075	1.78760642849882
50.75	1.89495926202642	2.07468619563438	1.73807922653025
50.85	1.86277952069992	2.05593423254914	1.71723024866622
50.95	1.89457519025148	2.07066638545037	1.74648617368498
51.05	1.99629120692859	2.16387979699193	1.84257401279525
51.15	2.17137854099085	2.34953838692664	1.96613629334129
51.25	2.43912828684283	2.6488543166887	2.12835723013847
51.35	2.81310821845532	3.04342653249613	2.50273398476583
51.45	3.27485232139633	3.45043579679639	3.07271265408662
51.55	3.75957469001923	3.94501729168956	3.56785577375681
51.65	4.19759361631656	4.43636255613386	3.98572166233133
51.75	4.53405722563327	4.75927012661884	4.30012296051479
51.85	4.73121850425819	4.90633801325714	4.5306300980463
51.95	4.76567777156492	4.92487800899649	4.61902798846961
52.05	4.64485216280649	4.84972497448364	4.44470886553636
52.15	4.51709623484456	4.67071962029542	4.38647190544403
52.25	4.51245081236921	4.60010431920213	4.38777830457055
52.35	4.57331203000753	4.68525375618409	4.4394723030749
52.45	4.66155176714857	4.83331476574873	4.49617751458151
52.55	4.70365106373487	4.95627919308116	4.5737267300802
52.65	4.58776292606772	4.90638684642875	4.40249289574006
52.75	4.18562235410122	4.55910928611963	3.83962059002912
52.85	3.47952938055291	3.81122913473631	2.96269155928297
52.95	2.63942245899776	2.9666827207932	2.05466585231329
53.05	1.76532172923871	2.00512892929033	1.26919262772629
53.15	0.929503449268906	1.43269651475624	0.371279617550227
53.25	0.53662725199804	1.42201339291734	0
53.35	0.968158235064634	1.86652304064228	0.176929520831391
53.45	2.14189134323982	2.83507230929108	1.37107381592147
53.55	3.75520895525903	4.3241584002447	3.02971975700828
53.65	5.42773458717258	6.1882656254941	4.70905889072614
53.75	6.88185973249314	7.59339355699442	6.22277748694082
53.85	7.73508653521494	8.48992512763245	7.10799737078731
53.95	7.84700491029932	8.55509363562621	7.30727191239431
54.05	7.38714872345422	7.9476896399209	6.96811626030461
54.15	6.73241514412964	7.03085203204303	6.41342437255892
54.25	6.07514130652411	6.23510081699965	5.83646751689286
54.35	5.23483890213984	5.40701912627191	5.02549172397899
54.45	4.5314162465955	4.74581285392567	4.34454165991144
54.55	4.11213148412316	4.38434925223682	3.93491049335848
54.65	3.95449667461763	4.22518754452938	3.79323973623628
54.75	4.00329665981668	4.28258214899683	3.81143434179155
54.85	4.1339334133919	4.40246465927953	3.86047593575597
54.95	4.19188271810747	4.42240097271045	3.86696487883352
55.05	4.02249467931337	4.26298216376064	3.7328603290664
55.15	3.52102788639463	3.76480988816014	3.21684174261961
55.25	2.73761142018837	2.98286440570194	2.48273106843967
55.35	1.95695809796625	2.21547085065756	1.63917717450436
55.45	1.35448329320439	1.56332460873745	1.10161666740821
55.55	0.916291726829894	1.12642055658669	0.67453229530834
55.65	0.605949592727496	0.947211964668676	0.264533696262518
55.75	0.416722331511589	0.835961525470774	0.0991650056188632
55.85	0.429359639118901	0.787546707921432	0.132474388329898
55.95	0.811401323858128	1.25341151287621	0.484269856736442
56.05	1.64482558358578	2.18474625521554	1.1942546393125
56.15	2.91128345392925	3.37928620507068	2.42130961743284
56.25	4.47085760187696	4.86487168362718	3.93171678243756
56.35	5.7593689026828	6.28509594186628	5.0761207119131
56.45	6.31477062859162	6.92534989221082	5.74358486427698
56.55	5.86156809296022	6.41221968039692	5.3433841191386
56.65	4.49238763981658	4.91705385678512	4.07398452966127
56.75	2.58367969383538	3.11236532846353	2.08871257557727
56.85	1.08332500229084	1.55804775455321	0.746492298831399
56.95	0.815142441873414	0.966800864327562	0.657997212285745
57.05	0.924791225162027	1.11063232129384	0.762660924685299
57.15	1.04425199930848	1.23106049676583	0.910225428140835
57.25	1.08426053517295	1.2584508900226	0.918706567593007
57.35	1.04480760272087	1.21784163510642	0.807845866871513
57.45	0.948324718132361	1.14187578045208	0.664105940007341
57.55	0.826621689203681	0.991879749174885	0.496434082818954
57.65	0.720132202737317	0.932907519936326	0.399566651696963
57.75	0.694882336173647	0.925563499483848	0.385991859684017
57.85	0.816435453220932	1.10084561949146	0.51767131727123
57.95	1.13054617999172	1.50920861393288	0.780045769661205
58.05	1.81347476693224	2.20139112787879	1.46241962625272
58.15	2.92928126391934	3.23149181763909	2.68906699850368
58.25	4.34197415432114	4.67427843037692	3.9437574711341
58.35	5.55548196817107	5.89716706750233	5.07468823374477
58.45	6.14234548913668	6.48697822374124	5.71232742071585
58.55	6.30999906258431	6.66807437875821	5.9564000596311
58.65	6.75671090815371	7.31633980344808	6.2577444437579
58.75	7.62625885831035	8.30648884983072	7.17404676025246
58.85	8.51307388070318	9.45112431271985	7.97555112476071
58.95	8.88502056618358	9.81367528891467	8.34094421290305
59.05	8.51205658915237	9.25711245298363	7.86518015654802
59.15	7.113830547647	7.91077940271691	5.81295152782905
59.25	4.46344293780873	5.45889499159887	2.54607898887422
59.35	1.57771874268484	2.62441517242728	0.095188842931075
59.45	0.28603066778833	2.10714992059037	0
59.55	0.980677310174925	3.24988303941773	0
59.65	3.6064953510246	5.75225766808612	2.46496614500332
59.75	7.92175876384629	9.97326039354359	6.4898614885698
59.85	13.0216305280196	14.6603271950518	10.5565936761622
59.95	17.0424651393549	18.5513646813968	14.1458704403311
60.05	18.3470718943475	20.1610631071549	16.32439329745
60.15	16.236520423398	18.1058277463932	14.8461805479941
60.25	11.8763784047249	14.2014699062145	10.7068885875441
60.35	7.24977797477573	8.86226315367679	6.20901582285966
60.45	3.69807354557368	4.69668555792231	2.71061222374886
60.55	1.84756344514387	2.63559860211965	0.676415584642283
60.65	1.59728311595413	2.22151850239071	0.72676448604285
60.75	2.31787537759406	2.89283289476606	1.58646233780454
60.85	2.720174460164	3.0633633938599	2.44430013510354
60.95	2.76371871278064	3.07302964950894	2.63651598784526
61.05	2.68246127525597	2.95530606117913	2.51121068771861
61.15	2.53347595198936	2.61966130582925	2.40082551631616
61.25	2.30173329842245	2.36705753135451	2.2113189792582
61.35	2.06646218991951	2.13429680765046	2.00747683044438
61.45	2.0054073389771	2.06189379749214	1.95442567687404
61.55	2.12200766971348	2.20056230638028	2.04121301336744
61.65	2.19871057170866	2.38035192956237	1.84095044117559
61.75	2.101523754623	2.36266328042066	1.76772690285089
61.85	1.87306440589774	2.54550588195998	1.60114061162075
61.95	1.46665198954523	2.52887447464823	0.795067503703914
62.05	0.51216585424439	1.70474399526689	0
62.15	0	1.40953413881727	0
62.25	2.35264729739104	5.79689292849304	0
62.35	17.0049773695166	24.4863865771581	11.6221951569126
62.45	44.9386373030039	53.2910072561793	36.5485996815427
62.55	78.2339117231365	87.816348813362	63.4525471783766
62.6324775	99.5163983202216	113.755010810216	79.4144531305381
