phys	rec.rate	upper	lower
0.05	3.02830497551726	3.76492126574842	2.57844440862633
0.15	3.02830497551725	3.76492126574841	2.57844440862633
0.25	3.02830497551726	3.76492126574842	2.57844440862633
0.35	3.02830497551725	3.76492126574842	2.57844440862633
0.45	3.02830497551726	3.76492126574841	2.57844440862633
0.55	3.02830497551725	3.76492126574841	2.57844440862633
0.65	3.02830497551725	3.76492126574842	2.57844440862633
0.75	3.02830501968216	3.76492126574841	2.57844348043704
0.85	3.02937893486058	3.76492126574841	2.58389831489525
0.95	3.03322090976383	3.76492126574841	2.59291307504197
1.05	3.03963564350745	3.76492126574841	2.60242017509281
1.15	3.048178273561	3.76535505144751	2.63692747128263
1.25	3.05714583071172	3.76362533434508	2.67659656561621
1.35	3.06616365685988	3.76358937958329	2.70124798506172
1.45	3.07524174625398	3.76262762889171	2.72117679127413
1.55	3.08478244966144	3.76262762889172	2.74863950162106
1.65	3.09532496727593	3.76262762889172	2.78006027110274
1.75	3.10690680222872	3.76262762889172	2.80444783785079
1.85	3.11952795451978	3.76262762889173	2.82830388444128
1.95	3.13318842414912	3.76262762889173	2.85334570701134
2.05	3.14788821111674	3.7606456193614	2.87848822491993
2.15	3.16362731542265	3.73671582444866	2.90608160650747
2.25	3.18040573706684	3.7134204838138	2.93894345397796
2.35	3.19822347604931	3.69075959745682	2.97328858571922
2.45	3.21708053237007	3.66873316537767	3.00977459705665
2.55	3.2369769060291	3.64734118757638	3.0437429345997
2.65	3.25791259702641	3.62658366405296	3.07667541766625
2.75	3.279887605362	3.6249487473788	3.11083791184021
2.85	3.3029019310359	3.63970943852906	3.13583705731398
2.95	3.32695552333957	3.68515909950611	3.15759464225975
3.05	3.35191503394386	3.72738558213406	3.17576535278525
3.15	3.37753409733914	3.73716479124051	3.18890590288884
3.25	3.40381000329529	3.75362192988924	3.20531945537527
3.35	3.4307472187846	3.76107806397859	3.22584254889107
3.45	3.45834574382154	3.76275517923151	3.24435739377834
3.55	3.48660557840613	3.7702160844915	3.25818360395268
3.65	3.51552672253838	3.78775408885759	3.28703809121629
3.75	3.54510917621827	3.80711972535963	3.318977537774
3.85	3.57533768723054	3.83262320523154	3.34848056475985
3.95	3.60489096889195	3.86773732286105	3.37513398897367
4.05	3.63254316675519	3.89242035670114	3.40035056987551
4.15	3.65826552127142	3.91370587612072	3.42145259681328
4.25	3.68205803244059	3.93885751980695	3.44222256134359
4.35	3.70392070026275	3.96962498482659	3.44990685100368
4.45	3.72369987917182	4.00187059004915	3.46322057274556
4.55	3.74076365461546	4.02503293398235	3.47251294184322
4.65	3.75494959337999	4.04205945289546	3.48790789072293
4.75	3.76625769533955	4.06318734635369	3.48201012338953
4.85	3.77468796049414	4.08599877284744	3.48370538743318
4.95	3.78024038884375	4.08711965970646	3.49379971930222
5.05	3.7829149803884	4.09021929165749	3.49677207812264
5.15	3.78271173512808	4.09122241873797	3.49951316901763
5.25	3.77963065306279	4.09177669906298	3.49417964702741
5.35	3.77367173419252	4.08172563925673	3.49126472980111
5.45	3.76481737507161	4.05476202305944	3.48674314259857
5.55	3.75278578505085	4.0454867111185	3.47336552533979
5.65	3.73735023271369	4.01839212255954	3.45574567646757
5.75	3.71850428986476	3.98901721783775	3.43250616829938
5.85	3.69624795650405	3.9496573607958	3.41294824724541
5.95	3.67058123263158	3.9123154829771	3.38954930018137
6.05	3.64150411824733	3.88188933431403	3.37349215104674
6.15	3.60901661335131	3.83367564888738	3.33710944589635
6.25	3.57311871794352	3.80886826871366	3.30493749322522
6.35	3.53381043202398	3.78177229035332	3.26590141129961
6.45	3.49109175559266	3.74566334707523	3.20637909013444
6.55	3.44496268864956	3.72335941599395	3.12769696278228
6.65	3.3954232311947	3.70696978268504	3.02781622265085
6.75	3.34213551481775	3.69335451358593	2.93214799308973
6.85	3.28226862187065	3.66785835339756	2.79168727998997
6.95	3.21417731896484	3.64683763693681	2.6473839766104
7.05	3.14443578273833	3.61704418591124	2.51037542061177
7.15	3.08589834935158	3.57746843421097	2.39339934710722
7.25	3.03975665350006	3.5434417634806	2.30653880773052
7.35	3.00610353392941	3.51332109903172	2.27932147954694
7.45	2.98772231291644	3.49033584976478	2.28294591181831
7.55	2.98780411222137	3.47895110505652	2.3220491725877
7.65	3.0062914852968	3.47659739342508	2.41316563834106
7.75	3.0380211084306	3.48550922026908	2.51827970069406
7.85	3.0779719561966	3.53240065278686	2.60130559895591
7.95	3.12621374014163	3.59545170921474	2.69279703865394
8.05	3.18065853928717	3.65783642620702	2.77946097585492
8.15	3.23110426290361	3.73422219106061	2.81943607312218
8.25	3.26667069346487	3.75956626099615	2.86145890100966
8.35	3.28457342615217	3.76522124745499	2.84641811955714
8.45	3.29017947143885	3.77496715917888	2.83588480633147
8.55	3.29093924923382	3.75922510534634	2.81478754273757
8.65	3.28743154693714	3.74772475279178	2.80261012283543
8.75	3.2796563645488	3.75769979981282	2.79990051172332
8.85	3.267735365021	3.7431601062127	2.79985720844279
8.95	3.25182455277161	3.72852788391443	2.78545090573676
9.05	3.23010893265774	3.71927729995469	2.76967997313974
9.15	3.20055206301805	3.67774998180225	2.74460454268339
9.25	3.15840519043136	3.64534045157226	2.70653407230871
9.35	3.10365497147425	3.57996949735431	2.65132951042384
9.45	3.03632152403547	3.5143883569154	2.59483624163472
9.55	2.95640484811512	3.41730600579716	2.52810892292493
9.65	2.86390494371315	3.31603110285635	2.44561074735159
9.75	2.75882181082956	3.19145028039178	2.36656029517901
9.85	2.6411603920417	3.06511537269965	2.27555122530385
9.95	2.51267701670908	2.92362649041782	2.14469988348039
10.05	2.37771377636164	2.77657327203772	2.02677778844249
10.15	2.23692997250997	2.61627460566426	1.88335417297797
10.25	2.09089164011438	2.46020331186793	1.73043412941957
10.35	1.94562932645047	2.2966313105251	1.58217791450044
10.45	1.80941218198385	2.14542836203834	1.43682416480407
10.55	1.68348000385776	2.01205210736382	1.32315918283513
10.65	1.56783279207225	1.893608204936	1.20831083515241
10.75	1.46305693395608	1.79176119898612	1.12738844794605
10.85	1.36762791250043	1.70963719333766	1.0070459825706
10.95	1.28013579615947	1.63560881941078	0.912333890258422
11.05	1.20058046774169	1.57942915763105	0.814501300644897
11.15	1.12896192724712	1.52631114492694	0.731693361741715
11.25	1.06528017467571	1.46666747029129	0.661255166748955
11.35	1.00953521002753	1.4200437742635	0.580484315047255
11.45	0.961727033302508	1.37525274212988	0.531917384621098
11.55	0.921855567970634	1.35690796983522	0.502650360338878
11.65	0.889530120871239	1.32907027778283	0.479365226793677
11.75	0.86345082590239	1.29833897557441	0.463487175124163
11.85	0.843347690005724	1.28036503857746	0.459055025908459
11.95	0.829220713181207	1.2512643969598	0.452293138173843
12.05	0.82106432312396	1.25442084877128	0.44483577245484
12.15	0.817533271132315	1.26695221938018	0.443518073892228
12.25	0.815543457020547	1.26968459402519	0.428138580404816
12.35	0.814664601751335	1.29404054916973	0.436362451084946
12.45	0.814896705324675	1.31457569171449	0.431314506230615
12.55	0.816239767740555	1.31467101851932	0.417513613996431
12.65	0.818693788998991	1.32416102420762	0.409015182661944
12.75	0.82225876909998	1.33777040510136	0.415736024387683
12.85	0.826934708043516	1.33874477397925	0.421250952255878
12.95	0.832721605829608	1.33470448416914	0.425807992531082
13.05	0.839613833053643	1.34590004220733	0.417150752424335
13.15	0.847062547466247	1.35803281482662	0.423806325930593
13.25	0.854066466023916	1.34329650494778	0.436374327384749
13.35	0.860519084801144	1.38113452129776	0.440532574970433
13.45	0.866420403797889	1.37694120367995	0.453409359094614
13.55	0.871770423014181	1.35238091319435	0.475821765464289
13.65	0.876569142450025	1.33429769712882	0.493139975999304
13.75	0.880816455791051	1.32052112061355	0.515471490751921
13.85	0.884062728292957	1.31767124970307	0.507031158692577
13.95	0.884830725108564	1.342472770578	0.493389949669897
14.05	0.883020001266264	1.35546492822694	0.459616170407728
14.15	0.883292862345339	1.36800868549864	0.379040455597252
14.25	0.893188225857692	1.40317894010462	0.335249972809366
14.35	0.91505619223232	1.45692710634165	0.299486619335451
14.45	0.948935363451473	1.52681676195923	0.279732495107797
14.55	0.994825739515155	1.59197288697715	0.275985173555927
14.65	1.05272732042336	1.65328869921841	0.317019751107329
14.75	1.12264010617611	1.73331121994938	0.362272245767799
14.85	1.20456409677337	1.81998546042519	0.42350869598275
14.95	1.29849929221516	1.93748433849399	0.51583053371262
15.05	1.40444569250148	2.06638028472778	0.626362020616117
15.15	1.52240329763234	2.20534546997665	0.733657531999658
15.25	1.65237210760769	2.42001070372875	0.853908415387298
15.35	1.79435212242762	2.68582628335744	0.968266418567827
15.45	1.94642052564048	2.96162422973576	1.09830386642177
15.55	2.09400964633199	3.2310937839515	1.23645136459361
15.65	2.20892821490582	3.46092860887356	1.37375066222686
15.75	2.28104693192468	3.54468985452974	1.46654258375634
15.85	2.31126145630385	3.51939685091792	1.51277113934171
15.95	2.30422902573833	3.40007010807326	1.53756316614555
16.05	2.28243682671015	3.3222353487475	1.5566872535626
16.15	2.25610250319009	3.26308362028808	1.52440395357211
16.25	2.22555980172005	3.17549298150812	1.47815634105666
16.35	2.19080872229994	3.08108384898244	1.41432796383732
16.45	2.15184926492985	2.96694764401415	1.35970232069853
16.55	2.1086814296097	2.90928970518085	1.33661754063759
16.65	2.06130521633956	2.85822466993882	1.29382568503181
16.75	2.00968276892842	2.81315568001402	1.26470474658459
16.85	1.95187608905851	2.74651777025096	1.2218602101178
16.95	1.88505873288998	2.66900882510237	1.15502722117144
17.05	1.80900718469654	2.56576399306959	1.10025850238457
17.15	1.72372144447824	2.44195372084344	1.05452230979212
17.25	1.62920151223504	2.34639470472008	0.998703909384245
17.35	1.52544738796699	2.22410975309493	0.898618054458195
17.45	1.41249733997301	2.08212254301662	0.780206264129551
17.55	1.29311391422564	1.98026775298371	0.628441851961309
17.65	1.1734938978372	1.8722382553265	0.460948458742712
17.75	1.05567713976107	1.74286092578926	0.293028844285108
17.85	0.939720808041293	1.62521869262282	0.101287464962891
17.95	0.825624902677896	1.51638245364608	0
18.05	0.713389423670893	1.41584925308285	0
18.15	0.603014371020248	1.27426640432145	0
18.25	0.494499744725988	1.16140895086558	0
18.35	0.387845544788101	1.06133415747544	0
18.45	0.283051771206596	0.953042975389586	0
18.55	0.182990761120354	0.896527497889446	0
18.65	0.105929680799697	0.84773129408579	0
18.75	0.0577006289493792	0.812721177460465	0
18.85	0.0364711229615179	0.780877756089971	0
18.95	0.0372110210117461	0.747493041316883	0
19.05	0.0487264968340487	0.715922615214769	0
19.15	0.064791968937667	0.684393346842596	0
19.25	0.0851613107344552	0.652265122476867	0
19.35	0.106511653966758	0.621929131925885	0
19.45	0.12627956452044	0.580835129902729	0
19.55	0.144549956868481	0.547896796449812	0
19.65	0.161322831010907	0.527388673959855	0
19.75	0.176598186947693	0.500602522954873	0
19.85	0.190376024678848	0.477722637935337	0
19.95	0.202656344204381	0.460573872154005	0
20.05	0.213439145524277	0.453961398059252	0
20.15	0.222724428638547	0.459588311926606	0
20.25	0.230512193547182	0.456915149631647	0
20.35	0.236802440250196	0.461291129595591	0
20.45	0.241595168747571	0.47607726349342	0
20.55	0.244890379039323	0.481533229393724	0
20.65	0.246688071125436	0.48822582945729	0
20.75	0.246988245005927	0.493690369841992	0
20.85	0.245790900680788	0.491269512947767	0
20.95	0.243096038150012	0.481503004815266	0
21.05	0.238903657413614	0.47804195331149	0
21.15	0.233213758471584	0.466543232116536	0
21.25	0.226026341323926	0.449497593912208	0.00314325083449248
21.35	0.217341405970622	0.435412828671645	0.00641928010864303
21.45	0.207158106235688	0.430349786416631	0.00322510348543233
21.55	0.195676320501955	0.411490301324434	0.00554394706056619
21.65	0.184694693539461	0.399507182457492	0
21.75	0.17491994075036	0.39133172817883	0
21.85	0.166543636752287	0.381120978814172	0
21.95	0.160724045448112	0.377083749448553	0
22.05	0.157895335337601	0.379093312083267	0
22.15	0.1580588179272	0.362085420437507	0
22.25	0.161701518623199	0.36735357739682	0
22.35	0.169671242819203	0.38087210842615	0
22.45	0.181908248365545	0.40663761171651	0
22.55	0.198411885405985	0.427586269206899	0.00456910356588474
22.65	0.219182153940474	0.456123057411972	0.0200707630980489
22.75	0.244219053969051	0.493353261236002	0.0366662587565142
22.85	0.273522585491701	0.531761319041846	0.0495753823609235
22.95	0.307092929542477	0.578771937890709	0.0658697370221205
23.05	0.344764814046753	0.640480201633179	0.0765599790995164
23.15	0.38487363318781	0.705104385562172	0.0844494477434991
23.25	0.425143902831289	0.772912904107001	0.0992798396504892
23.35	0.464366882464839	0.85123613958727	0.105942458360973
23.45	0.502512094554343	0.911821276565501	0.107470443113201
23.55	0.539578451230535	0.971566993726487	0.104595231201092
23.65	0.574599116765753	1.05727371271874	0.0770238562523058
23.75	0.604191765167408	1.1417686437869	0.0639890487601629
23.85	0.626983465105704	1.22307886719775	0.0255875691347814
23.95	0.647164096410578	1.29759751517954	0
24.05	0.66519386795323	1.37778470836825	0
24.15	0.681599888861081	1.43424873978996	0
24.25	0.697782258658827	1.46287295738554	0
24.35	0.717087624555628	1.5017190824126	0
24.45	0.742512071874648	1.4837088917572	0
24.55	0.774365780535265	1.4811011459415	0
24.65	0.821781439937121	1.5185207219344	0
24.75	0.884581405152094	1.57984381461784	0
24.85	0.959568308651154	1.66733454442155	0
24.95	1.04249867983203	1.78330000374752	0.0609147154405547
25.05	1.1201739576286	1.90687914327214	0.207287394209003
25.15	1.19003548601186	1.97641367542788	0.285658391267157
25.25	1.25208326498185	2.04913862179899	0.414105883549798
25.35	1.30631729453854	2.11623059062216	0.563194518012959
25.45	1.35146074314149	2.1758243566648	0.677611474643662
25.55	1.37074688469905	2.17487687525729	0.795783221020254
25.65	1.36617137142428	2.16093463264765	0.823767361454537
25.75	1.34138551428424	2.07811650343735	0.807748419845552
25.85	1.30287789996464	2.00028240088186	0.780481137040361
25.95	1.25825584570935	1.91686195613323	0.736822377490655
26.05	1.20795280859612	1.8173732118582	0.686042005336902
26.15	1.15212374845153	1.78615911956254	0.633867622450697
26.25	1.09456944760053	1.73134820189065	0.585963410513839
26.35	1.03922703693039	1.68791074570627	0.514988456675635
26.45	0.986278756599681	1.67370351711267	0.473294271808109
26.55	0.935724606608489	1.63282571639436	0.424299560294976
26.65	0.887564586956747	1.6014844763725	0.376868614043094
26.75	0.841798697644457	1.54737671465675	0.327407643941928
26.85	0.798426938671672	1.51155761073686	0.299376659749567
26.95	0.757449310038348	1.4938179037689	0.260789073764272
27.05	0.718963571304976	1.42687777038499	0.233221061881644
27.15	0.68457736249931	1.36139717812169	0.220708550400762
27.25	0.655606795005779	1.33675885947296	0.220549148666385
27.35	0.632091058690173	1.30289365950487	0.223110911162655
27.45	0.61508648869049	1.18458142217929	0.237834116741629
27.55	0.605083020320443	1.13566392219469	0.247904647910442
27.65	0.599581190892754	1.07680513132893	0.268628884079206
27.75	0.598220915497724	1.05824791162917	0.283530248700088
27.85	0.601002194135366	1.01976263169513	0.303396404387555
27.95	0.607898808604006	1.01670655235007	0.304697743077157
28.05	0.618097596041802	1.01920250783342	0.312150338369142
28.15	0.63066138431209	1.04570055525125	0.316795387209038
28.25	0.64626425446465	1.06916865784852	0.31194520819387
28.35	0.665994407299524	1.07876247246107	0.302090010609617
28.45	0.689447457457292	1.1490530345053	0.296296706593362
28.55	0.700547740520249	1.16775817272445	0.29270443573773
28.65	0.703371156220411	1.12759291033579	0.297943896700891
28.75	0.704813840318998	1.09390081787512	0.302013446817038
28.85	0.704875792815974	1.05533179621424	0.302464545549993
28.95	0.703557013711331	1.02731075883036	0.30756447635747
29.05	0.700857503005129	1.03245424769726	0.309117174593362
29.15	0.6967772606973	1.03337108903758	0.310911402521593
29.25	0.691316286787893	1.05368655072185	0.303327869105736
29.35	0.684474581276854	1.0670022911946	0.308310822741302
29.45	0.67625214416425	1.07005889393311	0.314071629065042
29.55	0.666648975450035	1.06894170737047	0.319875091159948
29.65	0.655665075134216	1.06075314924383	0.319143919279765
29.75	0.643300443216805	1.04532263029288	0.320260145763276
29.85	0.629555079697801	1.02472735397379	0.317309123420826
29.95	0.614428984577195	1.00454891662893	0.315110669577398
30.05	0.597922157854971	0.978694739257519	0.317527245535126
30.15	0.580034599531175	0.946199746487157	0.313018797453871
30.25	0.560766309605774	0.908278196237711	0.307793673471898
30.35	0.540117288078768	0.863242125951077	0.30298086851647
30.45	0.51808753495016	0.810491007353849	0.299344921123422
30.55	0.494677066462758	0.757507660345217	0.296721218228654
30.65	0.47026223256051	0.699217029659924	0.291395991465669
30.75	0.446193119499646	0.64636569004099	0.275665454238741
30.85	0.422772352728413	0.595027561391941	0.26517665316576
30.95	0.39999993224676	0.549674708743447	0.256266941937032
31.05	0.377875858054724	0.512759903420788	0.240133721125933
31.15	0.356400130152275	0.47659843166232	0.223811059296353
31.25	0.335572748539445	0.44523107104048	0.205201778883853
31.35	0.315393713216206	0.421612802215648	0.186638996171401
31.45	0.295863024182577	0.413789309174561	0.168918642887695
31.55	0.276980681438533	0.406511461182947	0.141102998093815
31.65	0.25874668498412	0.400693112706402	0.115285140469782
31.75	0.24116103481929	0.393055868948231	0.0847803984767417
31.85	0.224223730944068	0.389960423856136	0.0550936215772345
31.95	0.207934773358456	0.384489375665223	0.0267992162845078
32.05	0.192294162062434	0.378294325864926	0
32.15	0.177301897056024	0.374367344038152	0
32.25	0.162957978339205	0.369592930720788	0
32.35	0.149262405912	0.366436767007671	0
32.45	0.1362151797744	0.362486644923273	0
32.55	0.12381629992639	0.35969863949018	0
32.65	0.11206576636799	0.357777195152656	0
32.75	0.100963579099194	0.357626955331629	0
32.85	0.0905097381200014	0.35668638117323	0
32.95	0.0807042434304095	0.353701303840641	0
33.05	0.0715470950304123	0.348953568001328	0
33.15	0.0630382929200329	0.346469868184718	0
33.25	0.0551778370992454	0.344264255272588	0
33.35	0.0479657275680668	0.341370586093424	0
33.45	0.0414019643264802	0.33641597168599	0
33.55	0.0354865473745079	0.337268312879779	0
33.65	0.0302194767121356	0.335713668618605	0
33.75	0.025600752339366	0.335787728078927	0
33.85	0.0216303742561891	0.335924736194597	0
33.95	0.0183083424626294	0.336120497384892	0
34.05	0.0156346569586639	0.338656823958978	0
34.15	0.0136093177443105	0.339162497825092	0
34.25	0.0122323248195496	0.336754357260079	0
34.35	0.0115036781843931	0.336274363763093	0
34.45	0.011423377838835	0.334291897542564	0
34.55	0.0136753006297254	0.337665398200962	0
34.65	0.0227831552061067	0.339030943879216	0
34.75	0.0333831553337211	0.340611637642195	0
34.85	0.0444818322628693	0.339844627359628	0
34.95	0.056079185993547	0.342893047971217	0
35.05	0.068175216525764	0.344937566552327	0
35.15	0.0807699238595239	0.347637960390103	0
35.25	0.0938633079948049	0.357548886960711	0
35.35	0.107455368931635	0.362800066149911	0
35.45	0.12154610666999	0.372642262884465	0
35.55	0.136135521209888	0.377921852210159	0
35.65	0.151223612551313	0.385111343032086	0
35.75	0.166810380694281	0.392825155854188	0
35.85	0.182895825638774	0.398516711473453	0
35.95	0.199479947384817	0.409304912645941	0.016261657367268
36.05	0.216562745932383	0.422620741398865	0.0400613264249662
36.15	0.234144221281488	0.443089850248069	0.0597780799156516
36.25	0.252224373432132	0.459508414028056	0.0832607630396313
36.35	0.270803202384302	0.476125274284904	0.104685858839882
36.45	0.289880708138019	0.489296687771507	0.126689736365877
36.55	0.30945689069326	0.503246949072757	0.144312783564213
36.65	0.329531750050046	0.523644607028604	0.16561761960003
36.75	0.350105286208368	0.539349799086355	0.18839456677524
36.85	0.371177499168209	0.57093807895256	0.212673644770722
36.95	0.392748388929599	0.594879987158464	0.236274535840275
37.05	0.414817955492524	0.627646896480114	0.256958065974725
37.15	0.437386198856971	0.655823928482986	0.284589445808043
37.25	0.460453119022986	0.682634683002972	0.300332917588576
37.35	0.4840187159905	0.713411578894028	0.317911349640648
37.45	0.508082989759551	0.755504201105236	0.32838847351796
37.55	0.53264594033018	0.796131006880214	0.339471798920999
37.65	0.557707567702282	0.857640697163296	0.344839298951041
37.75	0.583267871875971	0.911972364979822	0.359822147726632
37.85	0.609323647184634	0.975636877724323	0.364849145822846
37.95	0.634067669469624	1.0122948783809	0.366676850688917
38.05	0.653565135076934	1.02223320274296	0.371468101951402
38.15	0.669672700063329	1.01378082276301	0.377092569998664
38.25	0.684927739338314	1.00759916292801	0.381024320774299
38.35	0.699876471981494	1.00017361857305	0.395848996133496
38.45	0.71455162172105	1.00658112085838	0.411945154514582
38.55	0.728953188557096	1.01507308046875	0.427464994800055
38.65	0.743081172489609	1.01597202983496	0.440596140534224
38.75	0.756935573518499	1.01976854706295	0.444449029653454
38.85	0.7705163916439	1.01723481536277	0.454743800930248
38.95	0.783823626865748	1.02641916732211	0.453671177137678
39.05	0.796857279184006	1.04043762872292	0.463564521763303
39.15	0.809602272434618	1.04601658265791	0.48275810484215
39.25	0.82150765523135	1.05479317894031	0.493732499373675
39.35	0.831877409608607	1.06668593120171	0.500670073881915
39.45	0.840666948327497	1.07459697660738	0.516577777630196
39.55	0.847876271387874	1.09051280398024	0.519767469385096
39.65	0.853505378789889	1.09577469726875	0.522959133358306
39.75	0.857554270533486	1.09792747256313	0.524612726829595
39.85	0.860022946618633	1.1006933804177	0.533732853067265
39.95	0.860911407045368	1.10239039607013	0.531297595334545
40.05	0.860219651813657	1.10671470722195	0.537466136466639
40.15	0.857947680923539	1.10945707155385	0.542479915161882
40.25	0.854095494375046	1.10629836149839	0.547252099304486
40.35	0.848663092168035	1.10002363820896	0.544479536356923
40.45	0.841650474302669	1.09473317571864	0.546852466610029
40.55	0.833057640778893	1.08354795148101	0.556977940703479
40.65	0.822884591596621	1.0726382889067	0.558477923917249
40.75	0.811131326755989	1.05710786204326	0.544709041664192
40.85	0.797797846256917	1.04787793160318	0.523610576653302
40.95	0.782884150099399	1.03579468268869	0.497157851931856
41.05	0.766390238283483	1.02271900808557	0.463673218200175
41.15	0.748316110809165	1.0117408099853	0.420115898122846
41.25	0.728661767676361	0.996056645635765	0.376956410801418
41.35	0.707427208885203	0.978508434605008	0.325853724503093
41.45	0.684723748809708	0.956460848360599	0.278946053734923
41.55	0.661836100795141	0.952855347937881	0.23947627783239
41.65	0.63958870978167	0.932847502994885	0.214291781289582
41.75	0.617995120077243	0.942221023317182	0.179187064268022
41.85	0.597055331681896	0.953053026972951	0.139506454646229
41.95	0.576769407714389	0.974102600709559	0.113561283657062
42.05	0.564451253840045	0.988404678501533	0.0857061933951991
42.15	0.572695019143343	1.01430368083394	0.117091719367402
42.25	0.598437679639504	1.07675392601862	0.149809230621954
42.35	0.623819920206968	1.11403359746386	0.155765450176394
42.45	0.639729460607953	1.15862574985475	0.13785803609132
42.55	0.646093538262749	1.21960206457935	0.110767153710297
42.65	0.642912153171406	1.24921069597079	0.0721162476165141
42.75	0.630185305333904	1.25663570020526	0.0457033069116897
42.85	0.607912994750209	1.26867321221098	0
42.95	0.576095221420372	1.23449230154243	0
43.05	0.534731985344402	1.21517420416718	0
43.15	0.483817314173664	1.1933472713284	0
43.25	0.4229731648636	1.17067765447837	0
43.35	0.351601952125307	1.14295403670318	0
43.45	0.269395905682931	1.08928599505457	0
43.55	0.17705090643737	1.02174255324955	0
43.65	0.0780884882726029	0.937535940319393	0
43.75	0	0.832735485704476	0
43.85	0	0.73008800682978	0
43.95	0	0.676676469639802	0
44.05	0	0.658452851085337	0
44.15	0	0.623852127557296	0
44.25	0	0.597924620735194	0
44.35	0	0.621700220925468	0
44.45	0	0.657760361953498	0
44.55	0	0.646818557910659	0
44.65	0	0.643919048494719	0
44.75	0	0.611435766129347	0
44.85	0	0.578820725028163	0
44.95	0	0.51708273350073	0
45.05	0	0.446590282508615	0
45.15	0	0.380001269522679	0
45.25	0	0.32290201923984	0
45.35	0	0.283020396654325	0
45.45	0	0.252544050812489	0
45.55	0	0.212459364045797	0
45.65	0	0.191486512176209	0
45.75	0	0.195736092469192	0
45.85	0	0.215500142398258	0
45.95	0	0.225106749194449	0
46.05	0	0.250783653460518	0
46.15	0	0.276181834197679	0
46.25	0	0.299074152359583	0
46.35	0	0.321428988318559	0
46.45	0	0.3514639798106	0
46.55	0	0.370982382939283	0
46.65	0	0.390739783009145	0
46.75	0	0.412696355956322	0
46.85	0	0.440665337062108	0
46.95	0	0.459058363150246	0
47.05	0.0020759106196341	0.472217814661109	0
47.15	0.0185624007212153	0.485960353604226	0
47.25	0.0342008312445268	0.493503414336182	0
47.35	0.0489912021895902	0.499197887545002	0
47.45	0.0629335135563975	0.502222738363459	0
47.55	0.0760277848375694	0.504644413490814	0
47.65	0.0883267786714859	0.503347145006586	0
47.75	0.0999981096051638	0.498255859818208	0
47.85	0.111127682856492	0.490820630911539	0
47.95	0.122112605789199	0.476804673963976	0
48.05	0.133133898390793	0.472572431224713	0
48.15	0.144192481631307	0.465766493857521	0
48.25	0.155288355510695	0.450616412086217	0
48.35	0.166421520028982	0.451089774815504	0
48.45	0.177591975186152	0.451513503163499	0
48.55	0.18879972098223	0.454078841417778	0
48.65	0.200044757417179	0.461561539767452	0
48.75	0.211327084491033	0.478851529013371	0
48.85	0.222646702203782	0.476822522259381	0
48.95	0.234003610555413	0.491378506689658	0
49.05	0.245397809545937	0.502090932040485	0
49.15	0.256829299175362	0.50807019677668	0.00114864088352105
49.25	0.26829807944366	0.518408704624194	0.0201216584744672
49.35	0.27980415035087	0.532167119018531	0.0278399058478232
49.45	0.291347511896968	0.544848296166596	0.0359025845069747
49.55	0.302928164081938	0.557034831758936	0.0475189020728923
49.65	0.314546106905835	0.569701795349545	0.0606922748068479
49.75	0.326201340368589	0.588111339523453	0.0771336085914658
49.85	0.337893864470248	0.601848038927763	0.0865084949723821
49.95	0.349623679210811	0.625360377819144	0.102457633718963
50.05	0.361390784590248	0.640295947468608	0.114197130289791
50.15	0.373195180608578	0.653505831425269	0.12675248693799
50.25	0.385036867265825	0.66548170708226	0.137049925830315
50.35	0.396915844561915	0.677068394444914	0.159258106777212
50.45	0.408832112496954	0.68755116683308	0.177401845574919
50.55	0.420785671070839	0.705675979701211	0.186836768572772
50.65	0.432776520283638	0.71903807714746	0.195476416656807
50.75	0.444804660135327	0.728665365668379	0.21049828475962
50.85	0.456870090625897	0.737246278927575	0.223704768051489
50.95	0.468972811755362	0.749909093164165	0.233518403330497
51.05	0.481112823523748	0.764447944207754	0.252790384275942
51.15	0.493290125930966	0.77671598413835	0.266128012238452
51.25	0.505504718977134	0.789912963971028	0.275829572780184
51.35	0.517756602662169	0.806292672048245	0.28765054917784
51.45	0.530045776986089	0.822504460629081	0.291655046192137
51.55	0.54237224194892	0.829543966980639	0.299094940262767
51.65	0.554735997550618	0.84432885600268	0.309583220041268
51.75	0.567137043791216	0.876841542276452	0.320951911377617
51.85	0.579575380670741	0.891631283039444	0.327274089904352
51.95	0.592051008189104	0.899299368210368	0.331756877602964
52.05	0.604364935717457	0.915803764546191	0.332825412760161
52.15	0.615413833353623	0.932802979532611	0.335885349478242
52.25	0.624862475013234	0.949506512072708	0.352641163954834
52.35	0.632824538327876	0.943359908576052	0.35825876862563
52.45	0.639317778520276	0.939359178685585	0.36428692877604
52.55	0.644342195590433	0.934801182153335	0.364217747721838
52.65	0.64789778953835	0.924279779511003	0.36746512637229
52.75	0.65000949993999	0.909703531587394	0.369396236742867
52.85	0.651169775355872	0.89047795569262	0.371141564919816
52.95	0.65182979558688	0.879420587365308	0.369406031791133
53.05	0.652006226631298	0.85869299838028	0.36850459335497
53.15	0.651699068489237	0.841221797384089	0.366802502610678
53.25	0.650908321160654	0.827385901190335	0.366127659706006
53.35	0.64963398464553	0.810188896701379	0.3654212988772
53.45	0.647876058943882	0.797634763621411	0.364705130250511
53.55	0.645634544055758	0.793252367384857	0.364146715309133
53.65	0.642909439981042	0.792898377759934	0.366677133596394
53.75	0.639700746719861	0.79071550621427	0.363765951118445
53.85	0.636008464272153	0.790738312402746	0.36320185208041
53.95	0.631832592637886	0.790656741461007	0.361048309275508
54.05	0.627173131817145	0.78903504917187	0.360317682896941
54.15	0.622030081809837	0.788162120935469	0.35952273988773
54.25	0.616403442616033	0.783882219965807	0.36179328193254
54.35	0.61029321423572	0.77840637345227	0.364519510144259
54.45	0.60369939666885	0.774546251484837	0.363857834437444
54.55	0.596621989915466	0.771414992452577	0.363262473830322
54.65	0.58906099397561	0.762418588450041	0.362959120884698
54.75	0.581016408849162	0.755613829973104	0.358856893794807
54.85	0.572488234536228	0.746930274855183	0.354878477036877
54.95	0.563476471036785	0.736106399164034	0.353525586687875
55.05	0.553981118350795	0.725353445183583	0.352124037003828
55.15	0.544002176478305	0.711995288463088	0.351075657085195
55.25	0.533539645419274	0.702428272121778	0.347807291187021
55.35	0.522593525173713	0.68852084229538	0.339129268958708
55.45	0.511224770881809	0.676525972477559	0.336684094043269
55.55	0.500012057252146	0.667649249764849	0.334247085314419
55.65	0.489147545730137	0.650969725563086	0.332849110509829
55.75	0.478443894052977	0.633157843774816	0.331444271628087
55.85	0.467885883966559	0.618343512644584	0.328450972511596
55.95	0.45747351547096	0.606717979503655	0.326476071835619
56.05	0.447206788566096	0.596473588659995	0.324302034449268
56.15	0.437085703252021	0.587331052929067	0.321672156593988
56.25	0.427110259528733	0.577996298471885	0.316072909714182
56.35	0.417280457396198	0.569288945738212	0.312026149218236
56.45	0.407596296854441	0.558639275990581	0.308896801893688
56.55	0.398057777903471	0.549324415378247	0.306117803609955
56.65	0.388664900543258	0.543078663632094	0.302073257732881
56.75	0.379417664773827	0.53291875794555	0.296213490718134
56.85	0.370316070595173	0.530238873968615	0.287156253989627
56.95	0.361360118007285	0.524694992958489	0.280457341183855
57.05	0.352549807010169	0.518256957394546	0.273388944118986
57.15	0.343885137603848	0.511459893521332	0.268329329302565
57.25	0.335366109788265	0.500018188934947	0.261613649926584
57.35	0.326992723563484	0.494380082402834	0.255959040604505
57.45	0.31876497892947	0.48973160832881	0.247891739670273
57.55	0.310682875886224	0.483029818141009	0.239949993412056
57.65	0.302746414433766	0.476268860147498	0.230595686056191
57.75	0.294955594572057	0.469809807669158	0.219855755504027
57.85	0.287310416301132	0.468410014492497	0.211553644421857
57.95	0.279810879620993	0.466857014426335	0.201574546247095
58.05	0.272456984531619	0.461312966239742	0.19193787257269
58.15	0.265248731033012	0.453768514751998	0.183222068386946
58.25	0.258186119125198	0.445411737896491	0.174532698802115
58.35	0.251269148808134	0.437114826503122	0.165240662738486
58.45	0.244497820081863	0.429970955264968	0.156928143275209
58.55	0.237872132946351	0.426302181533365	0.149082332400546
58.65	0.231392087401623	0.420231709056034	0.14061515139141
58.75	0.225057683447663	0.410416472550931	0.132525085379068
58.85	0.218868921084476	0.401915176334949	0.124782756702499
58.95	0.212825800312066	0.397271745164923	0.11751285106645
59.05	0.206928321130435	0.389207474715498	0.110946807676669
59.15	0.201176483539566	0.386329750698197	0.104457025917917
59.25	0.195570287539475	0.38347811851594	0.0990112493041412
59.35	0.190109733130169	0.380327882599463	0.0928413616510615
59.45	0.184794820311615	0.37809774370591	0.0877587567202177
59.55	0.17962554908386	0.375148645681991	0.0829412624827685
59.65	0.174601919446852	0.369494843366148	0.0785927143525782
59.75	0.169723931400637	0.364004959396823	0.0747575060793356
59.85	0.164991584945191	0.358369836135763	0.0713493828048354
59.95	0.160404880080515	0.353189393491912	0.0673904037702669
60.05	0.155963816806606	0.351322914271544	0.0649593506372783
60.15	0.151668395123494	0.349807732004633	0.0605480001876329
60.25	0.147518615031134	0.345909971290626	0.0570422920060035
60.35	0.143514476529556	0.341329609961946	0.0536200933489158
60.45	0.139655979618749	0.336574908989375	0.0500993958856359
60.55	0.135943124298722	0.330997561547712	0.0472390374096794
60.65	0.132375910569463	0.325434922058703	0.0434846211837699
60.75	0.128954338430978	0.320534615845397	0.0402770816581478
60.85	0.125678407883263	0.316202668169088	0.037205776798467
60.95	0.122548118926337	0.313586010787812	0.0335938623302373
61.05	0.119563471560165	0.309339812962633	0.0291935783462925
61.15	0.116724465784777	0.302981177014703	0.0253736488628192
61.25	0.114025337948112	0.296654595924156	0.0210584283134893
61.35	0.111437521340036	0.294526013362202	0.0173104893864211
61.45	0.108952181859667	0.293082437161479	0.0137838471765911
61.55	0.106569316904727	0.291099501861845	0.010453212417273
61.65	0.104288926475208	0.285714258810559	0.0085527405912894
61.75	0.102111010571107	0.281065483783969	0.00453685191638791
61.85	0.100035569192437	0.276765025649783	0
61.95	0.0980626023391765	0.273630028349064	0
62.05	0.0961921100113503	0.269141552092916	0
62.15	0.0944240922089383	0.264875682057456	0
62.25	0.0927585489319508	0.262656783334964	0
62.35	0.0911954801803879	0.260384962234003	0
62.45	0.089734885954251	0.258067638695496	0
62.55	0.0883767662535274	0.255222508682962	0
62.65	0.0871211210782304	0.251363197986899	0
62.75	0.085967950428353	0.248821517553427	0
62.85	0.0849172543038985	0.245614718017956	0
62.95	0.0839690327048715	0.242339033857927	0
63.05	0.0831232856312618	0.238321686032988	0
63.15	0.0823800130830753	0.233319764473638	0
63.25	0.081739215060315	0.230287097789202	0
63.35	0.0812008915629684	0.22777664946648	0
63.45	0.0807650425910517	0.22525217659396	0
63.55	0.0804316681445574	0.222757472004066	0
63.65	0.0802007682234723	0.220219971698738	0
63.75	0.0800723428278353	0.217615556862305	0
63.85	0.0800463919575964	0.215044869588029	0
63.95	0.0801229156127832	0.211464269140787	0
64.05	0.0803019137934076	0.208904334329498	0
64.15	0.0805866177117764	0.207027793394484	0
64.25	0.080952287178655	0.204684968527142	0
64.35	0.0813220063599816	0.202816802069929	0
64.45	0.0816885640177125	0.2009563155909	0
64.55	0.082051960151865	0.199195238990822	0
64.65	0.0824121947624068	0.197851794538201	0
64.75	0.0827692678493603	0.196054887902755	0
64.85	0.0831231794127198	0.194240166972814	0
64.95	0.0834739294524886	0.192114542359539	0
65.05	0.0838215179686557	0.19002337200166	0
65.15	0.084165944961239	0.187869431669698	0
65.25	0.0845072104302237	0.186447319973402	0
65.35	0.0848453143756115	0.184684543236895	0
65.45	0.085180256797409	0.182922453005547	0
65.55	0.0855120376956111	0.181169717815616	0
65.65	0.085840657070221	0.180017018424303	0
65.75	0.0861661149212327	0.179192821445667	0
65.85	0.0864884112486552	0.17850375220542	0
65.95	0.0868075460524852	0.177790080377949	0
66.05	0.0871235193327151	0.177056580980268	0
66.15	0.0874363310893494	0.176282404623272	0
66.25	0.0877459813224021	0.174727827738861	0
66.35	0.088052470031851	0.172630756586865	0
66.45	0.0883557972177114	0.17290029780512	0
66.55	0.0886559628799678	0.171799476443501	0
66.65	0.088952967018639	0.171324570900091	0
66.75	0.0892468096337188	0.170651606578791	0
66.85	0.0895374907251985	0.169492241130749	0
66.95	0.0898250102930829	0.168829805600292	0
67.05	0.0901093683373853	0.168279130494778	0
67.15	0.0903905648580793	0.167909474946282	0
67.25	0.0906685998551832	0.167761605208713	0
67.35	0.0909434733287018	0.16746637409393	0
67.45	0.0912151852786116	0.167127319783204	0
67.55	0.0914837357049454	0.166766750974725	0
67.65	0.0917491246076676	0.166996870555279	0
67.75	0.0920113519868083	0.167556199060352	0
67.85	0.0922704178423492	0.168863970411795	0
67.95	0.0925263221743006	0.169581059297394	0
68.05	0.0927790649826493	0.169090980424208	0
68.15	0.093028646267412	0.169491342607117	0
68.25	0.0932750660285836	0.169029968506984	0
68.35	0.0935183242661491	0.16902680074406	0
68.45	0.0937584209801385	0.168233708656958	0
68.55	0.093995356170516	0.168648589438689	0
68.65	0.0942291298373071	0.167568967148962	0
68.75	0.0944597419805085	0.168113253028546	0
68.85	0.0946871926001069	0.168589198277244	0
68.95	0.0949114816961266	0.168891758479149	0
69.05	0.0951326092685272	0.168971689696292	0
69.15	0.0953505753173583	0.16847454595488	0
69.25	0.095565379842586	0.167906322354443	0
69.35	0.0957770228442168	0.169002745538462	0
69.45	0.0959855043222569	0.168508305526591	0
69.55	0.0961908242767071	0.168327451432253	0
69.65	0.0963929827075577	0.169587297899164	0
69.75	0.0965919796148094	0.17043606840367	0
69.85	0.0967878149984806	0.170687216634755	0
69.95	0.0969804888585443	0.170609243723414	0
70.05	0.0971700011950253	0.170175520533813	0
70.15	0.0973563520079115	0.169754679182225	0
70.25	0.097539541297189	0.170177894445168	0
70.35	0.0977195690628937	0.169935119759223	0
70.45	0.0978964353049933	0.169633175489223	0
70.55	0.0980701400234936	0.169444600662535	0
70.65	0.0982406832184152	0.169192481130783	0
70.75	0.0984080648897277	0.168706740938533	0
70.85	0.0985722850374537	0.16854351327159	0
70.95	0.0987333436615931	0.168641529663612	0
71.05	0.0988912407621212	0.168448010330225	0
71.15	0.099045976339065	0.168242657639028	0
71.25	0.0991975503924184	0.167696063843785	0
71.35	0.0993459629221683	0.167098537457925	0
71.45	0.0994912139283327	0.166694015305864	0
71.55	0.0996333034109032	0.166238997245721	0
71.65	0.0997722313698687	0.165835788970054	0
71.75	0.099907997805262	0.165317765743133	0
71.85	0.100040602717033	0.164843741026598	0
71.95	0.100170046105235	0.164231182615991	0
72.05	0.100296327969832	0.163616098854673	0
72.15	0.100419448310834	0.163226293482986	0
72.25	0.100539407128244	0.162621747890514	0
72.35	0.100656204422066	0.161869155716334	0
72.45	0.100769840192282	0.161115662620818	0
72.55	0.100880314438912	0.159860804013216	0
72.65	0.100987627161944	0.158529876786542	0
72.75	0.101091778361391	0.157398345690003	0
72.85	0.101192768037232	0.156147896246059	0
72.95	0.101290596189491	0.155492860580654	0
73.05	0.101385262818142	0.154761764631968	0
73.15	0.101476767923214	0.153944468733783	0
73.25	0.101565111504682	0.153116830837234	0
73.35	0.101650293562561	0.152113065201088	0
73.45	0.101732314096835	0.151103131763738	0
73.55	0.101811173107542	0.151447927125918	0
73.65	0.101886870594628	0.151868108647329	0
73.75	0.101959406558127	0.154935711921524	0
73.85	0.102028780998032	0.155282475252631	0
73.95	0.102094993914353	0.157625436247484	0
74.05	0.102158045307069	0.158045485247263	0
74.15	0.102217935176199	0.160720067199956	0
74.25	0.102274663521723	0.165729111556452	0
74.35	0.102328230343676	0.167236667424934	0
74.45	0.102378635642003	0.172106159480196	0
74.55	0.102425879416762	0.177116699911307	0
74.65	0.10246996166792	0.180394698531372	0
74.75	0.102510882395481	0.186357235121441	0
74.85	0.102548641599449	0.19144733794767	0
74.95	0.102583239279817	0.197261722524293	0
75.05	0.102614675436604	0.20320514772844	0
75.15	0.102642950069798	0.206638222760511	0
75.25	0.102668063179377	0.211115801223487	0
75.35	0.102690014765382	0.217542352204363	0
75.45	0.10270880482779	0.224054343959457	0
75.55	0.102724433366597	0.230613989378792	0
75.65	0.102736900381812	0.234301665837095	0
75.75	0.102746205873442	0.241360011499665	0
75.85	0.102752349841464	0.248596204150525	0
75.95	0.102755332285905	0.252936906043132	0
76.05	0.102755153206739	0.259441409699874	0
76.15	0.10275181260399	0.266014503723841	0
76.25	0.102745310477656	0.271316947812055	0
76.35	0.102735646827697	0.273896152048456	0
76.45	0.102722821654174	0.280393938632073	0
76.55	0.102706834957038	0.280278538378698	0
76.65	0.102687686736324	0.286840205539322	0
76.75	0.102665376992007	0.293434048577284	0
76.85	0.102639905724094	0.299992419590763	0
76.95	0.102611272932594	0.306776681202425	0
77.05	0.102579478617491	0.313633491401545	0
77.15	0.1025445227788	0.320983302544536	0
77.25	0.10250640541652	0.32846982068284	0
77.35	0.10246512653064	0.336468302793406	0
77.45	0.102420686121163	0.344672402246653	0
77.55	0.102373084188101	0.352412344986391	0
77.65	0.102322320731431	0.361742677884407	0
77.75	0.102268395751184	0.370387821519176	0
77.85	0.102188561672166	0.379092817686333	0
77.95	0.101527933544556	0.384308815358397	0
78.05	0.0997134276287698	0.381910124768063	0
78.15	0.0967113456110873	0.36845686816518	0
78.25	0.0924939224315142	0.330453602033588	0
78.35	0.0870545669582374	0.310906126593046	0
78.45	0.0803932791912627	0.28664002660631	0
78.55	0.0725111048016369	0.269347499939952	0
78.65	0.0636101473728045	0.233557132469641	0
78.75	0.0541320712119396	0.216014763197406	0
78.85	0.0441352277860104	0.199350108046249	0
78.95	0.0336196170950223	0.183244944703737	0
79.05	0.0225852391389717	0.156478365574178	0
79.15	0.0111902795021119	0.146329323445636	0
79.25	0.000338754760032856	0.131296222558447	0
79.35	0	0.118536153683118	0
79.45	0	0.108366441815669	0
79.55	0	0.094827267161892	0
79.65	0	0.0865882860896412	0
79.75	0	0.0803431630895235	0
79.85	0	0.0740379465940701	0
79.95	0	0.0688158929157407	0
80.05	0	0.0653775737785087	0
80.15	0	0.0590726533314958	0
80.25	0	0.0572812421678557	0
80.35	0	0.0550000714497592	0
80.45	0	0.0529098388372175	0
80.55	0	0.0497798234758708	0
80.65	0	0.0461664610354253	0
80.75	0	0.0429663000332424	0
80.85	0	0.0442336558183179	0
80.95	0	0.0433660573793187	0
81.05	0	0.0417178177881698	0
81.15	0	0.0451609170859574	0
81.25	0	0.0506498440855633	0
81.35	0	0.0552152228135347	0
81.45	0	0.0667789646427652	0
81.55	0.0119366779997647	0.0846757102424325	0
81.65	0.0252439285792498	0.104149995538599	0
81.75	0.0389825008781439	0.124847557234579	0
81.85	0.0519843759705229	0.141659870240402	0
81.95	0.0636951153061574	0.156544553056218	0
82.05	0.0741485336367479	0.169331014943569	0
82.15	0.0833446309622906	0.183371486825397	0
82.25	0.0912834072828048	0.192191358288496	0
82.35	0.0979648625982721	0.198805116123625	0
82.45	0.103388996908691	0.202487110262717	0.00561217429596216
82.55	0.107555810214072	0.203370993162816	0.00579349565709414
82.65	0.110465302514401	0.202935438954214	0.010210831328204
82.75	0.112117473809705	0.1989907827258	0.0105325436867156
82.85	0.11251232409995	0.192767700858165	0.00985789907895963
82.95	0.111659862439012	0.187461769859214	0.00945729500441015
83.05	0.1098935019206	0.179658115316017	0.00842076629450723
83.15	0.107616641679921	0.171122786817965	0.00707537745271343
83.25	0.10485344748053	0.163549109582414	0.0059926449576148
83.35	0.101603919322419	0.156904993147473	0.00554319301992155
83.45	0.0978680572056097	0.151529184560081	0.00451281053547018
83.55	0.0936458611300634	0.148821114941224	0.00267378933427919
83.65	0.0889403253830248	0.145895003084429	0.00192629430763536
83.75	0.0840141059396634	0.145291302630007	0.00121194986638951
83.85	0.0793309572767443	0.147125283973116	0.000507412975142814
83.95	0.0749382150660061	0.148408858865391	0
84.05	0.0708358793074569	0.150273814916889	0
84.15	0.0670239500010738	0.150401045880979	0
84.25	0.0635024271468806	0.151364266548318	0
84.35	0.0602713107448601	0.152564407536088	0
84.45	0.0573306007950327	0.153596088125724	0
84.55	0.0546802972973785	0.154057845754918	0
84.65	0.0523204002518997	0.154102987951205	0
84.75	0.0502509096586066	0.154346419544735	0
84.85	0.0484718255174948	0.156298566787983	0
84.95	0.0470007107488801	0.156510478151352	0
85.05	0.0463479251004226	0.158108505530545	0
85.15	0.0471828356048353	0.159982041407487	0
85.25	0.0488207144044297	0.162204207225548	0
85.35	0.0501068013437261	0.160732979485282	0
85.45	0.0510003340290061	0.158250757038665	0
85.55	0.0515013124602152	0.156714774551845	0
85.65	0.051609736637407	0.159438038082692	0
85.75	0.0513810496431657	0.157519854160891	0
85.85	0.0510725046093795	0.154582279572382	0
85.95	0.0507586598129315	0.151421873442723	0
86.05	0.050439523034822	0.147748223272689	0
86.15	0.0501150942750522	0.144937534791622	0
86.25	0.04978537353362	0.142144694971341	0
86.35	0.0494503608105201	0.139369703812261	0
86.45	0.0491100561057595	0.13661256131357	0
86.55	0.048764459419331	0.133873267475885	0
86.65	0.0484135707512443	0.131151822298714	0
86.75	0.0480573901014941	0.129046961012584	0
86.85	0.0476959174700748	0.126315429386819	0
86.95	0.0473291528570011	0.123224597891783	0
87.05	0.046957096262247	0.120444528199223	0
87.15	0.0465797476858453	0.117940867888707	0
87.25	0.0461971071277756	0.115497440570512	0
87.35	0.0458091745880405	0.112846058029495	0
87.45	0.0454159500666437	0.110212900333132	0
87.55	0.0450174335635775	0.107577118929361	0
87.65	0.044613625078856	0.104997808125392	0
87.75	0.0442045246124676	0.102393936965669	0
87.85	0.0437901321644178	0.0998558055293039	0
87.95	0.0433704477346968	0.0974019685972822	0
88.05	0.0429454713233197	0.0949308217519328	0
88.15	0.0425152029302745	0.0922869535286636	0
88.25	0.0420796425555727	0.0898007036368055	0
88.35	0.0416387901991954	0.0873306634203651	0
88.45	0.0411926458611691	0.0848747979888897	0
88.55	0.0407412095414699	0.0825024126387515	0
88.65	0.0402844812401065	0.0806093074737621	0
88.75	0.0398224609570841	0.0781468641504053	0
88.85	0.0393551486923905	0.0761749043262768	0
88.95	0.0388825444460463	0.0740019084811532	0
89.05	0.0384046482180257	0.0720955674959117	0
89.15	0.0379214600083452	0.0697852615168508	0
89.25	0.0374329798170027	0.068650753548304	0
89.35	0.0369392076440008	0.0667681331240841	0
89.45	0.0364401434893275	0.0670147248352431	0
89.55	0.0359357873529999	0.0674322057773291	0
89.65	0.0354261392349986	0.0677038124476453	0
89.75	0.0349111991353323	0.0683525916516311	0
89.85	0.0343909670540146	0.0687192409883725	0
89.95	0.0338654429910243	0.0692353903655757	0
90.05	0.0333346269463727	0.0697706870292223	0
90.15	0.0327985189200609	0.0696271551188059	0
90.25	0.0322571189120807	0.070287925492605	0
90.35	0.0317104269224391	0.0709166612941919	0
90.45	0.0311584429511322	0.0715923526756162	0
90.55	0.030601166998157	0.0722450000954505	0
90.65	0.0300385990635304	0.0725214861665334	0
90.75	0.029470739147233	0.0728290441948944	0
90.85	0.0288975872492704	0.0730218558885169	0
90.95	0.0283191433696505	0.0730709095666781	0
91.05	0.0277354075083588	0.0732455987222637	0
91.15	0.0271463796654084	0.0732204348736959	0
91.25	0.0265520598407935	0.0733860774245043	0
91.35	0.0259524480345151	0.0733655781927733	0
91.45	0.0253475442465763	0.0732088272272572	0
91.55	0.0247373484769673	0.0732414410141215	0
91.65	0.0241218607256959	0.0732286985257164	0
91.75	0.0235010809927681	0.0731705997618474	0
91.85	0.0228750092781709	0.0730671447222987	0
91.95	0.0222436455819065	0.0729183334075773	0
92.05	0.0216069899039915	0.0727241658172746	0
92.15	0.0209650422443979	0.07248204775892	0
92.25	0.0203178026031494	0.0722243866924499	0
92.35	0.0196652709802342	0.0718695253935936	0
92.45	0.0190074473756565	0.0714929118190964	0
92.55	0.0183443317894117	0.0710699713751818	0
92.65	0.0176759242215072	0.0706016177515445	0
92.75	0.0170022246719445	0.0700873375297466	0
92.85	0.016323233140707	0.0693254481478473	0
92.95	0.0156389496278102	0.0685057337209386	0
93.05	0.0149493741332511	0.0676276053026874	0
93.15	0.0142545066570359	0.0668754005932295	0
93.25	0.0135543471991379	0.0660822890779113	0
93.35	0.012848895759591	0.0652456718208613	0
93.45	0.012138152338378	0.0643620665921213	0
93.55	0.0114221169355013	0.0634993393041724	0
93.65	0.0107007895509605	0.0624861214075878	0
93.75	0.00997417018475297	0.0614319138224176	0
93.85	0.0092422588368841	0.0603616520803543	0
93.95	0.00850505550735504	0.0592373240754432	0
94.05	0.00776256019615514	0.0580948919980284	0
94.15	0.00701477290330023	0.0568531567629723	0
94.25	0.0062616936287753	0.0558626317877279	0
94.35	0.00550332237258569	0.0545878168549509	0
94.45	0.00473965913474507	0.0533224917813561	0
94.55	0.00397070391522165	0.0521861341497329	0
94.65	0.00319645671405074	0.0508290746102979	0
94.75	0.00241691753120812	0.0492509362534641	0
94.85	0.00163208636670108	0.0478032631920522	0
94.95	0.00084196322053541	0.0463881394521861	0
95.05	4.65480927037692e-05	0.0451344311815355	0
95.15	0	0.0438288826238498	0
95.25	0	0.0423654027037816	0
95.35	0	0.0408732886782174	0
95.45	0	0.0391439016493451	0
95.55	0	0.0373644585898724	0
95.65	0	0.0355395260253355	0
95.75	0	0.0338064875203716	0
95.85	0	0.0321889570854506	0
95.95	0	0.0307258556263257	0
96.05	0	0.0292947674842303	0
96.15	0	0.0277521401475409	0
96.25	0	0.0259439423845165	0
96.35	0	0.0244204357834366	0
96.45	0	0.0236772744713458	0
96.55	0	0.0223569088907157	0
96.65	0	0.0210411392355277	0
96.75	0	0.0198468834727522	0
96.85	0	0.0190732569262952	0
96.95	0	0.0181861493011059	0
97.05	0	0.0166733534679903	0
97.15	0	0.0153410615665406	0
97.25	0	0.0139118926836576	0
97.35	0	0.0130372223773766	0
97.45	0	0.0120493367849093	0
97.55	0	0.0109665820312541	0
97.65	0	0.0100837512405262	0
97.75	0	0.00919195811250005	0
97.85	0	0.0083359357846118	0
97.95	0	0.008107979112419	0
98.05	0	0.00803499571648134	0
98.15	0	0.00798299343906317	0
98.25	0	0.00793616700783881	0
98.35	0	0.00827749676221725	0
98.45	0	0.00780918208466063	0
98.55	0	0.00734359956129652	0
98.65	0	0.00722453411785868	0
98.75	0	0.00734117288076356	0
98.85	0	0.00751927126766679	0
98.95	0	0.0076597745460298	0
99.05	0	0.0083038897967242	0
99.15	0	0.00792999421985072	0
99.25	0	0.00806133902030943	0
99.35	0	0.00819017379642384	0
99.45	0	0.00831649854798267	0
99.55	0	0.00852561877050844	0
99.65	0	0.00895799480347798	0
99.75	0	0.00867937388685749	0
99.85	0	0.00865438662353184	0
99.95	0	0.00820720689937682	0
100.05	0	0.00775917195211593	0
100.15	0	0.0074965563101323	0
100.25	0	0.00749359363177792	0
100.35	0	0.00757745666351224	0
100.45	0	0.00843086908330417	0
100.55	0	0.00886030285811858	0
100.65	0	0.00872394158054717	0
100.75	0	0.00888243654234979	0
100.85	0	0.00917753274177587	0
100.95	0	0.00913670523399063	0
101.05	0	0.00906188180546074	0
101.15	0	0.00894875130283752	0
101.25	0	0.00891719424963811	0
101.35	0	0.00937258899640855	0
101.45	0	0.010172971496108	0
101.55	0	0.0100751414948315	0
101.65	0	0.0102609295755217	0
101.75	0	0.0101580475394476	0
101.85	0	0.0103156472413636	0
101.95	0	0.0107065941870068	0
102.05	0	0.0107914892296188	0
102.15	0	0.010861799399026	0
102.25	0	0.0109296574548265	0
102.35	0	0.0109950633975113	0
102.45	0	0.0110580172264504	0
102.55	0	0.0111185189422621	0
102.65	0	0.0111765685446118	0
102.75	0	0.0112321660334328	0
102.85	0	0.0112853114091914	0
102.95	0	0.0113360046711441	0
103.05	0	0.0113842458198999	0
103.15	0	0.0114300348551298	0
103.25	0	0.0114733717771614	0
103.35	0	0.0119245430547134	0
103.45	0	0.0123704476475292	0
103.55	0	0.0128160007252204	0
103.65	0	0.0132612022874443	0
103.75	0	0.0137060523344777	0
103.85	0	0.0141505508663247	0
103.95	0	0.0145946978826349	0
104.05	0	0.0150384933839623	0
104.15	0	0.0154819373698229	0
104.25	0	0.0159250298405671	0
104.35	0	0.0163677707956956	0
104.45	0	0.0165906709260542	0
104.55	0	0.0167291524678838	0
104.65	0	0.0166727218192913	0
104.75	0	0.0166554881603801	0
104.85	0	0.0166745916266953	0
104.95	0	0.0166902980910413	0
105.05	0	0.0167026075540505	0
105.15	0	0.0167115200155896	0
105.25	0	0.0167170354757913	0
105.35	0	0.0167191539340949	0
105.45	0	0.0167178753908645	0
105.55	0	0.0167131998465584	0
105.65	0	0.0167840653121027	0
105.75	0	0.0171973096427769	0
105.85	0	0.0173500681999751	0
105.95	0	0.0165595401754564	0
106.05	0	0.0174675709060746	0
106.15	0	0.0183807602361547	0
106.25	0	0.0192980970285054	0
106.35	0	0.0199772309096187	0
106.45	0	0.0204635841539329	0
106.55	0	0.0209514438018523	0
106.65	0	0.0214408098530961	0
106.75	0	0.021931682308418	0
106.85	0	0.0224240611669403	0
106.95	0	0.022917946429469	0
107.05	0	0.0235090475584749	0
107.15	0	0.0244124453645198	0
107.25	0	0.0253176158566641	0
107.35	0	0.0262174133594627	0
107.45	0	0.0271220926129946	0
107.55	0	0.0280316536168901	0
107.65	0	0.028946096371733	0
107.75	0	0.0298654208768766	0
107.85	0	0.0307896271330303	0
107.95	0	0.0317187151394176	0
108.05	0	0.0322909588917771	0
108.15	0	0.033397922177617	0
108.25	0	0.0338536239817475	0
108.35	0	0.0343086817789244	0
108.45	0	0.0348978301278661	0
108.55	0	0.0358711188620054	0
108.65	0	0.0366440612406972	0
108.75	0	0.0370345263333047	0
108.85	0	0.0374247793484365	0
108.95	0	0.0378066996639127	0
109.05	0	0.0381751786937754	0
109.15	0	0.0393802399177958	0
109.25	0	0.0400484434862635	0
109.35	0	0.040209232648977	0
109.45	0	0.0403582723564591	0
109.55	0	0.0405228446573301	0
109.65	0	0.0415770862620454	0
109.75	0	0.042643644529523	0
109.85	0	0.0432016924685381	0
109.95	0	0.0444991671583058	0
110.05	0	0.0458052748198337	0
110.15	0	0.0471200154530687	0
110.25	0	0.0476998937648249	0
110.35	0	0.0485430299709107	0
110.45	0	0.0491937337563161	0
110.55	0	0.0500821211590693	0
110.65	0	0.0509194433831326	0
110.75	0	0.0515054832175777	0
110.85	0	0.0527555289525571	0
110.95	0	0.054056049175196	0
111.05	0	0.0553542803478375	0
111.15	0	0.056674575839741	0
111.25	0	0.058003106523643	0
111.35	0	0.0580990979503768	0
111.45	0	0.0591659039384653	0
111.55	0	0.0605863251097497	0
111.65	0	0.061994313749766	0
111.75	0	0.0629754349690525	0
111.85	0.000289105445051748	0.0639041032057666	0
111.95	0.00119250256503406	0.0650127870363627	0
112.05	0.002106596162448	0.0664460226597058	0
112.15	0.00303138623729974	0.0679847562161416	0
112.25	0.003966872789579	0.0697625712151446	0
112.35	0.00491305581929942	0.0712484007861787	0
112.45	0.0058699353264493	0.0727563701651418	0
112.55	0.00683751131103206	0.0743569453356983	0
112.65	0.00781578377305232	0.0759637485138186	0
112.75	0.0088047527124991	0.0775284742726404	0
112.85	0.00980441812938813	0.0792237730466293	0
112.95	0.0108147800237033	0.0807678663173032	0
113.05	0.0118358383954619	0.0821591007570817	0
113.15	0.0128675932446466	0.0835630903658243	0
113.25	0.0139100445712684	0.0858755593471991	0
113.35	0.0149631923753206	0.0875610005809776	0
113.45	0.0160270366568063	0.0892559683177827	0
113.55	0.0171015774157274	0.0907898998211085	0
113.65	0.018186814652086	0.0925250055069799	0
113.75	0.0192827483658742	0.0941503938598744	0
113.85	0.0203893785571036	0.0957847237892065	0
113.95	0.0215067052257519	0.0973862929770102	0
114.05	0.0226347283718432	0.0986353672707705	0
114.15	0.0237734479953704	0.0999298655992916	0
114.25	0.0249228640963222	0.101339440602955	0
114.35	0.0260829766747214	0.102808020982784	0
114.45	0.0272537857305417	0.104807739579365	0
114.55	0.0284352912638007	0.106425011507461	0
114.65	0.0296274932744973	0.108011688523594	0
114.75	0.0308303917626211	0.109549065315533	0
114.85	0.0320439867281776	0.111242794019037	0
114.95	0.0332746745692748	0.112876029691131	0
115.05	0.0345631109051537	0.1137296127097	0
115.15	0.0359252161362747	0.11616408500085	0
115.25	0.0373610273829382	0.117825176909295	0
115.35	0.0388705446451272	0.119958929695519	0
115.45	0.0404537679228613	0.121743853316513	0
115.55	0.0421106972161219	0.123517803588985	0
115.65	0.0438413325249123	0.125300831812188	0
115.75	0.0456456738492447	0.127092937986195	0
115.85	0.0475237211891235	0.128894122110394	0
115.95	0.0494754745445092	0.131168513363616	0
116.05	0.0515009339154531	0.133985631659219	0
116.15	0.0536000993019242	0.135847786743856	0
116.25	0.0557729707039268	0.137681001783016	0
116.35	0.0580195481214604	0.138036211991985	0
116.45	0.0603398315545362	0.139882964509383	0
116.55	0.0627338210031505	0.141743949437752	0.000332140799564201
116.65	0.0652015164672892	0.143618283245863	0.00154855364827187
116.75	0.0677566965804194	0.145521734046769	0.0031872577202809
116.85	0.070490508793057	0.14766125753119	0.0039700445016051
116.95	0.0734399695714047	0.150124572662001	0.00542065392293121
117.05	0.0765535015112824	0.152815610722873	0.00762977092317143
117.15	0.0795551864762827	0.154994515275659	0.00890069516412646
117.25	0.0823860756165774	0.156705754531331	0.00958195639918554
117.35	0.085080987455945	0.159833680290317	0.0106863182529781
117.45	0.0876415390233869	0.162474033207749	0.0113442050571108
117.55	0.0900677303189183	0.164850510001404	0.012343202379326
117.65	0.0923595613425374	0.166999297552585	0.0133030881695227
117.75	0.0945170320942171	0.169024912862051	0.014286898766772
117.85	0.0965401425739943	0.172999794551303	0.0147696510706447
117.95	0.0984288927818453	0.176628259660462	0.0155019538768082
118.05	0.100183282717778	0.180433244444324	0.0162480304422332
118.15	0.101803312381801	0.185180102978419	0.017079825557139
118.25	0.103288981773905	0.188773066850695	0.0177914177863719
118.35	0.10464029089408	0.191786135731199	0.0185494374800303
118.45	0.105857239742336	0.193270490821817	0.0202504777126607
118.55	0.106939828318686	0.193511189881689	0.0223910417712626
118.65	0.107890000321643	0.192449702993996	0.0231551391720006
118.75	0.108761980226761	0.19080357726137	0.0250613162430003
118.85	0.10961587609305	0.189136974693444	0.0270585128378877
118.95	0.110454812251354	0.18834335601227	0.0283998514966102
119.05	0.111278788701719	0.187197736415188	0.0289900523379736
119.15	0.112087805444132	0.18583151096653	0.0294953267490249
119.25	0.112881862478583	0.184399140199874	0.0300025026194685
119.35	0.113660959805091	0.183135705153017	0.0305413363736537
119.45	0.11442509742363	0.181549019378364	0.0330324445245084
119.55	0.115174275334216	0.18064645727985	0.0339343686401274
119.65	0.115908493536856	0.179122300039479	0.0351688990644095
119.75	0.116627752031536	0.177982013989253	0.0358174544154993
119.85	0.117332050818256	0.17691116881463	0.0376833125249728
119.95	0.118021389897043	0.17684851599459	0.0376124838856406
120.05	0.118695769267847	0.176131625285099	0.0384841755765709
120.15	0.119355188930712	0.175838250072093	0.0393529475902388
120.25	0.119999648885612	0.175863422243563	0.0402461798309873
120.35	0.120629149132569	0.176481808170858	0.0406008522603122
120.45	0.12124368967157	0.175365537367635	0.04058631483993
120.55	0.121843270502608	0.173848696777941	0.0412587387708854
120.65	0.122427891625692	0.173324515251443	0.0411419992084779
120.75	0.12299755304083	0.172794517441282	0.0410244288706832
120.85	0.123552254747999	0.172138078726872	0.0412632866513937
120.95	0.124091996747233	0.172067223979703	0.0433605084726601
121.05	0.124616779038498	0.170816995921416	0.0445512723567221
121.15	0.125126601621806	0.170732580495739	0.0440735628336391
121.25	0.125621464497173	0.171049094572001	0.0436113022295055
121.35	0.126101367664563	0.171099200427254	0.0441310305456842
121.45	0.126566311124021	0.171165794462472	0.0448516687450809
121.55	0.127016294875525	0.17156829033256	0.0457041139464472
121.65	0.127451318919053	0.1714564528183	0.0465692506923974
121.75	0.127871383254639	0.171287424087887	0.0470342993536064
121.85	0.128276487882268	0.171129775375467	0.0472804054578644
121.95	0.128666632801939	0.170934662816607	0.0480586090529807
122.05	0.129041818013665	0.171386452559803	0.0500103180334641
122.15	0.129402043517434	0.170459479913268	0.0508667134085041
122.25	0.129747309313245	0.169992455657132	0.0517237913621509
122.35	0.130077615401091	0.170141397217434	0.0525790233046214
122.45	0.130392961780992	0.169664683926718	0.0534324092363056
122.55	0.130693348452948	0.16971585742065	0.0538600370180021
122.65	0.13097877541694	0.170061788040249	0.0543182030146005
122.75	0.131249242672971	0.170011866886081	0.0542963349373096
122.85	0.13150475022105	0.169565789907705	0.0550620265975606
122.95	0.13174529806118	0.169116583631084	0.0558549151540198
123.05	0.131970886193354	0.169003515583622	0.0566504168131493
123.15	0.132181514617568	0.169329770594847	0.0574473034277624
123.25	0.132377183333839	0.168953431486859	0.0582455749974876
123.35	0.132557892342144	0.169175827228797	0.0590207192768817
123.45	0.132723641642493	0.169463595089549	0.0598176801258655
123.55	0.132874431234889	0.169402705307185	0.0605146026071265
123.65	0.133010261119334	0.169646561114415	0.060918445694245
123.75	0.133131131295828	0.169787586073111	0.0613767314432786
123.85	0.133237041764365	0.169281811330852	0.0617068069233788
123.95	0.133327992524935	0.168814024897938	0.0625180754720205
124.05	0.133403983577562	0.169310182749377	0.0622853448338745
124.15	0.133465014922233	0.169826170457445	0.0619164322960941
124.25	0.133511086558943	0.169949230123583	0.062046437817557
124.35	0.133542198487712	0.170030720245116	0.0620652508602557
124.45	0.133558350708512	0.170069581769252	0.0622691526492574
124.55	0.133559543221362	0.170268420172462	0.0624225814286277
124.65	0.133545776026257	0.170041027515061	0.0625711601118528
124.75	0.133517049123193	0.169977610874964	0.0630095702638122
124.85	0.133473362512191	0.170044720681493	0.0631911351496424
124.95	0.13341471619322	0.170481389732122	0.0634269618745816
125.05	0.133341110166288	0.17073554877173	0.0636034877301713
125.15	0.133252544431413	0.170771153093528	0.0639315552679226
125.25	0.133149018988579	0.170850650340599	0.0642561192767522
125.35	0.133030533837793	0.17102703187969	0.0645128714093063
125.45	0.132897088979054	0.171157743043612	0.065260283386584
125.55	0.132748684412353	0.171268961714272	0.0658765888248937
125.65	0.132585320137697	0.171423399503602	0.0661809184774358
125.75	0.132406996155099	0.171535690597451	0.0670597000601414
125.85	0.13221371246452	0.171385414112479	0.0667243164509499
125.95	0.132005469066025	0.1711673787002	0.0661009500002498
126.05	0.131782265959544	0.170421803127627	0.0658313138538948
126.15	0.131544103145115	0.169634017954983	0.0653106220258357
126.25	0.131290980622737	0.169041150195811	0.0655313020947312
126.35	0.131022898392392	0.16879019108605	0.0663277253875754
126.45	0.130739856454112	0.168382012697573	0.0665254902101078
126.55	0.130441854807867	0.168097403076565	0.0654478108832099
126.65	0.130128893453662	0.167776049319426	0.0656109216752993
126.75	0.129800972391501	0.167439589212121	0.0657847972085343
126.85	0.129458091621405	0.167016731829817	0.0659697215200856
126.95	0.129100251143329	0.166581472770159	0.0661648334862337
127.05	0.128727450957321	0.166108925060641	0.0659386026891348
127.15	0.128339691063338	0.165610446658678	0.0661625554921505
127.25	0.127936971461411	0.165211598037697	0.0663003609444136
127.35	0.127519292151528	0.164841452149478	0.0660190251228025
127.45	0.127086653133682	0.164434750146255	0.0661295772843966
127.55	0.126639054407897	0.163992538309163	0.0662422237267923
127.65	0.126176495974151	0.163416575649356	0.0663551594107619
127.75	0.125698977832443	0.162397305934807	0.0664683843362571
127.85	0.125206499982785	0.161485771443534	0.066581898502694
127.95	0.124699062425173	0.160944651395154	0.0666957019108738
128.05	0.124176665159603	0.160365897750397	0.0663092863567363
128.15	0.123639308186082	0.159479111696441	0.0653965192135779
128.25	0.123086991504614	0.158820690917182	0.06484287145517
128.35	0.122519715115173	0.15792749271152	0.0655058463682271
128.45	0.121937479017788	0.156979736605409	0.065601261617209
128.55	0.121340283212445	0.156033313556538	0.0652714609501148
128.65	0.120728127699148	0.155120196912435	0.064962043036027
128.75	0.120101012477908	0.154309843062663	0.0646691060647148
128.85	0.119458937548693	0.15340571037939	0.0647675588504858
128.95	0.11880190291153	0.152492358835344	0.0651282157790104
129.05	0.118129908566419	0.151738798243356	0.065481298561455
129.15	0.117442954513348	0.150791679679493	0.065433755497698
129.25	0.116741040752319	0.149723926815705	0.0654125333947119
129.35	0.116024167283347	0.148657510858413	0.06542117724017
129.45	0.115292334106412	0.147331075210603	0.0656631024092144
129.55	0.114545541221519	0.146320797838077	0.0661226233998031
129.65	0.113783788628671	0.145728639104454	0.0658781611240499
129.75	0.113007076327874	0.145186810120001	0.0656510900405626
129.85	0.112215404319131	0.144253123334752	0.0655765263584895
129.95	0.111408772602414	0.14317713013129	0.0656407027122976
130.05	0.110587181177745	0.142856538009656	0.0657191428181145
130.15	0.109750630045135	0.142063533224984	0.0654909591093091
130.25	0.108899119204556	0.14178308227618	0.0649571744494769
130.35	0.108032648656041	0.141448204887642	0.0646126950745353
130.45	0.107151218399547	0.140667976313371	0.0645001755923965
130.55	0.106254828435115	0.14038453261158	0.0644072356639179
130.65	0.10534347876272	0.140400941687059	0.0638056371021027
130.75	0.104417169382368	0.140094473488493	0.0633949056480763
130.85	0.103475900294069	0.140533338828042	0.0632197714626664
130.95	0.102519671497826	0.139933079663243	0.0636272144902873
131.05	0.101548482993598	0.139697870116397	0.0622398193789948
131.15	0.100562334781441	0.139556626487535	0.0618845846487891
131.25	0.0995612268613124	0.139382999752441	0.061534137687456
131.35	0.0985451592332459	0.139232087333622	0.0610429884585403
131.45	0.0975141318972161	0.139109347468957	0.0606349119549722
131.55	0.0964681448532269	0.13896612937866	0.0605666478340775
131.65	0.0954071981012826	0.138694115254238	0.0587089262145044
131.75	0.0943312916413883	0.138873274075551	0.0580427084057786
131.85	0.0932404254735455	0.139250437588541	0.0567687098886239
131.95	0.0921345995977354	0.139771847513553	0.0542866410552238
132.05	0.0910138140139812	0.139346822385632	0.0521886825894414
132.15	0.0898780687222706	0.13949567518131	0.049980798859033
132.25	0.0887273637225891	0.139268414026163	0.0474258229722003
132.35	0.0875616990149719	0.138789196211682	0.0464487517862215
132.45	0.08638107459939	0.138512519269175	0.0445362083286785
132.55	0.0851854904758702	0.139104555186624	0.0411370994136432
132.65	0.0839749466443739	0.139925951604742	0.0393275342254408
132.75	0.0827494431049233	0.140210988144571	0.0379689103337956
132.85	0.0815089798575292	0.140292941288007	0.0344010822690494
132.95	0.0802535569021882	0.140385724573815	0.0310416272872036
133.05	0.0789831742388685	0.140474150135005	0.029677741838995
133.15	0.0776978318676115	0.14081212746707	0.0268493464217531
133.25	0.0763975297883967	0.141249959267811	0.0239920256428756
133.35	0.0750822680012233	0.140882293747192	0.0211057795030255
133.45	0.0737520465060953	0.140940028711937	0.0185339817850966
133.55	0.0724068653030187	0.141703906045737	0.0172177734186568
133.65	0.071046724391977	0.141707413065086	0.0153964857503013
133.75	0.0696716237729893	0.141665069573972	0.01302795462714
133.85	0.0682815634460476	0.141896346134435	0.0101176166165799
133.95	0.0668765434111399	0.142091014897118	0.00718911891183046
134.05	0.0654565636682919	0.142101323819794	0.0042263383137391
134.15	0.0640216242174786	0.142592088709713	0.00121242483891998
134.25	0.0625717250587138	0.142843113628408	0
134.35	0.0611068661919936	0.143089401397615	0
134.45	0.0596270476173205	0.143287589735707	0
134.55	0.0581322693346892	0.143547410389751	0
134.65	0.0566225313441095	0.14422967455653	0
134.75	0.0550978336455662	0.14459844666247	0
134.85	0.053558176239079	0.144019320408822	0
134.95	0.0520035591246272	0.144702533132974	0
135.05	0.0504339823022237	0.1457029367407	0
135.15	0.0488494457718641	0.146692135468492	0
135.25	0.047249949533556	0.147245167278805	0
135.35	0.0456354935872864	0.147230858609022	0
135.45	0.0440060779330642	0.148202922488897	0
135.55	0.0423617025708854	0.148398523539084	0
135.65	0.0407023675007602	0.148124997359606	0
135.75	0.0390280727226622	0.148342186721254	0
135.85	0.0373388182366317	0.149191854466966	0
135.95	0.0356346040426339	0.149779569488592	0
136.05	0.0339225037679017	0.150356553007153	0
136.15	0.0322868255823225	0.150931519453168	0
136.25	0.0307829647421646	0.151504468827436	0
136.35	0.0294141601122011	0.152117696224666	0
136.45	0.0282045231897917	0.152644316359049	0
136.55	0.027168595061767	0.15321121451678	0
136.65	0.02630657631429	0.15093883803161	0
136.75	0.0256184669473731	0.151755535334194	0
136.85	0.0251042669610252	0.152545851176452	0
136.95	0.0247639763552189	0.151619236812372	0
137.05	0.024597595129985	0.149893116514762	0
137.15	0.0246051232852961	0.150678131209829	0
137.25	0.0247865608211632	0.151548555558756	0
137.35	0.025141907737601	0.153616260401673	0
137.45	0.0256711640345886	0.153276009835426	0
137.55	0.0263743297121363	0.153109173816853	0
137.65	0.0272514047702412	0.150326459037486	0
137.75	0.0283023892089019	0.151902662068766	0
137.85	0.0295272830281201	0.153426453633482	0
137.95	0.0309256878647388	0.154849925521939	0
138.05	0.0324849352945446	0.155920758949911	0
138.15	0.0341911853184681	0.152849913807661	0
138.25	0.0360437937002569	0.154405281959622	0
138.35	0.0380427604398867	0.15556756714945	0
138.45	0.0401880855373803	0.156871933005942	0
138.55	0.0424797689927339	0.155580892627716	0
138.65	0.0449178108059414	0.157537027382039	0
138.75	0.0475022109770084	0.15578130904905	0
138.85	0.0502329695059254	0.155092831680562	0
138.95	0.0531100863927067	0.155475723925828	0
139.05	0.0561335616373387	0.157004998174401	0
139.15	0.0593033952398315	0.158774706834819	0
139.25	0.0626195872001783	0.161950074341164	0
139.35	0.0660821375183797	0.166167666973394	0
139.45	0.0696910461944435	0.168720146778855	0.00585250069614884
139.55	0.0734463132283535	0.17146887541113	0.0108901785188215
139.65	0.0773479386201284	0.172877176052315	0.0175998584298909
139.75	0.0813959223697688	0.174559262838558	0.0244629293004102
139.85	0.0855902644772533	0.175752837345612	0.0272737672162771
139.95	0.0899309649425947	0.176454463406828	0.0315808691855733
140.05	0.0944180237657877	0.180244976833417	0.0360109277254977
140.15	0.0990514409468585	0.181781800787188	0.0401725539967239
140.25	0.103831216485757	0.183305084339945	0.0425063748132774
140.35	0.108757350382545	0.1881975083528	0.0436617604018544
140.45	0.113829842637163	0.199773520577927	0.0446000120661541
140.55	0.119047819345098	0.204532365949537	0.045731285078582
140.65	0.124317064476764	0.21488697259385	0.0451038037933071
140.75	0.129460905914968	0.225384107408534	0.0441554055875518
140.85	0.134459934454762	0.239385974024846	0.0465239273543139
140.95	0.139314150096133	0.249241740119006	0.0497664420833061
141.05	0.144023552839084	0.256739614673182	0.0525836377174785
141.15	0.148588142683628	0.267922051086632	0.0550551875468059
141.25	0.153007919629759	0.274318827776998	0.0573095658692001
141.35	0.157282883677461	0.283513084749188	0.0605995644290295
141.45	0.161413034826763	0.290655696305671	0.0635986439311154
141.55	0.16539837307763	0.299187329060353	0.0654117309868882
141.65	0.169238898430099	0.30362810816807	0.0679225986311144
141.75	0.172934610884138	0.312078713549255	0.0712411567479899
141.85	0.176485510439761	0.316836160380341	0.0734009469215013
141.95	0.179891597096987	0.316397361303773	0.0747762373540215
142.05	0.183152870855785	0.328305158886626	0.076291233169976
142.15	0.18626933171616	0.340247783563296	0.078558848067983
142.25	0.189202670262884	0.357882751515288	0.0765705462932091
142.35	0.191609402629048	0.373054431383551	0.0740025228328889
142.45	0.193328533148296	0.384079562020834	0.0738124528469785
142.55	0.194360986463381	0.389951278758137	0.0756570161677786
142.65	0.19456602524139	0.392006049123628	0.0734984550070987
142.75	0.193849978310224	0.392824201585072	0.0690483708708886
142.85	0.192977888844688	0.392824201585213	0.0665575918910586
142.95	0.192035381026979	0.392824201585072	0.06628436103075
143.05	0.19102245485715	0.392824201585143	0.0662437141902752
143.15	0.189939110335149	0.392824201585103	0.0658263031293728
143.25	0.188785347461002	0.392824201585213	0.0658134445125606
143.35	0.187561166234701	0.392824201585145	0.0645028473389219
143.45	0.186266566656252	0.392824201585071	0.0599423785100955
143.55	0.184901548725679	0.392824201585214	0.0496672511722391
143.65	0.183466112442927	0.392824201585032	0.0454335532832587
143.75	0.181960257808027	0.392824201585214	0.0411735601578235
143.85	0.180383984820981	0.392824201585072	0.0364401719910411
143.95	0.178737293481805	0.392824201585213	0.0252655799896871
144.05	0.177020183790454	0.392824201585143	0.0206398836315079
144.15	0.175232655746964	0.392824201585103	0.00847141929589399
144.25	0.173374709351338	0.392824201585143	0
144.35	0.172137416502254	0.392824201585072	0
144.45	0.171763252706622	0.392824201585214	0
144.55	0.171407931516496	0.392824201585071	0
144.65	0.171068399364355	0.392824201585176	0
144.75	0.17074465625017	0.392824201585071	0
144.85	0.170436702173923	0.392824201585214	0
144.95	0.170144537135652	0.392824201585213	0
145.05	0.169868161135328	0.392824201585003	0
145.15	0.169607574172974	0.392824201585243	0
145.25	0.169362776248575	0.392824201585072	0
145.35	0.169133767362146	0.393500438012292	0
145.45	0.168920547513639	0.393542802036394	0
145.55	0.168723116703121	0.397665951715277	0
145.65	0.168541474930555	0.397886168955649	0
145.75	0.16837562219594	0.409001965238847	0
145.85	0.168225558499296	0.412333685170044	0
145.9227145	0.168125832934982	0.416766010959236	0
