phys	rec.rate	upper	lower
0.05	0	3.88490614766821	0
0.15	0	3.88490614766822	0
0.25	0.358452257274717	3.88490614766821	0
0.35	1.15292370830056	3.90600982448229	0.386313663534913
0.45	2.01274497999828	3.92085731145001	1.41758087977764
0.55	2.92649307237284	4.03616920891996	2.27210825808898
0.65	3.74178018905777	4.92892156778597	2.87498580048577
0.75	3.30427277333689	3.58672449928994	2.35605784150971
0.85	2.77784119461669	3.53605934394004	2.04247607412177
0.95	3.94456905567751	4.95253138449743	3.61612928181613
1.05	6.32142527817381	7.73780892434474	5.07072842233675
1.15	6.54714583594964	6.86189434011807	5.73570111376495
1.25	4.03382641311934	5.95569032752162	2.02264950357462
1.35	2.14019082665196	3.10248851754109	1.32392611691155
1.45	1.56740246224365	2.58710657879962	0.944627842697989
1.55	2.18828487978336	3.03323294743852	1.36547070551305
1.65	4.00299008524211	4.91688791855525	2.46168619669568
1.75	6.31969517885813	6.60157953810067	5.90214318735793
1.85	5.78450547256321	7.73557676042693	3.91075890148201
1.95	1.65577677097441	2.51932011070485	0.768428925358711
2.05	2.09410358612031	4.89825479130212	0
2.15	9.08862535316212	10.8384196249339	7.50591809486955
2.25	6.16807112783593	6.77273302387726	5.51668516771783
2.35	4.31418731460163	5.10005960913191	3.07105601184129
2.45	3.684707112921	4.2969276529688	2.94065403981348
2.55	3.24307197866574	3.75506823287067	2.72340898711942
2.65	2.99452613073501	3.69762722780501	2.45937907641825
2.75	2.93906956912884	3.72295974488644	2.47955852387511
2.85	3.07670229384723	3.73167123081703	2.65987124840067
2.95	3.40742430489017	4.26254519859992	2.73107637156084
3.05	3.91522020115554	5.15341153717812	2.78111954429037
3.15	3.81070701875431	4.37383706154816	2.83276496657989
3.25	2.89437053458974	3.32331773987157	2.44982712478988
3.35	2.15252964908474	2.72425669848608	1.75758973806875
3.45	1.73680574334782	2.50789800966442	1.02000358619918
3.55	1.53353799501011	2.13973772392377	0.962800798658684
3.65	1.22077701538035	1.58566769746107	0.732293302224188
3.75	0.783491582427051	1.42618070387002	0
3.85	0.794595115727135	1.43687139791122	0.214547931645346
3.95	1.6563780961188	2.18559621126491	1.30694390354047
4.05	3.22071525966133	4.13511224746974	2.22821656975675
4.15	4.01220761261727	4.5584448421553	3.27895376378602
4.25	5.03235756900493	5.55515703894005	4.32918439006324
4.35	6.4832588799181	7.90206761626389	5.63155347546757
4.45	6.22608889205892	7.09860830774389	5.38813772246619
4.55	5.01037484248397	7.15138557928035	1.49044553371557
4.65	4.14435614480339	5.74268017340144	2.55105964594861
4.75	3.54152741943945	4.8240351364117	2.20727847981667
4.85	3.59990304279354	5.56764129213531	2.20914371480972
4.95	4.2352889095116	6.54036473831246	2.59554278969729
5.05	4.00031440126047	5.04155616992878	2.93923017360124
5.15	4.16919039207067	5.35471674261985	2.73103917052613
5.25	4.76918417649606	5.61232529674516	3.17528001128359
5.35	5.13847132686054	5.97823212166443	3.74352239987201
5.45	5.26875102670331	5.9528629514907	4.63457094664335
5.55	5.16002327602435	7.2842821003107	3.76495356657476
5.65	4.60425728554735	8.42627909787294	2.66761485428168
5.75	3.33673769970891	3.77248029879453	2.89037473701137
5.85	2.49122903992916	3.2447451726655	1.04305817566344
5.95	2.19055778198117	3.10035838078188	1.04874818369986
6.05	3.08945070856533	4.48209037489099	1.46717581089974
6.15	2.83392374499646	3.69209764341731	1.38456376368683
6.25	2.30195181759528	3.50942002578624	1.29987281558764
6.35	1.85866240398534	3.25210570875523	0.808950922963352
6.45	1.65540946450528	2.76000632667493	0.674014833672302
6.55	1.72375221437533	2.85385871072481	0.917639455598121
6.65	2.06369065359551	3.64013648502249	0
6.75	2.8745753616146	4.67053476663955	0.0568929838685051
6.85	3.74964246017029	5.03508787599918	1.94612243901415
6.95	3.38360389771434	5.06160450108977	1.96441876649659
7.05	2.52484732239264	3.87722749423872	1.70077053211917
7.15	2.00365788871527	3.34625382037117	1.15310613027085
7.25	2.05050599927878	3.4050993889706	0.975016087427698
7.35	2.67604226806694	3.7704570174288	1.65731369458827
7.45	3.88515282581049	5.14872990492424	2.11167650242713
7.55	4.97199001524575	6.31340642709584	3.22971354095885
7.65	4.49096950284016	5.29420479899289	3.85089660812577
7.75	3.63134850665429	5.01926674446926	1.20642858064784
7.85	3.50047686002521	4.08986949958233	3.04431209732105
7.95	3.32714084594183	4.86233058735989	2.45296627255004
8.05	2.97546184764254	3.80004490682816	2.30470732550346
8.15	2.45295552934579	2.92828334216084	1.95765659558884
8.25	1.81823871884753	2.52437900985253	1.17931670107876
8.35	1.05764071941377	1.67255003011142	0.591020518614301
8.45	0.20052953296472	0.620375614177261	0
8.55	0	0.342200909256232	0
8.65	0	0.162431173653534	0
8.75	0.521558630882959	1.62696984748632	0
8.85	1.93469250567764	3.16611730906387	0.66784538449305
8.95	3.69508233136933	4.65399884612258	2.86819563179587
9.05	5.12144506919975	6.06947538178163	3.88125889375682
9.15	3.17204720411086	4.56363302540663	1.51076587258611
9.25	0.0937403632475658	1.59715826939107	0
9.35	2.26922559026644	4.33821611927092	0.180346481991996
9.45	5.46986222494245	7.19008281607919	3.82622943517825
9.55	3.56491491977055	5.79795006967094	1.30409612068026
9.65	1.66905152990813	3.59621408385089	0
9.75	1.26111893918693	2.06703967382831	0.791534798441329
9.85	1.16189070089079	2.31542886388037	0.102406236481396
9.95	1.37121489375199	2.74511552181282	0
10.05	1.83023140318885	2.95740962689634	0.302194290662604
10.15	2.3898669934987	3.13255152180528	1.25969485508941
10.25	3.02678561360272	3.40210987225982	2.37448001449604
10.35	3.73207500699648	6.00767576898257	2.15343857225091
10.45	3.35732885917911	5.70385509272755	1.65377205333979
10.55	1.90765370776617	2.39810768149424	0.979866537420469
10.65	0.85531193576282	1.69144585855131	0
10.75	0.213771880909297	1.06424654969507	0
10.85	0.0734857879513479	1.21177137293444	0
10.95	0.86568506535259	2.20595943413963	0
11.05	2.79120383572131	3.63232389691765	1.45796387324535
11.15	4.18979078866617	4.78868693607425	2.99765369521899
11.25	4.64745630009186	5.23886067055426	4.1473940506641
11.35	4.16025871624685	6.42587628129473	3.18918641375528
11.45	2.41499319074225	3.75792983302506	1.6441990147771
11.55	1.44219537545988	1.81961223076983	0.779648796012171
11.65	1.76813528750355	2.48547385759866	0.729007274143009
11.75	2.63301675844804	3.53233587361019	2.0612490238385
11.85	3.29301902440585	3.95651394047404	2.88879802126053
11.95	3.61476269077257	4.71921121198009	1.85865885503451
12.05	3.98363976675295	4.97590835741425	2.67988727981419
12.15	3.38426467946572	5.81361216569846	1.75795371004976
12.25	2.17526571918072	4.16549689484478	1.0290421451977
12.35	1.72363071544393	2.52810068803457	0.10273910704178
12.45	1.6216916985685	2.34421358576299	0.633944892834693
12.55	1.49344291471026	2.34699637041653	0.283205611523031
12.65	1.12065711584902	2.23170353100408	0
12.75	0.515196930605901	1.52178257420542	0
12.85	0	0.826426392278626	0
12.95	0	0.767035737493003	0
13.05	0.156136474397615	0.818367447032197	0
13.15	0.699882029945158	1.15170167881398	0.27670019265578
13.25	1.24397603291356	1.8504865525406	0.783989964708421
13.35	1.78841848330282	2.69676624290425	1.25351285856306
13.45	2.32733650652834	3.41320962054124	1.5468442417465
13.55	2.78665935333226	4.01503958018298	1.71031768394057
13.65	3.04391246860758	4.30788086055023	1.91975850622899
13.75	3.06894122806207	4.09441076876453	2.1625040776294
13.85	2.86170390872208	3.39705550501585	2.31983099538062
13.95	2.42220051058758	2.77043847668459	1.80579635290979
14.05	1.7504310336586	3.09468483563092	0.0946263225201941
14.15	0.800284277306923	2.8460591559577	0
14.25	1.42026350470038	5.07994453193208	0
14.35	2.38038851108005	7.99683876218805	0
14.45	0.0357995489817076	1.82607568347278	0
14.55	0	3.589940654907	0
14.65	0.257690108406347	2.35056965871039	0
14.75	4.26748368602295	11.3081869365566	0.640517676548879
14.85	4.54762487317949	10.7202855323425	0.440954257945263
14.95	2.48675547585067	7.29749470666654	0
15.05	1.36874817659522	3.33168719295124	0
15.15	0.604803883963104	1.32067152825557	0
15.25	0.160643601014786	2.02857236565249	0
15.35	0.0362673277502332	2.46315941637622	0
15.45	0.231638026413879	2.3489027263922	0
15.55	0.632621312656628	2.00712870960043	0
15.65	0.74585461494326	1.89738907360421	0
15.75	0.625910116479375	1.3558505362882	0
15.85	0.522948451595926	1.07831005105089	0
15.95	0.438475334486602	0.99916811396349	0
16.05	0.361022152985964	0.926997768445927	0
16.15	0.286306348226544	0.728993375254894	0
16.25	0.212221025266434	0.570389640178992	0
16.35	0.151835289431687	0.564034118282294	0
16.45	0.108854595440658	0.532615515334383	0
16.55	0.0756704773104686	0.563106583803195	0
16.65	0.0420846496276736	0.466369799763361	0
16.75	0.0158422149543355	0.36401365262372	0
16.85	0.00958356938149905	0.355873439365647	0
16.95	0.0275389521459309	0.395763746363568	0
17.05	0.0668645921344533	0.430246714868944	0
17.15	0.112413915507732	0.443418493494737	0
17.25	0.159170703273267	0.478878960788826	0
17.35	0.207131674238315	0.521917475100695	0
17.45	0.256296828402882	0.561529492036315	0
17.55	0.306666165766975	0.593857936575539	0
17.65	0.358239686330588	0.628126821480806	0
17.75	0.411017390093733	0.667180865482567	0
17.85	0.464999277056381	0.708831012696031	0.0920807797651322
17.95	0.520185347218571	0.73452057018127	0.265397075693281
18.05	0.576575600580268	0.765385182666072	0.369527125390256
18.15	0.634170037141499	0.895468734040738	0.38733146252383
18.25	0.692968656902241	1.19715203395772	0.410403702409297
18.35	0.752971459862517	1.54891039987023	0.421438125399662
18.45	0.814178446022309	1.93297856305666	0.410327191639352
18.55	0.876586512819132	2.34855253377951	0.373087851591315
18.65	0.919284415180058	2.60035134036621	0.321911116417768
18.75	0.873250502485681	2.14555073516779	0.285715285886247
18.85	0.796150171089609	1.48745354303531	0.276199479159361
18.95	0.765278882255816	1.27395785458428	0.31694413543922
19.05	0.783890018733706	1.20659455675542	0.214998120282255
19.15	0.851983580523242	1.24711332350496	0.132792624886077
19.25	0.969559567624461	1.3156083589826	0.236627974007429
19.35	1.13657486261986	1.56619091578799	0.45008949186496
19.45	1.35024739566456	1.89033254552655	0.662243022559355
19.55	1.55708752506444	2.16318759238876	0.828793864277764
19.65	1.6522943546839	2.23852191639866	0.8958454091084
19.75	1.61284753147264	2.93798404462587	0.841681183557395
19.85	1.42922356895689	2.25476244780136	0.554277115115236
19.95	1.42636866669096	2.10237467693112	0.669374647269976
20.05	1.6727089185018	2.33721171052285	0.920539943494551
20.15	2.17521252718717	3.53369053580616	0.916240958065841
20.25	2.56681694100558	3.98073276782584	0.87014093592271
20.35	1.93711072985692	3.34958945128146	0
20.45	1.43798344726024	2.28475482767902	0.480090142419005
20.55	1.29022027498653	2.74767230774226	0.396226263123358
20.65	1.48670018096118	3.21469302533994	0.447361050059141
20.75	2.02018047427661	3.77686006380841	0.945107660265523
20.85	2.82590876624356	4.38276024147048	1.66092033330018
20.95	3.84674193641519	5.06167355767226	2.56737863788638
21.05	4.75067249408694	6.0327490731191	3.40907170215936
21.15	5.27617829730077	6.2651752705959	3.16571192035349
21.25	5.26883551131761	8.3385135604309	1.93193453577771
21.35	3.40734270856576	5.27206096312645	1.47479135157195
21.45	1.60726355177246	2.50267393151093	0.748721539216641
21.55	0.467368289081772	1.77491972108351	0
21.65	0	1.26697859491494	0
21.75	0.0807937121026461	1.52066516223418	0
21.85	0.165517724613355	1.33823682496538	0
21.95	0.29056028238518	1.01158015486663	0
22.05	0.59763082135572	1.15399551972024	0
22.15	1.0442716456488	1.51884645831224	0.429940699580944
22.25	1.54070218894146	2.03840272132948	0.867214049429534
22.35	2.05156807905097	2.57997213394236	1.38558834248833
22.45	2.48201881432006	2.90543501547369	1.82721371399503
22.55	2.71587259309664	3.15592574816766	2.05943768462566
22.65	2.72487765590655	3.69900392038293	2.08746878173534
22.75	2.49345460056729	3.24056520065017	2.08536279280781
22.85	2.2361096462007	2.6641984281657	2.03511337976125
22.95	2.01045338451643	2.41860807311991	1.54598257482363
23.05	1.81943967096284	2.28896570219192	0.819300766751192
23.15	1.77680492639317	2.16828130264342	0.819527895091888
23.25	1.83899498848158	2.10458855389983	1.5179592568779
23.35	1.94903658315691	2.29035009227936	1.73689510420923
23.45	2.106929710419	2.89007399846717	1.75866114543386
23.55	2.22577575632528	2.85356978034368	1.73325263030364
23.65	2.07382219985649	2.55917872136265	1.69783016315368
23.75	1.77234895701423	2.07659083063716	1.47352900285567
23.85	1.44400813033884	1.7165293943749	1.06001448236112
23.95	1.11142487111924	1.58605687261838	0.0846369926442795
24.05	0.914936473695295	1.4042935593326	0.222978163140756
24.15	0.821696273445418	1.25848686978628	0.471929072337343
24.25	0.808338301097162	1.20405493486876	0.535121308881474
24.35	0.874862556650538	1.29102816265079	0.693017247412574
24.45	1.02126904010558	1.49424313577671	0.765336386581261
24.55	1.23778367486137	2.05588545610704	0.658590861807205
24.65	1.37939320287073	1.73706118450057	0.677129454890971
24.75	1.39195528916019	2.1428217518174	0.186105972885292
24.85	1.56924432401939	2.46780364675743	1.19776762728661
24.95	1.91585115052184	2.70478297568455	1.44420319175951
25.05	2.42158259763916	2.96926833927702	1.81094315839443
25.15	2.97128890062463	3.52728188908323	2.21453780285054
25.25	3.34222662467858	3.93206218965771	2.74101034264425
25.35	3.50892019308392	3.8038451824647	2.70192145043224
25.45	3.47105501327386	4.41992138575191	2.47082927977472
25.55	3.14979431823012	5.11333368815509	1.91609577916398
25.65	2.63736738106805	3.89716919316047	1.74957674744563
25.75	2.20783981582752	2.93988348410567	1.45006694901562
25.85	1.87327069018821	2.49705239207461	1.16879443566021
25.95	1.63366000415022	2.16494538712814	0.942799389450614
26.05	1.48900775771339	2.02252719608656	0.714042007899547
26.15	1.43931395087786	2.6062918825829	0.348664143284913
26.25	1.37109464149586	2.96853662298719	0
26.35	0.670378464718234	1.0911682619399	0.235447861342175
26.45	0.381116852651501	1.28695623582805	0
26.55	0.781542292178858	1.75728175856606	0
26.65	1.46662976794508	2.22200810137244	0.727665365695304
26.75	2.25779112243363	2.94125298039477	1.66213522845148
26.85	2.8476124575197	4.44563891472934	1.11768324854657
26.95	1.67254242944587	2.5722956862744	0.355710086041686
27.05	0.242825650693295	1.23992399171578	0
27.15	0	0.855853979180542	0
27.25	0.215686696029571	1.20056460643548	0
27.35	1.76038456195821	2.64955928060334	0.683283262501756
27.45	3.51477512626614	4.56930858172027	1.94760187706953
27.55	3.10733567763202	4.76814608444305	1.51725931507563
27.65	2.47752963428591	5.38772543486576	0
27.75	2.698331868196	5.92939065341175	0
27.85	3.17837592078855	4.74310392439893	1.86951537430283
27.95	3.49368995871883	5.52637119710047	0.709276891020255
28.05	3.85923628059026	5.40691346652422	1.07517194482429
28.15	4.34580673376519	5.57450314783287	3.01511522339006
28.25	4.82942694109862	6.30027444135919	3.59701020396523
28.35	5.2511015985625	7.48617037373993	3.6899716924177
28.45	4.8404685816929	5.54407346429389	3.95103716743617
28.55	3.50357368939097	4.63436439920131	2.27921394008672
28.65	1.8587600601771	2.6849598812703	0.972611632711095
28.75	0.722477580809518	1.86607540358808	0
28.85	0.277971287655797	2.02235067527465	0
28.95	0.379037628847963	2.48141706319914	0
29.05	0.953023349975666	2.88503279951118	0.192411490890975
29.15	1.99984625492063	3.63837352577107	1.24737419688846
29.25	3.44577336748359	4.84415465875418	2.57069347561199
29.35	5.00684583825967	6.4821769277475	2.48252041243934
29.45	5.72271707823519	7.32500492733221	1.91271939755227
29.55	4.21589516638081	6.5478601088315	0.664808157021109
29.65	2.13892068570357	3.67596999756786	0.597214906847155
29.75	0.76410117303976	2.20623314636918	0
29.85	0.0914360475455034	1.862104693004	0
29.95	0.120925309220811	1.86362134289226	0
30.05	0.851771922461241	2.89020025768121	0
30.15	2.14453426170821	4.45732100583937	0.196248626805791
30.25	3.33468198438783	5.20350295986252	1.03817011590921
30.35	4.05183409786304	6.26298187944218	1.26271292839309
30.45	4.65699220191676	5.50011336205382	3.69312676106813
30.55	4.93649095974481	6.01388118438072	3.80070064106225
30.65	4.88755774597155	6.6051513224417	3.58067245295744
30.75	4.52067241859202	6.50791811799142	2.90074845550017
30.85	3.99001210688321	5.65205753469747	2.26087269418121
30.95	3.41339329150922	4.37861143477448	2.50263375254181
31.05	2.79382986864558	5.18719478060228	0.629775681414197
31.1195915	2.34115398256359	6.94813975006714	0
