phys	rec.rate	upper	lower
0.05	0.315157179221125	21.8635279464495	0
0.15	0.990998711002833	21.7504253129162	0
0.25	4.8395852419702	17.8159448517428	0
0.35	2.26935974260744	8.22811748529856	0
0.45	0	1.31692692835678	0
0.55	1.08628540238154	5.39597540333709	0
0.65	3.82535002656192	8.0406697315909	0
0.75	7.09119888520706	11.5834462959384	3.80788991238282
0.85	11.3328893888983	16.4245205285755	7.27310101191705
0.95	15.8404795275709	22.235880343893	11.2339205930539
1.05	16.1526208730578	21.2834563891665	10.7364309903648
1.15	7.81554930540467	15.0611213921694	0
1.25	0	12.6753580711129	0
1.35	1.42503476745715	17.116003002264	0
1.45	15.5221753653925	27.4343358480942	7.21047814767591
1.55	33.5662621443272	64.4022141691583	5.1509940511857
1.65	15.8759742559871	37.1198045668472	0
1.75	0	11.72357773475	0
1.85	0	14.7904424862528	0
1.95	10.502770304499	22.8668127342704	0
2.05	16.7833154707423	26.7712189315205	6.74747629101586
2.15	4.43987458217143	19.0949526326452	0
2.25	0	7.96390361773694	0
2.35	19.9601144994464	36.3686265034312	7.72881620311932
2.45	48.6977148549878	61.0657325641429	35.4707168458868
2.55	5.23391988042146	18.934878726052	0
2.65	0.269527141376917	15.254040319971	0
2.75	0	0	0
2.85	0	0	0
2.95	8.82445150547187	19.2275319889252	0
3.05	13.3534944520767	21.6894299662854	5.77032044148266
3.15	8.69078890155473	16.5500867498883	1.5084969435913
3.25	2.24637113769598	9.979129667797	0
3.35	0	6.17043636812628	0
3.45	3.51670381575542	10.8590813330373	0
3.55	3.78858339135221	11.9082551032627	0
3.65	6.16944452284783	13.71339881358	0.237955456599375
3.75	2.15980703692923	7.08809725532168	0
3.85	2.91476276164774	10.1670734019777	0
3.95	13.0937131343959	23.9506469250973	5.17185210678153
4.05	13.7192047823149	22.4959241441387	2.39862793136853
4.15	7.4740391996247	17.381375033465	0
4.25	4.16383400535244	10.9667289129507	0
4.35	7.28097850421694	17.7326717926494	0
4.45	15.649404752665	24.2225457020656	7.90745801185978
4.55	12.8263279878649	21.0622029269273	5.1072510930977
4.65	2.24323740489277	9.3944358746128	0
4.75	1.89507054705259	9.46903953008311	0
4.85	6.0653648188019	11.8608880387873	0.710297230472461
4.95	1.36046955299133	8.52058632841037	0
5.05	13.3214972400616	32.9326899219345	0
5.15	39.9281309280043	59.1973734467173	23.7073474302392
5.25	33.13290639234	52.1883863392178	10.8960597700153
5.35	15.1841816222417	28.6318932789767	0.733405152292211
5.45	11.956806581662	22.7346357205382	1.24860176804321
5.55	14.7471912798806	23.7298953437084	4.45493509529163
5.65	13.1447644682359	22.1081418849391	4.60643453875373
5.75	11.1093258968328	19.1980442297305	2.25121087094289
5.85	13.5381948334521	27.066087100595	0.326917082711558
5.95	21.4539606526147	40.793002531969	4.39410930097253
6.05	24.1291438932265	47.064572828954	0
6.15	12.1214039446069	38.0089891273191	0
6.25	47.3583333789298	77.1817052577276	15.4384266669943
6.35	37.2221573436488	64.2342676466786	14.0845224461033
6.45	0	11.7634100500987	0
6.55	0	0	0
6.65	0	12.1720908632077	0
6.75	10.6827424552375	25.4774899523435	0
6.85	15.5892472979117	24.9513247698929	7.15266802505362
6.95	12.2717630367875	21.2115281273135	1.93082653768406
7.05	7.53705740736509	19.7693533711129	0
7.15	6.98697865952906	14.604877496274	0
7.25	15.9364631813032	27.7772317124918	3.89975840607335
7.35	19.736806944134	23.9062986977671	15.5953253198424
7.45	10.7827002468063	16.9629440904692	5.15308525120358
7.55	3.08188644360788	6.2927912639994	0.529170131584228
7.65	0	1.83449399228882	0
7.75	0	1.1463777765896	0
7.85	0	3.01981146837915	0
7.95	2.55911718205571	7.12419663795671	0
8.05	1.97174124578174	9.20729723257613	0
8.15	0	0.563706001404912	0
8.25	0	0.54179082040123	0
8.35	0	1.4364696323689	0
8.45	1.23782019912033	7.13647167698155	0
8.55	4.54743816855342	14.7490716919311	0
8.65	4.04383910992783	13.9370476276241	0
8.75	1.15973885790687	8.72003241868573	0
8.85	0	4.52228358621379	0
8.95	0	2.26482876435975	0
9.05	0	2.77437084130485	0
9.15	0.153735385993948	4.00088550906789	0
9.25	0.589122299997056	4.92923103246038	0
9.35	0.924298703816382	5.69914797886849	0
9.45	1.01617796405855	4.97778737514771	0
9.55	0.845521234772921	3.28833581655112	0
9.65	0.412271961606052	5.16551302019629	0
9.75	0	9.3122054249961	0
9.85	0	8.06748289424642	0
9.95	0	6.76913253900679	0
10.05	0.282116144896577	7.49701868362409	0
10.15	0.429775632694273	8.87357222162404	0
10.25	0	9.47089697624797	0
10.35	0	9.76361279354308	0
10.45	0	8.3596388807096	0
10.55	0	5.26214832695048	0
10.65	0	2.74235249093459	0
10.75	0	1.72748103425183	0
10.85	0	1.87070157298336	0
10.95	0	9.61927100344301	0
11.05	2.76965208205477	25.3484304735588	0
11.15	13.6089454832708	43.0916219430983	0
11.25	15.8343379473345	51.4640313070944	0
11.35	9.55453633730525	29.5891357557335	0
11.45	4.14586060131927	16.9660969847656	0
11.55	0.504844910730822	11.1028329503915	0
11.65	0	9.47372378324518	0
11.75	0	9.32753525383294	0
11.85	1.85832741698379	11.0654073917265	0
11.95	6.74579353838097	17.5340462679	0
12.05	10.9006387092037	19.1533749102264	1.70736861337684
12.15	9.97413804744185	25.5189639646235	0
12.25	3.11912845376407	16.9354854949444	0
12.35	4.17799722119449	28.7688744634976	0
12.45	9.4039890981398	23.3472384583484	0
12.55	12.5124062887449	24.2220499968248	0
12.65	13.4849991938131	30.3590420437268	0
12.75	12.040844438351	37.2238445262654	0
12.85	6.61515517099114	33.8324913851597	0
12.95	0.570942412105447	24.972267514378	0
13.05	0	15.4838382184287	0
13.15	4.50494201093445	26.5681701912936	0
13.25	11.5533329286705	44.5360016225153	0
13.35	6.341349586556	35.7736429810173	0
13.45	0	15.462974185588	0
13.55	0	12.1331771748061	0
13.65	0	10.1330708485534	0
13.75	6.9713227430439	24.4211564547711	0
13.85	16.2595970233	34.177757787254	0
13.95	6.62573172148596	27.3240421172973	0
14.05	1.0809437204586	15.7044178900593	0
14.15	0.193641415313151	12.1761266454971	0
14.25	6.72218943756257	20.2562827050647	0
14.35	17.0254397240183	40.1438585352782	0
14.45	0	11.6685114672017	0
14.55	1.26463693659965	11.237806066419	0
14.65	5.3049438933066	20.6756667785586	0
14.75	3.85818261310673	13.7426036760641	0
14.85	1.80616460372224	11.5011449357719	0
14.95	3.54831383660717	16.1335952009436	0
15.05	4.43975774194471	16.1055308237634	0
15.15	17.9316854655768	34.5307771609133	3.00430357407895
15.25	16.3122741456356	28.2403240427707	7.02571850961883
15.35	14.7100743428478	24.2914176400425	4.89146367490105
15.45	14.6336841498487	27.0270423429799	3.18416600988279
15.55	0	9.70875243722984	0
15.65	0	1.44816500907855	0
15.75	8.23711068185237	19.0785872096535	0
15.85	22.8856004224797	49.3692139332787	6.72861243241258
15.95	14.034855898669	27.3737059259712	0.325586319911044
16.05	0	10.5145962382213	0
16.15	8.07911274853219	26.839070212402	0
16.25	41.0281633350493	70.2531691680693	14.1837752459116
16.35	19.8533155153003	40.7842467926043	0.690028256075899
16.45	0	18.7602344147902	0
16.55	0	16.2393958132536	0
16.65	6.74093584579725	29.3241013168091	0
16.75	0.1147800332226	12.0594417254604	0
16.85	7.46585260963578	20.1624756568835	0
16.95	10.5440066741448	19.5915281748573	0.957826984765091
17.05	12.0454867847394	23.6712323372771	1.67089423185258
17.15	18.2922344664119	32.4953036752152	6.39334515688199
17.25	0.582603212233869	13.3943770332398	0
17.35	0	3.6658140425483	0
17.45	15.7888041146979	29.219544002751	3.31652444624088
17.55	15.4563035356382	27.6105239476361	0
17.65	14.0763665676342	32.3702964866786	7.85672166286143
17.75	0	5.75945801302644	0
17.85	3.39780894314738	10.8494538826975	0
17.95	13.2766846845955	24.2525461987555	4.75915024728538
18.05	6.08392667583696	13.5087131374964	0
18.15	0	4.59974432652228	0
18.25	11.2345349740173	22.2125801665507	2.88807624992651
18.35	9.95804897233614	19.5400181192685	2.08317676895118
18.45	0.418033479865802	6.47459593912636	0
18.55	0.816878001969375	5.95955327128361	0
18.65	2.46091095837828	7.78060180057727	0
18.75	13.644017162602	20.5414745695208	7.3026862932041
18.85	16.4767990887965	23.0885932078665	10.1787396393339
18.95	0.984785798538704	10.2147177919394	0
19.05	0	5.32813775652656	0
19.15	5.1034259419087	14.8029394694453	0
19.25	0.401925338987121	12.6900454148172	0
19.35	0	3.14366509520268	0
19.45	9.31621210475841	20.4078507239191	0
19.55	4.66649661320321	11.2210232392758	0
19.65	1.95430241238383	9.97220171986754	0
19.75	10.8790325289568	19.5882728503145	1.79076970740207
19.85	5.39944683827904	11.4687161622719	0
19.95	0	3.36621269106129	0
20.05	2.27440039115179	8.67088213411018	0
20.1304305	9.76362408504744	18.7350011949466	2.11342057032014
