phys	rec.rate	upper	lower
0.05	0	95.3142759397878	0
0.15	0	95.3142759397874	0
0.25	0	95.3142759397875	0
0.35	0	95.3142759397877	0
0.45	0	95.3142759397875	0
0.55	0	95.3142759397874	0
0.65	0	95.3142759397877	0
0.75	0	95.3142759397875	0
0.85	0	95.3142759397876	0
0.95	0	95.3142759397875	0
1.05	0	95.3142759397875	0
1.15	0	95.3142759397876	0
1.25	0	95.3142759397875	0
1.35	0	93.7669914035685	0
1.45	0.775854594412494	81.4517046170355	0
1.55	3.47423668172715	77.8961474276179	0
1.65	5.40266501868114	63.0334701307935	0
1.75	6.56113960527442	77.8961474276179	0
1.85	6.949660441507	77.5117153780951	0
1.95	6.56822752737892	75.3557425592079	0
2.05	5.49025646979834	57.4939668413934	0
2.15	3.9956235427179	37.3078569153865	0
2.25	2.48268310537445	25.8558147704912	0
2.35	1.14332646259701	15.382033098046	0
2.45	0	9.88224632208544	0
2.55	0	7.96505024808736	0
2.65	0	6.31707600790725	0
2.75	0	5.9573141234507	0
2.85	0	6.0442585031338	0
2.95	0	6.3952968406431	0
3.05	0	7.64775705542504	0
3.15	0	7.16734868859928	0
3.25	0	7.20921909878707	0
3.35	0	6.0909210377634	0
3.45	0	6.5830740276081	0
3.55	0	6.9866697643556	0
3.65	0	7.71265064781378	0
3.75	0.514815443798996	10.3129006811372	0
3.85	1.83711997995906	12.2433632574734	0
3.95	3.07639719076796	29.5314202884176	0
4.05	4.23264707622569	32.681909053934	0
4.15	5.30586963633224	37.2872084651925	0
4.25	6.29606487108761	48.8225113652551	0
4.35	5.91294953751562	44.6793508532865	0
4.45	4.14768534675413	30.7518237714616	0
4.55	3.17532959636833	20.6658001973829	0
4.65	2.30842500039532	12.6111192622422	0
4.75	1.54697155883508	5.72387604359463	0
4.85	0.890969271687619	2.48069424344698	0
4.95	0.340418138952938	2.29797153371113	0
5.05	0	1.77365150760771	0
5.15	0	1.49679192275002	0
5.25	0	1.32367714290346	0
5.35	0	1.28999660163662	0
5.45	0	1.34596970176551	0
5.55	0	1.4029282247544	0
5.65	0	1.43349200610945	0
5.75	0	1.52988666316175	0
5.85	0	1.61081087395731	0
5.95	0	1.70787632946706	0
6.05	0	1.64436623258454	0
6.15	0.123464308099391	1.92758538538919	0
6.25	0.251922508235897	2.4502338369033	0
6.35	0.374137765861808	2.98554799942461	0
6.45	0.490110080977122	3.38364934496386	0
6.55	0.599839453581844	3.45723225589021	0
6.65	0.703325883675971	3.62768279405743	0
6.75	0.800569371259503	3.55859202099415	0
6.85	0.891345468347045	3.30264959629995	0
6.95	0.956153438654062	3.13997859585676	0
7.05	0.961356335220029	2.60700969425794	0
7.15	0.923280883596888	2.00355771991922	0.0330484624743192
7.25	0.882020077572924	1.59697329609884	0.155143441367352
7.35	0.84334175140335	1.43264531920004	0.183810203015168
7.45	0.807245905088144	1.44293411926324	0
7.55	0.773732538627337	1.45711024864703	0
7.65	0.742801652020891	1.49973174304293	0
7.75	0.715041493691843	1.53238832826043	0
7.85	0.705914786680798	1.55035165284633	0
7.95	0.710225122828089	1.57931934696197	0.00470191811527815
8.05	0.722012353421489	1.59313567814588	0.0495037417757793
8.15	0.741276478460987	1.63469337510023	0.0672009496783307
8.25	0.768017497946595	1.69214384747672	0.0636923949671739
8.35	0.802235411878301	1.74573008217361	0.0948473607659887
8.45	0.843930220256112	1.80278896812561	0.12548144948697
8.55	0.893101923080035	1.84905018603874	0.215072478863438
8.65	0.949750520350054	1.86400067664879	0.270460707532885
8.75	1.01357798196377	1.8725087452207	0.331369492358931
8.85	1.07895214338139	1.94110485193285	0.414914693377033
8.95	1.14084640100565	1.99502877234156	0.500867935251981
9.05	1.19908432837494	2.04789743587212	0.589122296574413
9.15	1.25366592548928	2.13837937279344	0.644540315190368
9.25	1.30459119234864	2.23108278923428	0.668341295151626
9.35	1.35186012895303	2.23773823619386	0.684486228923436
9.45	1.39547273530248	2.28808899142895	0.666641591897437
9.55	1.43542901139695	2.40843175723375	0.577883214475164
9.65	1.47087420252418	2.66507759466187	0.450488317021264
9.75	1.48775316026792	2.84404678392952	0.294693512295703
9.85	1.47456009320204	2.86419967515402	0.133636917114746
9.95	1.43095652872584	2.80514468171616	0
10.05	1.35750466440931	2.73013816433588	0
10.15	1.26652160895373	2.87090862052133	0
10.25	1.171484872126	2.77803429112583	0
10.35	1.07264313704673	2.49192974372173	0
10.45	0.965348306376779	2.28625407886509	0
10.55	0.847232882317645	2.11351093872194	0
10.65	0.718278055126229	1.97765833878389	0
10.75	0.578483824802526	2.37562565986587	0
10.85	0.428877445974411	2.92088733222496	0
10.95	0.343624470989165	3.19246743476676	0
11.05	0.407487850947697	3.37369465330092	0
11.15	0.586901124008595	3.23904480233713	0
11.25	0.868179904269995	3.6996502060955	0
11.35	1.16628340643909	4.38314146323631	0
11.45	1.44453942953625	5.21479796575352	0
11.55	1.70281702343998	5.99421434724618	0
11.65	1.94187811758551	6.82932970522154	0
11.75	2.16266506965397	7.72698017091232	0
11.85	2.35285693390708	8.10782082668162	0
11.95	2.49363109862665	8.07613633688444	0
12.05	2.58341724695589	6.82073259640676	0
12.15	2.62221537889481	6.43579068760836	0
12.25	2.60984889619152	7.78179384190084	0
12.35	2.39935677078159	9.83289518543117	0
12.45	1.57712548656796	9.3300002835914	0
12.55	0	11.4484496528584	0
12.65	0	16.7997408067424	0
12.75	0	20.4484906459182	0
12.85	0	23.4380152359288	0
12.95	0	25.445256336671	0
13.05	0	24.5715952558769	0
13.15	0	25.3445470535804	0
13.25	0	25.5967844012317	0
13.35	0	25.2642814534543	0
13.45	0	24.3470382102486	0
13.55	0	22.845054671614	0
13.65	0	20.7583308375514	0
13.75	0	18.08686670806	0
13.85	0	14.8306622831402	0
13.95	0	12.7319092865458	0
14.05	0	9.75633840822015	0
14.15	0	11.310587427183	0
14.25	3.76697743794976	19.7245079519007	0
14.35	8.38280163931066	43.3174121116458	0
14.45	13.4894408270844	75.4064683205201	0
14.55	19.0868950012709	110.150481331665	0
14.65	25.1751641618705	148.610305072906	0
14.75	31.754248308883	185.876401995452	0
14.85	38.8241474423083	228.274540873429	0
14.95	46.3848615621462	273.83600156411	0
15.05	0	115.021270335891	0
15.15	0	157.133912969938	0
15.25	0	132.982424909845	0
15.35	0	114.050928902072	0
15.45	0	108.489973269054	0
15.55	15.2810942422025	143.323846001829	0
15.65	42.0518683213531	173.808013517979	0
15.75	62.8188916709365	213.274909406929	0
15.85	77.5821642909541	264.435423691167	0
15.95	86.3416861814048	305.230873613576	0
16.05	89.0974573422883	332.763853353737	0
16.15	85.8494777736063	345.885390188864	0
16.25	76.5977474753583	335.563003354717	0
16.35	61.3422664475423	312.381930900604	0
16.45	40.083034690161	272.38616525579	0
16.55	12.8200522032124	241.4534550615	0
16.65	0	210.405422491272	0
16.75	0	194.466860402679	0
16.85	0	200.574258755989	0
16.95	0	418.494901342085	0
17.05	0	319.272612153401	0
17.15	0	214.000231769604	0
17.25	0	121.001987376968	0
17.35	0	37.8733885636439	0
17.45	0	42.108197470977	0
17.55	2.07239765944476	92.9891037223116	0
17.65	6.62498669274043	134.768415068166	0
17.75	9.73261025477374	155.470086219611	0
17.85	11.3952683455444	171.036667047917	0
17.95	11.6129609650527	174.67833316317	0
18.05	10.3856881132986	166.39160874314	0
18.15	8.08143408175453	142.288040529712	0
18.25	7.85604531219116	117.432692094688	0
18.35	8.23236482006177	109.800411380684	0
18.45	8.61733553714089	114.523324035114	0
18.55	9.0109574634284	129.980443423286	0
18.65	9.41323059892427	145.381078552445	0
18.75	9.82415494362874	157.455141980451	0
18.85	10.2437304975416	166.682711137287	0
18.95	10.6719572606629	174.906886318731	0
19.05	11.1088352329926	176.729987776431	0
19.15	11.5543644145307	177.549695258738	0
19.25	12.0085448052773	179.300634007291	0
19.35	12.4713764052325	175.171933983566	0
19.45	12.9428592143958	168.251447458868	0
19.55	13.4229932327679	158.10349096261	0
19.65	13.911778460348	145.000094052256	0
19.75	14.4092148971369	130.797894001905	0
19.85	14.9153025431342	116.109343489498	0
19.95	15.4300413983399	97.1129441762183	0
20.05	15.9534314627541	80.1279195265309	0
20.15	16.4854727363764	79.3077525555706	0
20.25	12.2795428097239	45.9455315767566	0
20.35	5.79179199983045	23.2256860268217	0
20.45	4.43661711730543	20.323249089638	0
20.55	3.47289506519305	18.1344202869022	0
20.65	2.88123083390238	15.8361980216248	0
20.75	2.45743401172467	13.3723841902029	0
20.85	2.07515116513202	12.0409601188768	0
20.95	1.73250552853277	10.3945570990322	0
21.05	1.42949710192692	8.14807518334458	0
21.15	1.16612588531444	6.32429606897466	0
21.25	0.942359946765129	4.60927432524264	0
21.35	0.750791114080566	3.94085376585193	0
21.45	0.574565580808419	3.18863570179442	0
21.55	0.411351650569546	2.65632669744537	0
21.65	0.261149323363911	2.55184641763624	0
21.75	0.123958599191543	2.34107561475199	0
21.85	0	2.19278568197378	0
21.95	0	1.98938498556977	0
22.05	0	1.85272013330415	0
22.15	0	1.81722215823193	0
22.25	0	1.77699590419899	0
22.35	0	1.81288509521132	0
22.45	0	1.87286878914964	0
22.55	0	1.98718760730899	0
22.65	0	2.12558839191856	0
22.75	0	2.2140504968447	0
22.85	0	2.29342353806488	0
22.95	0	2.30451195723216	0
23.05	0	2.33808062126126	0
23.15	0	2.31636068244163	0
23.25	0	2.26493362588528	0
23.35	0	2.241497929304	0
23.45	0	2.17221834227276	0
23.55	0.236653988105445	2.13009352735553	0
23.65	0.512981101092451	1.98961390538651	0
23.75	0.759829164685235	1.97688525762711	0
23.85	0.97714657207162	2.12723998756623	0
23.95	1.16493332325156	2.46635292440098	0.090677424631153
24.05	1.32318941822508	2.72241714901655	0.123583051361981
24.15	1.45191485699221	3.36035734118703	0.158439815106591
24.25	1.53880952041217	4.14484619289844	0.148737015851203
24.35	1.53298828969425	4.2354541206274	0.118372510612753
24.45	1.44455030687912	3.33303279037612	0.209992504442361
24.55	1.33636427009151	2.58099085366271	0.087393485306715
24.65	1.2229775132103	2.36553573605604	0
24.75	1.10439079147146	2.22325605115804	0
24.85	0.982220932546462	2.15173844664346	0
24.95	0.86150312263446	2.01707426025394	0
25.05	0.747989792028291	1.90639120994295	0
25.15	0.657666451241856	1.92092184509259	0
25.25	0.59387413883901	1.89706716712719	0
25.35	0.556612854819799	1.92288589083216	0
25.45	0.545882599184193	1.99479330304471	0
25.55	0.561784101367294	2.06437745886918	0
25.65	0.622181436190605	2.03946073573878	0
25.75	0.765340371564446	2.09409899097968	0
25.85	0.996200538897274	2.59643558751632	0
25.95	1.31476193818907	3.27603148825208	0
26.05	1.7210245694399	4.3132687987982	0.223793646990839
26.15	2.21498843264971	5.80753807087498	0
26.25	2.83643812001654	7.40222938998303	0
26.35	3.8079705770234	13.5603585549502	0
26.45	3.61645276007064	15.9857937978263	0
26.55	3.05571373849771	13.8805344378923	0
26.65	2.53260839632961	10.6706959205236	0
26.75	2.0471367335664	7.70277850500906	0
26.85	1.59929875020804	5.49994124647941	0
26.95	1.18909444625445	3.58349280005425	0
27.05	0.816523821705723	2.20326891260402	0.0800969823575375
27.15	0.481586876561807	1.44141334852698	0
27.25	0.18428361082273	1.16445647800137	0
27.35	0	1.02889032685374	0
27.45	0	1.05711341313662	0
27.55	0	1.17213886889303	0
27.65	0	1.25969768440992	0
27.75	0	1.29168170292898	0
27.85	0	1.2856041759623	0
27.95	0	1.33406157147898	0
28.05	0	1.21758260714119	0
28.15	0	1.16047778939139	0
28.25	0	1.10545403247104	0
28.35	0	1.0798875454998	0
28.45	0	0.997510407147795	0
28.55	0	0.860069987384966	0
28.65	0	0.920212171951747	0
28.75	0	0.964197591851653	0
28.85	0	1.1200176988476	0
28.95	0.0140745143044541	1.10973822630284	0
29.05	0.0897189997034103	1.12547477779577	0
29.15	0.153895540442774	1.11424223643451	0
29.25	0.216964148275501	1.18612974571455	0
29.35	0.293366758289877	1.28881633258545	0
29.45	0.384174289348993	1.3829120393712	0
29.55	0.489386741452845	1.50323913609216	0
29.65	0.609004114601433	1.61706558431674	0
29.75	0.743398667479004	1.77621890933204	0
29.85	0.905390276175372	1.97084440727561	0
29.95	1.11073531654188	2.18978502240093	0
30.05	1.36040118985371	2.55782345211961	0.168632613909
30.15	1.65438789611089	3.13225771892776	0.576420730320147
30.25	1.99269543531339	3.79021881815699	0.623695489786722
30.35	2.37552351508625	4.61985326326199	0.657802649137961
30.45	2.71938227315698	4.90173428265353	0.951049949029142
30.55	2.84468476742281	4.71626070009823	0.997817590480555
30.65	2.76891050759923	4.6872665539188	1.02258189497183
30.75	2.59533667162465	4.52697508820757	0.976574130257036
30.85	2.341180731005	3.93133364692746	0.868542131652046
30.95	2.03388066723114	3.34843147590057	0.727037927347899
31.05	1.74639065592373	2.92406266763886	0.413652989639508
31.15	1.49070168471419	2.76756282143725	0.0466559929846036
31.25	1.26681375360262	2.52529508986823	0
31.35	1.07479610335006	2.338054281465	0
31.45	0.91945992010759	2.24127558329274	0
31.55	0.80866689146613	2.21806031947017	0
31.65	0.743142863349801	2.07841575392406	0
31.75	0.722887835758512	2.08051166542805	0
31.85	0.747901808692344	2.15980478644593	0
31.95	0.818184782151227	2.33050549709629	0
32.05	0.933641895781754	2.76962042205328	0
32.15	1.0870430075213	3.27174384173444	0
32.25	1.26619385236227	4.02847826073933	0
32.35	1.4688727359606	4.71308865205539	0
32.45	1.67558049621093	6.02214699038879	0
32.55	1.86901767270194	8.93439118552364	0
32.65	2.03694677263786	12.5914938575533	0
32.75	2.15749042100125	16.1120669351736	0
32.85	2.22867508976325	18.9061128140386	0
32.95	2.25050077892389	20.9266043629969	0
33.05	2.22296748848316	21.7937612489678	0
33.15	2.14607521844101	22.0009319042927	0
33.25	2.01982396879748	21.2032242905907	0
33.35	1.84421373955258	19.4132826199552	0
33.45	1.61924453070634	16.8628302895217	0
33.55	1.34491634225863	13.1526445623334	0
33.65	1.02122917420961	8.75482164340665	0
33.75	0.648183026559137	5.09047149908458	0
33.85	0.225777899307355	5.98474253816705	0
33.95	0	9.47752933937644	0
34.05	0	14.0837713613235	0
34.15	0	15.6086513070939	0
34.25	0	19.1915056395122	0
34.35	0	22.4306609465123	0
34.45	0	26.5026703694473	0
34.55	0	29.9923868085613	0
34.65	0	27.3068853974269	0
34.75	0	27.1985348080894	0
34.85	0	29.4392978642811	0
34.95	0	29.2255779117752	0
35.05	0	31.7234049351271	0
35.15	0	18.7172567735622	0
35.25	1.1979884098676	4.31295508431945	0
35.35	3.16771733808819	35.4907049685424	0
35.45	5.44952845308539	73.0045442313723	0
35.55	8.04342175485911	113.467592177852	0
35.65	10.94939724341	160.847690025342	0
35.75	14.6898174152355	187.445793359602	0
35.85	13.106994253704	183.771951479518	0
35.95	8.89635020436266	123.337604958092	0
36.05	5.28301163679547	72.24257682699	0
36.15	2.26697855100285	27.8207520616402	0
36.25	0	5.9533220435613	0
36.35	0	7.5644920755098	0
36.45	0	10.4759824018205	0
36.55	0	21.1270445110933	0
36.65	0	29.4751083821056	0
36.75	0	37.8360022838169	0
36.85	0	40.1423866303856	0
36.95	0	39.6294315112686	0
37.05	1.85508896270684	33.4683838631082	0
37.15	3.89451789713876	32.2217868013516	0
37.25	5.51943761310288	32.1397668427497	0
37.35	6.7284562623851	31.1534214536046	0
37.45	7.52157384498495	29.0785733385968	0.401280808356011
37.55	7.89879036090326	26.3584077784623	0
37.65	7.85876374412799	24.537839238981	0
37.75	6.79554936517786	20.3512473045334	0
37.85	4.1933655920451	15.2570831147696	0
37.95	2.42447291461926	10.2239609653371	0
38.05	1.11117989217218	7.10373633089023	0
38.15	0.135942377422963	5.13667488949647	0
38.25	0	4.08365144989347	0
38.35	0	4.15699452305966	0
38.45	0	3.40702868196005	0
38.55	0	3.59413433830338	0
38.65	0	3.80546576489212	0
38.75	0	4.25276418116321	0
38.85	0	4.67622407793773	0
38.95	0.0716224169006358	4.93898322792111	0
39.05	0.220861042514182	5.45635887063314	0
39.15	0.362398307682541	5.59543331242349	0
39.25	0.515210874724421	5.7808376751058	0
39.35	0.698904950310745	5.84878226908891	0
39.45	0.914383911728476	5.89581977724047	0
39.55	1.16164775897769	6.34237209762464	0
39.65	1.44069649205834	6.73795178477889	0
39.75	1.75153011097046	7.13619874230051	0
39.85	2.09414861571401	7.05105050003506	0
39.95	2.46855200628896	7.18005287468472	0
40.05	2.87474028269546	7.60764640418093	0
40.15	3.31271344493324	8.51881025592005	0
40.25	3.7824714930027	9.67729708072902	0
40.35	4.28318478396986	11.4063480398838	0
40.45	4.737492055088	13.104915454959	0
40.55	4.94148560348657	13.3893887915525	0
40.65	4.84102151130281	12.1352761213668	0
40.75	4.43584969081665	10.1143386980723	0
40.85	3.7259701420279	8.16635834498401	0
40.95	2.71560365201432	7.13409096942765	0
41.05	1.56734057594158	6.87524900111282	0
41.15	0.491531995914527	7.85079117224359	0
41.25	0	8.40334560292371	0
41.35	0	8.19966918004124	0
41.45	0.0180872086964258	8.216250022261	0
41.55	1.12854791022502	8.86074741300338	0
41.65	2.39605580828573	9.28594750093229	0
41.75	3.66263879977938	9.94241126167662	0
41.85	4.79799865294721	12.0823345234289	0
41.95	5.63496109270741	14.5457625943986	0
42.05	5.9385864504013	16.6531398380075	0
42.15	5.69332948774589	17.5211204420575	0
42.25	5.02129052593938	15.7729510418688	0
42.35	4.13857791073671	11.7462172308906	0
42.45	3.31196087379827	8.63729449580513	0
42.55	2.5998044102773	6.87008387642923	0
42.65	2.00210852017372	6.4527070691445	0
42.75	1.5188732034876	6.39227354584636	0
42.85	1.15009846021893	6.33522406602688	0
42.95	0.895784290367753	6.31366542786751	0
43.05	0.755930693933982	6.18685146473553	0
43.15	0.730537670917668	5.94119503474768	0
43.25	0.819615280037464	5.80674468838816	0
43.35	1.0294405748166	5.57936039677088	0
43.45	1.37698371140284	5.46061851050263	0
43.55	1.82959747091982	6.08286969857019	0
43.65	2.27512389743585	6.78736579656775	0
43.75	2.68471932970505	7.26218511711707	0
43.85	2.94857887542494	8.62486878556376	0
43.95	3.03412913229216	10.0807057736584	0
44.05	2.98253351296396	11.5283039308857	0
44.15	2.87903969766828	12.3954395420373	0
44.25	2.73855531821164	13.2208392222029	0
44.35	2.5610803745939	13.4536231845562	0
44.45	2.34661486681509	13.4171892935173	0
44.55	2.09515879487528	12.4431918964673	0
44.65	1.80671215877437	11.4118931773102	0
44.75	1.48127495851244	9.83765910605406	0
44.85	1.11884719408941	7.41659416159024	0
44.95	0.719428865505418	4.88005806489742	0
45.05	0.283019972760329	2.60611187063377	0
45.15	0	2.43921465006457	0
45.25	0	2.6883715271206	0
45.35	0	3.67722270888076	0
45.45	0	4.8786158891929	0
45.55	0	5.75654395408268	0
45.65	0	7.44263482185538	0
45.75	0	9.11604568460574	0
45.85	0	8.10287621950176	0
45.95	0	6.19859648151717	0
46.05	0	4.11561625922143	0
46.15	0.136862186814021	6.06232612639118	0
46.25	0.816539801756245	7.88155764611796	0
46.35	1.34119618450529	9.00364527408931	0
46.45	1.7108313350611	10.4588209978765	0
46.55	1.93647113107905	8.46537245021601	0
46.65	2.09901236687347	9.93924957172452	0
46.75	2.23448312045953	10.8946286282393	0
46.85	2.34304846223991	11.6667647559537	0
46.95	2.42470839221468	11.6152586480476	0
47.05	2.47946291038369	11.6537183987862	0
47.15	2.50731201674711	11.4569878454826	0
47.25	2.50825571130484	10.99970241081	0
47.35	2.48184971155204	10.7607618105686	0
47.45	2.39954403958406	8.64527034630686	0
47.55	2.32839197481128	7.85448140540923	0
47.65	2.24997743061004	6.87526830075441	0
47.75	2.09258711387897	5.77855536648102	0
47.85	1.85135281374211	4.55910682267316	0
47.95	1.52627453019927	4.23196181441686	0
48.05	1.11735226325066	4.24021005054643	0
48.15	0.624586012896087	5.9451110352243	0
48.25	0.0479757791356616	9.38095801711206	0
48.35	0	10.5285031909298	0
48.45	0	2.38055528052304	0
48.55	0	1.47075663353205	0
48.65	0	1.66087379661591	0
48.75	0	2.17460507636649	0
48.85	0.170853424044213	2.53545743664005	0
48.95	1.05994856505927	2.9622931504531	0
49.05	1.75348448335606	4.09008153312035	0
49.15	2.25146117893459	5.10745398346618	0
49.25	2.55387865179484	6.18507972226303	0.162307658527678
49.35	2.66230521577463	6.32795676120641	0.362820833394222
49.45	2.62136888823195	6.15104113370975	0.433881736230681
49.55	2.48104272861438	5.52154360119737	0.468826480493281
49.65	2.24669961254176	4.70673648175952	0.480717319245184
49.75	1.97286928173537	4.06644639484926	0.443176908525172
49.85	1.70983889877868	3.67761322736845	0.263780994058795
49.95	1.45948946566709	3.40181070114413	0
50.05	1.2218209824006	3.26150066527753	0
50.15	0.996833448979174	3.15065734688021	0
50.25	0.784528385438527	2.99564130686174	0
50.35	0.601682760465324	2.84441655864964	0
50.45	0.506595054555407	2.80415651113247	0
50.55	0.511382700197339	2.65344229092852	0
50.65	0.593546867390385	2.51110196357146	0
50.75	0.682074885014956	2.47346295967015	0
50.85	0.753346692144513	2.47111604857848	0
50.95	0.807293046316671	2.46737734510066	0
51.05	0.843913947531483	2.47196027457089	0
51.15	0.863209805754403	2.57934086369335	0
51.25	0.866011999028089	2.56979756215255	0
51.35	0.854896580948485	2.57276739701946	0
51.45	0.830360988968429	2.65385343294574	0
51.55	0.792405223088001	2.60101150652084	0
51.65	0.74102928330712	2.56251832821752	0
51.75	0.676233169625838	2.43602066295222	0
51.85	0.598016882044127	2.2856738095151	0
51.95	0.507741292316975	2.33761768482667	0
52.05	0.428394706055369	2.3904252484908	0
52.15	0.379120589680378	2.55972076049202	0
52.25	0.360502763303108	3.00646027617188	0
52.35	0.40355660972733	3.59963385052206	0
52.45	0.642387797141318	4.20683490365728	0
52.55	1.11323379193705	5.16847471697547	0
52.65	1.8160951798885	6.39910068795517	0
52.75	2.77268651131977	8.10343224392146	0
52.85	4.37486391061422	10.3690887699804	0.270171820869752
52.95	6.54384186605596	13.4061442624142	1.42866510264292
53.05	7.11492999877623	15.6439506923355	1.43646834828991
53.15	3.55259916831427	10.1045597676552	0
53.25	0.263295011989419	8.32156443008088	0
53.35	0.791793419845796	7.09938248742295	0
53.45	1.45742399639384	6.34980654959732	0
53.55	2.01008457747057	5.057702418142	0
53.65	2.40495063168739	5.9594337549437	0
53.75	2.64202215904423	7.1814638746688	0
53.85	2.72129915954111	7.86469927945494	0
53.95	2.64278163317807	8.2851042394613	0
54.05	2.40646957995523	7.88694392940661	0
54.15	2.06716513328709	7.42049028402581	0
54.25	1.81618510823308	6.91202459399712	0
54.35	1.61304029667544	6.13266020871009	0
54.45	1.45219831032144	5.95320190868067	0
54.55	1.33365914917113	5.85266066840017	0
54.65	1.25742281322452	5.63531200801217	0
54.75	1.22115931480397	5.42983681377566	0
54.85	1.20127261527468	5.25940454085292	0
54.95	1.18404790541056	5.09308120519156	0
55.05	1.1693157296768	4.92596648986854	0
55.15	1.15707608807335	4.76592410760351	0
55.25	1.14732898060021	4.60701523707731	0
55.35	1.14007440725737	4.4502808811351	0
55.45	1.13531236804482	4.29604279905481	0
55.55	1.13304286296263	4.14426846536737	0
55.65	1.13326589201077	3.99436810730959	0
55.75	1.1359814551892	3.85891432608644	0
55.85	1.14118955249795	3.72027386492033	0
55.95	1.14889018393697	3.72028049241478	0
56.05	1.15908334950638	3.57924180471055	0
56.15	1.171769049206	3.45492352562476	0
56.25	1.18694728303609	3.3081688301668	0
56.35	1.20461805099641	3.18532676734206	0
56.45	1.22478135308703	3.1091142528606	0
56.55	1.24743718930799	3.00246164606348	0
56.65	1.27258555965925	2.8960240448661	0
56.75	1.30022646414086	2.79003519317687	0
56.85	1.33035990275277	2.70214985851209	0
56.95	1.36298587549495	2.66063910701674	0
57.05	1.3981043823675	2.54885583549003	0
57.15	1.43566692732805	2.48243219831307	0
57.25	1.47393271090973	2.49548224378739	0
57.35	1.51072058003138	2.55507900285348	0
57.45	1.54589256154955	2.60964558504553	0
57.55	1.5794486554644	2.6236606896345	0.00222985448742467
57.65	1.61138886177575	2.60910682250872	0.124794280102693
57.75	1.64171318048369	2.65099996985887	0.192417293741358
57.85	1.67042161158818	2.71132658047381	0.271514211452505
57.95	1.69751415508942	2.76036487125679	0.341251587427179
58.05	1.72299081098707	2.78061286879279	0.382449049746691
58.15	1.74685157928127	2.81856681061873	0.416664323451614
58.25	1.76909645997216	2.85836822825423	0.48575234976353
58.35	1.78972545305965	2.89284988484779	0.510805821184103
58.45	1.80873855854363	2.92253953598494	0.528741122534145
58.55	1.82613577642427	2.94743718166492	0.490818533916592
58.65	1.84191710670145	2.9501444086203	0.445041275250841
58.75	1.85608254937521	2.95800030153889	0.379658916629721
58.85	1.86863210444554	2.9491712442866	0.35456633994229
58.95	1.87956577191245	2.95047369664268	0.359506860068478
59.05	1.888883551776	2.94996919417102	0.287534670688717
59.15	1.8965854440361	2.92626437803375	0.218373340344585
59.25	1.90267144869276	2.93004519354152	0.152559086313465
59.35	1.90714156574598	2.93925656839266	0.0901068990291721
59.45	1.90999579519587	2.96950769780203	0.0423928347983906
59.55	1.91123413704223	2.94610263506106	0
59.65	1.91085659128525	2.93635008119804	0
59.75	1.90886315792483	2.91676048046575	0
59.85	1.90525383696093	2.93518224372724	0
59.95	1.90002862839376	2.95264156358887	0
60.05	1.89318753222304	2.98106693458328	0
60.15	1.88473054844887	2.9900636923019	0
60.25	1.87465767707145	3.00165567569564	0
60.35	1.8629689180905	3.01406240134957	0
60.45	1.84966427150611	3.02189615568814	0
60.55	1.83474373731834	3.0251569387114	0
60.65	1.81820731552721	3.00894626821529	0
60.75	1.80005500613257	3.00999241225614	0
60.85	1.78028680913454	3.00116104534784	0
60.95	1.75890272453305	2.97678749218296	0
61.05	1.73590275232823	2.94499784382723	0
61.15	1.71128689251991	2.92935670304748	0
61.25	1.68505514510821	2.90917682568182	0
61.35	1.65720751009311	2.88466973352127	0
61.45	1.62774398747453	2.85704009038237	0
61.55	1.5966645772526	2.83244876780485	0
61.65	1.56396927942719	2.80400596515496	0
61.75	1.52965809399843	2.76267743571188	0
61.85	1.49373102096613	2.70563832131537	0
61.95	1.45618806033061	2.65381016134843	0
62.05	1.41702921209143	2.59230750842907	0
62.15	1.37625447624904	2.52697010010884	0
62.25	1.33402696624394	2.4575073424142	0
62.35	1.29152942500067	2.41186788801301	0
62.45	1.24928318170405	2.36822374600804	0
62.55	1.20729051305727	2.33990525012868	0
62.65	1.16555141906021	2.30644398917307	0
62.75	1.12406589971292	2.28948770086109	0
62.85	1.08283395501544	2.26034607505494	0
62.95	1.04185558496769	2.22851833496359	0
63.05	1.00113078956974	2.21647401553258	0
63.15	0.960659568821533	2.22855891837809	0
63.25	0.920441922723103	2.20761965319809	0
63.35	0.880477851274451	2.22345026958756	0
63.45	0.840767354475578	2.19180593579544	0
63.55	0.801310432326456	2.18473076253788	0
63.65	0.762107084827111	2.17065725989106	0
63.75	0.723157311977518	2.19210569470641	0
63.85	0.684461113777718	2.22259093932677	0
63.95	0.646018490227707	2.21411653510727	0
64.05	0.607829441327425	2.27393475885404	0
64.15	0.569893967076923	2.21669382689466	0
64.25	0.53221206747622	2.1720312508544	0
64.35	0.494783742525244	2.1769334645319	0
64.45	0.457608992274765	2.19653332971054	0
64.55	0.421311821620245	2.10438726090791	0
64.65	0.388355889455373	2.08578325550188	0
64.75	0.35934912494746	2.0539151537284	0
64.85	0.334291528096537	1.98573691517178	0
64.95	0.31318309890256	1.9462487261352	0
65.05	0.296023837365561	1.87534790502451	0
65.15	0.283323955946488	1.88050808825418	0
65.25	0.277400255150681	1.81291121744614	0
65.35	0.278910003001958	1.8544806501626	0
65.45	0.287853243235474	1.85736084402545	0
65.55	0.304229975851233	1.96681168176941	0
65.65	0.328040200849201	2.18674516311807	0
65.75	0.359283918229421	2.65852287511015	0
65.85	0.395960005165665	3.25646241200648	0
65.95	0.427385838077625	3.58132871360736	0
66.05	0.448754690888451	3.76703379655674	0
66.15	0.453901904677332	3.40287823109413	0
66.25	0.455705822882472	3.27843965791617	0
66.35	0.460151173189222	3.0646693456311	0
66.45	0.467245134040837	2.75076052580557	0
66.55	0.476987705437221	2.50484879407953	0
66.65	0.489378887378481	2.32441623931782	0
66.75	0.504418679864581	2.25675533377022	0
66.85	0.522107082895477	2.19993847715312	0
66.95	0.542444096471229	2.03657045871493	0
67.05	0.565429720591812	1.9502617304959	0
67.15	0.591063955257228	1.90979216359328	0
67.25	0.619346800467467	1.77607502090021	0
67.35	0.650278256222546	1.78430589924914	0
67.45	0.683858322522439	1.76701984182239	0
67.55	0.720086999367188	1.78042804218005	0
67.65	0.758964286756768	1.90586899164141	0
67.75	0.800490184691147	2.03608689725575	0
67.85	0.844664693170403	2.2785654595836	0
67.95	0.891487812194455	2.66274097527226	0
68.05	0.940959541763348	3.21853781505919	0
68.15	0.993829156278429	3.67749847221739	0
68.25	1.0547495205232	3.9873417202964	0
68.35	1.12550405162647	4.28766175134789	0
68.45	1.20490080681614	4.44111046261026	0
68.55	1.27500700137672	4.33676803406015	0
68.65	1.32199576814377	4.8638795482452	0
68.75	1.33902496013463	6.62709337689379	0
68.85	1.31472448178804	8.88745760812583	0
68.95	1.34820154390558	11.3708694835439	0
69.05	1.45565290629544	13.6231482958096	0
69.15	1.63707856592666	15.5256251875026	0
69.25	1.87914130252256	18.4030721611952	0
69.35	2.12946588158712	21.8559427415979	0
69.45	2.37519747988703	23.7387762773125	0
69.55	2.61633609742232	26.682405421416	0
69.65	2.85288173419294	29.154752621501	0
69.75	3.08483439019898	31.0781559326023	0
69.85	3.3121940654406	31.8964003860724	0
69.95	3.53496075991722	33.5707214735153	0
70.05	3.7531344736294	35.3415425706841	0
70.15	3.9667152065772	35.584469697473	0
70.25	4.17570295876011	35.5055002402703	0
70.35	4.38009773017836	35.4618532420044	0
70.45	4.57989952083236	35.2829448583353	0
70.55	4.77510833072114	34.5928550872926	0
70.65	4.9657241598458	33.8063565960778	0
70.75	5.15174700820568	32.5702973312136	0
70.85	5.33317687580122	31.1272902120846	0
70.95	5.50460747563581	31.7925890382166	0
71.05	5.60324618790429	33.4189399342022	0
71.15	5.58860796709689	35.445973854496	0
71.25	5.46001924405795	35.4229164203652	0
71.35	5.21748001878748	36.8297398811409	0
71.45	4.86099029128488	35.835377197831	0
71.55	4.39055006155097	35.1934825793324	0
71.65	3.80615932958499	33.8117910129901	0
71.75	3.10781809538769	31.4670915416145	0
71.85	2.29552635895849	28.0850933454124	0
71.95	1.36928412029754	23.90491499305	0
72.05	0.329091379404984	18.715578723575	0
72.15	0	12.7072607151674	0
72.25	0	7.52129766847254	0
72.35	0	9.11036080652394	0
72.45	0	11.7175378575846	0
72.55	0	14.8397953015392	0
72.65	0	17.4990019218939	0
72.75	0	20.2922404793851	0
72.85	0	23.703058418555	0
72.95	0	26.3908683958463	0
73.05	0	30.3610354967778	0
73.15	0	5.89353082686615	0
73.25	0	15.9930724378275	0
73.35	0	27.2894661942054	0
73.45	0	49.2071716096442	0
73.55	8.21103589368183	80.3453077993028	0
73.65	29.5831252143824	105.345782647643	0
73.75	45.0480659866782	120.976635130418	0
73.85	54.6058582105751	124.502875192063	0.224722967969128
73.95	58.2565018860646	116.405875488289	0.809330869248026
74.05	55.9999970131539	101.421221298876	1.64301645208193
74.15	47.8363435918394	90.6285440895462	0
74.25	33.765541622124	84.70460612989	0
74.35	13.7875911040024	75.4566598126775	0
74.45	0	62.2665838840697	0
74.55	0	48.2779251434018	0
74.65	4.97592505440806	37.8300896563705	0
74.75	7.52668584172235	31.6211617574761	0
74.85	6.35833170259116	26.6394844184284	0
74.95	4.72768731971892	18.3603732405721	0
75.05	3.31733536697479	12.4131215300677	0
75.15	2.12727584435812	11.1261862741636	0
75.25	1.15750875186933	13.1672070205648	0
75.35	0.408034089508128	14.2114221212106	0
75.45	0	15.8117788371661	0
75.55	0	15.2308130475406	0
75.65	0	14.6337171153093	0
75.75	0	14.2479005398955	0
75.85	0	13.4399469577484	0
75.95	0.286790907903991	11.5341854153516	0
76.05	0.703281247429468	9.06328612930942	0
76.15	1.03741189991577	7.42745437404402	0
76.25	1.28849451982569	5.98410908286505	0
76.35	1.45652910715929	5.59510188987057	0
76.45	1.54151566191646	5.54954781386908	0
76.55	1.54485095519138	5.72949172853072	0
76.65	1.49214183859597	5.47259631381324	0
76.75	1.40582469634477	5.35843343426687	0
76.85	1.28665873133542	5.18609487787476	0
76.95	1.14571379934576	5.2248360400592	0
77.05	1.05987555995992	5.05778675186149	0
77.15	1.06176646360423	4.88136567898615	0
77.25	1.15150486645671	4.79185043210496	0
77.35	1.3290907685172	5.17192074358335	0
77.45	1.59452416978585	5.54698117155763	0
77.55	1.953497021628	6.1319009745705	0
77.65	2.44716201422853	6.96935657336541	0
77.75	3.0927753555967	8.11708470437332	0
77.85	3.79341515419347	9.82566482554814	0
77.95	4.27670358192942	10.3035405125357	0
78.05	4.65912130364479	11.0021880745897	0
78.15	5.29016890113676	11.1253705903967	0
78.25	6.17916520867058	13.6438356189485	0
78.35	6.96580446663411	16.4062538610855	0
78.45	6.51981009637439	17.1200593125764	0
78.55	4.13377707926505	14.8182278045274	0
78.65	0.754227646378777	10.3362197340958	0
78.75	0	7.50236008106549	0
78.85	0	5.77306770103363	0
78.95	0	5.11685052378271	0
79.05	0.905545096449809	7.22081178302462	0
79.15	3.30260184703129	10.270204840437	0
79.25	5.09611786201708	13.8132974066643	0
79.35	6.02438417835008	15.9420732810145	0
79.45	5.96677454812198	14.9745663030666	0
79.55	4.97354254900577	12.5504077657253	0.182826872709656
79.65	3.71447336852757	10.932056465992	0
79.75	2.784627569104	8.86101169737049	0
79.85	2.14745710687273	7.66951257952709	0
79.95	1.66032330049974	6.46834294256052	0
80.05	1.30468496712211	5.56950796022129	0
80.15	1.08054210674009	4.80184173610408	0
80.25	0.980499929805379	4.40756419889092	0
80.35	0.950327407093709	3.92524398343282	0
80.45	0.950218434708059	3.35482460904657	0
80.55	0.953849938873687	2.8973427353118	0
80.65	0.9587619776062	2.37588460793983	0
80.75	0.964954550905503	2.21492489911715	0
80.85	0.972427658771651	2.15882046422244	0
80.95	0.981181301204611	2.1941287401904	0
81.05	0.991215478204434	2.23371456885822	0
81.15	1.00253018977105	2.35188414817533	0
81.25	1.01512543590453	2.46397616459416	0
81.35	1.02900121660488	2.5712470208088	0
81.45	1.04415753187196	2.61090698441601	0
81.55	1.06059438170592	2.70164979182403	0
81.65	1.07831176610677	2.73480600817594	0
81.75	1.09730968507437	2.75889763018317	0
81.85	1.11753138932805	2.78723839871232	0
81.95	1.13665985051311	2.64235072104595	0
82.05	1.15159172180921	2.64771417296235	0
82.15	1.16132805468539	2.63088849559264	0
82.25	1.16498838190158	2.65763056027908	0
82.35	1.16252619560099	2.66380491157379	0
82.45	1.15394149578361	2.73449279729697	0
82.55	1.13923428244947	2.69268700284711	0
82.65	1.11840455559846	2.94599675049459	0
82.75	1.0906579196606	3.16716143486427	0
82.85	1.05080121937826	3.30777180961302	0
82.95	0.998755479262549	3.24650152625228	0
83.05	0.936475536826171	3.26536783957974	0
83.15	0.874574190172691	2.88973548506436	0
83.25	0.818524925034118	2.89993859185059	0
83.35	0.768373250938929	2.82082583598286	0
83.45	0.724119167887063	2.87222248416194	0
83.55	0.685762675878524	2.8215110517268	0
83.65	0.653303774913432	2.89785972914706	0
83.75	0.626742464991597	2.83780305042068	0
83.85	0.606078746113208	2.88096494788152	0
83.95	0.591312618278158	2.87677446941318	0
84.05	0.582517215696264	2.94921539466144	0
84.15	0.583752531838065	3.12149454521899	0
84.25	0.601129838858258	3.5605908695291	0
84.35	0.635154157986048	4.06814382804339	0
84.45	0.685825489221513	4.85620757507176	0
84.55	0.753124906373713	5.82551234074508	0
84.65	0.832730574962361	6.74008434019594	0
84.75	0.914699191457044	7.37095039721169	0
84.85	0.986945973494386	7.40055754066011	0
84.95	1.03150661181717	6.45573198996718	0
85.05	1.04666967139926	5.9249522480632	0
85.15	1.03243515224071	5.51280740011997	0
85.25	0.988803054341465	6.26652179287974	0
85.35	0.915773377701588	7.93495775643537	0
85.45	0.813346299620092	10.5580651132882	0
85.55	0.705985770430795	12.0707059113434	0
85.65	0.745408987859834	10.445247260514	0
85.75	1.01062176209373	10.4201235292761	0
85.85	1.50325468378674	10.2861944973133	0
85.95	2.22330775293896	10.2646931266288	0
86.05	3.1707809695501	18.6999731494916	0
86.15	4.33050703084083	33.6196777817512	0
86.25	5.54765530425456	47.0804235171321	0
86.35	6.73167451379171	57.5942121988427	0
86.45	7.88142457084333	67.755487629459	0
86.55	8.96935905725368	76.8146640009689	0
86.65	9.87007331783791	85.1902243100225	0
86.75	10.5479001789246	94.8884376109124	0
86.85	11.0028371270903	102.620099923525	0
86.95	11.2348841623367	106.270288614221	0
87.05	11.2440412846635	105.999667488292	0
87.15	11.0303084940697	106.62715533227	0
87.25	10.5936857905564	102.593185074569	0
87.35	9.93417317412361	96.1672369671049	0
87.45	9.0517706447702	86.9091174709702	0
87.55	7.94647820249688	76.8159048620976	0
87.65	6.61829584730451	64.2603968904578	0
87.75	5.06722357919102	46.5396957944563	0
87.85	3.29326139815855	31.0971482734369	0
87.95	1.29640930420597	21.6245130190543	0
88.05	0	17.1553057793606	0
88.15	0	22.1394921713078	0
88.25	0	27.2488422507939	0
88.35	0	33.1242307488642	0
88.45	0	38.9619399635642	0
88.55	0	46.5589417033818	0
88.65	0	55.0620368253685	0
88.75	0	64.1801825784916	0
88.85	0	63.3813928993001	0
88.95	0	152.959822730745	0
89.05	0	163.398683321509	0
89.15	0	97.5522610992019	0
89.25	0.430381248302003	41.0532267216768	0
89.35	8.70510293615907	43.9543462869908	0
89.45	14.8505772557466	90.0697685874371	0
89.55	18.8668042070671	120.515787703683	0
89.65	20.7537837901191	132.357058297248	0
89.75	20.5115160049039	132.976839090951	0
89.85	18.1400008514195	123.615327188926	0
89.95	13.6847460954111	102.639676282361	0
90.05	8.56934546876979	76.1468115187487	0
90.15	4.46575284360744	59.3015060585563	0
90.25	1.4695754446444	48.7670519178453	0
90.35	0	40.2457900925096	0
90.45	0	38.2866441968964	0
90.55	0	34.4318068443923	0
90.65	0	33.0257910645847	0
90.75	0	33.1705157390891	0
90.85	0	28.9992236841575	0
90.95	1.84890940032075	43.0499080250755	0
91.05	4.28554974241173	61.544848127517	0
91.15	6.4085833855295	84.2645839247976	0
91.25	4.21434370303573	55.5642619217009	0
91.35	2.23336266136699	28.4527936522231	0
91.45	1.13276736129238	29.0051157442039	0
91.55	0.613361061486249	31.2040053854633	0
91.65	0.0155536412449724	39.9998317456551	0
91.75	0	49.404292954265	0
91.85	0	59.9555473218953	0
91.95	0	67.0156858357209	0
92.05	0	69.7430229349014	0
92.15	0	70.7850521971938	0
92.25	0	73.4138130056778	0
92.35	0	71.6903270887403	0
92.45	0	69.7772676467771	0
92.55	0	65.5429539549518	0
92.65	0	50.2015116882742	0
92.75	0.128332143534452	44.4105793711608	0
92.85	0.390627118434696	47.1380453913281	0
92.95	0.692888944511594	46.057181031971	0
93.05	1.03511762176434	38.1692583078036	0
93.15	1.41731315019415	55.707633105853	0
93.25	1.83947552979975	70.8114991498458	0
93.35	2.30160476058165	96.5234894798493	0
93.45	2.76201531564052	127.218228224043	0
93.55	3.00499306737443	145.216699952186	0
93.65	3.22556899557641	175.7994547847	0
93.75	3.46420705936627	212.839347716205	0
93.85	3.72090725874275	216.638300602374	0
93.9228975	3.91882310237736	235.142466724183	0
