phys	rec.rate	upper	lower
0.05	3.8923353767427e-05	0.000133246524570319	0
0.15	1.48848649224674e-05	7.73432226338943e-05	0
0.25	0	0.000277301310762556	0
0.35	0.000475556718260505	0.00175441939692143	0
0.45	0	0.00147602447000972	0
0.55	0.00371395891788448	0.0112663272015834	0
0.65	0	0.00884796538629691	0
0.75	0	0.0954359691626891	0
0.85	0	0.145848896956006	0
0.95	1.6968811308419	2.39503654999366	1.09390652830668
1.05	6.82401818758331	7.63113588322252	6.16267416561315
1.15	8.02450495887573	8.95857623740537	6.92233944606197
1.25	1.42281351967458	2.21105433913504	0.779176100658806
1.35	0	0.168277902895235	0
1.45	6.5759509580715	7.12296686282108	5.9787457309457
1.55	10.1261186264998	10.719678814871	9.65250070704385
1.65	5.29816321118669	5.91360709242419	4.64493426784659
1.75	0.645465189491014	1.22798211988754	0.115168725883596
1.85	0.900659261368048	1.81335393227428	0
1.95	6.96531674674944	7.94492404529734	5.98362709712752
2.05	5.4347240949642	6.17585582211393	4.51305743964268
2.15	0	0.409295056652783	0
2.25	0	0	0
2.35	0	0.21250788587633	0
2.45	5.35048627865214	6.43824221899522	4.54187211842513
2.55	7.91273700392759	8.70157028703993	6.98857472822541
2.65	1.81639650163995	2.81077744937177	1.11407261241773
2.75	6.35024438504034	6.95167744779102	5.65969566171423
2.85	5.505762508895	6.06512696537922	4.94544065909071
2.95	0	0	0
3.05	10.7587424169894	12.0022934939857	9.62069795406468
3.15	16.0000085231045	17.4742102655854	14.7596814289371
3.25	13.4486419395255	15.4253337654592	11.8582002050278
3.35	10.0242189888374	11.3982314523092	8.33034977697557
3.45	0	0.987168687098134	0
3.55	0	0	0
3.65	1.70330328072425	2.58462807647571	0.991920944357566
3.75	6.62460280629084	7.55404066694838	5.58471233678294
3.85	3.16797598149943	4.88114236055404	1.84153118560845
3.95	12.0929775028564	13.9599422440801	9.7981789900998
4.05	14.331407782671	16.3399097088655	12.5710024966303
4.15	8.77008179663971	10.7497502595463	6.58634376879011
4.25	5.8453523918197	7.2203423560521	4.51911867541751
4.35	0.764587472200585	1.69653158188899	0
4.45	4.4691113837823	5.5763327065189	3.00938866015691
4.55	6.76515200350118	7.94628050013321	5.56178968318457
4.65	6.23030485248433	7.75918858382522	4.73547557901832
4.75	8.18527298832825	9.17023217867585	6.69974900367194
4.85	4.24722915913654	6.22741274825598	2.5851213612305
4.95	9.7827168856219	12.3435150348765	7.02533360852367
5.05	21.0426278933891	23.70694728336	18.1993676451572
5.15	9.89565151363283	12.365806825157	6.21814221042075
5.25	3.29585025438059	4.93602503556227	1.48485599588228
5.35	7.2881311499801	8.48955188256431	6.36935099116536
5.45	4.85333922091154	5.60751195603696	4.15558681294616
5.55	0.0414494463985041	0.868916187357028	0
5.65	5.59560647343504	7.07185907495571	4.65795666152363
5.75	9.00998219571928	10.299727595369	6.80048493309227
5.85	6.27783574998498	9.51156110513318	3.5839013213595
5.95	11.8760922059744	14.6667256602127	9.26083458979656
6.05	8.77255392783861	10.6931696252713	6.90926181903387
6.15	0.690206767338207	2.56245475104873	0
6.25	0	0	0
6.35	1.09957816590079	1.90018367826488	0.22097976922457
6.45	2.94010304637776	3.70645481949939	2.23883863531766
6.55	3.56061944210022	4.3615118724646	2.43560514859434
6.65	0.944282352844936	2.72561106878667	0
6.75	0	0	0
6.85	0	0.883307795184706	0
6.95	7.39410175629219	9.8504989112244	4.54289021256219
7.05	15.8437541737703	19.1169961219821	13.6284194876057
7.15	15.0397637935888	17.9860260004065	12.4501091673835
7.25	5.41841844658219	7.79129473896649	2.78817810672448
7.35	0	0	0
7.45	0	0	0
7.55	3.7340040024583	5.20517868599531	2.02918544058976
7.65	7.89489930697082	9.16766543841274	6.24175993847664
7.75	8.07418183959317	9.66546994215546	6.06240210748102
7.85	3.99077796308017	6.02429771711517	1.67494960456467
7.95	1.0541959660216	4.29906595438861	0
8.05	5.56917532044124	8.3217763958104	2.49121995117363
8.15	8.68231877652878	10.6534076229977	6.21851912162589
8.25	6.75329675271208	10.1202095476776	3.11194557962115
8.35	7.09434384440494	10.3967828721235	4.17325459334545
8.45	9.17718152403331	12.9622515267017	5.66172653741451
8.55	5.11241302500892	8.21570007220669	1.65134868070919
8.65	2.68082770606977	5.8641466677318	0
8.75	4.89565138799372	7.96947464498555	1.83400485530604
8.85	7.94615770305142	10.8079291039599	5.17601939409478
8.95	8.43109169105461	11.8241221513423	5.80853753433234
9.05	6.61458995405815	8.57776640563353	4.72025011147597
9.15	4.2102438988235	6.01616838477555	2.51083756710937
9.25	1.95658863832037	3.68272821881974	0.22009154150932
9.35	0.208625060641218	1.64819624518839	0
9.45	0	0.53998227878846	0
9.55	0	0.0493824569539875	0
9.65	0	0.320066571158023	0
9.75	0	0.454491698891272	0
9.85	0	0.829311020236135	0
9.95	0.570980074804503	1.5467500851912	0
10.05	1.5192456100097	2.5320793582158	0.0917585057815811
10.15	2.53756512577899	3.63046033082238	1.20585224414881
10.25	3.21424493794217	4.3466290396397	2.16910787785333
10.35	3.26311016187971	4.27009428751727	2.16186029502309
10.45	2.77611184965162	4.031173648706	1.81726900347636
10.55	2.06212903513289	3.08950565742759	1.1913231616226
10.65	1.37817456434355	2.10817899009932	0.555671799281106
10.75	0.807440424047721	1.34301735370965	0.107833163830552
10.85	0.352976705452895	0.881880114607234	0
10.95	0.0134579874233929	0.541266200623761	0
11.05	0	0.292400582696087	0
11.15	0	0.181388246346182	0
11.25	0	0.0999441017928325	0
11.35	0	0.0755919116813006	0
11.45	0	0.0470513792999458	0
11.55	0	0.0352311165705901	0
11.65	0	0.0488868130852006	0
11.75	0	0.0649579584352314	0
11.85	0	0.0863391281554035	0
11.95	0	0.117515142051749	0
12.05	0	0.14571599573281	0
12.15	0	0.174895563675948	0
12.25	0	0.212085999017537	0
12.35	0	0.250109641901243	0
12.45	0.0325753916083515	0.302139363608475	0
12.55	0.0635869176616365	0.355797766308837	0
12.65	0.0900382960396992	0.389078917896776	0
12.75	0.111929526742534	0.379207903331822	0
12.85	0.129260609770136	0.387046173886444	0
12.95	0.142023772913914	0.410467014743066	0
13.05	0.150172653321736	0.440281756884004	0
13.15	0.15372662298627	0.456771328807457	0
13.25	0.152832269876556	0.463774923021093	0
13.35	0.147863363147481	0.464219542784338	0
13.45	0.138938622644652	0.462244743694365	0
13.55	0.126103379973866	0.44685474155598	0
13.65	0.109966814265671	0.419511890884301	0
13.75	0.0918903458167694	0.383614270899778	0
13.85	0.0724716961831414	0.356348369062898	0
13.95	0.0519818214566536	0.331829008410405	0
14.05	0.0308478215126459	0.293088491434069	0
14.15	0.00911556216179651	0.257128995949135	0
14.25	0	0.215475253539451	0
14.35	0	0.163219006572046	0
14.45	0	0.141682702902991	0
14.55	0	0.129816608014755	0
14.65	0	0.117783659750581	0
14.75	0	0.105183561436105	0
14.85	0	0.104813549934836	0
14.95	0	0.103987152281892	0
15.05	0	0.134738122836182	0
15.15	0	0.161709135582939	0
15.25	0	0.215451053293519	0
15.35	0	0.286722216898926	0
15.45	0	0.346818613682843	0
15.55	0.0299175164715645	0.388355596728153	0
15.65	0.0867011461275897	0.462303965254768	0
15.75	0.128623209174176	0.545737357320521	0
15.85	0.148760339028924	0.575528572366875	0
15.95	0.146456652751142	0.545125222224481	0
16.05	0.122779299394778	0.540024514038545	0
16.15	0.0834903032169752	0.441062710101937	0
16.25	0.0404961706931297	0.333486354579803	0
16.35	0.00536345695411519	0.286536107445909	0
16.45	0	0.249832251987813	0
16.55	0	0.255839326743716	0
16.65	0	0.262136338755031	0
16.75	0	0.286368308706419	0
16.85	0	0.287903183875572	0
16.95	0.00736121923167603	0.290225171722938	0
17.05	0.0186152729112853	0.281440892787607	0
17.15	0.027113040006543	0.272356545699294	0
17.25	0.0331004446709722	0.287943543768696	0
17.35	0.0366001686637185	0.280431896826259	0
17.45	0.0376122119847929	0.282262734173817	0
17.55	0.0361485459954702	0.285779052534092	0
17.65	0.0324758747031254	0.257581953493663	0
17.75	0.0274632135353759	0.233466809982066	0
17.85	0.0216465227972254	0.241832054996257	0
17.95	0.0151384038374662	0.242837210989165	0
18.05	0.00804670644208147	0.236023921638102	0
18.15	0.000566978020020073	0.222614177157985	0
18.25	0	0.211839596428829	0
18.35	0	0.198964838542745	0
18.45	0	0.180756473543404	0
18.55	0	0.161181245091887	0
18.65	0	0.165520698265238	0
18.75	0	0.166216654828618	0
18.85	0	0.156737690063687	0
18.95	0	0.145466080718744	0
19.05	0	0.132376363622175	0
19.15	0	0.120834298852182	0
19.25	0	0.125830352910907	0
19.35	0	0.143050437501777	0
19.45	0	0.15241056135922	0
19.55	0	0.168498079606033	0
19.65	0	0.210193046667107	0
19.75	0	0.242597292478782	0
19.85	0.00243240860002413	0.272308865991776	0
19.95	0.0162759046257076	0.290134755318918	0
20.05	0.0309498784557444	0.298987967180612	0
20.15	0.0462349785702131	0.298868501576668	0
20.25	0.061499635256517	0.289776358507308	0
20.35	0.0756984517298054	0.290760341239216	0
20.45	0.0873582975725367	0.312475209598875	0
20.55	0.0950748835611521	0.32724274148332	0
20.65	0.0984991968389601	0.348694277006132	0
20.75	0.0976083026641759	0.353039820614889	0
20.85	0.0923414670482409	0.345100361411678	0
20.95	0.082456273117727	0.333178473076256	0
21.05	0.067936358998556	0.329021672385525	0
21.15	0.0489456919794925	0.313993598272346	0
21.25	0.025730850995174	0.286362769053609	0
21.35	0	0.248636706979458	0
21.45	0	0.236758245720169	0
21.55	0	0.202435552356161	0
21.65	0	0.18081931320144	0
21.75	0	0.182774928391531	0
21.85	0	0.177273108263093	0
21.95	0	0.145283103375905	0
22.05	0	0.130301560208396	0
22.15	0	0.110076218338437	0
22.25	0	0.110719156096807	0
22.35	0	0.174277892364716	0
22.45	0	0.225819586631791	0
22.55	0.02925901162865	0.328595664779432	0
22.65	0.13042614850901	0.491285116520725	0
22.75	0.246733855526692	0.5996418313071	0
22.85	0.366421631042179	0.779526632272798	0
22.95	0.476742356795164	1.01330990621977	0.0459303214430547
23.05	0.534568444979059	1.06730585361888	0.101872523405687
23.15	0.518654247335454	1.10233199351911	0.138985850953872
23.25	0.428443895555765	0.879737101142673	0.0193462379883926
23.35	0.254712229694302	0.84616676371914	0
23.45	0	0.753066464782845	0
23.55	0	0.373060079180581	0
23.65	0	0.0480889231428698	0
23.75	0	0.0691413026765128	0
23.85	0	0.373211914325763	0
23.95	0.011023154752841	0.591570846854352	0
24.05	0.171204407661759	0.914148047526509	0
24.15	0.20597946260995	1.07561690232656	0
24.25	0.135453942335617	0.869530736148339	0
24.35	0	0.582776869297409	0
24.45	0	0.315962954443623	0
24.55	0	0.1631175494591	0
24.65	0	0.185716462087309	0
24.75	0	0.34442311868543	0
24.85	0	0.414752059296693	0
24.95	0.00862393857908633	0.438263355847802	0
25.05	0.114946171535985	0.540501996144207	0
25.15	0.183326434214003	0.594544038246275	0
25.25	0.213262374289725	0.621253265533924	0
25.35	0.206168694820686	0.634044040422826	0
25.45	0.166298696369892	0.562786116659823	0
25.55	0.113195792533697	0.47323604451459	0
25.65	0.0696531719477524	0.476075171282956	0
25.75	0.0444349365764433	0.40602362568647	0
25.85	0.0375089167839642	0.347401675940906	0
25.95	0.0436000395736985	0.294693545717144	0
26.05	0.054323340150173	0.263159090726482	0
26.15	0.066643548824595	0.29884922982366	0
26.25	0.0804094284053672	0.333717193826098	0
26.35	0.0955602469232098	0.355156962545448	0
26.45	0.111375519278401	0.398828826344615	0
26.55	0.125632119240245	0.427176608135416	0
26.65	0.13562394601402	0.446571720548639	0
26.75	0.139148988010992	0.461368960920194	0
26.85	0.135819142949997	0.443479294005583	0
26.95	0.12591742329374	0.408618895380962	0
27.05	0.110138984783624	0.369949950679054	0
27.15	0.0896838809956927	0.30582832387972	0
27.25	0.0659215218107519	0.249204095968844	0
27.35	0.0410579859380186	0.215611406123291	0
27.45	0.0158923470465201	0.157621732479734	0
27.55	0	0.138517076956344	0
27.65	0	0.116569683460181	0
27.75	0	0.0964783794363487	0
27.85	0	0.0725427110848098	0
27.95	0	0.0468423812857309	0
28.05	0	0.0308759588590414	0
28.15	0	0.0233165843151766	0
28.25	0	0.0190059028522235	0
28.35	0	0.000179805627727197	0
28.45	0	0	0
28.55	0	0	0
28.65	0	0	0
28.75	0	0	0
28.85	0	0	0
28.95	0	0	0
29.05	0	0	0
29.15	0	0	0
29.25	0	0	0
29.35	0	0.000674377174403736	0
29.45	0	0.0317306649036592	0
29.55	0	0.0696725400040694	0
29.65	0	0.0922284753853211	0
29.75	0	0.123034405999081	0
29.85	0	0.157537006110469	0
29.95	0.00567238827095137	0.184414969584296	0
30.05	0.0403426992642552	0.231969309437433	0
30.15	0.0771150423390391	0.27149664431467	0
30.25	0.115768116889134	0.357069853658004	0
30.35	0.154949510744496	0.467728197871209	0
30.45	0.191059513647985	0.564490151913704	0
30.55	0.222201959406796	0.62497308836547	0.00515968423841954
30.65	0.247089704225759	0.649325723000801	0.00604414533536426
30.75	0.264664517362164	0.637885601721274	0.0102524592230788
30.85	0.274527304285852	0.607438675644399	0.00951829734690422
30.95	0.274812188512856	0.621634318951312	0.00865247504083674
31.05	0.260646020545682	0.606794987661729	0.0116518518990903
31.15	0.233472719310947	0.604211284063308	0.0213369620247101
31.25	0.19894372652422	0.550765878544937	0.0232096953786881
31.35	0.16317604660196	0.428447699956152	0.0171250785391306
31.45	0.130555933554478	0.319772115178451	0
31.55	0.101289417905132	0.259480403105822	0
31.65	0.0755772136524076	0.238996047154094	0
31.75	0.0537037373134543	0.230506593195732	0
31.85	0.0354257817981308	0.208025544445946	0
31.95	0.0202605740525326	0.195562646222476	0
32.05	0.00810741312796554	0.189759989761932	0
32.15	0	0.186286771627281	0
32.25	0	0.179296987880021	0
32.35	0	0.16857233847861	0
32.45	0	0.15408507045822	0
32.55	0	0.138051517683053	0
32.65	0	0.124878881357326	0
32.75	0	0.115421362146774	0
32.85	0	0.102641580894542	0
32.95	0	0.0962546300051665	0
33.05	0	0.089477291084869	0
33.15	0	0.0853457107328741	0
33.25	0	0.0805318656456807	0
33.35	0	0.0806733236893439	0
33.45	0	0.0840094891094308	0
33.55	0	0.0895022813682993	0
33.65	0.000453999501112172	0.0910442927768113	0
33.75	0.00111805563965531	0.106465506074951	0
33.85	0.00154523836229012	0.111113564852114	0
33.95	0.0017355476690241	0.113996795415167	0
34.05	0.00168898355988742	0.115115197764004	0
34.15	0.00140541466498616	0.114803247113148	0
34.25	0.000886660874581923	0.115894706241951	0
34.35	0.00014554409082522	0.115434243154856	0
34.45	0	0.114466543927568	0
34.55	0	0.114578517424734	0
34.65	0	0.114326984647661	0
34.75	0	0.115827981217102	0
34.85	0	0.115882528237022	0
34.95	0	0.115653905345843	0
35.05	0	0.116842022984118	0
35.15	0	0.116608177139904	0
35.25	0	0.114952367812734	0
35.35	0	0.100944871851015	0
35.45	0	0.0953057853300286	0
35.55	0	0.088665818001545	0
35.65	0	0.0859001443622849	0
35.75	0	0.079626979740502	0
35.85	0	0.0731356483327878	0
35.95	0	0.0663330085076383	0
36.05	0	0.055923840326666	0
36.15	0	0.0511271791710179	0
36.25	0	0.0491533519100724	0
36.35	0	0.0503095285215213	0
36.45	0	0.0476029294503856	0
36.55	0	0.0489842459581837	0
36.65	0	0.0512744129593027	0
36.75	0	0.0513740230101007	0
36.85	0	0.0568122575594231	0
36.95	0	0.0654319109997692	0
37.05	0	0.0727280518471847	0
37.15	0	0.0789247982679543	0
37.25	0.0015161594286546	0.0806318466906812	0
37.35	0.00697844604529121	0.0853194901283393	0
37.45	0.0127074078809157	0.0954887170300832	0
37.55	0.0185620802688566	0.107329091512087	0
37.65	0.0244631873403595	0.118618310564866	0
37.75	0.0302644665147521	0.130181461550675	0
37.85	0.0359324022724407	0.138116672711802	0
37.95	0.0414668651097814	0.144420821614796	0
38.05	0.0468678550267932	0.151438003821653	0
38.15	0.0521353720234835	0.157214416389081	0
38.25	0.0572691141206618	0.161725952708522	0
38.35	0.0622653231540232	0.167118138288076	0
38.45	0.0671199219208641	0.173120952423811	0
38.55	0.0717980560922275	0.176078462415455	0
38.65	0.0762651260915231	0.179946151872163	0
38.75	0.0805196436448699	0.180690735141396	0
38.85	0.084560621271608	0.178946285489261	0
38.95	0.0883592431102983	0.184415873082853	0
39.05	0.0917728174201338	0.198006565424896	0.00116319903991878
39.15	0.0946476125344533	0.223746900139967	0.00168502515950306
39.25	0.0969142711299761	0.241842002275554	0.00197877527689269
39.35	0.0984490483176536	0.250956028347534	0.00448449830077096
39.45	0.0991688772594486	0.279551724306945	0.00501132718144632
39.55	0.0985181405312723	0.29712307839747	0.00183974584040844
39.65	0.0961714553145264	0.301482899151959	0
39.75	0.0921199312049333	0.29835908376748	0
39.85	0.0863635682024603	0.289655333130596	0
39.95	0.0789023663071257	0.281490694320474	0
40.05	0.0697363255189249	0.269683624646953	0
40.15	0.0588654458378662	0.25187469402282	0
40.25	0.0462897240888865	0.228063902448346	0
40.35	0.0320000376138931	0.208796731591248	0
40.45	0.015750365205365	0.229982616008276	0
40.55	0	0.233688735820554	0
40.65	0	0.21802397726599	0
40.75	0	0.201082666449653	0
40.85	0	0.170552389171424	0
40.95	0	0.126366734965065	0
41.05	0	0.0685257038303075	0
41.15	0	0.00498613424393888	0
41.25	0	0	0
41.35	0	0	0
41.45	0	0	0
41.55	0	0	0
41.65	0	0	0
41.75	0	0	0
41.85	0	0	0
41.95	0	0.0508165626532754	0
42.05	0	0.21549272873167	0
42.15	0	0.537793384415923	0
42.25	0.170720478402066	0.922606637643086	0
42.35	0.490480707446513	1.22838580567899	0
42.45	0.714911226655699	1.71770177185738	0
42.55	0.680593490271699	1.71793510153548	0
42.65	0.348590706965391	1.40704904286834	0
42.75	0	0.835340811775881	0
42.85	0	0.735597847845215	0
42.95	0.0416211912760462	1.43110443821783	0
43.05	1.60583125021491	2.94644912656228	0.235676842733179
43.15	3.9089645475927	5.51012363592386	2.41743239200807
43.25	6.0954764752756	8.01908476452349	4.35239533671047
43.35	7.22280818060295	9.31328387775705	5.77408365711369
43.45	7.07285135937352	8.63611060505377	5.77865086435976
43.55	5.97684973408072	7.17051572372688	4.57737654484632
43.65	4.41738404154851	5.83802814877011	2.58782289317725
43.75	2.88037901382343	4.26605597746225	1.01064432796775
43.85	1.77805328877674	2.90876657309237	0.406015277073335
43.95	1.3446403011244	2.3820894278148	0.38020953437964
44.05	1.49294497330333	2.639002241805	0.602278280050916
44.15	1.99928007873877	3.25828074904509	1.1028857111147
44.25	2.63502355873465	3.59088468899451	1.81501997597854
44.35	3.18403160914709	3.99366847982617	2.34399893146821
44.45	3.5829711785531	4.37715298281103	2.56028415375301
44.55	4.14532844643267	4.81758213914554	3.34217637488055
44.65	5.22249579287969	6.00670483525119	4.40475031596772
44.75	6.08684162647924	6.89909076107009	5.3889098366998
44.85	5.84078334635938	6.84918176147687	4.75013841891802
44.95	4.1065509643811	5.33850072435072	2.75366606715854
45.05	1.7095954386319	2.91609579245358	0.520476847589268
45.15	0	1.1051728475538	0
45.25	0	0.242268701268006	0
45.35	0	0.789203996617124	0
45.45	1.38959470415171	3.02582752900572	0
45.55	4.3022068990685	6.15149891309436	2.69942532986503
45.65	7.16427314350001	9.4286162358377	5.31441422102456
45.75	8.12090511610147	10.7334461994066	5.92570041638692
45.85	5.94499577933454	8.51138792769875	3.30670570505783
45.95	6.7707112812025	9.7096181565304	3.15287181066945
46.05	15.6259789285305	18.139699605993	13.0909911752687
46.15	18.0971836172987	20.5941434357089	15.8836986979355
46.25	10.3470090642021	11.9517342645922	8.36113311977221
46.35	2.45798191918514	3.71923962981672	1.43154167340582
46.45	0	1.18343564820003	0
46.55	9.66310333078833	11.5147691912911	8.01327481968298
46.65	13.0917624242359	14.9163942357261	11.1140465865189
46.75	7.56814222568632	9.08430091502383	5.91037406358394
46.85	4.88971965363737	5.82035950035012	4.04079610203981
46.95	0.405817056966386	1.08669683669972	0
47.05	0	0	0
47.15	0.103479759172825	0.203086165621113	0
47.25	0	0.115986662978044	0
47.35	0	0	0
47.45	3.38879039196849	4.98429974080013	2.06000721137351
47.55	16.7338940975788	18.4943399116064	15.3736058479942
47.65	11.2464101195333	12.6503480987826	9.65286835726322
47.75	0.093493789718221	1.07537888098522	0
47.85	17.6552503445906	19.0221034078749	16.3762808479094
47.95	17.9241823418622	19.3944971188841	16.3885354478945
48.05	6.4021983930832	8.12852801250393	4.82171389960902
48.15	9.14608030716775	11.2914655497476	6.08200376410491
48.25	3.42652681484477	6.56465346746974	0.725804118162476
48.35	13.4431692440009	17.4639466609114	9.79555436256929
48.45	18.6812076486437	21.7705207913485	16.052357451757
48.55	5.64591135227631	9.60320948960373	0
48.65	0	1.95620227219582	0
48.75	0	2.924781630741	0
48.85	1.87716174093474	5.32909461221173	0
48.95	1.39311423266944	2.95790097238035	0
49.05	2.27500887620283	3.40566190802803	1.24597623024947
49.15	0.711741907890135	1.59924284616599	0
49.25	4.15373597261908	5.34538420995174	2.6688560456854
49.35	8.48892742262768	9.82599852717112	7.00153035592014
49.45	4.31593302549884	5.9220435588997	2.99917330781577
49.55	0.569471504459516	1.59014377590067	0
49.65	0	0.0544417511003906	0
49.75	3.84427215640498	4.56635519014335	3.25880742998265
49.85	8.08031884459925	8.90940703468769	7.31657850346793
49.95	9.95245189984895	11.0014324060405	8.78850284461346
50.05	11.8836463737825	13.8518509146227	10.384296566746
50.15	16.9844310916991	18.642217474718	15.1846065150564
50.25	6.03244263957875	8.25422517026709	4.2688245744431
50.35	0	0.882709739253842	0
50.45	0	0	0
50.55	0.602049743822229	1.74727992883884	0
50.65	8.00456022980411	9.2812532818674	6.08884417653168
50.75	11.8459660022041	13.2629767971167	10.6476606255543
50.85	8.58092392069057	10.0134514782121	7.35502104496903
50.95	8.43632066042569	9.22267040897682	7.38035203919946
51.05	0.54475379226939	1.49308614632809	0
51.15	2.78045908163983	3.71989675528598	1.77324296059254
51.25	6.19782249788557	7.19532495264692	5.24377810824305
51.35	4.98201129659807	5.99039987566666	3.833077618932
51.45	7.93725594246658	8.59986227360404	7.12833915461726
51.55	2.44637058271417	3.03593777183962	1.82617665807105
51.65	0	0	0
51.75	0	0	0
51.85	2.90086417502172	3.91628750657578	1.9277132417347
51.95	12.4028017867434	13.5459242491898	11.2620333985791
52.05	5.97167064061966	7.05088971845605	4.79110054727251
52.15	0	0	0
52.25	3.06916012346956	4.1229220209572	2.18854502040426
52.35	13.0981859777083	13.9983865108377	12.1918905563585
52.45	4.22763914970932	5.09727584302876	3.50276025819327
52.55	0	0	0
52.65	0.885465914406372	1.31289596967466	0.414383111920587
52.75	5.8793044246123	6.45244064992782	5.27238506028394
52.85	5.872665889879	6.83346987451056	5.02641171179462
52.95	7.02600792008649	7.64644278362417	6.22209402839078
53.05	4.56803797529905	5.26865562726275	4.04463832914533
53.15	0	0	0
53.25	0	0	0
53.35	0.0290675481271175	0.0840464170827696	0
53.45	0.00101317120258534	0.0211158921335664	0
53.55	0	0.0207825171121489	0
53.65	0.0319901322464697	0.263155489041107	0
53.75	0	0.228643690484237	0
53.85	5.81419316603085	6.99745247296755	4.65133313776118
53.95	13.9718314580741	15.056223135729	12.7334293387621
54.05	5.06435787914675	6.29340101020342	3.89353661091862
54.15	0	0	0
54.25	0	0.0528195032297162	0
54.35	0.307691807571307	0.736830973628972	0
54.45	2.10547798895364	2.56440961119324	1.54600998861062
54.55	5.88303386633835	6.60180187740511	5.104280365858
54.65	3.68219953973211	4.57425899442671	2.93793607047971
54.75	0.197429449975968	0.906926371736114	0
54.85	0	0	0
54.95	0	0	0
55.05	2.34811054714429	3.84583652352687	1.27407142380291
55.15	13.1100273842556	15.5026793563231	10.3100258449552
55.25	16.837189135847	18.6810821100429	15.3375504692649
55.35	4.16204180053887	5.62520256543346	2.59118427753256
55.45	0	0.549873919088222	0
55.55	3.80409451411998	5.14344751721856	1.75810296674851
55.65	14.8054073428337	16.7588213251695	13.214363046294
55.75	13.1652842242033	14.6445351982234	11.0054437532232
55.85	0	1.22094341210112	0
55.95	0	0	0
56.05	0.757583814078354	1.09681352588444	0.36080110217698
56.15	1.56396007293585	2.1930442920136	1.04810850842792
56.25	0.976871994086592	1.59032652320645	0.494289884833727
56.35	0	0.170921018596407	0
56.45	0	0	0
56.55	0.0460956393263139	0.54905167430835	0
56.65	1.01563485883962	1.52363966267364	0.337630866639144
56.75	1.62773470403031	2.178634600017	1.01454573168395
56.85	1.91234735707164	2.40601433009156	1.51469687685309
56.95	2.03285171800748	2.24137034728947	1.84337728699053
57.05	2.12687871421056	2.4553468930719	1.80499765530878
57.15	2.20623367776057	2.64583290979493	1.75420322991065
57.25	2.27093115564266	2.71897717022274	1.76564636064354
57.35	2.32148871872793	2.7418187506355	1.87177134995221
57.45	2.35897079984425	2.66938909287295	1.96049018016134
57.55	2.36158186038825	2.55891377850002	2.0684409851772
57.65	2.30584362999371	2.46976071503061	2.07493057716646
57.75	2.18231443630257	2.42703065642347	1.98295271844115
57.85	1.98505826559765	2.33655342983801	1.72211321825998
57.95	1.71054234426501	2.09571627527691	1.41072681503884
58.05	1.35051429502219	1.72171643070055	1.09114753047604
58.15	0.901870462961767	1.20600266217467	0.663070228570118
58.25	0.364583913951384	0.591427555071677	0.140380668742624
58.35	0	0.0477001370805603	0
58.45	0	0	0
58.5436985	0	0	0
