phys	rec.rate	upper	lower
0.05	0	1.31093115004037	0
0.15	0	1.31093115004037	0
0.25	0	1.31093115004037	0
0.35	0	1.31093115004037	0
0.45	0	1.27946906566774	0
0.55	0	1.16509664031779	0
0.65	0	1.13931799360259	0
0.75	0	1.2068697029716	0
0.85	0.2656355252532	1.27717232441137	0
0.95	0.677346318775386	1.47745470328748	0
1.05	1.11663152023075	1.69853939602625	0.516412322320923
1.15	1.57081302317758	2.16855074660172	0.970792626191721
1.25	1.94575611097834	2.74222840431828	1.1344924215638
1.35	2.19044214239489	3.13252262847758	1.20315377705357
1.45	2.29645750659726	3.2700852226293	1.23759664759654
1.55	2.22222303081903	3.17731225558979	1.16090346847515
1.65	1.95945723829972	2.90387278460396	0.988846809562678
1.75	1.53780971718209	2.45979536217306	0.673445044802469
1.85	0.971253039732779	1.84573424518978	0.171803887879644
1.95	0.384872359101131	1.46026763062322	0
2.05	0.0371285999124531	1.39781500856752	0
2.15	0	1.45055603514481	0
2.25	0.162551080562245	1.68808966119989	0
2.35	0.635717320400715	2.14699292408507	0
2.45	1.38252022658156	2.99770028172678	0
2.55	2.39121833495865	4.52906443769524	0.185585464203918
2.65	3.48057383628267	6.31963071195022	0.636571997714799
2.75	4.4832739444813	7.70685620601084	1.20103441277006
2.85	5.37962633545353	8.55542218626571	2.10535331472558
2.95	6.16959469545925	9.36138601360351	2.60020714175733
3.05	6.80210456276892	11.9834573585373	2.73782938875109
3.15	6.463582054001	11.5306342515721	2.89733256106326
3.25	5.54554998375897	9.32514289641822	3.04892778170165
3.35	4.69278024873422	7.64894142357058	2.95592045470215
3.45	3.91361801926923	5.9852467020543	2.62393478175614
3.55	3.208063295364	4.66024724370563	1.964619315489
3.65	2.57611607701852	4.09667022652533	1.15453745590457
3.75	2.01777636423278	3.71303418381714	0.216070700559628
3.85	1.53304415700681	3.64910175953507	0
3.95	1.12191945534059	3.57751139411616	0
4.05	0.784402259234123	3.41194071477949	0
4.15	0.520492568687412	3.13779219943628	0
4.25	0.330190383700454	2.90151766952933	0
4.35	0.213495704273249	2.56632011543047	0
4.45	0.16890521590424	2.41216865849979	0
4.55	0.172591185533934	2.11424248242599	0
4.65	0.198359936533853	1.95190800569516	0
4.75	0.24399051528738	1.79518379892403	0
4.85	0.309482921794511	1.78647345161962	0
4.95	0.394837156055253	1.69557618381581	0
5.05	0.5000532180696	1.75691140195472	0
5.15	0.623544243622318	1.80298280136473	0
5.25	0.755888806843097	1.86168773542191	0
5.35	0.893623229670515	1.96171436140875	0
5.45	1.03674215868124	2.02484493931625	0
5.55	1.18524559387525	2.18110369617965	0
5.65	1.33913353525258	2.29023715182504	0.180113610776971
5.75	1.49840598281319	2.40210922242273	0.389151578548153
5.85	1.66306293655712	2.60602752900408	0.608471111988946
5.95	1.8325445615997	2.88851803457858	0.820005856863213
6.05	1.99214529182438	3.25135545435476	0.967528674825071
6.15	2.12586241870523	3.59616078356982	1.07598895282115
6.25	2.22639878398939	3.85420728441028	1.10703596220826
6.35	2.28600124583438	4.03738095256692	1.09297319711527
6.45	2.30421770528327	4.14639824646802	1.06797089148512
6.55	2.28104816233606	4.10690532150337	0.984270164731089
6.65	2.21649261699274	3.90141044385769	0.788635177499769
6.75	2.11287965478042	3.65063478848104	0.662885825027472
6.85	1.9987773901636	3.43715944008367	0.216642439643193
6.95	1.89335431738158	3.27594485599724	0.0757121259296983
7.05	1.79696468577163	3.16678737669973	0.0900432610215151
7.15	1.70732038806336	3.06682964126377	0.267525211092681
7.25	1.61607520943528	2.95426207977457	0.346266681333633
7.35	1.52132667983954	2.8530177915873	0.353544648191851
7.45	1.42307479927614	2.74059061146675	0.353567281691804
7.55	1.3213195677451	2.59148173289887	0.298491464807741
7.65	1.21606098524641	2.47013369826472	0.214396120143386
7.75	1.10729905178006	2.29171157339584	0.117399073088335
7.85	0.995033767346061	2.10012980487038	0.0122047989623253
7.95	0.879265131944422	1.8982352665354	0
8.05	0.759993145575119	1.70404659243544	0
8.15	0.637217808238175	1.54873312135453	0
8.25	0.510939119933577	1.41215206640215	0
8.35	0.381157080661323	1.30173065185028	0
8.45	0.247871690421425	1.15495140770267	0
8.55	0.111082949213876	1.04966020000964	0
8.65	0	1.00293563513499	0
8.75	0	0.947333313661041	0
8.85	0	0.953524206129403	0
8.95	0	1.01935874066429	0
9.05	0	1.12322726040675	0
9.15	0	1.25825863776834	0
9.25	0	1.42729511808617	0
9.35	0	1.47908831631295	0
9.45	0.0434967077435171	1.56234232186314	0
9.55	0.623574749429536	1.75488636229908	0
9.65	1.08881384859092	2.06642430094032	0.0547991996018104
9.75	1.43873100819602	2.59304022475649	0.440708790020082
9.85	1.67389243363582	2.8759413522613	0.633759062991174
9.95	1.81026435310213	3.07600195507537	0.712350527058298
10.05	1.86564276009814	3.28525853534808	0.734305930708513
10.15	1.84096116404473	3.2934726512957	0.735618792596295
10.25	1.73621956494193	3.21228165544621	0.709460796900787
10.35	1.55141796278969	3.00382471273627	0.476114279674682
10.45	1.28741751878527	2.98264213661267	0.0368143673490568
10.55	0.96725190217999	2.73738559759977	0
10.65	0.647287935030472	2.60776601828775	0
10.75	0.356825064238476	2.45207011702751	0
10.85	0.137190767913903	2.14661546781702	0
10.95	0	1.77915863696781	0
11.05	0	1.49220300484733	0
11.15	0	1.20527713131545	0
11.25	0	0.949353562745159	0
11.35	0	0.730741886419093	0
11.45	0	0.52570700928884	0
11.55	0	0.38794302500088	0
11.65	0	0.312598301533865	0
11.75	0	0.264300406985187	0
11.85	0	0.274947036393907	0
11.95	0	0.320656949229718	0
12.05	0	0.430234311007787	0
12.15	0	0.558248311173639	0
12.25	0.0318950368086594	0.701043100069443	0
12.35	0.110778595055404	0.839403984996889	0
12.45	0.189821765069017	0.988651257120677	0
12.55	0.269024546849502	1.13915626061709	0
12.65	0.348386940396865	1.2697807996584	0
12.75	0.427908945711093	1.3646259218987	0
12.85	0.507590562792201	1.42268053186653	0
12.95	0.587431791640173	1.45733075447915	0
13.05	0.667432632255022	1.49220076254154	0
13.15	0.747593084636747	1.54153561850393	0
13.25	0.827913148785335	1.65514624355638	0
13.35	0.907324690933482	1.78929602621494	0
13.45	0.975006464790727	1.93568651605661	0
13.55	1.02466692877747	2.07054289302585	0
13.65	1.05622827610229	2.17786217476873	0.0513663880199033
13.75	1.07740281590106	2.45208610537098	0.122457511882015
13.85	1.12634934000891	2.58936222496461	0.062314796122686
13.95	1.26541849800795	2.93644170292825	0
14.05	1.61347444616021	3.24597828669572	0
14.15	2.15171572131831	3.73652362764044	0.152986424528263
14.25	2.78813241338033	4.31556836803346	0.795606760257543
14.35	3.37310046740066	4.91188424326616	1.72263389857739
14.45	3.86509118659137	5.22911180514585	2.66762445745813
14.55	4.26410049799106	5.50885662983388	2.96206655360348
14.65	4.56953197798058	6.97214832472779	2.74538717388465
14.75	4.62862145955057	8.6325731457137	2.21887330741945
14.85	3.83603469150266	8.1818941789722	1.17084453334837
14.95	2.49138291900357	5.82152563887134	0.0960054221280572
15.05	1.42926859827305	4.5693910596231	0
15.15	0.627171209442017	4.01445213086805	0
15.25	0.085080208609568	3.48643889826082	0
15.35	0	3.11379752241185	0
15.45	0	2.72448338959437	0
15.55	0.0188455341038254	2.35819931541254	0
15.65	0.516780085265776	2.2108032534023	0
15.75	1.26285711703639	2.68707952463115	0
15.85	2.14536853749289	4.00603501931459	0.375052935072432
15.95	3.09402206166455	5.28088350456182	0.778354117338853
16.05	3.91460265875181	6.38388061790481	0.805451534565265
16.15	4.41973778078228	7.03607001678155	0.739034358899156
16.25	4.60168743024614	7.01371747343616	0.636211738230933
16.35	4.46045160714353	6.47394883891294	0.6306842869165
16.45	4.00300241889789	6.14362759428573	0.578618752588108
16.55	3.33978516749376	5.75824695128843	0.484653113326706
16.65	2.57050781087795	4.85017802083814	0.116729613149538
16.75	1.80474356508825	3.87342338616435	0
16.85	1.11388037651326	3.06781388277216	0
16.95	0.500878414701474	2.48095130462913	0
17.05	0	2.07133505667346	0
17.15	0	1.66205523922834	0
17.25	0	1.2598026706221	0
17.35	0	1.26744312863105	0
17.45	0	2.13122969426355	0
17.55	0.657330573348891	3.84294754462476	0
17.65	1.240285103752	4.51557876248618	0
17.75	1.61884295466204	4.85901034793103	0
17.85	1.95778049023344	4.77739852924555	0
17.95	2.71950635623975	5.58074438129248	0
18.05	4.01904957544434	6.88525496801231	1.1608995452369
18.15	5.61071823816501	8.43283886509731	3.10346938500591
18.25	7.05552088747185	10.1853056590791	4.2473287562045
18.35	8.12585838914559	11.6983947056215	4.96849393946956
18.45	8.77981133974328	12.6628264500327	5.35465798376721
18.55	9.02812642093323	12.7605045740682	5.80843135875185
18.65	8.76897998680712	12.4072171664642	5.9419659974723
18.75	7.73243612173847	10.7732711639809	5.66243112762293
18.85	5.8983602578732	8.0328173242731	3.87120668361162
18.95	3.93191148331765	6.25753929627694	0.95400805938019
19.05	2.0868932863871	4.99936290713355	0
19.15	0.575077821684196	3.62713007827691	0
19.25	0	2.09789087519604	0
19.35	0	0.606323852178952	0
19.45	0	0	0
19.55	0	0	0
19.65	0	0	0
19.75	0	0	0
19.85	0	0	0
19.95	0	0	0
20.05	0	0	0
20.15	0	0	0
20.25	0	0	0
20.35	0	0	0
20.45	0	0.220554693752611	0
20.55	0	1.34440983312245	0
20.65	0.0103944846693069	2.85491798739397	0
20.75	1.21860955169895	4.0412896741933	0
20.85	2.59024968594295	5.43672717737713	0
20.95	3.73420718975163	7.10335985426809	0
21.05	4.54670476297174	8.68583336112823	0.501886662616591
21.15	5.0168892928642	9.40458176747551	1.06963375955591
21.25	5.13505912962539	9.41645014602689	1.49961631168328
21.35	4.9374648678324	8.69216996774758	1.93367836613471
21.45	4.62083271575802	7.57727287306687	2.33885524927015
21.55	4.31094718802938	6.53435353458153	2.67294455751561
21.65	4.01222762188191	5.61766296897507	2.79232936381768
21.75	3.72467401731554	4.84900105716586	2.74856737517599
21.85	3.44828637433032	4.48261389382467	2.53267225130806
21.95	3.18306469292624	4.40634778694326	2.04961435058203
22.05	2.92900897310334	4.55685677947178	1.52120378898185
22.15	2.6861192148615	4.60615949515644	0.966658350537611
22.25	2.45439541820086	4.56414047117534	0.495610076618119
22.35	2.23383758312135	4.5261718154316	0.0809585605779481
22.45	2.024445709623	4.4004015757339	0
22.55	1.82621979770575	4.24763171494329	0
22.65	1.63915984736965	4.09478479689755	0
22.75	1.46326585861471	3.90727749843949	0
22.85	1.29853783144092	3.68401800334262	0
22.95	1.14497576584824	3.50178647449002	0
23.05	1.00257966183672	3.20112692030727	0
23.15	0.871349519406339	2.90591401768897	0
23.25	0.751285338557084	2.6786708630272	0
23.35	0.63821304321823	2.59229901979011	0
23.45	0.503842134842577	2.45959092744708	0
23.55	0.339639878673806	2.33860295270904	0
23.65	0.147713301354509	2.15074350926946	0
23.75	0	2.07483237201297	0
23.85	0	1.85302876072565	0
23.95	0	1.43554381000432	0
24.05	0.0745325484469908	1.75102372138638	0
24.15	0.113654514840209	2.7117104664954	0
24.25	0	3.43391272271468	0
24.35	0	2.23474636098032	0
24.45	0	0.16435893760381	0
24.55	0	0	0
24.65	0	0	0
24.75	0	0	0
24.85	0	0	0
24.95	0	0	0
25.05	0	0	0
25.15	0	2.08237214691459	0
25.25	1.53390070404245	5.08532103906168	0
25.35	2.82472255401067	6.53775731985458	0.318136459036382
25.45	3.07722451304519	5.37402278125723	0.926691855458277
25.55	2.94349701127227	4.75890878900813	1.06585958317857
25.65	2.60159427786189	4.40479098819209	0.828835209725407
25.75	2.07693186899111	3.68413890249462	0.346258026689004
25.85	1.45773774976221	3.00966670472091	0
25.95	0.792327505875389	2.31758229158223	0
26.05	0.122295553553505	1.8533254436074	0
26.15	0	1.31251125348077	0
26.25	0	0.913498429607246	0
26.35	0	0.711605235517058	0
26.45	0	0.821217618902158	0
26.55	0	1.04462097158122	0
26.65	0	1.22588017844472	0
26.75	0	1.42016656127939	0
26.85	0	1.41221908275943	0
26.95	0	1.57791128061223	0
27.05	0	1.9120888217958	0
27.15	0	2.33588506234138	0
27.25	0	2.6526303074994	0
27.35	0	3.02163318713129	0
27.45	0.586983941168329	3.54181255934356	0
27.55	1.19538833138209	3.90865775410509	0
27.65	1.733539933217	4.41698714764103	0
27.75	2.20109315083531	5.09848177538697	0
27.85	2.59804798423694	5.44970481423182	0.22987394089804
27.95	2.924404433422	5.64001257189255	0.769361094487526
28.05	3.18016249839029	5.53827508833838	1.31009592479447
28.15	3.36532217914209	5.28462696987482	1.73035257525844
28.25	3.47988347567724	5.32682318974329	1.63588660012522
28.35	3.52382733396026	5.65719853126878	0.918110065419463
28.45	3.46358187977549	6.36707527691503	0
28.55	3.31406722849008	6.93265200869549	0
28.65	3.28220218310123	7.09412503673752	0
28.75	3.39907745025802	7.28686799804074	0
28.85	3.57028679952466	6.87122936428605	0.494597068907238
28.95	3.55316732845571	6.25152699422328	0.809853571566874
29.05	3.39280675526261	5.58287731089002	0.640293815968499
29.15	3.11835374714389	5.09978832026041	0.435499113615252
29.25	2.72980931749306	4.7780878835564	0.171898599400137
29.35	2.2271735300198	4.23772566449634	0.0494278853162282
29.45	1.64238831489835	3.53682271056846	0
29.55	1.09683778321439	2.93577827132033	0
29.65	0.616048815464324	2.42442719409392	0
29.75	0.199388743080794	1.96460951959191	0
29.85	0	1.54939454014495	0
29.95	0	1.2773380413179	0
30.05	0	1.01972337735809	0
30.15	0	0.822408873930488	0
30.25	0	0.698128455297766	0
30.35	0	0.676990631166235	0
30.45	0	0.628437337923797	0
30.55	0	0.720220901230144	0
30.65	0	0.870341258119982	0
30.75	0	1.03911908406659	0
30.85	0	1.15293032888107	0
30.95	0.201521713067495	1.35958178012622	0
31.05	0.603724020734123	1.70496462553182	0
31.15	0.982058819127153	2.11239310691662	0
31.25	1.31396593421148	2.49045758701073	0
31.35	1.5994389956724	2.80115194704777	0
31.45	1.83847800350994	3.03366527975131	0
31.55	2.03108295772425	3.17584440617806	0
31.65	2.17685158739944	3.59708589380301	0
31.75	2.25125280492512	4.23445859426829	0.124774366334196
31.85	2.21170099162242	4.17001964169602	0.254063083058202
31.95	2.06758509323611	3.72770745653202	0.46763364596069
32.05	1.87356090404562	3.0980326875523	0.665523420353169
32.15	1.68700470141559	2.6043797878738	0.799051168219769
32.25	1.5202728156186	2.5232439146107	0.831431034461935
32.35	1.37336524665485	2.48342935112858	0.73251301019192
32.45	1.24628199452423	2.38457906649301	0.571905603326429
32.55	1.1390230592268	2.24601187861243	0.383031216558951
32.65	1.05158844076251	2.07183568796542	0.223658581898987
32.75	0.983978139131401	1.99169696558926	0.105487973502459
32.85	0.93619215433346	1.97456870331873	0.0396340921759593
32.95	0.908230486368672	1.98342412540784	0
33.05	0.900093135237022	2.08072308255252	0
33.15	0.950267656366424	2.28732966178163	0
33.25	1.18685774628504	2.53044991021363	0
33.35	1.47671073311875	2.60962324642308	0.160491273084956
33.45	1.67179022787	2.71482696310707	0.42946007475
33.55	1.7507469729031	2.80880482937598	0.655230861041996
33.65	1.77213234113037	2.91322357014487	0.774483782263635
33.75	1.73860177831729	2.75809856127148	0.926148010972889
33.85	1.65040187621254	2.44454707277138	0.929538542688622
33.95	1.52608522719712	2.10806269896867	0.836890211666015
34.05	1.39680605236067	1.9990182812043	0.662593011193358
34.15	1.26554553780685	1.93851605269745	0.440812898971845
34.25	1.13230368353558	1.85192278257558	0.286913562977687
34.35	0.997080489546938	1.68362001274162	0.138189262658529
34.45	0.860043925130669	1.49743078135176	0.0564617711774487
34.55	0.726420464266396	1.40387217184683	0.00157429335430946
34.65	0.602275383990796	1.29985387922006	0
34.75	0.487941799016707	1.19937461044378	0
34.85	0.38341970934409	1.09845895881369	0
34.95	0.288709114972965	1.01647145544854	0
35.05	0.203810015903322	0.900766168120343	0
35.15	0.128722412135167	0.806075081080773	0
35.25	0.0634397474131346	0.719565511613653	0
35.35	0.00744679256244346	0.641560330730242	0
35.45	0	0.619485568363464	0
35.55	0	0.592195567944949	0
35.65	0	0.56305781566182	0
35.75	0	0.523500257822423	0
35.85	0	0.552312338998211	0
35.95	0	0.554752018627407	0
36.05	0	0.529269448239247	0
36.15	0	0.53012331103167	0
36.25	0	0.480754341343681	0
36.35	0	0.476782376913239	0
36.45	0	0.531473866591754	0
36.55	0	0.574855791371458	0
36.65	0.0383368083937241	0.737646750921163	0
36.75	0.0989964642195344	1.00221166120655	0
36.85	0.167982334439895	1.25848101476747	0
36.95	0.245294419054807	1.55612388958745	0
37.05	0.329820526392343	1.83509665770972	0
37.15	0.382394231087345	1.86539549575722	0
37.25	0.40404325016858	1.72500284462432	0
37.35	0.416952524289303	1.61003219773739	0
37.45	0.421178114112752	1.57182701556268	0
37.55	0.416720019638907	1.54889155329914	0
37.65	0.403578240867776	1.52370182109433	0
37.75	0.381752777799389	1.44370856512931	0
37.85	0.35124363043371	1.31371115476569	0
37.95	0.312050798770747	1.15569806207618	0
38.05	0.264174282810512	0.968129937480706	0
38.15	0.207614082552993	0.740300321986444	0
38.25	0.142370197998189	0.522065644064852	0
38.35	0.0684426291461159	0.414740505149195	0
38.45	0	0.360849411727623	0
38.55	0	0.398355056957863	0
38.65	0	0.555932041516203	0
38.75	0	0.747992706507908	0
38.85	0	0.987260344785884	0
38.95	0	1.26854432488383	0
39.05	0	1.56558694809085	0
39.15	0	1.86699757453011	0
39.25	0	2.19171086481022	0
39.35	0.261252917037604	2.48508177252985	0
39.45	0.430893353397775	2.38531404376208	0
39.55	0.313779032644562	1.95990851154579	0
39.65	0.0665146982096231	1.27921967370566	0
39.75	0	0.826410507717526	0
39.85	0	0.553784596054817	0
39.95	0	0.421376718416938	0
40.05	0	0.424269385428903	0
40.15	0	0.575578147330124	0
40.25	0	0.75226371563204	0
40.35	0	0.943167712049532	0
40.45	0.143050163885885	1.15498535929322	0
40.55	0.409513297492909	1.44961404209731	0
40.65	0.714020449563699	1.80478538440555	0
40.75	1.05621772725922	2.1648773077209	0
40.85	1.43610513057944	2.53965632483526	0.341869423575464
40.95	1.85368265952443	2.92480279577267	0.739817297563739
41.05	2.30895031409415	3.30911987877107	1.23368625109406
41.15	2.80190809428852	3.73637093414172	1.66198386741168
41.25	3.33255600010763	4.32968250239373	2.13956505228821
41.35	3.90089403155153	5.21748096162898	2.47882294833354
41.45	4.50690991772716	6.24489484433668	2.80379719013378
41.55	5.09552770644448	6.99935498939685	3.04425103496464
41.65	5.6917676061383	7.19202840037548	3.64151922374735
41.75	6.65749685191766	8.32431878389254	4.97564495016434
41.85	7.31461577689759	9.45885191825105	5.38996416804447
41.95	7.47785285892715	9.8609250740432	5.35271672812287
42.05	7.23855251475935	9.64252517478973	5.12107600472383
42.15	6.62865855675372	8.53531984391672	4.91219514898951
42.25	5.66627095356916	7.35582914585079	4.14650688447041
42.35	4.09138215764058	5.37153488733671	2.86414760240816
42.45	2.51409884087895	3.9160665775451	1.02796784255983
42.55	1.39228078238659	3.22590689202571	0
42.65	0.627166566459821	2.63854349841701	0
42.75	0.127779571040473	2.17944478880454	0
42.85	0	1.75953482336897	0
42.95	0	1.47772040827378	0
43.05	0	1.32852127454188	0
43.15	0.102120599671931	1.2890663520843	0
43.25	0.57975953289225	1.39062715538729	0
43.35	1.13895965878309	2.0468465821983	0.173552460236244
43.45	1.63854726930316	2.82651773473825	0.26511972130884
43.55	2.06929413046643	3.47271376198075	0.323554413463648
43.65	2.43120024227295	3.90981298252322	0.433790261275291
43.75	2.72426560472265	4.22436253878342	0.57964355883669
43.85	2.94767867966139	4.65922237492649	0.68795964602685
43.95	3.0163796041675	4.97996131526907	0.86005928758284
44.05	2.73970287264505	4.31604084628002	0.863075015495074
44.15	2.27492121786957	3.50597746226622	0.825797108556952
44.25	1.83676511303493	2.99497788918542	0.541660872772981
44.35	1.4459364729598	2.60178177772045	0.041969592159885
44.45	1.1339129830412	2.41297854746154	0
44.55	0.920725014077571	2.24916761146208	0
44.65	0.80669414313605	2.15887594396567	0
44.75	0.791820370216639	2.12675944018533	0
44.85	0.87610369531931	2.12217974165494	0
44.95	1.05954411844408	2.28932242196784	0
45.05	1.34574459642325	3.02090861931821	0.0700929137785122
45.15	1.72362746987099	3.91219215775228	0.0064461418924803
45.25	1.84449086375831	4.79129274733267	0
45.35	1.54298722980293	4.23481685223576	0
45.45	0.82810915964267	2.75238221833528	0
45.55	0	1.58692981003131	0
45.65	0	1.22660836059534	0
45.75	0	1.17302564480473	0
45.85	0	1.30740223169182	0
45.95	0	1.87097200197402	0
46.05	0.70200991187477	2.48059795412326	0
46.15	1.53587339231009	3.14578115463485	0
46.25	2.30631755473598	3.96297159380423	0.561690011992462
46.35	2.90423185370547	4.81580984648731	0.998370805406275
46.45	3.32815930118348	5.39485823240804	1.14922338549429
46.55	3.57809989717006	5.73446974006497	1.32793580161185
46.65	3.65405364166518	5.7518104474742	1.43422477503114
46.75	3.55602053466886	5.44663617685482	1.41378916411375
46.85	3.28400057618118	4.94226556727559	1.36396345892525
46.95	2.8379937662018	4.30605026592324	1.12841157236725
47.05	2.21800010473129	3.84455907004644	0.223092171067052
47.15	1.4572218860075	3.42324079623811	0
47.25	0.746167123575494	2.80329228632986	0
47.35	0.135343358061177	2.10264984006462	0
47.45	0	1.85057482781143	0
47.55	0	1.71441671309526	0
47.65	0	1.6561905031693	0
47.75	0	1.62586457824826	0
47.85	0	1.67720599556288	0
47.95	0	1.92123525747847	0
48.05	0.374605554650955	2.26909904208714	0
48.15	1.06182415122893	3.14703999776875	0
48.25	1.88024290132268	4.42534938095741	0
48.35	2.69935299195582	5.87724297995871	0
48.45	3.26636061473536	6.80754695518814	0.168705661633738
48.55	3.16284575568815	6.59589039669629	0.326805567708839
48.65	2.37246329070953	5.67150465961364	0.0718039524411783
48.75	1.6497652369732	4.7291862687848	0
48.85	1.18068920825029	3.98749032035084	0
48.95	0.84256588532818	3.42912269255592	0
49.05	0.623268211806641	2.82041992239689	0
49.15	0.474109006365157	2.36902108655348	0
49.25	0.34778332737062	2.09950080854023	0
49.35	0.242339464463124	1.82076792340341	0
49.45	0.15777741764264	1.68490165471567	0
49.55	0.0940971869091762	1.57378639315536	0
49.65	0.0512987722627346	1.48357319915413	0
49.75	0.0293821737033015	1.48351913712576	0
49.85	0.0283473912308998	1.43327002931331	0
49.95	0.0481944248455003	1.44059097383104	0
50.05	0.0889232745471293	1.46045498478323	0
50.15	0.150533940335776	1.48223004439237	0
50.25	0.233026422211438	1.47330563672028	0
50.35	0.33640072017412	1.5655018780311	0
50.45	0.460656834223825	1.65410121476565	0
50.55	0.605794764360525	1.91205712268002	0
50.65	0.771814510584294	2.17686045826008	0
50.75	0.95871607289503	2.64499390414163	0
50.85	1.1664994512928	3.25440414641871	0
50.95	1.3957331095929	3.91719670241885	0
51.05	1.70109757854508	4.77561614709294	0
51.15	2.10690562053585	5.36519426301262	0
51.25	2.29840246879132	5.3731514331418	0
51.35	2.14580540548361	4.64575965860224	0
51.45	1.67555096509577	4.03592654348852	0
51.55	1.04947220759636	3.74017870105861	0
51.65	0.453478620264742	3.64387622760475	0
51.75	0	3.83351048897834	0
51.85	0	3.87279409050774	0
51.945636	0	3.86386250687973	0
