phys	rec.rate	upper	lower
0.05	0	14.8323768783549	0
0.15	0	12.2202865355726	0
0.25	0	11.0948046236041	0
0.35	0	11.0948046236041	0
0.45	0	11.0948046236041	0
0.55	0	10.9746320329513	0
0.65	0.00799438898921207	11.0584373514253	0
0.75	0.625206768451663	11.7866502186681	0
0.85	1.13371575032482	12.2007143594539	0
0.95	1.40508313748402	10.7299282665303	0
1.05	1.51390187677068	9.16378491200203	0
1.15	1.56247145175752	7.71624674982842	0
1.25	1.58461862306468	6.4828072570708	0
1.35	1.58033252965921	5.3108663821777	0
1.45	1.54961317154112	5.23276468988433	0
1.55	1.4924605487104	5.18004390596092	0
1.65	1.40887466116705	5.51297626023535	0
1.75	1.29885550891108	5.55550283583464	0
1.85	1.16240309194248	5.28111878960486	0
1.95	0.999517410261259	4.59372402178935	0
2.05	0.81019846386741	4.24869290859745	0
2.15	0.577931621831222	4.06009827683124	0
2.25	0.328159281074183	3.56433120869078	0
2.35	0.13931422042155	3.3072505015842	0
2.45	0.0299781057560207	3.14007987018998	0
2.55	0.0037197212473735	3.21862862172466	0
2.65	0.060539066895608	3.29641864028241	0
2.75	0.200436142700724	3.30682292983374	0
2.85	0.422998908848376	3.41980045475811	0
2.95	0.715312445892305	3.58248674377621	0
3.05	1.03962020887088	3.68431946980467	0
3.15	1.33793934533409	3.83689318158893	0
3.25	1.58141054925722	3.96094828260783	0
3.35	1.76902898317789	4.42035956904408	0
3.45	1.90079464709609	4.57238744074982	0
3.55	1.97670754101181	4.68355050488465	0
3.65	1.99676766492509	4.77170431637147	0
3.75	1.96097501883587	4.80733348110136	0
3.85	1.86932960274422	4.55709328266567	0
3.95	1.72975828829742	4.23803738402242	0
4.05	1.57651937117055	3.84352829163385	0
4.15	1.41886560824246	3.43731116859996	0
4.25	1.25789103616686	3.15391430882968	0
4.35	1.09958388350504	2.95750759751579	0
4.45	0.945982817251102	2.82577400786417	0
4.55	0.797089544707291	2.78155369141558	0
4.65	0.652904065873596	2.62270939974701	0
4.75	0.513426380750026	2.37759344426465	0
4.85	0.378656489336577	2.16755230367642	0
4.95	0.248594391633244	2.03723289574678	0
5.05	0.123240087640036	1.84599076353086	0
5.15	0.00259357735694546	1.77869980352122	0
5.25	0	1.63666296214771	0
5.35	0	1.45216655464888	0
5.45	0	1.32126017279832	0
5.55	0	1.23409330172772	0
5.65	0	1.15052002320452	0
5.75	0	1.07345819685517	0
5.85	0	1.1031145975612	0
5.95	0	0.847624119748753	0
6.05	0	0.966928229622103	0
6.15	0	0.954554205678426	0
6.25	0	1.02868844871333	0
6.35	0	1.10429256099889	0
6.45	0	1.1821710721055	0
6.55	0	1.5105698166191	0
6.65	0	2.16231551556973	0
6.75	0.242291992697482	3.50367604340056	0
6.85	0.516647299291958	4.35669503198058	0
6.95	0.703212818387062	4.65659336033008	0
7.05	0.789075750492587	4.36837159649563	0
7.15	0.856737188238146	4.21106112869796	0
7.25	0.90881711219399	4.40002213254935	0
7.35	0.945315522360102	4.67620200366762	0
7.45	0.966232418736501	4.83153759759216	0
7.55	0.971567801323175	4.97661799668341	0
7.65	0.961321670120131	5.06824757627257	0
7.75	0.935494025127363	5.11966237377401	0
7.85	0.894084866344872	5.13307825655324	0
7.95	0.837094193772668	5.03472539981133	0
8.05	0.764522007410733	4.78286863594666	0
8.15	0.676368307259076	4.50123627185032	0
8.25	0.572633093317708	4.12766253080328	0
8.35	0.453316365586616	3.67163236888337	0
8.45	0.318418124065799	3.11544250173372	0
8.55	0.167938368755263	2.4336022921231	0
8.65	0.00187709965500391	1.74033278233929	0
8.75	0	0.984205233756018	0
8.85	0	0.584180690748365	0
8.95	0	0.622848828100997	0
9.05	0	0.856116428172687	0
9.15	0	0.932059030917511	0
9.25	0	1.11906668680481	0
9.35	0	1.34252833129912	0
9.45	0	1.62400273957475	0
9.55	0	1.89773807959835	0
9.65	0	2.15910820735206	0
9.75	0	2.47317250055347	0
9.85	0	2.72373826875006	0
9.95	0	2.39165491747516	0
10.05	0	2.03376458812984	0
10.15	0	1.79024190551559	0
10.25	0	1.64599306761633	0
10.35	0.076852027728434	1.90705407028985	0
10.45	0.650784288823141	3.46494320837715	0
10.55	1.11240348389018	4.77512541916235	0
10.65	1.46170961292956	5.7221983930192	0
10.75	1.69870267594127	6.2251434456601	0
10.85	1.82338267292531	6.40327597521767	0
10.95	1.83574960388171	6.40572012932114	0
11.05	1.73637766772142	6.36271958371199	0
11.15	1.55959098471934	6.33308795405554	0
11.25	1.35851857788294	6.16424865683151	0
11.35	1.14156417008864	6.47121425918579	0
11.45	1.15106876001251	6.00142830811212	0
11.55	1.47824836359625	4.06945179920007	0
11.65	1.78446334084203	3.78522536757954	0
11.75	1.82252070448794	4.16558183692603	0
11.85	1.39875906435801	3.68650164443693	0
11.95	0.941601677258426	2.67834804736808	0
12.05	0.784709821523395	2.57744104062029	0
12.15	0.805415695634946	2.54363012379953	0
12.25	0.9249781208098	2.66346618385202	0
12.35	1.02106198247662	2.60514902757876	0
12.45	1.08839527299303	2.64654506695999	0.00231892334203223
12.55	1.12772814471738	2.6383433447593	0
12.65	1.13906059764967	2.63606796034955	0
12.75	1.11085714550049	2.37954998982267	0
12.85	1.03851127852524	2.3348424736849	0
12.95	0.951063119875533	2.37128659070126	0
13.05	0.849295991620805	2.28877581073894	0
13.15	0.733209893761042	2.21205299175362	0
13.25	0.602804826296226	2.0480678591581	0
13.35	0.458080789226385	1.84043662334381	0
13.45	0.299037782551505	1.57128083319511	0
13.55	0.125675806271587	1.15813640939943	0
13.65	0	0.787584395992309	0
13.75	0	0.493164677440865	0
13.85	0	0.419354863563922	0
13.95	0	0.510969104345452	0
14.05	0	0.772227263152999	0
14.15	0	1.24297228279105	0
14.25	0	1.80755382523026	0
14.35	0	2.41000326083508	0
14.45	0	3.1487633477186	0
14.55	1.00200459896772	4.09026998875281	0
14.65	2.70056303911592	5.31926693335655	0.232226527420468
14.75	3.57470559497114	6.44848683496705	0.94113336242809
14.85	3.71773035164497	6.56572814828779	1.0887541879953
14.95	3.33309468400316	6.01041545482797	0.607147999406047
15.05	2.76320283681789	5.22520917386856	0.0459676177785527
15.15	2.21476939231104	4.55991119460761	0
15.25	1.69686934663996	4.33648529280032	0
15.35	1.22285998876782	5.48802840741635	0
15.45	0.793937357426947	6.11597071635306	0
15.55	0.182712464630928	3.81441027411184	0
15.65	0	1.91500012380262	0
15.75	0	1.37834602718658	0
15.85	0	1.26212521458926	0
15.95	0	1.1461713265426	0
16.05	0	1.18620689136037	0
16.15	0	1.11431990753738	0
16.25	0	1.05055745369849	0
16.35	0	1.14978146981374	0
16.45	0	1.23971695196939	0
16.55	0	1.3170723399505	0
16.65	0	1.58351138107067	0
16.75	0	1.90338199986173	0
16.85	0.415235521363872	2.49099502907381	0
16.95	0.904479074844705	3.19236689015076	0
17.05	1.39740631171581	4.39167575934841	0
17.15	1.83319367229544	5.54513687492314	0
17.25	2.15017352346033	6.68105947512213	0
17.35	2.32484722847056	7.11482810890497	0.0815702152274824
17.45	2.35715154958555	7.02733013237425	0.147058696974169
17.55	2.24626551669768	5.97891773183784	0.175130836291522
17.65	2.04781244405278	5.37407783457612	0.212455239549269
17.75	1.85640319366649	4.77531527309178	0.223024611975593
17.85	1.67963550043886	4.14022371950459	0.20201824856876
17.95	1.51750936436984	3.53929331954467	0.165446774957203
18.05	1.37002478545951	3.41392039024161	0
18.15	1.23718176370779	3.54027320885706	0
18.25	1.11898029911474	3.51602649886574	0
18.35	1.01542039168031	3.75098731121544	0
18.45	0.926747605428235	3.72409220536086	0
18.55	0.920428005977832	3.70489161213763	0
18.65	1.01373240726005	3.50504597473791	0
18.75	1.10613420922338	3.39304613332986	0
18.85	1.19116706629044	3.22758556563105	0
18.95	1.26883097846137	3.02431997314885	0
19.05	1.33912594573606	2.98770273907427	0
19.15	1.40205196811458	2.88037171163585	0
19.25	1.45760904559689	2.82491652343952	0
19.35	1.50579717818298	2.76081378661614	0
19.45	1.54661636587291	2.66690631652812	0.000750695687087595
19.55	1.58006660866661	2.56382881544224	0.419559088669853
19.65	1.60614790656417	2.51720928565699	0.657775785725025
19.75	1.62486025956546	2.47973064117092	0.686936883578009
19.85	1.63620366767063	2.5307274222637	0.735265861617789
19.95	1.64017813087956	2.63878572856286	0.650552113781406
20.05	1.63678364919227	2.88738726092829	0.582758534017331
20.15	1.62602022260883	3.14697561356528	0.5000638374183
20.25	1.60788785112915	3.40452439420764	0.44066171815711
20.35	1.58238653475334	3.5940891185513	0.374237832328784
20.45	1.54951627348126	3.73611745117176	0.304137414985228
20.55	1.50927706731304	3.91595599764015	0.233907890250198
20.65	1.46166891624859	3.97141429982302	0.185530939950127
20.75	1.40669182028794	4.00685393197164	0.155354289747033
20.85	1.34434577943112	4.06336622012997	0.122254444805383
20.95	1.27463079367808	4.02779633663718	0.0694539163760488
21.05	1.19754686302888	3.94719696663195	0.00506102793818242
21.15	1.11309398748343	3.82629631766322	0
21.25	1.02127216704182	3.66405859120909	0
21.35	0.922081401704011	3.55774791122825	0
21.45	0.815521691469983	3.35411874632151	0
21.55	0.701593036339791	3.11328749302775	0
21.65	0.580295436313372	2.96427996771583	0
21.75	0.45242151413138	2.80507574922974	0
21.85	0.326419993601255	2.57254231605549	0
21.95	0.207400429307695	2.42571582538284	0
22.05	0.0973760380842175	2.20379762559772	0
22.15	0.00211721679135862	2.01747196817702	0
22.25	0	1.88686053215338	0
22.35	0	1.72190547256539	0
22.45	0	1.60922448917188	0
22.55	0	1.45867862733807	0
22.65	0	1.39863689283863	0
22.75	0	1.37415668763924	0
22.85	0	1.34194658926614	0
22.95	0.0539892019554911	1.69098006912982	0
23.05	0.164931232925743	2.0295500479661	0
23.15	0.287193372005567	2.32097029817856	0
23.25	0.420053530589639	2.60214206503907	0
23.35	0.547260878829484	2.87390931471033	0
23.45	0.652209310189336	3.01038343206586	0
23.55	0.734148395872304	3.17924846003954	0
23.65	0.79297531558767	3.9026165984606	0
23.75	0.797385584108791	4.22999909625728	0
23.85	0.708984398968912	3.18408332547574	0
23.95	0.723328565020714	3.16059736887268	0
24.05	0.90572584587228	3.38031279516548	0
24.15	1.25617729295648	3.70175654905458	0
24.25	1.77472407533889	4.58746775544207	0
24.35	2.45662133904239	6.87572001113842	0
24.45	3.11140880144326	6.53152802919384	0.182464512151255
24.55	3.5676996164033	6.27380398183335	1.06469678355902
24.65	3.83045220278296	6.25968111866251	1.47496534660453
24.75	3.89966656058237	6.51306782957576	1.57288447464721
24.85	3.77534268980148	6.42917334426885	1.48184235605528
24.95	3.45748059044018	5.98615116079928	1.12804025867986
25.05	2.94608026249865	5.40899957953206	0.611020168115128
25.15	2.24114170597677	4.95661774239535	0
25.25	1.34483743651276	4.49723167143558	0
25.35	0.466617570332025	3.85770538110145	0
25.45	0	3.42973326894162	0
25.55	0	2.94421082379131	0
25.65	0	2.53642861850553	0
25.75	0	2.20410627815825	0
25.85	0	1.95862781904088	0
25.95	0	1.69725119688396	0
26.05	0	1.51819259093091	0
26.15	0	1.34927304869865	0
26.25	0.034645732304196	1.27952877570095	0
26.35	0.151560811318512	1.23919503190154	0
26.45	0.266767407634389	1.43993093854752	0
26.55	0.380265521251828	1.63061804141467	0
26.65	0.492055152170841	1.8306100489236	0
26.75	0.602136300391392	2.03092064884491	0
26.85	0.710508965913529	2.25925695340971	0
26.95	0.817173148737223	2.45155684815593	0
27.05	0.922128848862463	2.59089703254148	0
27.15	1.0253760662893	2.74483329035216	0
27.25	1.12691480101765	2.86701782930664	0
27.35	1.2267450530476	2.97292380632932	0
27.45	1.32486682237909	3.08015369899735	0
27.55	1.42101245347978	3.10045164065422	0
27.65	1.51261844634645	3.1733882126435	0
27.75	1.59825869679094	3.2470176707152	0
27.85	1.67791785244195	3.22969453418924	0.00715930652616849
27.95	1.7515959132995	3.27269543320642	0.118246178005146
28.05	1.81929287936365	3.38924102314503	0.224906884402312
28.15	1.8810087506343	3.56232738426203	0.297510488481868
28.25	1.93659888573434	3.89347367025891	0.245582978644208
28.35	1.97663501189942	4.2094414988153	0.149848885668194
28.45	1.98605505195709	4.29886822674468	0.226885064047816
28.55	1.95464508756364	4.31090313453507	0.140195235942523
28.65	1.82488907121285	3.93896215065474	0
28.75	1.57850891386144	3.55394865565956	0
28.85	1.21627218041956	2.99566502241694	0
28.95	0.738178870887277	2.37979916438814	0
29.05	0.164385444268923	1.81111600079965	0
29.15	0	1.26429124804998	0
29.25	0	0.808713262676903	0
29.35	0	0.343434139304295	0
29.45	0	0.146463186733445	0
29.55	0	0.00308357402279433	0
29.65	0	0.0379767154779186	0
29.75	0	0.236679928473464	0
29.85	0	0.612765997374012	0
29.95	0	1.45065843890994	0
30.05	0	2.67136033974526	0
30.15	0.495341404859131	3.22456546833365	0
30.25	0.847798238632913	3.55790658885111	0
30.35	0.998651877802253	4.28270504893881	0
30.45	0.981092038589518	4.27434342175768	0
30.55	0.873435612615286	3.78453635098192	0
30.65	0.764037879587145	3.14057589365044	0
30.75	0.684608266188646	2.58564197164067	0
30.85	0.636066688819103	2.30387889084794	0
30.95	0.618413147478471	2.24801043226951	0
31.05	0.631647642166798	2.20721025918924	0
31.15	0.675770172884042	2.30545372771429	0
31.25	0.750780739630234	2.35920050479079	0
31.35	0.856679342405367	2.49605039548784	0
31.45	0.993465981209407	2.63903547684775	0
31.55	1.1605845898405	2.73834960006843	0
31.65	1.34440873122035	2.88703113900789	0
31.75	1.52737034434366	3.04230544246812	0
31.85	1.69058170330522	3.27338254025632	0
31.95	1.82805666349453	3.38542664106056	0.0436585771579319
32.05	1.93979168905519	3.48080068170013	0.110972106490329
32.15	2.02578677998717	3.5364241948699	0.215123318309886
32.25	2.0828823630412	3.50994152378772	0.280936234119962
32.35	2.09477268174158	3.44678052751103	0.334376965359172
32.45	2.05621295515025	3.36943372076061	0.318213121278298
32.55	1.96720069113949	3.23129601436508	0.295080710599509
32.65	1.82773588970936	3.09858835819903	0.196598297670131
32.75	1.63781855085982	3.09259032919886	0.00941045624889092
32.85	1.39744867459084	3.26206964872973	0
32.95	1.10923722701943	3.4361863664104	0
33.05	0.784674364554869	3.3963803194055	0
33.15	0.426925817142335	2.88764582451493	0
33.25	0.0757956037959664	2.27997200119443	0
33.35	0	1.8767631667815	0
33.45	0	1.62499154092428	0
33.55	0.0534207134225184	1.43542984350669	0
33.65	0.378966126430911	1.6354279522908	0
33.75	0.854430800809731	2.08028747785578	0
33.85	1.4594374079485	3.57105873493926	0
33.95	1.92395359234045	4.62581008512297	0
34.05	1.98455035348947	4.61153269235178	0
34.15	1.57199456858622	4.06476398325183	0
34.25	0.906027716537451	2.83516489624307	0
34.35	0.280276286216663	2.10015574316252	0
34.45	0	1.7527562002346	0
34.55	0	1.59124098479281	0
34.65	0	1.59757826590135	0
34.75	0.149419357870752	1.79498606660138	0
34.85	0.770553977423454	2.69243924043502	0
34.95	1.55701669621397	3.63642340796867	0
35.05	2.37227306741771	4.73121932554814	0
35.15	2.68853392872362	5.02900164783939	0
35.25	1.98853337580574	5.1302171791981	0
35.35	0.885406342133441	2.977698979099	0
35.45	0.180852756988186	1.73490451742496	0
35.55	0	1.35678056309397	0
35.65	0	1.27432925593823	0
35.75	0.0987733752569429	1.44389419898025	0
35.85	0.428267490985487	1.6216248048202	0
35.95	0.703865635297804	1.87453524420202	0
36.05	0.925474043198197	2.01913797275068	0
36.15	1.09309271468654	2.20849680222473	0
36.25	1.2099789082619	2.6864565553448	0
36.35	1.33626033455106	3.12357963742137	0
36.45	1.50761694736494	3.31249578934543	0
36.55	1.65320073013508	3.42102826435175	0.14644691603129
36.65	1.74637824465037	3.31479537861934	0.626709074395612
36.75	1.78691497439791	3.03473153835401	0.918957577572896
36.85	1.77955735262553	2.82497159229107	0.857662319376486
36.95	1.73934635105913	2.80565017804133	0.746796222404441
37.05	1.66925433790352	2.80263624687646	0.511701333699569
37.15	1.56928131315854	2.7690679878356	0.315405963911512
37.25	1.43942727682424	2.65683627229371	0.0380288943522777
37.35	1.27969222890058	2.48634203404796	0
37.45	1.0900761693877	2.25044090693771	0
37.55	0.870676948882002	2.19324125722577	0
37.65	0.630589967853759	2.17084512661367	0
37.75	0.386180657131317	2.01184987925759	0
37.85	0.139160843801862	1.89276586136468	0
37.95	0	1.80106749433192	0
38.05	0	1.87935502337148	0
38.15	0	2.18891233132405	0
38.25	0	2.44902564916594	0
38.35	0	2.5972511602771	0
38.45	0	2.8175301612981	0
38.55	0	2.92942458621916	0
38.65	0	2.9836877331758	0
38.75	0	3.1075783597334	0
38.85	0	3.34564788117179	0
38.95	0.301916742425243	3.52265221489936	0
39.05	0.725082281818095	3.85970444540567	0
39.15	1.21140743835821	4.27246840852284	0
39.25	1.76089221204547	4.52585908659687	0
39.35	2.37353660288009	5.05362767913691	0.663621213876614
39.45	3.0493406108619	6.48862105758255	0.664610496012846
39.55	3.78830423599087	8.17615790466875	0.251214856163632
39.65	4.58769161351368	10.1790830981144	0
39.75	5.19078401049203	11.240571845092	0
39.85	5.13423378263564	9.69322785518541	0
39.95	4.36588858930297	9.61832946362009	0
40.05	1.60046745543876	7.91732917965564	0
40.15	0	5.06920405498914	0
40.25	0	3.59431753790248	0
40.35	0	2.31993982877723	0
40.45	0	1.50697719999893	0
40.55	0	1.29204188497523	0
40.65	0	1.35389638143292	0
40.75	0	1.91281551122	0
40.85	0.409361481760986	3.07208758705375	0
40.95	1.3784770306775	4.49437595248026	0
41.05	2.20996508016175	5.79996588954442	0
41.15	2.89897525236113	6.48607273707965	0
41.25	3.42521744086768	7.02711910121609	0
41.35	3.73882302438696	7.12693965227468	0
41.45	3.83741066863015	6.97293649517514	0
41.55	3.73328078499019	6.60414455424291	0.105871042447929
41.65	3.42823199680688	6.1856648810247	0.520253634589849
41.75	2.92226430407992	5.60829760954999	0.398701434383353
41.85	2.23404795451519	5.02759577270876	0
41.95	1.51590325833856	4.48958799574365	0
42.05	0.928039265724306	3.96673790670516	0
42.15	0.597884610106706	3.9148571360465	0
42.25	0.494933485861157	4.02854882333731	0
42.35	0.440061692677961	4.10424466080463	0
42.45	0.411152386039414	3.34401057761485	0
42.55	0.417038258073451	3.12497117301935	0
42.65	0.458654829385263	3.18373642760611	0
42.75	0.536002099974875	3.34452865091286	0
42.85	0.649080069842242	3.37198119144437	0
42.95	0.793180514665491	3.30078737968829	0
43.05	0.927168219210922	3.30888830773363	0
43.15	1.02979651943649	3.51833867577416	0
43.25	1.09910604743382	4.29574000874398	0
43.35	1.05707130828013	4.96460204039731	0
43.45	0.796465488486981	5.13038110920037	0
43.55	0.257201311127731	4.93972211241578	0
43.65	0	4.35105151111261	0
43.75	0	3.44590266264226	0
43.85	0	3.13842759784265	0
43.95	0	3.070858068749	0
44.05	0	3.55441303972331	0
44.15	1.46387251582937	6.18079625551879	0
44.25	3.59789127829709	14.3605322714313	0
44.35	5.25071142458929	16.4667003484915	0
44.45	5.24355135743655	12.5580167547862	0
44.55	4.12218409565926	8.96240268413646	0
44.65	2.59785542866877	6.55337965259459	0
44.75	1.07313960135943	5.2877542100422	0
44.85	0.0603893105422193	4.97236856560396	0
44.95	0	4.99170494983347	0
45.05	0.476855429053939	5.16517394627046	0
45.15	2.04329235931981	5.69245660250401	0
45.25	3.95617558301839	7.10049568282535	0
45.35	5.44925179647931	9.84817469262757	0
45.45	5.93974667125877	14.1764926712486	0
45.55	5.29042420868516	13.6999322071624	0
45.65	4.51111908709441	12.1819734395683	0
45.75	3.77435080488092	10.523863442877	0
45.85	3.08011936204518	9.10281045339544	0
45.95	2.42842475858672	7.87203693761587	0
46.05	1.81926699450578	6.6414411127245	0
46.15	1.25264606980225	5.50628806518892	0
46.25	0.72856198447618	4.46759501846547	0
46.35	0.247014738527592	3.60467094822434	0
46.45	0	2.72828686770484	0
46.55	0	1.99207168284277	0
46.65	0	1.29805059237662	0
46.75	0	0.751739000020259	0
46.85	0	0.478220926013238	0
46.95	0	0.426539813266986	0
47.05	0	0.432711773699144	0
47.15	0	0.45277049750726	0
47.25	0	0.455433879186989	0
47.35	0	0.478601819273064	0
47.45	0	0.527351896069047	0
47.55	0	0.562976979685484	0
47.65	0	0.656212079034882	0
47.75	0	0.873175260442066	0
47.85	0	1.08159304039164	0
47.95	0	1.32137230579853	0
48.05	0	1.68975614978655	0
48.15	0	2.08588622440159	0
48.25	0	2.49559778882435	0
48.35	0	3.00351789502152	0
48.45	0	3.58461814647176	0
48.55	0.414795690154265	4.1894578685982	0
48.65	0.911595749887142	4.86625182184227	0
48.75	1.45093264899746	5.59942030988612	0
48.85	2.0328063874852	6.5134521621197	0
48.95	2.65721696535046	7.50759339234919	0
49.05	3.32416438259292	8.56995163493077	0
49.15	4.03364863921321	9.86955668090348	0
49.25	4.74855073796517	10.7982583381221	0
49.35	4.82564322764441	9.70026154399491	0
49.45	4.11326706282175	7.6773116545023	0.297786036243928
49.55	3.32868806082677	6.39300321110388	0.95469562384537
49.65	2.78424978514347	5.32879097345478	0.749699862399513
49.75	2.48834666794026	4.70728953019157	0
49.85	2.44097870921728	4.57599265136456	0
49.95	2.64214590897432	4.84412451231189	0.293692333016964
50.05	3.09184826721173	5.72840033573435	0.720596795157941
50.15	3.74325803627062	6.83888458939123	0.196148508858633
50.25	3.92163097175599	7.3450779253398	0
50.35	3.12479542825876	6.76699151166822	0
50.45	1.70655586042854	5.37014780259619	0
50.55	0.457251745656556	2.8953219295607	0
50.65	0	1.80149492144972	0
50.75	0	1.42597642850091	0
50.85	0	1.31323839073286	0
50.95	0	1.47642501496832	0
51.05	0	1.79626838333826	0
51.15	0	2.60523545794211	0
51.25	0.878636796568316	3.46897499846844	0
51.35	2.05490505195447	4.79251070828925	0
51.45	3.21578360099235	6.53772994052913	0
51.55	4.01578271846257	7.55319848719886	0.07733539395769
51.65	4.06222954869195	7.59720100630061	0.36117293827472
51.75	3.22375423110094	6.12138684567075	0.404808585874727
51.85	1.8445546875211	4.72011442100832	0
51.95	0.813893529054481	4.01914150339264	0
52.05	0.324819301565305	3.83766526856184	0
52.15	0.422243310596043	3.73820779634862	0
52.25	0.976013915492685	4.78817603569471	0
52.35	1.45316608982605	5.90816443108858	0
52.45	1.7087834567318	7.54151518030905	0
52.55	1.37084692294106	5.70533087241581	0
52.65	0.959494309148593	4.5085548396413	0
52.75	0.606333409539097	4.17680579444419	0
52.85	0.311364224112621	3.6591293125359	0
52.95	0.0745867528690699	2.9848789631864	0
53.05	0	3.1863101920944	0
53.15	0	4.05411468757775	0
53.25	0.0781243786959114	5.68318934738499	0
53.35	2.59848926134813	7.51175662057008	0
53.45	5.42861312609941	9.1914824033914	1.42817610066198
53.55	5.83940062115765	9.787035619695	1.42889735121862
53.65	3.98191879314648	8.58811099857794	0
53.75	2.35936660018398	6.28712469061332	0
53.85	1.6505790004977	4.87016952788326	0
53.95	1.42306430225915	4.47463268711681	0
54.05	1.66661266553262	4.59392544376024	0
54.15	2.11010324110697	5.49112851024333	0
54.25	2.37725250149901	6.63777350778445	0
54.35	2.41772630312996	6.75765477873898	0
54.45	2.24094024576157	5.77033088103578	0
54.55	2.03136590549389	4.47894877928957	0.224076817450725
54.65	1.84799235843246	3.59034211814189	0.449709861352939
54.75	1.69076514666	3.04646182117763	0.314707186534334
54.85	1.55968427017627	2.95429373089289	0
54.95	1.45474972898141	2.99916759347927	0
55.05	1.37596152307531	3.05834561542964	0
55.15	1.32331965245819	3.01359717121937	0
55.25	1.29682411712981	3.01482739805567	0
55.35	1.29647491709028	3.1516986192577	0
55.45	1.30343906280472	3.46405434639387	0
55.55	1.22429355527315	3.38004072440261	0
55.65	0.995508942813319	2.54046138849668	0
55.75	0.613287815691153	2.03122442703794	0
55.85	0.182952189185438	1.50506926009299	0
55.95	0	1.07517021189313	0
56.05	0	0.718784459499416	0
56.15	0	0.67986585112576	0
56.25	0	0.74033621217929	0
56.35	0	0.805902522328657	0
56.45	0	0.972604330901119	0
56.55	0	1.18103394536498	0
56.65	0.363440496449652	1.53047959411097	0
56.75	0.878225327575173	2.22978468467336	0
56.85	1.45492170975805	3.10434386716411	0
56.95	1.94405841720569	3.66092203894343	0.252793204808587
57.05	2.31527966158242	3.86089962640887	0.583540131271704
57.15	2.54732419030473	3.87886249981086	0.89795263392587
57.25	2.61282426523425	4.15901327988646	0.860857522406059
57.35	2.45571413850891	4.73971121560515	0.489589301176832
57.45	1.91711253593771	4.75063976056361	0
57.55	0.93280202510056	3.37244835050794	0
57.65	0	2.11611584475971	0
57.75	0	1.47954388741477	0
57.85	0	1.7014492134134	0
57.95	0.689690209629281	2.59955608720729	0
58.05	1.28405776520463	3.34556837856196	0
58.15	1.62261736812806	3.75264153123182	0
58.25	1.79734071999535	3.93102032577029	0
58.35	1.8468333391899	3.87054930540613	0
58.45	1.7897412856333	3.33133740284457	0
58.55	1.67807374521262	2.958478936968	0
58.65	1.52338466407562	2.76692530637368	0
58.75	1.3256997000875	2.56573912671446	0
58.85	1.08501885324828	2.30821228824896	0
58.95	0.801342123557892	1.91402277037256	0
59.05	0.474669511016424	1.53634463706011	0
59.15	0.105001015623758	1.10513063762594	0
59.25	0	0.737660806859401	0
59.35	0	0.476016628833321	0
59.45	0	0.306457614674071	0
59.55	0	0.454393859356774	0
59.65	0	0.690757080015268	0
59.75	0	1.06159509463419	0
59.85	0	1.55607710764802	0
59.95	0.11247621615805	2.50724775890507	0
60.05	1.5780358315099	4.71511669055454	0
60.15	2.84952370551611	5.51531235018516	0
60.25	3.62090529351678	6.05677374449862	0.829077339496499
60.35	4.10037684679423	6.77796884903304	0.684564069833777
60.45	4.35826622264509	7.04358982755925	1.4608246456478
60.55	4.38803466299074	6.91274712970138	2.01223992095493
60.65	4.07373806195291	6.85817924963874	1.35462990716197
60.75	3.45952852077604	6.86609168326321	0.946876591350299
60.85	2.36791848633007	5.79161147779402	0
60.95	0.703087171761712	3.39853769803435	0
61.05	0	1.74129280721153	0
61.15	0	0.727415650013958	0
61.25	0	1.25851025794689	0
61.35	0.160417260682069	2.4289355689698	0
61.45	1.13474959636946	3.48381229987314	0
61.55	1.88638321704328	4.18477532189314	0
61.65	2.22514055159127	3.80520378283059	0.679683310261647
61.75	2.36163020946912	3.57798729255602	1.02862490631527
61.85	2.315964592077	3.74472927760646	0.951134391486346
61.95	2.0881436994147	3.65331542207606	0.852502088091262
62.05	1.67816753148231	3.52223953812576	0.394418384577353
62.15	1.08603608827993	3.40023073128002	0
62.25	0.311749368200666	3.33498003707297	0
62.35	0	3.29915829629791	0
62.45	0	3.12857135132752	0
62.55	1.57118595474091	6.57385718819707	0
62.65	2.64302629073064	7.22085000177232	0
62.75	2.53079053117636	7.8755451573837	0
62.85	1.74170465097753	4.84333990573214	0
62.95	0.814761468391397	3.08923103235472	0
63.05	0	2.79904017707283	0
63.15	0	2.16017770696906	0
63.25	0	1.5094081367857	0
63.35	0	1.27010333614237	0
63.45	0	1.29489689039849	0
63.55	0	1.99983212377913	0
63.65	0	2.80014056731468	0
63.75	0	4.39405846785608	0
63.85	1.30641792562174	6.56608297207288	0
63.95	3.24512149225484	7.76134848341962	0.12273106046913
64.05	5.5452180537418	9.59389108230081	0.843998443361167
64.15	7.39554559266986	13.8508337073938	0.222743295017814
64.25	7.02046589259588	13.0612073688452	0
64.35	4.19567833818426	10.796961557791	0
64.45	0.498977710546615	8.51253340973504	0
64.55	0	7.62155072709692	0
64.65	0	7.4993418626195	0
64.75	2.54970450070621	10.4726536075786	0
64.85	6.70174260295745	16.4512218900966	0
64.95	9.61247397619556	21.2176934228295	0
65.05	8.89442836753257	18.3870681201408	0
65.15	5.31039833675338	15.5327461388707	0
65.25	2.26494970408754	12.260471654102	0
65.35	1.26192205382578	7.11281626673216	0
65.45	0.324731719570679	6.23123364431616	0
65.55	0.393600800843278	5.42331042316276	0
65.65	0.789623908246341	3.9076864809936	0
65.75	1.08801513284358	3.10676733647426	0
65.85	1.28861388236172	3.68544212101829	0
65.95	1.39142015680094	4.16076078471833	0
66.05	1.39643395616106	4.0225207171235	0
66.15	1.30432897030707	3.6567141517948	0
66.25	1.184266694636	3.52019366549335	0
66.35	1.20887031698318	3.81172591144758	0
66.45	1.40985346522174	4.20480503424606	0
66.55	1.78721613935159	4.50204595356477	0
66.65	2.34095833937273	4.93400702140349	0.361707597771765
66.75	3.07108006528499	5.77400419892831	0.368601673314522
66.85	3.98036801936411	7.0567434593236	0.395417194281803
66.95	4.64441050252044	7.4053304455993	0.58115163352693
67.05	3.89054756360297	7.5654608446584	0.124611774118016
67.15	1.36027083326695	3.78180566394042	0
67.25	0	1.73735157858676	0
67.35	0	2.27815051934206	0
67.45	1.20293721942214	4.54510824891252	0
67.55	4.36722888784691	7.67789775357129	0.932978551701011
67.65	2.27762585686578	4.63109246866859	0.175643039552227
67.75	0	2.62702129199845	0
67.85	0	0.597515206606216	0
67.95	0	0	0
68.05	0	0.619128897029491	0
68.15	0.418296384823649	1.93565424527687	0
68.25	1.8771329146827	3.65546203485055	0.388596808302268
68.35	2.89642684852331	4.3491205334319	1.49754831234579
68.45	3.34311279427279	4.71111802333706	1.99053043558115
68.55	3.22167865026276	4.19338059187011	2.02746760296582
68.65	2.53212441649354	3.42181321884286	1.42362570625761
68.75	1.33502838463154	3.12415430427875	0
68.85	0.0730071178485668	2.62827620690339	0
68.95	0	1.86021092968745	0
69.05	0	1.13877286820012	0
69.15	0	0.807948086596027	0
69.25	0	0.758152417882975	0
69.35	0	1.06328043833612	0
69.45	0.058338240252252	1.57677681721013	0
69.55	0.785842611357741	2.16258363683491	0
69.65	1.70170587311431	3.65998517722177	0
69.75	2.80520702146104	6.30528317071225	0
69.85	3.4431286683365	7.27428455829707	0.1358537495114
69.95	2.16612016520202	3.88730593637576	0.70135580690257
70.05	0.945852252882732	2.6719617244752	0
70.15	0.628315384750476	2.5367896011901	0
70.25	0.185292247917778	1.96193507688882	0
70.35	0	1.70918372024284	0
70.45	0	1.29329881613064	0
70.55	0	0.873169778746398	0
70.65	0.12608386898386	0.774614070595317	0
70.75	0.240324460242867	0.964364718799236	0
70.85	0.325473868410868	1.17638605266332	0
70.95	0.381532093487842	1.31803019774381	0
71.05	0.408499135473806	1.41314249353438	0
71.15	0.405729759306218	1.61844639239786	0
71.2395635	0.348334903404812	1.89492197451844	0
