phys	rec.rate	upper	lower
0.05	23.0329870642145	523.344239028682	0
0.15	23.0329870642144	523.344239028682	0
0.25	23.0329870642144	523.344239028682	0
0.35	22.2532773611302	521.201000497705	0
0.45	18.8278729981259	345.026986451585	0
0.55	16.1061552444979	210.507581992643	0
0.65	14.4352264348047	224.430733823995	0
0.75	13.7346175544339	204.463582198371	0
0.85	12.3443822386147	107.322841279685	0
0.95	10.5883156065852	97.1521307347321	0
1.05	8.94150974210399	98.1699937738066	0
1.15	7.40396464517098	80.9641359407532	0
1.25	4.93430134198888	52.7774482631431	0
1.35	1.82525491400755	39.8769211317135	0
1.45	0	39.4175345429674	0
1.55	0	44.5456618755287	0
1.65	0	33.0364081914465	0
1.75	0	18.3751192150296	0
1.85	0	9.4606956654589	0
1.95	0.32947576675169	4.55561142588459	0
2.05	1.44454944545366	4.18765347453634	0
2.15	3.39392968978847	5.91197605381705	0
2.25	5.62654728216458	15.2042437278597	2.89567089002068
2.35	6.81408757460788	28.8304407784011	2.29179653918703
2.45	4.16513037128737	7.37689274284095	0
2.55	3.23610121134156	6.20407222651793	0
2.65	2.96943786050066	8.91840025819948	0
2.75	2.48800967247463	7.03908095428409	0
2.85	2.05016984151092	4.83180563747101	0
2.95	1.67321875829769	4.17928576766697	0
3.05	1.3571564228349	4.25448322407856	0
3.15	1.10198283512256	4.79377817681628	0
3.25	0.907697995160693	4.75717414707991	0
3.35	0.774301902949262	4.49200188332728	0
3.45	0.701794558488296	4.21652916709906	0
3.55	0.690175961777782	4.08708630904876	0
3.65	0.739446112817717	3.64681833989426	0
3.75	0.849780713312067	4.27084173857059	0
3.85	1.5686644436564	4.54908289485744	0
3.95	3.65707153743268	8.45956928991249	1.30910791326248
4.05	4.3928447182537	9.44616557202601	1.76200792314316
4.15	3.68695043544238	6.99344386577818	0.108907030587509
4.25	3.45270514586338	6.11389257680284	0.149299055052578
4.35	3.76294504785458	5.81539985666814	1.63686334533225
4.45	4.56732672509763	8.00420623390551	1.92952092614283
4.55	4.7235779203161	8.01365620698712	0.894076350638698
4.65	2.31112170542018	6.03172806238311	0
4.75	0.843027707716291	4.31646318542866	0
4.85	0.851510535546485	3.42712113544616	0
4.95	1.09458975139172	2.75931751360934	0
5.05	1.33362086505852	2.84880436115491	0
5.15	1.54602349944431	3.17486691551416	0
5.25	1.72213666871089	3.3484122910283	0
5.35	1.83904179045425	3.15657252852134	0
5.45	1.8934148479966	2.90006564319528	0
5.55	1.88525584133795	2.59372316579448	0
5.65	1.83609758439229	2.85675124037438	0
5.75	1.97368685271657	3.33923426806033	0
5.85	2.43455722213224	4.15944078408652	0.790001259839071
5.95	3.14827175998503	5.19364557938178	1.0318366740736
6.05	3.28367776749401	5.2400723385724	1.48341273882649
6.15	2.63662799251153	4.6396446486329	1.51049320649806
6.25	1.95168030179369	4.30001958463179	0.016240801596061
6.35	1.6404462159328	3.44374330160589	0
6.45	1.56302095834177	2.96975432855763	0
6.55	1.51821871891486	3.27296460124406	0
6.65	1.49746565301149	3.56487166306159	0
6.75	1.49137590122564	3.48287917079451	0
6.85	1.45702097865526	3.38903532234973	0
6.95	1.41855224777103	3.29611107272756	0
7.05	1.38045553554905	3.20214983035316	0
7.15	1.34273084198932	3.09874888991659	0
7.25	1.30537816709185	2.96287486705362	0
7.35	1.26839751085662	2.86644280677183	0
7.45	1.23178887328365	2.77182495739938	0
7.55	1.19555225437293	2.67859526446116	0
7.65	1.15968765412446	2.58876820437263	0
7.75	1.12419507253824	2.50002049955324	0
7.85	1.08907450961429	2.41200646229716	0
7.95	1.05432596535257	2.32610938037976	0
8.05	1.01994943975311	2.23891008991457	0
8.15	0.985944932815913	2.19898898684478	0
8.25	0.952312444540953	2.13663992426187	0
8.35	0.919051974928252	2.08074152571019	0
8.45	0.886163523977806	2.01670279328421	0
8.55	0.853647091689603	1.92231300946197	0
8.65	0.821502678063661	1.88375307519994	0
8.75	0.78973028309997	1.87344219810166	0
8.85	0.758329906798521	1.79186338241741	0
8.95	0.727301549159339	1.71987411955809	0
9.05	0.6966452101824	1.69922140305846	0
9.15	0.666360889867712	1.67894761254283	0
9.25	0.636448588215285	1.64881275820929	0
9.35	0.606908305225104	1.60699756803446	0
9.45	0.57774004089717	1.58700664103033	0
9.55	0.5489437952315	1.54935017274729	0
9.65	0.520519568228077	1.51613381835738	0
9.75	0.492467359886902	1.48713728323498	0
9.85	0.464787170207986	1.44646078256543	0
9.95	0.437478999191318	1.43160707915105	0
10.05	0.410542846836902	1.42241410780874	0
10.15	0.383978713144737	1.39899592972972	0
10.25	0.357786598114831	1.38812535804427	0
10.35	0.331966501747168	1.34004369201632	0
10.45	0.306518424041764	1.32412796175341	0
10.55	0.281442364998611	1.29761454002552	0
10.65	0.256738324617707	1.27709758821926	0
10.75	0.232406302899059	1.26220914530011	0
10.85	0.208446299842662	1.24611453080258	0
10.95	0.184858315448515	1.23357115464444	0
11.05	0.161642349716622	1.21631441927507	0
11.15	0.138798402646984	1.22029256275075	0
11.25	0.116326474239593	1.20318749899898	0
11.35	0.0942265644944562	1.18982633907327	0
11.45	0.0724986734115731	1.17947630881155	0
11.55	0.0511428009909392	1.15719526252079	0
11.65	0.0301589472325614	1.14613050305564	0
11.75	0.00954711213643241	1.12800882912249	0
11.85	0	1.13615272455863	0
11.95	0	1.13816899956778	0
12.05	0	1.13678786001455	0
12.15	0	1.14502999405338	0
12.25	0	1.14428023577628	0
12.35	0	1.14739883547053	0
12.45	0	1.14875767875776	0
12.55	0	1.14835676563788	0
12.65	0	1.13755063091386	0
12.75	0	1.13330801347447	0
12.85	0	1.10228981630123	0
12.95	0	1.08832459205322	0
13.05	0	1.07992177354606	0
13.15	0	1.10597703489548	0
13.25	0	1.09540163525328	0
13.35	0	1.08131195559479	0
13.45	0	1.06508567221106	0
13.55	0	1.04710091092992	0
13.65	0	1.02735767175153	0
13.75	0	1.00585595467573	0
13.85	0	0.982566321994438	0
13.95	0	0.957499388987592	0
14.05	0	0.930673584152714	0
14.15	0	0.902088907489913	0
14.25	0	0.871745358999101	0
14.35	0	0.839642938680245	0
14.45	0	0.81168461323127	0
14.55	0	0.785207025683485	0
14.65	0	0.757697319489225	0
14.75	0	0.7571019945371	0
14.85	0	0.771444669604068	0
14.95	0	0.729156474977055	0
15.05	0	0.73553061979036	0
15.15	0	0.720847172010208	0
15.25	0	0.716009333271896	0
15.35	0	0.706818731726633	0
15.45	0	0.694025444477975	0
15.55	0	0.673034972993068	0
15.65	0	0.633886322941021	0
15.75	0	0.588291487361367	0
15.85	0	0.548953921231638	0
15.95	0	0.502370661091993	0
16.05	0	0.448541706942513	0
16.15	0	0.395306483531668	0
16.25	0	0.336503409046956	0
16.35	0	0.300154834022021	0
16.45	0	0.334112072421643	0
16.55	0	0.414502098712524	0
16.65	0	0.514957304805315	0
16.75	0	0.619085757751272	0
16.85	0	0.71957363217794	0
16.95	0	0.822115526386323	0
17.05	0	0.927355534089419	0
17.15	0	1.02880974299383	0
17.25	0	1.13528037346172	0
17.35	0	1.23404730081059	0
17.45	0	1.3421524502353	0
17.55	0	1.44683499372389	0
17.65	0	1.55626833424637	0
17.75	0	1.66762295784633	0
17.85	0	1.78082948489738	0
17.95	0	1.89596105706531	0
18.05	0	2.01301767435005	0
18.15	0	2.13199933675156	0
18.25	0	2.25708055900875	0
18.35	0	2.38808090896214	0
18.45	0	2.52121079134088	0
18.55	0	2.6564702061447	0
18.65	0	2.79385915337398	0
18.75	0	2.93337763302818	0
18.85	0	3.0750256451078	0
18.95	0	3.22590811577004	0
19.05	0	3.36688804279556	0
19.15	0	3.58717898830013	0
19.25	0	3.73574920410925	0
19.35	0	3.88637997674473	0
19.45	0.109719005504614	4.03863978175614	0
19.55	0.234654870531058	4.18167700491049	0
19.65	0.368972253676681	4.31083138951162	0
19.75	0.512671154941482	4.55080281384428	0
19.85	0.665751574325471	4.91056562530257	0
19.95	0.828213511828617	5.05105826948391	0
20.05	1.12814400886387	5.43958996078257	0
20.15	1.76598956369081	5.69097768212025	0
20.25	1.8895769598475	6.31745766334144	0
20.35	1.81693913192707	6.73039214152003	0
20.45	1.67154441867259	6.06036818888292	0
20.55	1.53024582778675	5.37325672866392	0
20.65	1.394477368419	4.75880431465292	0
20.75	1.26423904056927	4.25297961485038	0
20.85	1.13953084423756	3.87572628880994	0
20.95	1.02035277942391	3.49929479636433	0
21.05	0.906704846128286	3.31652219523113	0
21.15	0.79858704435069	3.17609571789942	0
21.25	0.695999374091152	2.9649297621805	0
21.35	0.598941835349645	2.75843228692082	0
21.45	0.507414428126176	2.56971568259262	0
21.55	0.42141715242074	2.37979660937188	0
21.65	0.340950008233341	2.18708292038495	0
21.75	0.266012995563979	1.99769477859777	0
21.85	0.196606114412665	1.83122329855939	0
21.95	0.132729364779377	1.66975356916028	0
22.05	0.074382746664134	1.51227596411679	0
22.15	0.0215662600669245	1.3587904834283	0
22.25	0	1.2272593156775	0
22.35	0	1.20682998672788	0
22.45	0	1.14465032276279	0
22.55	0	1.14310066941414	0
22.65	0	1.11312882226843	0
22.75	0	1.09117899261208	0
22.85	0	1.07268560272964	0
22.95	0	1.03649385116863	0
23.05	0	0.993647538559771	0
23.15	0	0.948842014484878	0
23.25	0	0.909757791540633	0
23.35	0	0.862926746136517	0
23.45	0	0.825838972299453	0
23.55	0	0.767399575131608	0
23.65	0	0.728490928204599	0
23.75	0	0.681415960039474	0
23.85	0	0.636406889086944	0
23.95	0	0.622009352398491	0
24.05	0	0.614707227837184	0
24.15	0	0.584386901644382	0
24.25	0	0.558995409931377	0
24.35	0	0.535152042698638	0
24.45	0	0.512175629887741	0
24.55	0	0.507035024068913	0
24.65	0	0.496380175714782	0
24.75	0	0.491311515460419	0
24.85	0	0.485624143879337	0
24.95	0	0.480312492022816	0
25.05	0	0.466787471830896	0
25.15	0	0.465245247281825	0
25.25	0	0.448193561882739	0
25.35	0	0.451789257125336	0
25.45	0	0.454928747654758	0
25.55	0	0.467306733552839	0
25.65	0	0.486994321230199	0
25.75	0	0.517874884995251	0
25.85	0.000737384611962612	0.553760194562942	0
25.95	0.00448113718985275	0.588420183200948	0
26.05	0.00793897371812443	0.612497252830427	0
26.15	0.0111108941967814	0.634162510599239	0
26.25	0.013996898625821	0.651273479603315	0
26.35	0.0165969870052398	0.67491385384287	0
26.45	0.0189111593350451	0.678005238364622	0
26.55	0.0209394156152311	0.67591776008596	0
26.65	0.0226817558458024	0.6942231192407	0
26.75	0.0241381800267547	0.692946162356367	0
26.85	0.0253086881580902	0.69870380126579	0
26.95	0.0261932802398095	0.710277170254321	0
27.05	0.0267919562719096	0.720772800718569	0
27.15	0.0271047162543942	0.728060792031034	0
27.25	0.0271315601872619	0.725809192449413	0
27.35	0.0268724880705115	0.725134139062992	0
27.45	0.0263274999041456	0.722287841018642	0
27.55	0.0254965956881599	0.710355398255583	0
27.65	0.0243797755105333	0.691069642110982	0
27.75	0.0230249185661503	0.687762925474087	0
27.85	0.0216165493632674	0.67129981621664	0
27.95	0.0201991143300026	0.664553341725958	0
28.05	0.0187726134663545	0.655081205451555	0
28.15	0.0173370467723238	0.642305986147003	0
28.25	0.0158924142479091	0.620684948459889	0
28.35	0.0144387158931126	0.628181834294104	0
28.45	0.0129683885506076	0.643780861887811	0
28.55	0.011373486020983	0.632813469058234	0
28.65	0.00957350298239776	0.599478075846989	0
28.75	0.00756651288862138	0.567368126051734	0
28.85	0.00535251573964309	0.572467314853369	0
28.95	0.00293151153546975	0.546417991193755	0
29.05	0.00030350027609813	0.547352991666202	0
29.15	0	0.473813341454102	0
29.25	0	0.450864538758593	0
29.35	0	0.427029466507584	0
29.45	0	0.473987076509151	0
29.55	0	0.576311401483261	0
29.65	0	0.66807527568085	0
29.75	0	0.715732078487506	0
29.85	0	0.810432225298952	0
29.95	0	0.846074069426396	0
30.05	0	1.32905990953135	0
30.15	0	1.34064418702172	0
30.25	0	1.20012530782063	0
30.35	0	1.06515864581937	0
30.45	0.00390076927856142	0.940809371275733	0
30.55	0.0125853468842848	0.861392059898176	0
30.65	0.0204421932301693	0.781383817788109	0
30.75	0.0274713083162095	0.676852446082792	0
30.85	0.0336726921424114	0.595503098461551	0
30.95	0.0390463447087682	0.537981104632723	0
31.05	0.0435922660152843	0.448181975107901	0
31.15	0.0473104560619573	0.405001871820903	0
31.25	0.0502009148487913	0.333982447516196	0
31.35	0.0522636423757803	0.338078409695586	0
31.45	0.05349863864293	0.376011191411954	0
31.55	0.0539059036502359	0.427465044883478	0
31.65	0.053485437397699	0.479855925724531	0
31.75	0.0522372398853235	0.548373377796092	0
31.85	0.0501613111131063	0.594092421639206	0
31.95	0.0472576510810438	0.626376802069727	0
32.05	0.0435262597891408	0.634393058422337	0
32.15	0.0389671372373979	0.646937897551999	0
32.25	0.0335802834258095	0.645186828007777	0
32.35	0.0273656983543814	0.624837647442441	0
32.45	0.0203233820231119	0.625237731074437	0
32.55	0.0124533344319986	0.633511780880427	0
32.65	0.00375555558104622	0.610511375977962	0
32.75	0	0.630966899243233	0
32.85	0	0.620456628500876	0
32.95	0	0.61223374189504	0
33.05	0	0.602129704750636	0
33.15	0	0.559102357301056	0
33.25	0	0.501576424339745	0
33.35	0	0.354278703734047	0
33.45	0	0.287701175500796	0
33.55	0	0.173750494393398	0
33.65	0	0.0589811125873932	0
33.75	0	0.0451210422379919	0
33.85	0	0.049149165757853	0
33.95	0	0.0375033099835765	0
34.05	0	0.041031535739631	0
34.15	0	0.0263323246024766	0
34.25	0	0.0385733764663495	0
34.35	0	0.0220370331994679	0
34.45	0	0.0192184968350395	0
34.55	0	0.00927517233697641	0
34.65	0	0.00234680214447485	0
34.75	0	0	0
34.85	0	0	0
34.95	0	0	0
35.05	0	0	0
35.15	0	0	0
35.25	0	0	0
35.35	0	0	0
35.45	0	0	0
35.55	0	0	0
35.65	0	0	0
35.75	0	0	0
35.85	0	0	0
35.95	0	0	0
36.05	0	0	0
36.15	0	0	0
36.25	0	0	0
36.35	0	0	0
36.45	0	0	0
36.55	0	0	0
36.65	0	0.00366734454889069	0
36.75	0	0.0305762772740297	0
36.85	0	0.0429942637382958	0
36.95	0	0.0788274179516801	0
37.05	0	0.102258006980211	0
37.15	0	0.146946863747518	0
37.25	0	0.207993110601861	0
37.35	0	0.257165760254485	0
37.45	0	0.292777768620868	0
37.55	0	0.354832372737593	0
37.65	0	0.445329858548546	0
37.75	0	0.551130277375403	0
37.85	0.0390508863456089	0.706764724817063	0
37.95	0.0902662479040937	0.871693639396527	0
38.05	0.143550126700506	1.05087954542787	0
38.15	0.198902522734856	1.2406698450408	0
38.25	0.256323436007116	1.40148737077923	0
38.35	0.315812866517312	1.6296347746143	0
38.45	0.377370814265447	1.85183349813399	0
38.55	0.440997279251483	2.04731552604718	0
38.65	0.506692261475483	2.27771780036146	0
38.75	0.56748143708765	2.34562726796507	0
38.85	0.609836783608795	2.0778547268855	0
38.95	0.644713107103775	1.81727578470142	0
39.05	0.672635443701056	1.58559816622088	0
39.15	0.693603793400608	1.47683452997578	0
39.25	0.707618156202407	1.43420035799412	0
39.35	0.714678532106516	1.39557131251465	0
39.45	0.714784921112861	1.47167369798847	0
39.55	0.707937323221499	1.54196402455857	0
39.65	0.694135738432421	1.58952898073037	0
39.75	0.673691826062293	1.64608173220667	0
39.85	0.650929944737442	1.69510201671121	0
39.95	0.629013714584175	1.72319026369586	0
40.05	0.608015515002892	1.76652865892109	0
40.15	0.587935345993548	1.80751684702891	0
40.25	0.568773207556179	1.77987219763741	0
40.35	0.550529099690801	1.86350349891662	0
40.45	0.533203022397346	1.89218218988551	0
40.55	0.51679497567588	1.90925246658037	0
40.65	0.501319122965432	1.9215469472582	0
40.75	0.4871624505665	1.94208005002153	0
40.85	0.474749365179652	2.04091735004798	0
40.95	0.464101534318035	2.04117212945302	0
41.05	0.455218957981702	2.10335054255846	0
41.15	0.448101636170607	2.10613038884255	0
41.25	0.442749568884795	2.10458526800117	0
41.35	0.439162756124223	2.04073957978754	0
41.45	0.437341197888927	1.95866572517134	0
41.55	0.437284894178892	1.92664954549826	0
41.65	0.438993844994104	1.87847837017454	0
41.75	0.442468050334607	1.84552091639409	0
41.85	0.447707510200332	1.84089091911818	0
41.95	0.454712224591336	1.84753593681413	0
42.05	0.463482193507606	1.7804275913291	0
42.15	0.474017416949129	1.74012894271427	0
42.25	0.486317894915921	1.71883572565837	0
42.35	0.500383627407954	1.67796651337624	0
42.45	0.516214614425279	1.63923208786729	0
42.55	0.533810855967835	1.60056033411567	0
42.65	0.55317235203567	1.55568721548189	0
42.75	0.574299102628762	1.51900620827734	0
42.85	0.597191107747103	1.47831093195704	0
42.95	0.621848367390727	1.7074418497846	0
43.05	0.648270881559594	1.898658290067	0
43.15	0.676458650253718	2.14639464991679	0
43.25	0.706411673473136	2.06312785047955	0
43.35	0.738129951217769	2.19056855511912	0
43.45	0.771613483487704	2.24858068717337	0
43.55	0.806862270282863	2.43856649634532	0
43.65	0.843897166933515	2.79936962865015	0
43.75	0.883752173059997	3.69568129008029	0
43.85	0.927916143933392	4.06638440208038	0
43.95	0.976504713428759	4.23289496332091	0
44.05	1.02951788154595	4.14309908537583	0
44.15	1.08695564828515	4.08695157897289	0
44.25	1.1488180136462	3.79073171389209	0
44.35	1.21510497762925	3.33335955983191	0
44.45	1.28581654023415	3.64583477182229	0
44.55	1.36095270146098	3.95024093068536	0
44.65	1.44051346130982	4.29506245634947	0
44.75	1.52449881978046	4.6919551951284	0
44.85	1.61290877687314	5.33763495624252	0
44.95	1.70574333258763	6.46637419925935	0
45.05	1.80300248692408	6.96250163659913	0
45.15	1.90139934633646	7.69235961952016	0
45.25	1.93870971058657	9.27958895835716	0
45.35	1.91297271178625	10.1039325555863	0
45.45	1.83659221479043	8.48306547433291	0
45.55	1.70956821959926	5.8132916950554	0
45.65	1.53190072621272	3.42824863797255	0
45.75	1.30358973463072	7.99773922657597	0
45.85	1.02463524485333	14.7995909120605	0
45.95	0.304905520941417	12.0354450063738	0
46.05	0.184775860941552	6.53978123906697	0
46.15	0.809355564447569	10.1613763276684	0
46.25	1.42116971978761	7.14233565321368	0
46.35	1.87376238694815	8.08745482094977	0
46.45	2.17562435786111	6.50655860851212	0
46.55	2.38098639187693	5.35084317152776	0
46.65	2.50994806786584	5.17355506064652	0
46.75	2.56254223492799	4.58688130056169	0
46.85	2.53876889306336	4.09684265322635	0
46.95	2.43862804227187	4.40049307042039	0
47.05	2.26211968255369	4.87321914442642	0
47.15	2.09519766540709	4.76775085990452	0
47.25	2.04887656586967	4.46489961870267	0
47.35	2.02678255318586	4.34125373924434	0
47.45	2.02721398128152	4.02959631521036	0.0128736420219155
47.55	2.05017085015661	3.77837103935981	0.812412355503515
47.65	2.09565315981091	3.97902536515963	0.824948287959942
47.75	2.16366091024474	4.26327006257409	0.985957066950703
47.85	2.25419410145781	4.96572721935555	1.03233051161485
47.95	2.36725273345036	5.51073744964154	0.555131231093973
48.05	2.5028368062223	5.93059146926555	0.102351952515187
48.15	2.66094631977349	6.57879229457366	0
48.25	2.80265831232264	6.02648490167171	0
48.35	2.83055970033285	4.77783831809016	0.743707591359764
48.45	2.74887497490661	4.08435720881425	0.559173551779633
48.55	2.55795046641977	3.76812351241857	0.0412676982309822
48.65	2.25778617487247	4.06856355955035	0
48.75	1.86188216557766	3.97948508066442	0
48.85	1.52997969671077	3.51383604712167	0
48.95	1.30119585332658	2.99248109682604	0
49.05	1.09786567824577	2.54606605278774	0
49.15	0.914169240400672	2.41325295502087	0
49.25	0.750106539791269	2.20580078749155	0
49.35	0.605677576417488	2.07336323784704	0
49.45	0.480882350279414	1.99860328451032	0
49.55	0.375720861376986	1.92339664172459	0
49.65	0.290452540139403	1.92417283074706	0
49.75	0.23487678332599	1.97530211750893	0
49.85	0.221560348151924	2.11320192340047	0
49.95	0.251326893591251	2.24341786921604	0
50.05	0.324176419643937	2.35247325150357	0
50.15	0.440108926310041	2.457830697568	0
50.25	0.599124413589485	2.60718512345693	0
50.35	0.801222881482365	2.78632114911457	0
50.45	1.04809327109485	2.95054946846322	0
50.55	1.39839725667054	3.36143985041766	0
50.65	1.92483028727767	3.87750104304972	0
50.75	2.63852901689582	4.46095086969279	0.172931407428393
50.85	3.46255964937835	5.12441533698345	0.710479972261038
50.95	4.19882822001747	5.72045056147455	1.30096142825915
51.05	4.81863516325353	6.44480046780182	1.83556395860686
51.15	5.32198047908662	7.12777188528026	2.37429717327223
51.25	5.7088641675162	7.67515226466744	2.92759001999861
51.35	5.979286228543	7.95686625297413	3.47549702004981
51.45	6.1332466621663	7.84972710457119	3.4418511113231
51.55	6.17074546838669	7.808243270809	3.32870104145417
51.65	6.09178264720399	9.40776206235959	3.10380701483121
51.75	5.89635819861788	11.1149692255825	3.07348103521419
51.85	5.58447212262896	13.033978383127	2.50200134881092
51.95	4.93002724260843	10.4117894930277	1.76671544104654
52.05	4.2188807751512	7.90770961808309	0
52.15	3.83807587093322	5.94378992370299	1.19168743038396
52.25	3.58547638898886	5.7493130111356	1.67940428407575
52.35	3.46107966619968	5.59940432169109	0.862821747236563
52.45	3.4648857025653	6.00719569019316	0.733419527435996
52.55	3.59689449808622	6.7042625603141	0.23286196356392
52.65	3.81615309540775	7.48681624635039	0.0703850593960178
52.75	3.87461525869147	7.06520123174745	0
52.85	3.88969902737309	6.06032722950421	0.51840682991409
52.95	3.89267459769569	5.37836226418597	0.691387631187448
53.05	3.88354196965931	5.47793820516313	1.13884457563
53.15	3.86230114326364	5.87855187547216	1.37906837464681
53.25	3.82895211850916	5.98222361639508	1.59159698852619
53.35	3.78349489539527	5.89159653773077	1.79325023122443
53.45	3.72596917716932	5.89610137706823	1.49189502618377
53.55	3.66784531555193	5.81052122570495	1.20708479048397
53.65	3.63640748564592	5.83000573922823	1.08538697935502
53.75	3.635624789739	5.67662662766372	1.16787613338823
53.85	3.66549722783071	5.71851412973957	1.69680560571654
53.95	3.72602479992144	5.82989971477314	1.9923589116247
54.05	3.81720750601117	5.690147389471	2.31977846385823
54.15	3.93904534609953	5.96566422689783	2.64581221948243
54.25	4.09153832018698	6.4115120975332	3.06626069755742
54.35	4.27468642827313	6.71529416317422	2.84809852900337
54.45	4.48848967035836	7.56997233211882	2.38299529561396
54.55	4.73294804644223	8.80139862831216	2.02383178707381
54.65	5.00806155652517	10.1846566002201	1.61377435412047
54.75	5.26699792099549	10.2874275851132	1.39174989728586
54.85	5.19022274679271	8.72390016884363	1.53694183793138
54.95	4.81698752521354	6.76473205679023	1.35445602407769
55.05	4.17583787660488	6.55835382611319	0.517038922010435
55.15	3.45516020079563	6.12598192198273	0
55.25	3.48316299685579	8.6398109301942	0
55.35	3.55203577069169	16.2144841977352	0
55.45	3.3162963881072	5.73384960077	0
55.55	3.93809996329814	6.29048299213405	0
55.65	5.28963876078525	7.82563908684637	0
55.75	6.68782342914486	10.2369651633405	3.90869565886064
55.85	7.23528782475709	12.1775185456599	4.43667984017021
55.95	6.19803684403878	8.73931563951531	2.80849858705236
56.05	4.77373502452169	7.04053795843483	3.68498717901361
56.15	2.61290867305064	4.11416402428893	0.171717297335966
56.25	2.03715586939069	3.36649191701436	0.227057425042171
56.35	2.64305355934054	7.11648790646573	0.448808186544633
56.45	1.7827127079015	4.23364406179794	0
56.55	1.28101705414695	2.82837707058137	0
56.65	1.00508623887043	2.30082715323849	0
56.75	0.946301647763751	2.28019868037096	0
56.85	1.10466328082704	2.70006326000643	0
56.95	1.47993602961224	2.97311164704437	0
57.05	2.06580191610696	3.73315508192721	0.0370117096724249
57.15	2.85539148414948	4.79524542435952	1.58790122619589
57.25	3.84402817906342	7.26763177681604	1.48981174421566
57.35	4.60840152519324	7.49219938863175	2.37301930388388
57.45	4.44410613519728	8.08099202739909	0
57.55	4.27216832120914	7.84194694196585	0
57.65	4.31646056529679	7.08584125951556	2.24448524505883
57.75	4.36663037487202	6.58996810282993	2.74245451809875
57.85	4.42267774993474	6.65765031460481	2.57256861230741
57.95	4.4846026904848	7.00478969007777	2.34226385045178
58.05	4.5172478158224	7.06654664961837	1.88321996423023
58.15	4.34507939775902	6.6350320586408	1.11453125658806
58.25	3.91343524361818	6.5911750967893	0.688553324661618
58.35	3.32752006899735	6.18718458724017	0
58.45	2.88179423519024	5.05392601831294	0
58.55	2.61839618243779	4.32527747953554	0
58.65	2.53731234834774	4.62411480252557	0.860705667909567
58.75	2.63854273292034	5.61539787733242	0.993031568759781
58.85	2.87187190186844	9.07879302881524	0.806840765039415
58.95	2.63799039574733	6.20382966983534	0.203635381463653
59.05	1.78060897365574	3.78630707301554	0
59.15	0.738258774614317	3.42904987860817	0
59.25	0.375752718077258	2.45602648164652	0
59.35	0.842061158458397	2.6951646813042	0
59.45	2.17729678568447	8.89147806132332	0
59.55	2.30373661083816	10.470368371992	0
59.6044855	1.96760125847391	11.5958006317373	0
