phys	rec.rate	upper	lower
0.05	3.47601596200225	9.58356501827892	0
0.15	3.92128083636004	9.58356501827892	0.748788304695554
0.25	4.90161095295515	8.73721249840046	2.28228275473244
0.35	5.9201227329753	7.9593459421416	4.10765882173286
0.45	7.48081381338424	9.65628242226137	5.70148238587123
0.55	9.10999636754596	11.0739205396187	6.09083905899142
0.65	8.17512936815196	10.9657376889064	4.17863399086139
0.75	4.87904083223443	10.4929355748302	1.07344320313426
0.85	9.40446567067511	13.1031974015689	5.37763994390318
0.95	15.3595644716244	21.2869350190491	9.48674389626429
1.05	11.8288756823329	15.4300940563893	8.38688556442567
1.15	6.5561614875184	11.0780279356398	3.32423887693659
1.25	3.12826506557081	6.15004299449778	1.0463139532815
1.35	1.44724890851256	3.47131959854075	0
1.45	1.48213904651368	3.26506198387766	0
1.55	3.67635590957541	5.72958774984763	2.24845000179355
1.65	8.44602453202146	10.4326761417217	6.92174695617699
1.75	15.3477095666009	18.5769961242337	12.5230639379116
1.85	18.2106841178851	21.7054250652762	13.5066917747026
1.95	9.90065650155893	14.6756319989366	6.67094664145491
2.05	14.5005405454888	18.0091123844697	10.6240563850857
2.15	16.9000701494638	20.3348585214265	12.9204647009599
2.25	13.5439834722939	16.8796253683001	8.97299209535007
2.35	12.6233659376573	16.498541556289	9.39869765936366
2.45	10.5153120823316	14.2393839220665	7.28629286956281
2.55	9.54114155633845	12.7597270983703	6.98863230764511
2.65	11.7154779290441	13.7868750659961	9.10500948173678
2.75	11.5185292043612	13.8427939430246	8.39942612218308
2.85	7.36269342853422	9.4930751656632	5.93717525408672
2.95	5.22051520451893	7.61438541186147	3.66794615367753
3.05	5.62562856966071	7.23687088596339	4.02860951603493
3.15	7.16135306217718	9.04922484223566	4.45450234565236
3.25	7.29743406281873	9.20249879477737	4.86662522311976
3.35	8.48334190984224	11.9035696003758	5.68538051943375
3.45	11.2897751983598	14.8264584306307	8.75564306659067
3.55	10.5223647096421	13.2594259402964	6.63658462266922
3.65	7.29927529381719	9.59356397078465	2.98462302421927
3.75	4.80936857596609	6.83071738637548	1.62874444087481
3.85	3.26867290818815	5.17432031704572	0.94355475769546
3.95	2.34164939202643	4.51356693554061	0.614734510239528
4.05	1.71300374492203	4.09118163280313	0.283308414341551
4.15	1.32527234734194	4.11661801348267	0.111013172195003
4.25	1.11490195486619	4.04817743001394	0.0392175127885307
4.35	1.03156267259576	3.94938028203159	0.00154461993291122
4.45	1.00305726022289	3.75236407312125	0.000192235244364629
4.55	0.976394987968151	3.72031002992229	0.00422586255844058
4.65	0.950088060467327	3.68836677666349	0.00798809820518369
4.75	0.924136477720382	3.6309212604636	0.00886470706048922
4.85	0.898540239727321	3.55163688713242	0.00973598923671131
4.95	0.873299346488167	3.52404130377402	0.0106019447337112
5.05	0.848413798002903	3.47461241620382	0.0114625735519791
5.15	0.823883594271538	3.37159719413747	0.0123178756911618
5.25	0.799708735294051	3.18428608304978	0.0131678511513246
5.35	0.775889221070462	3.09628566454279	0.014012499932413
5.45	0.752425051600771	3.03529359624432	0.0147984935389048
5.55	0.729316226884967	3.00981313731402	0.0152646570988021
5.65	0.706562746923058	2.98250051434536	0.0163451939901905
5.75	0.684164611715045	2.89294358970856	0.0174459697119981
5.85	0.662121821260923	2.82003083932888	0.0182542153755332
5.95	0.640434375560696	2.79561666421956	0.0190663848096869
6.05	0.61910227461435	2.75499593854272	0.0218542320357268
6.15	0.598125518421904	2.72469098611249	0.0284897282615334
6.25	0.577504106983363	2.67149863996839	0.0337060595781987
6.35	0.5572380402987	2.58252792522077	0.0346541835650191
6.45	0.537327318367928	2.55789547574623	0.035592058838459
6.55	0.517771941191062	2.53838906998925	0.0365196853984562
6.65	0.498571908768074	2.5189348478341	0.0374370632453493
6.75	0.479727221098992	2.49953280928056	0.0258171579439209
6.85	0.461237878183795	2.48018295432904	0.0240280985438944
6.95	0.443103880022494	2.46088528297915	0.0191847349513861
7.05	0.425325226615089	2.44127662497236	0
7.15	0.40790191796156	2.36386224939951	0
7.25	0.39083395406195	2.28941318133285	0
7.35	0.374121334916206	2.26820958859054	0
7.45	0.357764060524374	2.24707513629229	0
7.55	0.34176213088643	2.22600982443753	0
7.65	0.326115546002375	2.20390868758398	0
7.75	0.310824305872223	2.1472507394994	0
7.85	0.295888410495943	2.11809675912837	0
7.95	0.281307859873568	2.09617552945604	0
8.05	0.267082654005095	2.07433178651172	0
8.15	0.2532127928905	2.05256553029544	0
8.25	0.239698276529814	2.03087676080761	0
8.35	0.226539104922998	2.00932943315669	0
8.45	0.213735278070098	1.98906149306379	0
8.55	0.201286795971079	1.96886320615514	0
8.65	0.189193658625948	1.94873457243133	0
8.75	0.177455866034727	1.9286755918915	0
8.85	0.166073418197375	1.90868626453644	0
8.95	0.155046315113933	1.88876659036577	0
9.05	0.144374556784386	1.86891656937935	0
9.15	0.134058143208713	1.84913620157785	0
9.25	0.124097074386958	1.82942548696045	0
9.35	0.114491350319076	1.80973171846075	0
9.45	0.105240971005091	1.78114347080949	0
9.55	0.0963459364450045	1.7579612627878	0
9.65	0.0878062466388011	1.7390370429256	0
9.75	0.0796219015865119	1.72017952809687	0
9.85	0.0717929012880892	1.70138871830149	0
9.95	0.064319245743575	1.68266461353963	0
10.05	0.0572009349529499	1.66400721381089	0
10.15	0.0504379689162112	1.64541651911571	0
10.25	0.0440303476333814	1.62689252945401	0
10.35	0.0379780711044273	1.60843524482532	0
10.45	0.0322811393293664	1.59004466523026	0
10.55	0.0269395523082106	1.5717207906687	0
10.65	0.0219533100409436	1.5534636211404	0
10.75	0.0173224125275643	1.53527315664551	0
10.85	0.0130468597680841	1.51714939718378	0
10.95	0.00912665176249312	1.49909234275575	0
11.05	0.00556178851080225	1.48109199622233	0
11.15	0.00235227001298203	1.46315779303781	0
11.25	0	1.44529036676147	0
11.35	0	1.42748971739264	0
11.45	0	1.39336285397709	0
11.55	0	1.37352244948111	0
11.65	0	1.3554205636423	0
11.75	0	1.33736941312664	0
11.85	0	1.31938935056057	0
11.95	0	1.30148037594442	0
12.05	0	1.28364248927783	0
12.15	0	1.26583123447007	0
12.25	0	1.24805557568839	0
12.35	0	1.23035152343048	0
12.45	0	1.2127190776954	0
12.55	0	1.19515823848377	0
12.65	0	1.17653211401526	0
12.75	0	1.15672329450106	0
12.85	0	1.14057365179018	0
12.95	0	1.12448749861605	0
13.05	0	1.10846483497934	0
13.15	0	1.09176596410184	0
13.25	0	1.06702039818324	0
13.35	0	1.03393489371595	0
13.45	0	1.01393444452372	0
13.55	0	0.994026640901859	0
13.65	0	0.974348749351072	0
13.75	0	0.956509015176093	0
13.85	0	0.933953262936619	0
13.95	0	0.905323043221988	0
14.05	0	0.883257699762566	0
14.15	0	0.867343595197428	0
14.25	0	0.841263568114248	0
14.35	0	0.825165509982486	0
14.45	0	0.8107384737909	0
14.55	0	0.797795972752078	0
14.65	0	0.782094778085893	0
14.75	0	0.767963721788868	0
14.85	0	0.753859365977427	0
14.95	0	0.739784549343979	0
15.05	0	0.725771870099751	0
15.15	0	0.711821328244841	0
15.25	0	0.697697128026473	0
15.35	0	0.682741862167771	0
15.45	0	0.66785631327938	0
15.55	0	0.653009025113588	0
15.65	0	0.638771147278544	0
15.75	0	0.623665680528881	0
15.85	0	0.608906766039043	0
15.95	0	0.598671313718478	0
16.05	0	0.585409818876566	0
16.15	0	0.576062504714478	0
16.25	0	0.577671246812429	0
16.35	0	0.576516101548107	0
16.45	0	0.564712403329487	0
16.55	0	0.552881468292948	0
16.65	0	0.54123161019512	0
16.75	0	0.5294980480638	0
16.85	0	0.515633417767423	0
16.95	0	0.502206683498496	0
17.05	0	0.495092695042066	0
17.15	0	0.483604953924755	0
17.25	0	0.472136865845233	0
17.35	0	0.464932002024318	0
17.45	0	0.452832901890215	0
17.55	0	0.451317235211729	0
17.65	0	0.441144083286524	0
17.75	0	0.429936316941624	0
17.85	0	0.420155028702062	0
17.95	0	0.408976227121501	0
18.05	0	0.397379372812979	0
18.15	0	0.381495135086195	0
18.25	0	0.376649120315101	0
18.35	0	0.364203191301552	0
18.45	0	0.349368781689839	0
18.55	0	0.335748900971602	0
18.65	0	0.319932819944366	0
18.75	0	0.307137798911625	0
18.85	0	0.293072856508517	0
18.95	0	0.285382619665941	0
19.05	0	0.270884595416774	0
19.15	0	0.256464364180686	0
19.25	0	0.250468098281932	0
19.35	0	0.233976259005773	0
19.45	0	0.227710291145566	0
19.55	0	0.220045165553954	0
19.65	0	0.212283083638397	0
19.75	0	0.201685887406234	0
19.85	0	0.196801799446635	0
19.95	0	0.192566849668355	0
20.05	0	0.189421296404681	0
20.15	0	0.190986442644984	0
20.25	0	0.186180941833947	0
20.35	0	0.178136384932208	0
20.45	0	0.174383973374239	0
20.55	0	0.167716097421743	0
20.65	0	0.164282554354366	0
20.75	0	0.163221919225346	0
20.85	0	0.161336778913811	0
20.95	0	0.155971239017576	0
21.05	0	0.15310911726126	0
21.15	0	0.149029487594422	0
21.25	0	0.145261874934474	0
21.35	0	0.143585848899041	0
21.45	0	0.140355675306585	0
21.55	0	0.140032109057614	0
21.65	0	0.139640859793075	0
21.75	0	0.139868819990179	0
21.85	0	0.145821337782801	0
21.95	0	0.151683881644262	0
22.05	0	0.15630530184433	0
22.15	0	0.147748912721723	0
22.25	0	0.155051065234097	0
22.35	0	0.153810967168744	0
22.45	0	0.153879225042736	0
22.55	0	0.156471971282831	0
22.65	0	0.160214890226071	0
22.75	0	0.156862036987421	0
22.85	0	0.15860516647007	0
22.95	0	0.163055936336941	0
23.05	0	0.167433409263025	0
23.15	0	0.171585481899877	0
23.25	0	0.168923404866201	0
23.35	0	0.163856136385147	0
23.45	0	0.164289474896979	0
23.55	0	0.165951187660964	0
23.65	0	0.167640123597735	0
23.75	0	0.16930502234286	0
23.85	0	0.170945883897075	0
23.95	0	0.172562708260276	0
24.05	0	0.174155495431951	0
24.15	0	0.177332423159189	0
24.25	0	0.182836777635394	0
24.35	0	0.184303516013875	0
24.45	0	0.184349589231063	0
24.55	0	0.186967083913464	0
24.65	0	0.189446178798838	0
24.75	0	0.193817367806303	0
24.85	0	0.194353427251145	0
24.95	0	0.196796114031422	0
25.05	0	0.199177550863225	0
25.15	0	0.201497737746712	0
25.25	0	0.203756674681923	0
25.35	0	0.205908080168657	0
25.45	0	0.211254395975105	0
25.55	0	0.225864632113396	0
25.65	0	0.228203439821869	0
25.75	0	0.230477711852706	0
25.85	0	0.232659787324705	0
25.95	0	0.234730310519504	0
26.05	0	0.236735761319211	0
26.15	0	0.238676139724154	0
26.25	0	0.240551445734133	0
26.35	0	0.242361679349222	0
26.45	0	0.244106840569283	0
26.55	0	0.245994977536329	0
26.65	0	0.249311019109969	0
26.75	0	0.252578724848923	0
26.85	0	0.250436761500686	0
26.95	0	0.251856560746249	0
27.05	0	0.253211287596848	0
27.15	0	0.254500942052552	0
27.25	0	0.255725524113357	0
27.35	0	0.25688503377917	0
27.45	0	0.257538940570369	0
27.55	0	0.259074375104115	0
27.65	0	0.263355081376314	0
27.75	0	0.266623249064263	0
27.85	0	0.269509723404637	0
27.95	0	0.272355283301861	0
28.05	0	0.279450426463254	0
28.15	0	0.279189126573069	0
28.25	0	0.280238185093542	0
28.35	0	0.280582953550374	0
28.45	0	0.28085620492234	0
28.55	0	0.281057939209197	0
28.65	0	0.281619230951234	0
28.75	0	0.287781130075156	0
28.85	0	0.293800110605596	0
28.95	0	0.293427531075289	0
29.05	0	0.292864199660705	0
29.15	0	0.296677106798052	0
29.25	0	0.297101311986023	0
29.35	0	0.296961174543063	0
29.45	0	0.298442141542473	0
29.55	0	0.300404847824564	0
29.65	0	0.302325705617967	0
29.75	0	0.304204714922334	0
29.85	0	0.30604187573812	0
29.95	0	0.307837188064843	0
30.05	0	0.309590651902954	0
30.15	0	0.311302267252124	0
30.25	0	0.31297203411251	0
30.35	0	0.316281229881473	0
30.45	0	0.321180821695444	0
30.55	0	0.325437937356245	0
30.65	0	0.323625960813383	0
30.75	0	0.321722404102707	0
30.85	0	0.323426322006919	0
30.95	0	0.325091157333117	0
31.05	0	0.326718249810945	0
31.15	0	0.330341728569334	0
31.25	0	0.333995190992736	0
31.35	0	0.336059323956907	0
31.45	0	0.332540755743903	0
31.55	0	0.332317829352752	0
31.65	0	0.33155099685858	0
31.75	0	0.334100094901489	0
31.85	0	0.337578328124204	0
31.95	0	0.339303333287306	0
32.05	0	0.341469028805893	0
32.15	0	0.344322048739601	0
32.25	0	0.347105388321199	0
32.35	0	0.349819047550925	0
32.45	0	0.3524630264287	0
32.55	0	0.355037324954665	0
32.65	0	0.357539201491637	0
32.75	0	0.359924657706953	0
32.85	0	0.362241029678114	0
32.95	0	0.364483292296594	0
33.05	0	0.366375419209959	0
33.15	0	0.366682133189103	0
33.25	0	0.366930339351946	0
33.35	0	0.367131091399352	0
33.45	0	0.367284389331394	0
33.55	0	0.367390233148075	0
33.65	0	0.367448622849235	0
33.75	0	0.367459558435213	0
33.85	0	0.367423039905485	0
33.95	0	0.367339067260742	0
34.05	0	0.367207640500286	0
34.15	0	0.367858504182188	0
34.25	0	0.374410360506934	0
34.35	0	0.374653261584353	0
34.45	0	0.373108987579535	0
34.55	0	0.370061478352192	0
34.65	0	0.372094314168979	0
34.75	0	0.369994408104002	0
34.85	0	0.372159926997838	0
34.95	0	0.374738583223841	0
35.05	0	0.375877112348204	0
35.15	0	0.375956787305488	0
35.25	0	0.376270801399086	0
35.35	0	0.379367898558592	0
35.45	0	0.375786743202202	0
35.55	0	0.375835013684194	0
35.65	0	0.376987688732972	0
35.75	0	0.376660023374375	0
35.85	0	0.377162919259362	0
35.95	0	0.378091073980819	0
36.05	0	0.377899056067658	0
36.15	0	0.37823249418848	0
36.25	0	0.378502387377017	0
36.35	0	0.378708735633155	0
36.45	0	0.380823377510972	0
36.55	0	0.383567159535997	0
36.65	0	0.386278391486317	0
36.75	0	0.388957073361987	0
36.85	0	0.388409359511084	0
36.95	0	0.390857949392326	0
37.05	0	0.394799936382178	0
37.15	0	0.396824910185294	0
37.25	0	0.396971156443808	0
37.35	0	0.39579200061274	0
37.45	0	0.394975425503982	0
37.55	0	0.393969931445822	0
37.65	0	0.393034843147767	0
37.75	0	0.392030779163677	0
37.85	0	0.390957739493716	0
37.95	0	0.390636239706416	0
38.05	0	0.394082813501476	0
38.15	0	0.397471928434746	0
38.25	0	0.400783212528688	0
38.35	0	0.403570950379693	0
38.45	0	0.389506128286885	0
38.55	0	0.392562363613508	0
38.65	0	0.39559284651519	0
38.75	0	0.398597576992217	0
38.85	0	0.39834441236885	0
38.95	0	0.396323696140978	0
39.05	0	0.394093795669531	0
39.15	0	0.391787139721268	0
39.25	0	0.38940372829628	0
39.35	0	0.388203289365229	0
39.45	0	0.390777748662052	0
39.55	0	0.389037863386255	0
39.65	0	0.385953049264269	0
39.75	0	0.385010433918832	0
39.85	0	0.385555148217694	0
39.95	0	0.386065970766777	0
40.05	0	0.387004521632859	0
40.15	0	0.38806572074997	0
40.25	0	0.388761055475421	0
40.35	0	0.387723715195931	0
40.45	0	0.390945086924525	0
40.55	0	0.392098377083312	0
40.65	0	0.393115029501746	0
40.75	0	0.394029171551404	0
40.85	0	0.389016078541775	0
40.95	0	0.389109344199675	0
41.05	0	0.389055789241038	0
41.15	0	0.386704082281412	0
41.25	0	0.384289170767669	0
41.35	0	0.383431240400529	0
41.45	0	0.384392578267887	0
41.55	0	0.385328051037255	0
41.65	0	0.3862376587085	0
41.75	0	0.387121401281739	0
41.85	0	0.38890992457485	0
41.95	0	0.39109007162622	0
42.05	0	0.393287656801015	0
42.15	0	0.3954586456136	0
42.25	0	0.394786753642954	0
42.35	0	0.393773128263863	0
42.45	0	0.392948051604726	0
42.55	0	0.393687256827471	0
42.65	0	0.394401012265442	0
42.75	0	0.39483720692086	0
42.85	0	0.391367701776901	0
42.95	0	0.393130232152834	0
43.05	0	0.391635943098799	0
43.15	0	0.387453986254365	0
43.25	0	0.385876863380823	0
43.35	0	0.38651577671111	0
43.45	0	0.388109699818575	0
43.55	0	0.389512345713846	0
43.65	0	0.390716373527207	0
43.75	0	0.391884425886518	0
43.85	0	0.393016502791853	0
43.95	0	0.389317906191808	0
44.05	0	0.386308691414844	0
44.15	0	0.391055176356657	0
44.25	0	0.39578818910335	0
44.35	0	0.396050389854985	0
44.45	0	0.398482112581248	0
44.55	0	0.399858182772092	0
44.65	0	0.400684991855678	0
44.75	0	0.401462259843437	0
44.85	0	0.402203336680406	0
44.95	0	0.402633696856534	0
45.05	0	0.403727298903541	0
45.15	0	0.405739453785435	0
45.25	0	0.406637045786812	0
45.35	0	0.405520536803329	0
45.45	0	0.406005691092728	0
45.55	0	0.406829866355042	0
45.65	0	0.408350098266591	0
45.75	0	0.40785961266992	0
45.85	0	0.407858780186218	0
45.95	0	0.408246777090562	0
46.05	0	0.408598566691788	0
46.15	0.000828780973301756	0.40891414898984	0
46.25	0.00171584439371516	0.409193523984971	0
46.35	0.00260836748716667	0.417810312919978	0
46.45	0.00350635025365046	0.420160857274582	0
46.55	0.00440979269318228	0.418652892275515	0
46.65	0.00531869480574368	0.420340589118064	0
46.75	0.00623305659133885	0.420945166700881	0
46.85	0.00715287804998262	0.420917118826581	0
46.95	0.0080781591816623	0.423010299599731	0
47.05	0.00900889998637167	0.429582920868211	0
47.15	0.0099451004641292	0.430963604862535	0
47.25	0.0108867606149179	0.433688943576804	0
47.35	0.011833880438747	0.437239067971216	0
47.45	0.0127864599356145	0.438294048222238	0
47.55	0.0137444991055182	0.439171414528879	0
47.65	0.0147079979484558	0.439034502927111	0
47.75	0.0156769564644438	0.438267120364951	0
47.85	0.0166513746534549	0.440880697307747	0
47.95	0.0176312525155159	0.443786955708665	0
48.05	0.0186165900506075	0.446769156903445	0
48.15	0.0196073872587381	0.448351597723707	0
48.25	0.0206036441399061	0.446027352795306	0
48.35	0.0216053606941135	0.447775357878481	0
48.45	0.0226125369213597	0.448380623647746	0
48.55	0.0236251728216435	0.447461381578871	0
48.65	0.0246432683949631	0.448264121759075	0
48.75	0.0256668236413205	0.459426274984529	0
48.85	0.0266958385607211	0.467624030413235	0
48.95	0.027730313153152	0.468093794412793	0
49.05	0.0287702474186236	0.468339537056878	0
49.15	0.0298156413571369	0.468390727958343	0
49.25	0.0308664949686799	0.468247367116842	0
49.35	0.0319228082532695	0.467865055745014	0
49.45	0.0329845812108923	0.467267416051314	0
49.55	0.0340518138415519	0.466474742715369	0
49.65	0.0351245061452538	0.465487035737127	0
49.75	0.0362026581219888	0.466249231981802	0
49.85	0.0372862697717698	0.465370890982837	0
49.95	0.0383753410945762	0.463856204961333	0
50.05	0.0394698720904279	0.473130983206691	0
50.15	0.0405698627593195	0.472766108609672	0
50.25	0.0416753131012476	0.477198285084616	0
50.35	0.0427862231162078	0.479754938051474	0
50.45	0.043902592804206	0.4846465287435	0
50.55	0.0450244221652584	0.49124535428631	0
50.65	0.0461517111993253	0.497641418236899	0
50.75	0.0472844599064359	0.494882993397101	0
50.85	0.0484226682866001	0.49714348026594	0
50.95	0.049566336339789	0.502936738128553	0
51.05	0.0507154640660192	0.504830421177947	0
51.15	0.0518700514652838	0.503664869313665	0
51.25	0.0530300985375953	0.502667619864821	0
51.35	0.0541956052829357	0.513587761108895	0
51.45	0.055366571701314	0.517199574577598	0
51.55	0.0565429977927375	0.518384289059392	0
51.65	0.0577248835571907	0.521083066252426	0
51.75	0.0589122289946821	0.523535729121003	0
51.85	0.0601050341052239	0.524083388455368	0
51.95	0.0613032988887827	0.536013792725701	0
52.05	0.0625070233453994	0.536363402191112	0
52.15	0.0637162074750419	0.534440837831389	0
52.25	0.0649308512777264	0.5395558663064	0
52.35	0.0661509547534486	0.540845961735249	0
52.45	0.0673765179022073	0.546575003802125	0
52.55	0.0686075407240056	0.561087610804897	0
52.65	0.0698440232188373	0.570181659428568	0
52.75	0.0710859653867132	0.574994068169876	0
52.85	0.0723333672276258	0.577619098063416	0
52.95	0.0735862287415702	0.580235900921154	0
53.05	0.0748445499285633	0.586538677923857	0
53.15	0.0761083307885812	0.593324118503644	0
53.25	0.0773775713216465	0.594474072434998	0
53.35	0.0786522715277455	0.5941641923291	0
53.45	0.0799324314068848	0.59375622677812	0
53.55	0.0812180509590622	0.599926286784612	0
53.65	0.0825091301842727	0.606481717205892	0
53.75	0.083831068053632	0.610528539949032	0
53.85	0.0854614077324544	0.618952788303048	0
53.95	0.0875711392639192	0.626494478799597	0
54.05	0.0901627709052284	0.622245976145491	0
54.15	0.0932363026563904	0.623988309996063	0
54.25	0.0967917345173888	0.62820293943061	0
54.35	0.100829066488239	0.637154301696544	0
54.45	0.105348298568941	0.642374919195013	0
54.55	0.11034943075948	0.653076478609024	0
54.65	0.115832463059866	0.668967134020803	0
54.75	0.121797395470106	0.681962870348799	0
54.85	0.128244227990184	0.696594684330765	0
54.95	0.135172960620113	0.709976764461671	0
55.05	0.142583593359891	0.721058251772967	0
55.15	0.150476126209507	0.732019526639745	0
55.25	0.158850721900646	0.741849453645765	0
55.35	0.167810338113711	0.736884690943414	0
55.45	0.177634100030241	0.731735585491762	0
55.55	0.188368852524708	0.738909248452945	0
55.65	0.200014595597101	0.745593367740074	0
55.75	0.212571329247462	0.736427819103161	0
55.85	0.226039053475743	0.74854029582495	0
55.95	0.240417768281977	0.763444332770224	0
56.05	0.255707473666143	0.774586506314904	0
56.15	0.271908169628261	0.782106434970591	0
56.25	0.289019856168319	0.79152520286026	0
56.35	0.307042533286305	0.798541170305668	0
56.45	0.325976200982244	0.832070025849924	0
56.55	0.345820859256116	0.875824344780245	0
56.65	0.36654271911512	0.967779310594242	0
56.75	0.387139616975702	1.03813781894074	0
56.85	0.40646570902816	1.08559803848543	0
56.95	0.42445830843577	1.12176437983486	0
57.05	0.441117415198477	1.11579628632972	0
57.15	0.456443029316346	1.0817268446432	0
57.25	0.47043515078932	1.10679113011936	0
57.35	0.483131268510484	1.17535202108693	0
57.45	0.495968392454586	1.24754720149758	0
57.55	0.510801549370204	1.35035334188899	0
57.65	0.527753543861018	1.41962158609678	0
57.75	0.547131486282161	1.55454405105911	0
57.85	0.591640293458306	1.64137650138779	0
57.95	0.699181629962353	1.84652556297259	0
58.05	0.873354417612805	2.10764790902918	0
58.15	1.11415865640977	2.36438961935568	0.0268320732155938
58.25	1.4264338735514	2.88129297947484	0
58.35	1.9915510981354	3.65736095873348	0.484707346520262
58.45	3.04475513193992	4.79706481100054	1.22969497379885
58.55	4.91920165012588	7.36748848040325	2.18274499069477
58.65	6.82605977189007	9.45760245717758	3.08125919439163
58.75	6.06016547882686	8.83259692878228	3.31236631118372
58.85	4.34959193134234	6.51251988072727	2.71517565914767
58.95	2.98767688871201	4.99397373240632	0.913842974823468
59.05	2.0511891889286	3.91886765975986	0.474819671621431
59.15	1.43400229228436	3.32357487633405	0
59.25	1.07660245481108	2.84106697587305	0
59.35	1.00100183445183	2.67547443611382	0
59.45	1.35975355477821	2.82010401006854	0
59.55	2.21074198122502	3.87435157538083	0.840263607296557
59.65	3.40254431629879	5.2605152282948	1.62896526057731
59.75	4.28666513118221	6.1661133454581	2.17388790483758
59.85	4.2945405621841	5.99561676375564	2.51443369492885
59.95	5.59024860630114	7.36406634616326	3.71999411448743
60.05	8.63439029857424	10.6280569209567	7.01444640454699
60.15	11.0984650818026	12.9652693743046	9.07689345358229
60.25	10.3491201871525	12.5805197718822	6.49989743910252
60.35	4.31296046278305	6.8106969575085	2.62018124825265
60.45	0.955942284015805	4.36858335393178	0
60.55	2.33683631357303	5.19598405960264	0.714061342606757
60.65	7.76171041666624	10.1848514642429	4.45479434547709
60.75	11.491565600838	14.4112710506319	7.99415894566512
60.85	12.1767867034147	14.9009221141277	9.49705508649297
60.95	12.8697354485687	15.1404948346131	10.0268487030281
61.05	11.983223045676	14.4865242941458	9.95697338766597
61.15	15.7120187469019	17.6772078228446	13.9196402783898
61.25	16.5666754259178	18.5018361303465	14.673368700971
61.35	14.1221107182898	16.1216828048837	12.3479650092761
61.45	12.4721934398082	14.1101264988288	9.88527098719124
61.55	9.67677832611633	11.6625605845413	7.96684980898917
61.65	7.01985680913037	9.24807086587887	5.49902901127816
61.75	8.25286176873489	10.4993047001875	7.02072914298507
61.85	12.7436829598283	14.4483827736598	10.2243512600493
61.95	16.3542476243424	19.3074858079014	13.278901379861
62.05	19.0238143374313	21.4339388474482	15.3362150586058
62.15	17.2623831798783	21.7345659944713	13.1333600180752
62.25	10.0168322131367	14.7719929434557	6.99042580751322
62.35	12.3020020317543	15.2792315180552	9.747132246332
62.45	20.2359998531622	24.0993820290645	15.251665314695
62.55	15.9767572841742	19.9415864240318	12.5047204613133
62.65	16.7498493281501	21.0252729913123	12.9369762508133
62.75	21.5634841642292	26.3756414112173	17.2771855465092
62.85	26.8619125807299	33.540522816414	19.5728483576512
62.95	22.7400681456001	28.9490061564273	14.8425414256848
63.05	13.0999113851814	19.8740197317833	6.19146120557532
63.15	10.0006140085537	16.0078175047995	2.55535836212191
63.25	13.3039911073604	20.1763922981441	7.74675640019272
63.35	15.9253908850248	22.3694688516011	8.20562457702732
63.45	13.7467336964488	20.2765128689032	9.22717714737531
63.55	9.0261453482423	12.4762397371682	6.3008352952203
63.65	7.79071316891256	10.5714199425076	4.82891055105356
63.75	10.7945805532122	12.2161251110959	8.91705497575767
63.85	10.9328282790409	12.5398291384975	8.48499527204963
63.95	8.01126413171893	9.89502763315141	5.87827427047086
64.05	6.40411550699415	8.83885447572062	4.3593894706115
64.15	8.19697530495979	11.3389330474173	5.99850864655924
64.25	13.0019844964729	17.1699698923704	9.27279990823187
64.35	17.748225671906	22.3340121531826	12.9806691843055
64.45	13.6263426462828	18.4526562154681	8.92066083400503
64.55	12.1286802327552	16.4753163169641	7.61519053106342
64.65	10.3017873358564	13.0440074912262	6.76580111448211
64.75	7.2880707714474	10.7235646854886	4.30601814029019
64.85	6.87100768793777	9.63190049809356	4.746395177267
64.95	8.18675778063652	9.76421406344549	6.04426326393045
65.05	8.85664539410893	11.443899444279	5.88734339599288
65.15	7.5906358779588	12.6784497556741	4.78857437373787
65.25	5.48309461597021	12.719063877609	2.36213066795554
65.35	3.23266273217614	12.7190638776093	0
65.410035	1.71663147673361	12.7287053264224	0
