phys	rec.rate	upper	lower
0.05	0	6.01318698486638	0
0.15	0.168045527643556	5.79813908853453	0
0.25	4.63050565662967	8.24467096284402	0.869190290664859
0.35	6.68176492032505	13.4060504329758	3.54289929387013
0.45	6.35294022115494	9.13847905421502	3.72336819428521
0.55	5.5540862061571	8.50499489351326	3.34542912737348
0.65	4.44009979917273	7.47252767861785	1.54182585343198
0.75	2.99917118228087	5.54251083901387	0.266565218392391
0.85	1.57147465280063	3.70668785857905	0
0.95	0.893405132486333	3.40876319142296	0
1.05	1.04650875875856	3.39611417621639	0
1.15	1.95168058690717	3.9643431603878	0.31313295804493
1.25	3.59968506242947	6.15063411158672	1.71967448928594
1.35	5.4963511485412	8.82035762988607	3.36574648609223
1.45	6.22674673017076	9.14125002793757	3.38218567845268
1.55	6.35675607248382	9.88926455353275	2.43419370309098
1.65	6.84485756383967	11.7367416956834	3.63845907662735
1.75	6.76258554611796	10.9808098551925	4.31068859268815
1.85	6.01537722177017	13.3227884234728	1.94598258239248
1.95	3.34578595491906	8.17249574837106	0
2.05	3.91390148621186	9.08820140886588	0
2.15	3.02088190057429	8.60531343858469	0
2.25	5.29686213991942	11.3149414437554	0
2.35	10.469771496097	17.4829277369194	4.14199006737957
2.45	10.9923192874107	16.5057444418642	1.90793225953311
2.55	7.92938095210316	18.3844499746395	6.21749214008433
2.65	11.9050838461686	16.3100684455887	7.48201161444717
2.75	7.87406814339643	12.081592625377	3.3134045191853
2.85	4.09126046065009	9.6185117063466	0
2.95	3.63585400781301	8.8500653108797	0
3.05	6.05135184079015	9.2347415298466	0
3.15	6.38573871679855	15.1343207523747	0
3.25	9.90179784585465	23.3476105085954	4.40193346385803
3.35	10.8410145340894	24.2397721429963	3.37114880032954
3.45	2.05855649518311	7.99177751779377	0
3.55	0	4.26291203827111	0
3.65	0	3.45568455966493	0
3.75	0	3.4467770171538	0
3.85	0.680094463838569	5.25857693001568	0
3.95	3.04095487838891	8.52751118918265	0
4.05	6.46403634605308	15.0854383496724	2.18295858632172
4.15	10.7762665876295	36.8595424184081	0
4.25	10.4734782018324	27.9912198881788	2.41592699087466
4.35	7.36133174535812	15.3520087383503	0.200406397825863
4.45	3.37563846335814	12.5284685826351	0
4.55	1.05775023955161	12.5905663166607	0
4.65	3.24497515889022	13.8287623226272	0
4.75	5.41411544772714	16.6945760487917	0
4.85	7.2221610592285	20.1369739013865	0
4.95	8.60916681690061	47.2440814338335	0
5.05	3.91954801365976	34.4369136224663	0
5.15	0	7.4619185559718	0
5.25	0.305017454018943	11.9892408687572	0
5.35	10.340137683265	20.2807640213506	0
5.45	7.70671536281139	14.8124413578059	1.82547718921926
5.55	3.07208479357335	6.93065623519249	0
5.65	1.53800240213335	4.06543594721489	0
5.75	1.6678969594737	4.60998378602622	0
5.85	1.86789495397427	4.44051405091353	0
5.95	1.47817248360995	3.5186661836861	0
6.05	1.30666004144142	3.47380327602963	0
6.15	2.03037963929527	4.81761856857172	0
6.25	2.98230516376049	7.01985938347396	0
6.35	3.43125471006295	7.58181642177612	0
6.45	3.64228471098817	6.32709628636193	0.583344221077902
6.55	3.65448527168464	5.81228664976168	0
6.65	3.87873031570348	8.52912948746216	0
6.75	6.55208426808657	13.3763431994518	0.389245101065753
6.85	8.8369598076287	15.4152820209426	2.67693993106832
6.95	8.77109985851313	14.7522302153265	0
7.05	9.5779607768423	15.3371067304856	3.34340582455181
7.15	8.45756078936924	16.9289576088336	2.18260294717781
7.25	4.78109451580812	13.0770310505712	0
7.35	1.79082699860411	8.21813426799073	0
7.45	1.55543760970877	18.904519322726	0
7.55	2.97433442349132	18.4259487410262	0
7.65	2.44728031892842	11.074053669023	0
7.75	0.95278991273832	12.5503065479863	0
7.85	0	13.4754367525391	0
7.95	0	8.73114773061756	0
8.05	0	7.34438373027099	0
8.15	0	12.6691042653024	0
8.25	3.8183040201097	29.5660134859721	0
8.35	4.57317609243511	19.5569175678473	0
8.45	3.82979456084888	12.2557079928175	0
8.55	2.28112167037857	11.2282776474672	0
8.65	0	9.25821055674532	0
8.75	0	7.45942108380042	0
8.85	0	7.10719461082416	0
8.95	0	8.91674532714496	0
9.05	4.13079408180875	15.2311577202399	0
9.15	10.5529140869588	35.1213832752136	0
9.25	13.4822557728031	36.9533751549305	0
9.35	5.16056809719107	16.5487847093301	0
9.45	0	14.8635824872788	0
9.55	10.0327466214258	23.4868780069664	0
9.65	15.113150319013	37.9039499387722	2.83881593067338
9.75	10.5215306392744	30.1313214705822	0.700994591004299
9.85	2.89393354310172	15.7678747970906	0
9.95	0	10.5744024090217	0
10.05	0	8.76788755804731	0
10.15	0	7.75701870825032	0
10.25	0	8.13765434120183	0
10.35	2.33970218022588	35.3307601904414	0
10.45	0.219462504128367	13.9388681897207	0
10.55	0.416108200135945	10.374582689328	0
10.65	3.95713406608038	11.3305417920354	0
10.75	5.51969017683989	17.0924877410136	0
10.85	5.44454523755749	17.6000834490622	0
10.95	5.08582445811631	16.2604234906928	0
11.05	4.73907528278689	15.4687196965782	0
11.15	4.40376374936882	15.2646376472568	0
11.25	4.07981171449364	14.2039437244059	0
11.35	3.76579568026385	13.1739162729332	0
11.45	3.46047324631184	11.9809279911262	0
11.55	3.1638026991311	10.916208301769	0
11.65	2.87578403872163	9.72833584772045	0
11.75	2.59641726508346	8.90192072279817	0
11.85	2.32570237821656	7.93821063000614	0
11.95	2.06363937812093	7.06572237810059	0
12.05	1.81022826479662	6.33347148664591	0
12.15	1.56546903824356	5.49243920246579	0
12.25	1.32936169846178	4.85578477060383	0
12.35	1.1019062454513	4.25664377251387	0
12.45	0.883102679212086	3.66706533933543	0
12.55	0.67295099974416	3.38692414578797	0
12.65	0.471451207047501	3.01643159539734	0
12.75	0.278603301122132	2.94582937487826	0
12.85	0.0944072819680498	2.92615057640576	0
12.95	0	2.87465528956824	0
13.05	0	2.78699887656977	0
13.15	0	2.79716176396776	0
13.25	0	2.96537099995662	0
13.35	0	2.83289719830187	0
13.45	0	2.82089628182293	0
13.55	0	2.64608218309783	0
13.65	0	2.42136437952194	0
13.75	0	2.42348328195172	0
13.85	0	2.28868367436487	0
13.95	0	2.20963398361765	0
14.05	0	2.18131879718282	0
14.15	0	2.11688555985894	0
14.25	0	1.97253837770847	0
14.35	0	1.86290082040574	0
14.45	0	1.69138095684987	0
14.55	0	1.67961422873763	0
14.65	0	1.61238578174465	0
14.75	0	1.73378263141821	0
14.85	0	2.28211296798669	0
14.95	0	2.59674499922025	0
15.05	0	2.95761128269648	0
15.15	0	3.17448655833173	0
15.25	0	3.44013806059565	0
15.35	0	3.73881399953361	0
15.45	0	3.86645156151533	0
15.55	0	4.23520746512921	0
15.65	0	4.58860715775613	0
15.75	0	4.85665585036652	0
15.85	0	5.14900947569968	0
15.95	0	4.55693807196516	0
16.05	0	4.47556845717061	0
16.15	0	4.88003185585092	0
16.25	0	5.56613118443689	0
16.35	0	7.22377156158946	0
16.45	0	8.7651107917569	0
16.55	0.361611016770728	6.95272740639465	0
16.65	0.989887342965571	8.61110861402062	0
16.75	1.45750102019466	10.0389004765412	0
16.85	1.83498006553821	11.3432690265138	0
16.95	2.20226513778705	12.6793124293555	0
17.05	2.56366763687255	13.8315343632718	0
17.15	2.91918756279484	14.6089217120973	0
17.25	3.26882475001695	15.5420451664717	0
17.35	3.60192358825703	16.2731491883308	0
17.45	3.87900903268729	16.5216384978258	0
17.55	4.09094186231766	16.4948473169029	0
17.65	4.23772207714795	16.712005012061	0
17.75	4.31934967717837	17.4768871789373	0
17.85	4.33582466240884	17.2578663085853	0
17.95	4.28714703283926	17.0754646733664	0
18.05	4.1733167884698	16.5900355726189	0
18.15	3.9943339293003	16.0673440636664	0
18.25	3.75019845533093	15.3124718786549	0
18.35	3.44091036656147	14.2842394908332	0
18.45	3.06646966299215	12.6152643455773	0
18.55	2.62687634462282	10.7613284844127	0
18.65	2.12213041145354	8.68389995783935	0
18.75	1.55223186348427	6.73431140934934	0
18.85	0.917180700715063	4.84075884567192	0
18.95	0.216976923145867	5.29963460437752	0
19.05	0	7.22899311027293	0
19.15	0	9.40981031972995	0
19.25	0	12.1882449623805	0
19.35	0	15.1506777137038	0
19.45	0	18.3384002442753	0
19.55	0	21.466568407889	0
19.65	0	25.0167047056605	0
19.75	0	26.7708921830931	0
19.85	0	20.5745026437701	0
19.95	1.16540993906167	10.2139793272737	0
20.05	3.16125602534581	16.2761915818337	0
20.15	3.94463318343534	19.4899463335455	0
20.25	3.51554159160444	16.1396187002946	0
20.35	2.14621317384802	15.9531951195478	0
20.45	0.897333959299377	16.6859190042348	0
20.55	0.0272900728043173	15.7256686560844	0
20.65	0	14.0028291127147	0
20.75	0	13.4625597941271	0
20.85	0	11.5556113867037	0
20.95	0	9.50083546841275	0
21.05	0	8.3151699638056	0
21.15	0	8.10706092867406	0
21.25	0.0464369015670647	7.20298804445343	0
21.35	0.102234934904293	7.3239848318516	0
21.45	0.149793501231598	8.009938323682	0
21.55	0.189112600548997	8.41369857926121	0
21.65	0.220192232856472	8.01197122196592	0
21.75	0.243032398154032	7.66037379370223	0
21.85	0.257633096441675	7.36903052383387	0
21.95	0.2639943277194	6.394092807452	0
22.05	0.262116091987215	6.05085956646362	0
22.15	0.251998389245109	5.77844297269762	0
22.25	0.233641219493091	6.75821187486237	0
22.35	0.207044582731147	7.95998421904495	0
22.45	0.172208478959301	9.88178191532213	0
22.55	0.129132908177521	12.9124191706913	0
22.65	0.0970792951478591	16.2140823179851	0
22.75	0.312928739182914	17.496906750175	0
22.85	0.695206694995284	18.993699241571	0
22.95	0.925914012912856	20.7517007926219	0
23.05	0.867006897313313	20.5189771176946	0
23.15	0.704627335140163	22.1990401766996	0
23.25	0.854481778558309	33.2965069755923	0
23.35	4.64842118568692	40.5877009007935	0
23.45	12.4299354336848	43.2678185791848	0
23.55	23.9469074539481	65.5371526704445	0
23.65	33.6733433952056	90.2054951711525	0
23.75	27.6138056725279	75.6483371527836	0
23.85	5.57048348231682	50.1798863110768	0
23.95	0	28.2797445235885	0
24.05	0	42.0931172590454	0
24.15	14.1415092761151	66.3416966823387	0
24.25	22.3851810414725	88.1120455210374	0
24.35	2.7461187768702	49.5221543165476	0
24.4403265	0	65.5763761344777	0
