phys	rec.rate	upper	lower
0.1	12.2848224961738	14.6901355148334	10.9549708191989
0.2	12.0334203635274	14.2901463621879	10.7826296736142
0.3	11.6814307003101	13.6860050171292	10.5046758641252
0.4	11.327339750585	13.0402580950063	10.2461998777395
0.5	10.9836118877104	12.51875931622	9.98750054117182
0.6	10.6350770793074	11.8995609306165	9.66856157949551
0.7	10.299932766172	11.37659244624	9.37983810879672
0.8	9.97475035365493	10.8975566089132	9.15590501536495
0.9	9.65137226588748	10.3980385841207	8.83274836390078
1	9.32600820675873	9.9703015832823	8.58099893901784
1.1	8.99476365789261	9.57605135401982	8.19075663100734
1.2	8.65927793375982	9.16682720051732	7.77548900494133
1.3	8.31310654643982	8.81339888571235	7.13486596393865
1.4	7.97760014810504	8.49525331052459	6.73952776145356
1.5	7.65938621263403	8.18703890864279	6.45436186350903
1.7	7.04164012439752	7.59589450770399	5.87922685691535
1.9	6.52541643643367	7.04383810363448	5.39610248313504
2	6.2806608639388	6.79165354791058	5.26420310850737
2.1	6.04584562045756	6.73168546087474	5.1797140060761
2.2	5.81278560556753	6.7349091745531	5.02937471700762
2.3	5.5532228850188	6.57229051674562	4.78432334196508
2.4	5.26403783294218	6.26209070521952	4.42702246751415
2.5	4.9695486698244	5.79129318941391	4.14232524718385
2.6	4.66734455045385	5.33161785161828	3.81943733919618
2.7	4.33713192070247	4.93465917518722	3.49890865770142
3.4	2.43549252602656	2.9620725709112	1.80627178335621
4.1	1.61925838576705	2.50746477751286	0.727041901181754
4.2	1.53364624178591	2.47956247996234	0.690158002859165
4.55	1.28652316316079	2.10862208463507	0.302801838669326
5	1.72586773431817	2.69224559970959	0.868091567630866
5.2	2.22925471519977	3.19646405321495	1.45604896115228
5.3	2.52353097619621	3.39418537841593	1.76712073276019
5.4	2.82215950357836	3.62661448841773	2.04887703659024
5.5	3.11951586144183	4.05406083656301	2.33991468852769
5.6	3.41474358222782	4.38708094958135	2.58292987747301
5.7	3.71327364013959	4.80114931207753	2.8582031353569
5.8	3.98434119760718	5.02861513316937	3.16384627173096
5.9	4.19531452779844	5.07390664746932	3.44127785790514
6	4.34650935182804	5.14037285551303	3.69344054735981
6.1	4.45238891757076	5.16107001343758	3.86152815783931
6.2	4.50974277248841	5.0508615052698	3.92123899393967
6.3	4.54204051034051	5.11974474606743	3.88633589717828
6.4	4.54905143903183	5.21639239079157	3.65692844162569
6.5	4.56166493463532	5.35672126321903	3.40798756353481
6.6	4.62555910222584	5.59186179640616	3.32586324584267
6.7	4.7629169519249	5.79027141688603	3.53007804371748
6.8	4.97869548482509	5.99763127668014	3.8167109213022
7	5.51284449757313	6.40071946448362	4.57906767919108
7.2	6.14246843338588	7.02225530347152	5.48537441029522
7.3	6.50813906573326	7.6888595884331	5.70336411161169
7.4	6.81186911551339	8.3276924444815	5.82929645478513
7.5	6.99887298589088	8.59722975176591	5.87433772722995
7.6	7.06726081467669	8.64106465977969	5.87470579100705
7.7	7.03900493776626	8.58168923392296	5.89447725620481
7.8	6.91206785818592	8.39852297939918	5.80831347905248
7.9	6.66233360388841	7.85775157945925	5.74421789308515
8	6.33349031403298	7.3004825939469	5.52231252881218
8.1	5.96251839766289	6.81017291969812	5.14400673235356
8.2	5.59412141492177	6.43282894628974	4.55058355959448
8.3	5.22822537391951	6.13328401546887	3.95509648883611
8.4	4.8845309178645	5.85256953917164	3.41908303843014
8.5	4.60059974120022	5.60330644222141	3.03864985640709
8.6	4.41204473909383	5.36982107260259	3.07181594676274
8.7	4.31029701632155	5.22661651219895	3.35656893585283
8.8	4.27658785691301	5.10467621061251	3.42877443622876
8.9	4.31247241349088	5.09531017283114	3.48568407236586
9	4.40182461674106	5.33480237202451	3.57612316866024
9.1	4.51180293049046	5.46722993088511	3.66355030957626
9.2	4.62663694522961	5.45903641768694	3.84977099450839
9.3	4.77628526430114	5.46042867046718	4.06300082339955
9.4	4.95820149582872	5.56326476798918	4.23216212836488
9.5	5.1632723482185	5.8062919912776	4.35631308263117
9.6	5.38454852314735	6.06024123509344	4.51052956832506
9.7	5.6272305389885	6.32972746353569	4.58423256188424
9.8	5.89762540863712	6.57754743978164	4.99110816116319
9.9	6.1924368983172	6.87314353627512	5.35568906997956
10	6.49380177999309	7.31325997547561	5.81411198970051
10.1	6.78702696450776	7.7276641286276	6.15492606824631
10.2	7.04045744726284	8.02041215347515	6.33813474466114
10.3	7.24781697102885	8.49051309267027	6.49098194567177
10.4	7.38335870716966	8.56412354996889	6.61107214517735
10.5	7.4756445472053	8.62730535681158	6.71510793191241
10.6	7.48982829438457	8.41754623855588	6.74164376060419
10.7	7.4531654855644	8.26678613844914	6.62864255478007
10.8	7.38666597699829	8.30328249078012	6.34272985903074
10.9	7.31063998846095	8.22292358507782	6.14840923246449
11	7.22511789347627	8.14674181159526	6.05860961880357
11.1	7.12868377106432	7.99796277053435	6.12829344250616
11.2	7.01041220501357	7.81572082683726	6.17671771611524
11.3	6.88576284121129	7.68485589452394	6.13774187610046
11.4	6.7427751817688	7.62337466244673	6.08780554229686
11.5	6.58491180086858	7.30602203071076	6.07341786614535
11.6	6.41555842322427	7.16868363023313	5.95208502008867
11.7	6.23869294138224	6.99663160082167	5.70201649843412
11.8	6.0363507411409	6.8036452010155	5.41521375089498
11.9	5.7935629450207	6.56578226975672	5.12532354405895
12	5.51768892916307	6.29183641686865	4.72511981448807
12.1	5.21426915690458	5.94144164708458	4.3342099619901
12.2	4.89306969070152	5.63836651741085	4.01913464752792
12.3	4.57629566981949	5.28249610603023	3.75830699025152
12.4	4.28763960825338	4.9803624055466	3.51833904754535
12.5	4.04677606123201	4.68382020712419	3.36481987306164
12.6	3.85529361644991	4.41189852254012	3.22827527464168
12.7	3.70249785905928	4.17555662592864	3.1658687285456
12.8	3.57929201060967	3.97277377093185	3.07771731462207
12.9	3.4682927706453	3.82274335457784	3.01604964587394
13	3.36548505228044	3.7184224188143	2.92977339799208
13.1	3.27074322355673	3.6148272621951	2.87577618004371
13.2	3.17639429628797	3.52749706695329	2.77209624191036
13.3	3.07882339371034	3.42229686605093	2.70164662855242
13.4	2.97903943155632	3.37103747890464	2.60082427961016
13.5	2.86769790391008	3.30231230686759	2.44185982852819
13.6	2.7442882488531	3.20031265192628	2.30335492574311
13.7	2.62123455963747	3.10623687700751	2.16721672365233
13.8	2.51269299248672	2.94956454846051	1.99215058740942
13.9	2.42119058791766	2.82978677982131	1.90197085790664
14	2.35374705704254	2.81175490989254	1.76654392789435
14.1	2.32708274528763	2.81865844298502	1.70348208219181
14.2	2.34543190258233	2.82471070807859	1.68604434536301
14.3	2.40326898899106	2.85777340104506	1.68534761686837
14.4	2.50120007795753	2.91286576082082	1.87154126620094
14.5	2.62123449020218	3.01855934899292	2.07391349203235
14.6	2.75165599250358	3.19932656304001	2.27894841259453
14.7	2.88148715045285	3.41804377354479	2.42302909747678
14.8	2.99183676910353	3.67751771203484	2.46525676841401
14.9	3.07499913195172	3.88777072516368	2.42812364422056
15	3.119993447308	4.13043152383898	2.39483546443901
15.1	3.11467964211805	4.17223611093864	2.37393582859654
15.2	3.06598780534885	3.99163356074954	2.33139090288505
15.3	2.98841603509147	3.67208682859939	2.31343360948418
15.4	2.89817744249825	3.49276411321422	2.19680637244891
15.5	2.8305093387337	3.46404617013321	2.01184174502145
15.6	2.82122370356822	3.56888473154359	1.85948992896048
15.7	2.89063904835459	3.71188605332838	1.75554559654035
15.8	3.04273178008238	3.85592931543315	1.82721218447489
15.9	3.27522580228877	4.06529229882801	2.10630144590026
16	3.58556153153536	4.35453918961169	2.52285958211875
16.1	3.94713345483792	4.6261986628017	3.09765949405729
16.2	4.33790139088735	5.1554567267126	3.61353866641045
16.3	4.73153944477734	5.63560993632926	3.93695451525103
16.4	5.11058903297395	6.21603510984719	4.30424270982356
16.5	5.47796307055973	6.60870855780803	4.73483700077698
16.6	5.8198770790091	6.85845846391694	5.09099610044095
16.7	6.1409754175778	7.00973516320731	5.42818181322404
16.8	6.4430471584674	7.29447726017079	5.66358835694536
16.9	6.71140464503458	7.61587967788065	5.80541480803438
17	6.93894845000373	7.94227716129152	5.98442781690014
17.1	7.1280464462032	8.27088243458606	6.12796733959826
17.2	7.24991822954518	8.53947596602018	6.30594653217562
17.3	7.30432845897061	8.61939193055216	6.41840281928423
17.4	7.29109644505872	8.54186075539762	6.45900857970215
17.5	7.22631677405891	8.68614284630804	6.47855655830088
17.6	7.14302915064887	8.40005772181983	6.4690146592873
17.7	7.05633848115295	8.21508370897196	6.40810611975866
17.8	6.97782006174715	8.1987401297796	6.24750407321381
17.9	6.91559318193168	8.36752626988805	5.98470485201373
18	6.84349908721886	8.50795471344633	5.68336054783862
18.1	6.74065383293693	8.60364590738636	5.32924488020191
18.2	6.62492287295922	8.57706429320113	4.8915730340847
18.3	6.46196829246496	8.4961521495206	4.44503574247985
18.4	6.18944858143899	8.15709287945151	3.89595132129645
18.5	5.9122614088643	7.90811891716468	3.20171493058497
