phys	rec.rate	upper	lower
0.0861375	1.8363165307439	2.49902586405867	1.23405421213812
0.172274	1.94254195594654	2.62731809993616	1.33156090915542
0.272274	2.00129069590049	2.65366236570442	1.43425144753121
0.372274	2.06775336934836	2.70425254250839	1.53013132503554
0.472274	2.12883461230193	2.71517419002505	1.62606579955653
0.572274	2.18905585034356	2.72773920743282	1.72397948033335
0.672274	2.2486199609885	2.73624115974137	1.82768103047509
0.772274	2.30802129126427	2.75190831999676	1.92498587450831
0.872274	2.36816641561828	2.76785753986617	2.01301607781165
0.972274	2.42558930522275	2.78607301782808	2.1029185295212
1.072274	2.48140139047618	2.81072925913383	2.19920525626184
1.172274	2.53568941495201	2.83185797735904	2.2945285821211
1.272274	2.58910100713602	2.85630431410261	2.38459913345662
1.372274	2.64209802547945	2.87964544773505	2.4681062823723
1.472274	2.69538196552238	2.91097591580058	2.54030969162183
1.572274	2.74911404475113	2.9401146217394	2.60314241975096
1.672274	2.80333250996392	2.98544596196829	2.65657807606961
1.772274	2.85982571737598	3.07572892999304	2.69469894502571
1.872274	2.91958169643448	3.18799341359558	2.72837411459767
1.972274	2.98224450180796	3.29347184631276	2.76063421924397
2.072274	3.04406567314036	3.39042139120871	2.7958507498977
2.172274	3.10092836972552	3.4722899558138	2.81634956030008
2.272274	3.15358419083893	3.55407722896176	2.83751003821626
2.372274	3.19878270806857	3.60933904009118	2.85682090620569
2.472274	3.2300547778742	3.66016304642594	2.86343710187909
2.572274	3.24839405830984	3.67361302022851	2.87712436430069
2.672274	3.25722928385154	3.68185776773591	2.88320267894187
2.772274	3.25411316759541	3.65278973178278	2.88868592372734
2.872274	3.23357445269361	3.59958959501384	2.88467670108166
2.972274	3.19594771919576	3.53656003396906	2.85587417353019
3.072274	3.1464959817084	3.46673267367061	2.83372554937011
3.172274	3.08486616256622	3.37750318680577	2.76950173110065
3.272274	3.01054302303295	3.29564990074793	2.67290358303746
3.372274	2.92720443412696	3.21846324529219	2.56632953848423
3.472274	2.83588741647488	3.1193255724222	2.4691975916967
3.572274	2.73831904830774	3.01491531930625	2.36111488562591
3.672274	2.63740191536754	2.92828628047659	2.25843182064006
3.772274	2.53771982523398	2.87330938237683	2.16124176737914
3.872274	2.44365625965055	2.80916111458007	1.99960326102793
3.972274	2.35650614944655	2.77190193941591	1.88441370254454
4.072274	2.27916147181599	2.72261382544981	1.79676312494126
4.172274	2.21582667381446	2.73010999260302	1.69833021207648
4.272274	2.16836680068799	2.7696894600154	1.63532867506458
4.372274	2.13743266031132	2.7974110592526	1.57231267868726
4.472274	2.13990670611287	2.84793032912805	1.54387124184047
4.572274	2.18504082822709	2.87831774663451	1.54157682807845
4.672274	2.26225279628782	2.99187400137999	1.55281174316014
4.772274	2.36047139571815	3.10534672205023	1.6086255319598
4.872274	2.48437144010796	3.27061475291326	1.67943019450638
4.972274	2.64381380024107	3.40519185913257	1.80436311850454
5.072274	2.83689615426329	3.55585067594306	2.0232355722699
5.172274	3.05048639390961	3.73602885719902	2.29336629605269
5.272274	3.27331989212446	3.90030355965621	2.60597705176732
5.372274	3.50147953091467	4.07178507602699	2.88172912524467
5.472274	3.7283802940219	4.27557226984003	3.18678941742026
5.572274	3.94846610493548	4.49167300509629	3.4082211665866
5.672274	4.15773746171867	4.74475931861618	3.62385300543074
5.772274	4.35427818848726	5.00114429981921	3.80132447489248
5.872274	4.53849849020723	5.26122737059443	3.93095253243909
5.972274	4.70687322892905	5.46819640472682	4.03457165570715
6.072274	4.85057964746525	5.6947857572296	4.14050534630426
6.172274	4.95741487686381	5.84990581751164	4.15681341045257
6.272274	5.03681714129551	5.94077267682738	4.24251966526458
6.372274	5.10288066397932	5.98887101814157	4.33617226121633
6.472274	5.15003643771078	5.98781316571552	4.39271341376919
6.572274	5.16881790670395	5.95874820575573	4.44880950686062
6.672274	5.1585004725282	5.90430762362808	4.46387953820456
6.772274	5.12464150491125	5.84937380799705	4.4292355182906
6.872274	5.06793370778402	5.76423725071416	4.4423080382229
6.972274	4.98602387658294	5.63302260562406	4.36514425454954
7.072274	4.88213650313526	5.52380850127583	4.31309388200616
7.172274	4.75356995730284	5.41127298692619	4.21701989804186
7.272274	4.60546400610949	5.25393492077536	4.0980182125277
7.372274	4.44971165024292	5.09801585100868	3.95578188422379
7.472274	4.28516248565196	4.88250512381507	3.78275266272189
7.572274	4.11135452702104	4.66452747489423	3.61620716277486
7.672274	3.93632994288617	4.45481380967756	3.4777145731021
7.772274	3.76167449174874	4.25561094528298	3.36064597123205
7.872274	3.59101591626176	4.04564372599728	3.25470315008922
7.972274	3.42484078124098	3.87107119051961	3.09486785995811
8.072274	3.26461440213087	3.69630492993908	2.93398314449355
8.172274	3.11165780302443	3.51329566131857	2.76634590021007
8.272274	2.96938820208825	3.38338777969445	2.61711155127202
8.372274	2.83750986811204	3.24322202109318	2.46952982166575
8.472274	2.71433237491421	3.07468031474429	2.36036569053373
8.572274	2.60272666949665	2.92469991503649	2.27370919108765
8.672274	2.5024913167412	2.7933962499554	2.17701469174964
8.772274	2.41053169430073	2.68117494223033	2.10562055821938
8.872274	2.32838583455011	2.60202259057342	1.98950486441644
8.972274	2.25833620816491	2.54303080151868	1.88427440188864
9.072274	2.19576385887414	2.48824244444956	1.77256624622759
9.172274	2.13785658863539	2.42930454359047	1.68044972167649
9.272274	2.08709420120118	2.39197118867065	1.59039498020507
9.372274	2.04441262189904	2.35146080348778	1.56133138605361
9.472274	2.00644111796611	2.30172114422535	1.54875215364804
9.572274	1.97071332966161	2.25829398801184	1.54547427465214
9.672274	1.93768313111251	2.21340449915816	1.54363569126643
9.772274	1.90547931491669	2.18592822714933	1.55385576300693
9.872274	1.87431455423412	2.15133178750149	1.59264031864282
9.972274	1.84185129133125	2.14544682829833	1.58449580109708
10.072274	1.80714257132015	2.17830555201384	1.55731686039831
10.172274	1.77267845333625	2.22334576906519	1.51946801566238
10.272274	1.73359477672397	2.26860105043242	1.46286350803041
10.372274	1.68534787068851	2.24285718142604	1.40512937743727
10.472274	1.62793493409339	2.16123677388935	1.34664253843153
10.572274	1.56108700915751	2.05876396184415	1.2870132146689
10.672274	1.48750015738925	1.92559590643161	1.21214731455676
10.772274	1.40730935921561	1.84309577929442	1.13739567923443
10.872274	1.31618610820318	1.70658203915603	1.05322315876764
10.972274	1.21264196115299	1.54550768687717	0.971034026935189
11.072274	1.10116456055244	1.38567567040704	0.862992702310281
11.172274	0.98494426776437	1.25914913061898	0.726666076205988
11.272274	0.865578463322098	1.12618381316669	0.565815902541919
11.372274	0.747759243699377	1.00734868704814	0.392839407816975
11.472274	0.633197094256232	0.899015604095632	0.253718690581294
11.572274	0.522754546425613	0.809448373485952	0.126213820031253
11.672274	0.418564976646423	0.731091075144868	0.0124990183602343
11.772274	0.321673240238164	0.666936821660432	0
11.872274	0.236338085727378	0.587366489195962	0
11.972274	0.168966313712883	0.521519697740265	0
12.072274	0.120682132238729	0.446637397897883	0
12.172274	0.0848088461709821	0.386183282796164	0
12.272274	0.0589545178354059	0.340541100389003	0
12.372274	0.0429369501332346	0.291518901386742	0
12.472274	0.0347277715970298	0.243374951732405	0
12.572274	0.0352055421020091	0.220794695159489	0
12.672274	0.0449659997165923	0.218644264734917	0
12.772274	0.060671142572949	0.213389055658044	0
12.872274	0.0771709583239372	0.216010198434227	0
12.972274	0.0919508168777613	0.228477559490204	0
13.072274	0.101920756696454	0.243074270631583	0
13.172274	0.106280229221121	0.254064423825937	0
13.272274	0.105893878899434	0.261432249139196	0
13.422274	0.095311819410285	0.250436432641925	0
13.572274	0.07769356277324	0.231320939098936	0
13.672274	0.0576922059712665	0.214951955880202	0
13.772274	0.0305941729130552	0.189100819092753	0
13.872274	0	0.156288856234201	0
13.9588575	0	0.129746601433484	0
14.0295245	0	0.113117354656384	0
14.113608	0	0.107968188698118	0
14.213608	0	0.0970052266189846	0
14.313608	0	0.0962376055942136	0
14.413608	0	0.112893241861794	0
14.563608	0	0.139198440611069	0
14.713608	0	0.282907039684017	0
14.813608	0	0.425480891162827	0
14.913608	0	0.545632470376639	0
15.013608	0	0.697551538040557	0
15.113608	0.00886160545973172	0.863096068469786	0
15.213608	0.154170687515947	1.0772148546313	0
15.313608	0.341923910562196	1.31141974948496	0
15.413608	0.573184031676415	1.55045388939625	0
15.513608	0.834966499935134	1.80400470231409	0
15.613608	1.11627928312771	2.04566289420735	0.055930766565851
15.713608	1.40276858895429	2.3410464408891	0.448102136216736
15.813608	1.69024645918103	2.64211983379729	0.797662751063604
15.913608	1.97525764807402	2.89434685238554	1.12451274319718
16.013608	2.24881977331975	3.15656778143999	1.38779950951422
16.113608	2.50084212586267	3.45376411735477	1.64260793604385
16.213608	2.72855937527254	3.70571353828193	1.82251177782289
16.313608	2.9272270708829	3.94987940129083	2.01092985135619
16.413608	3.09849135116361	4.21865440545621	2.14825884544259
16.513608	3.2391814095721	4.38278113657623	2.2654684332362
16.613608	3.34664768025275	4.58490141034929	2.35403339598545
16.713608	3.41306915688873	4.74358173746202	2.44595504070363
16.813608	3.44755250021813	4.8450324317448	2.50315129893509
16.913608	3.4489648042349	4.87877375676637	2.4725160705363
17.013608	3.40221265858782	4.73798396932733	2.42526682268099
17.113608	3.31600584283659	4.56056171614774	2.39532629687044
17.213608	3.1919582950947	4.28161019292886	2.31299845393028
17.313608	3.03087222714904	4.0271122853432	2.19820449797131
17.413608	2.8552902294696	3.75242947863018	2.05169566103117
17.513608	2.6727894109978	3.58431994176243	1.80038833089598
17.613608	2.48793737972152	3.43872505401311	1.54515311545547
17.713608	2.30186472912767	3.24479819689258	1.15921370990074
17.813608	2.11631676888999	3.09589648196797	0.953861746939894
17.913608	1.93571658031907	2.92666465355703	0.606311176522535
18.013608	1.77316650104435	2.75715134050074	0.463804310525462
18.113608	1.63845820174349	2.63441633286737	0.399380015413058
18.213608	1.5316031707334	2.51485450416078	0.38214993335789
18.313608	1.45503628344443	2.37535616157904	0.473198627509312
18.413608	1.40830374975726	2.22683668548457	0.536970520804816
18.513608	1.39176440664403	2.09550230156981	0.64296093103359
18.613608	1.40380817558728	2.01119476310358	0.787923727763279
18.713608	1.44258287869758	1.95763334203298	0.884642964815446
18.813608	1.50189627608852	1.96644350164335	0.958924806142703
18.913608	1.56997527312777	2.02909932333566	1.06384879404542
19.013608	1.64316537520084	2.153005660286	1.13434022507602
19.113608	1.71733272459665	2.2089336363014	1.21853987514618
19.213608	1.788139636326	2.24662887009965	1.30068919250902
19.313608	1.85140174391559	2.25959233591764	1.38252943711468
19.413608	1.90508611010504	2.30052072334683	1.46347126342724
19.513608	1.95003463808335	2.32449322166995	1.53924498109103
19.613608	1.98478127430549	2.36751980024077	1.58892841729488
19.713608	2.00569407817492	2.36948555130846	1.65219409033626
19.813608	2.01326376883639	2.33485849360939	1.68875693776773
19.913608	2.00804889434921	2.3168260159613	1.72766121322769
20.013608	1.9905941140791	2.28998585753863	1.72600629869903
20.113608	1.96304787279784	2.25464844967745	1.69673438874779
20.213608	1.92933859005428	2.21314369638984	1.65183260906947
20.313608	1.89302791929512	2.17550919584752	1.60411273803016
20.413608	1.85764091400029	2.14962923518085	1.54872884173417
20.513608	1.82910011454093	2.12890520226223	1.4976046383133
20.613608	1.81225977235443	2.14234617076879	1.47896652421259
20.713608	1.80715365407091	2.14718164557726	1.46040006884771
20.813608	1.81620877041678	2.16526354911153	1.4838597808767
20.913608	1.84131504235101	2.1936888732797	1.5148630222734
21.013608	1.88150712381471	2.25288288639974	1.56913849264964
21.113608	1.93638527872736	2.29959049979837	1.62473089136849
21.213608	2.00477847389197	2.34808992436893	1.69679317962708
21.313608	2.08587657483726	2.4143235976466	1.78591947517938
21.413608	2.1764696016211	2.48340875809546	1.88637940174338
21.513608	2.27655932295265	2.55691530720495	2.00592735629703
21.613608	2.38661348468953	2.64850747188291	2.11660550220207
21.713608	2.50203610453404	2.76507569758758	2.24837089031525
21.813608	2.6205590177366	2.87809150445716	2.38385342245705
21.913608	2.74485396837762	3.00544153346416	2.50630575420645
22.013608	2.87562699079167	3.15994066577912	2.63369172296442
22.113608	3.01362783253685	3.33767251018722	2.7710760725317
22.213608	3.15989181349054	3.51375570835546	2.90754563376844
22.313608	3.31383116459149	3.69292205438928	3.04079694716504
22.413608	3.47590480246956	3.89490965239225	3.18258798477428
22.513608	3.64606569288812	4.09669497922546	3.34937233922445
22.613608	3.82310143172638	4.28571883270342	3.52468403458741
22.713608	4.00573492034062	4.48295369113359	3.68096123971993
22.813608	4.19142921089541	4.68163614506789	3.84511301350367
22.913608	4.37195925899028	4.87668358775623	3.98330407268061
23.013608	4.54067990002982	5.07606964686958	4.08704620080232
23.113608	4.68863162197755	5.26100748187885	4.17378405653398
23.213608	4.81195578230174	5.42267910829318	4.2688389624021
23.313608	4.91096251105962	5.5603080757886	4.33313411025395
23.413608	4.98573015118423	5.66012544669959	4.36688318165172
23.513608	5.03506475135994	5.76154643113016	4.37897599078149
23.613608	5.05949538246245	5.76845243445111	4.37794917425652
23.713608	5.05387238691588	5.77622103123049	4.34359781323113
23.813608	5.01372989415945	5.6873955251215	4.35632970133616
23.913608	4.95147902132287	5.62932739144451	4.34043834119349
24.013608	4.87412704640009	5.56081448513026	4.33243281156493
24.113608	4.7791246824445	5.42388037566243	4.27800464569343
24.213608	4.66653469465359	5.24980240213279	4.2201518146824
24.313608	4.54298106968882	5.03505513253989	4.13601265901864
24.413608	4.42083305031568	4.87068998018849	4.04734639707338
24.513608	4.30771990597028	4.70873514041145	3.92615225087897
24.613608	4.20639201059404	4.5634612730085	3.81816900927513
24.713608	4.11588013967468	4.43608297053426	3.70018599499658
24.813608	4.03681349172132	4.3436856819974	3.57986863634166
24.913608	3.97230120784885	4.27582044696237	3.43996444138836
25.013608	3.92272201117811	4.24115784837779	3.37678259201622
25.113608	3.88555728229307	4.2203850888276	3.3110616288275
25.213608	3.85503042088555	4.19328864564185	3.2971234939222
25.313608	3.83068580067501	4.17855285192785	3.31645268584007
25.413608	3.80785452206755	4.15971064052549	3.34619070331136
25.513608	3.78426075171595	4.13866354319333	3.3495316104039
25.613608	3.76072663767242	4.12914064308224	3.3735029057012
25.713608	3.73663365870452	4.11370820176625	3.36632896658729
25.813608	3.71196135391634	4.1006670063453	3.32196274431985
25.913608	3.68741146485126	4.09181921057965	3.27321949114347
26.013608	3.66443051593973	4.07771037203721	3.21798737635442
26.113608	3.64273645028608	4.08357422288096	3.16566361303227
26.213608	3.62238760455597	4.09499042832967	3.10627247075316
26.313608	3.60497467003375	4.12018250227504	3.04478602033496
26.413608	3.59122558547733	4.15707389198147	2.99014384945677
26.513608	3.57754259943966	4.20872779048752	2.93455888399859
26.613608	3.56337928235975	4.26662357773222	2.87304167929536
26.713608	3.55563914946153	4.32012013610292	2.83180989353077
26.813608	3.55148921293109	4.36469568024558	2.80792831493776
26.913608	3.58260938252025	4.43396367968636	2.86285570896913
27.013608	3.6825849030432	4.55674740035187	3.07543761233082
