phys	rec.rate	upper	lower
1.25	7.57669341916997	11.0668837474158	4.18258305082053
1.4	7.13203137687616	10.2677854270173	4.12875603362938
1.5	6.77543832588352	9.92099703216923	3.89124084137808
1.7	6.38976819167526	9.24866793649928	3.43047251670652
2.25	5.63080079022484	7.68880928217039	3.16148410676032
2.8	4.91206208941038	6.37211379888019	2.89911400276273
3	4.66149264757075	5.9884635207738	2.82033530280748
3.1	4.52992547553645	5.76802655857018	2.78744983234489
3.35	4.20655506999419	5.3231551070695	2.69166769600985
3.6	3.91146203110085	4.95519394947725	2.6112477521783
3.85	3.59510296779692	4.57847457925518	2.47663632173922
4.2	3.19519875551605	4.10407584730406	2.19434905846756
4.45	2.92244875544862	3.78796003589664	1.91102352901704
4.65	2.70746722411679	3.51171706979999	1.8030768369362
4.9	2.44826340130227	3.2519460662178	1.66144533983176
5.1	2.2775822702553	3.06359074096696	1.59230263019
5.25	2.11326655513633	2.84826114367719	1.45781474143523
5.5	1.83916027069398	2.62336913633164	1.19181044044779
5.95	1.35333100009665	2.2656839432368	0.730178742081032
7.15	0.619668648302691	1.71370594037403	0.0709917041264061
8.3	0.73888854753957	1.47650746237943	0.128824085684317
8.6	0.891993355562587	1.44824153556966	0.214369818166705
8.7	0.929583595884378	1.43683273256611	0.235941216276577
9.05	0.999742821383758	1.4141509055027	0.367693964094969
10.2	1.25512281680776	1.62907121742734	0.722970478332894
11.25	1.52300643369721	1.87061943314201	1.03342182478299
11.5	1.57754203168025	1.92694960801681	1.09738185249873
11.6	1.59784609340888	1.97340582404497	1.1227626471306
11.9	1.64363239193162	2.05456607027863	1.12873454263189
12.35	1.63907021490711	2.07416579718591	1.1000365473004
12.65	1.58730093798832	2.06101315698199	1.0834403713933
13.45	1.45322876390725	1.96170241026098	0.998348743963694
14.4	1.20527871953046	1.73386038407158	0.912823679980442
14.7	1.11491914138207	1.65671050466733	0.872899922623869
15.5	0.957778735392265	1.36883650377896	0.732687922191921
18.3	0.550278405411013	0.747956500473701	0.26997778162858
20.4	0.384691204843513	0.604739597283109	0.057265093775038
22.3	0.255213888281309	0.518586236328369	0
24.6	0.161565299909862	0.453359552730417	0
25.1	0.150046838798982	0.441949559914237	0
25.25	0.146508186136397	0.4409365277081	0
26.25	0.125424656925837	0.448688904269916	0
28.45	0.0898710804026373	0.4028934261808	0
52.6	0.019211528097535	0.0820914316961551	0
82.45	0.142088341264496	0.297115429888584	0
89.6	0.196791162735294	0.4201793511726	0.00834806753071039
90.75	0.200522028864463	0.429388549811133	0.00742922832498661
92.3	0.204171406601232	0.443048901958245	0.00523841576493279
92.9	0.204564076704669	0.453016179124769	0.00377591607242035
98.2	0.179193224700394	0.36179984688139	0.0219842211114139
103.5	0.160197897227745	0.301987193513225	0.0291130837711736
105.35	0.155400685299749	0.283194217807594	0.035953055581887
143.15	0.171217483695075	0.211470861934227	0.134652596157119
179.2	0.362737000814208	0.610731813560313	0.0949936934700145
179.5	0.363215295986454	0.602752055381393	0.0945762452854765
180	0.361504029515217	0.585669322090988	0.100778555676053
180.7	0.356301443905727	0.563026002378892	0.117858297438856
181.95	0.345668619380151	0.521661528860069	0.146476212443448
184.55	0.329904446173326	0.447827351008807	0.193703600103135
186.5	0.329740753320038	0.404833790773679	0.215661924893342
187.3	0.319600325837233	0.387717287635572	0.214005792389338
191.05	0.335762224108894	0.471161949446449	0.179803625447211
194.7	0.503664866267498	0.711505517499342	0.378851552193701
195.3	0.552873664750468	0.795818959485156	0.434382339885989
195.6	0.578242575864848	0.816983899199761	0.459270891015091
196.1	0.618531053878299	0.84558965383121	0.502855624026919
196.5	0.652816910098226	0.860436939596824	0.527688973676069
196.85	0.684957168562118	0.885938601218654	0.548434615745334
197.15	0.705526266059344	0.907648647305495	0.56879430919075
197.45	0.72521603246417	0.902532562766706	0.582950966346509
197.8	0.739548209753807	0.895451410540376	0.595481851214658
198.1	0.751583021733959	0.886854024266155	0.613173894006734
198.4	0.765867712669624	0.885630801343698	0.630811187830309
199.25	0.80352680151406	0.924911198341939	0.684216416880632
200.2	0.814794676594049	0.950693709450932	0.65272042102178
200.95	0.815547028073851	0.950968041184961	0.647105807215389
201.7	0.809987169609713	0.943225551268019	0.691128723605755
202.2	0.80485662930478	0.913614581640281	0.723494558448109
202.75	0.802627702682631	0.890673356440793	0.724373974852939
203.3	0.803366509309157	0.910583531290113	0.707966297716614
204.9	0.770263480184302	0.894455353470892	0.587661264243907
206.4	0.664306270078893	0.780537774063442	0.499155395089081
206.65	0.636443638842815	0.756904856380249	0.46653497184197
206.95	0.597239833968368	0.727054425867805	0.426029052641226
207.2	0.561492272176406	0.679873748336138	0.393830830164576
207.65	0.48621312282141	0.647408996193564	0.314149810439707
209.1	0.329847767130229	0.54014152855981	0.101687650405011
210.75	0.325709785828728	0.540413888436835	0.056694348023897
212.45	0.485432482095316	0.658417668034242	0.322320330192372
214.05	0.784470039027735	1.06865871154594	0.598967095512985
214.85	0.96381956906917	1.37780496607759	0.738898139240225
215.2	1.03800852953844	1.52018968186109	0.802104995845461
215.4	1.0901178027721	1.58019992004296	0.825717794831421
215.6	1.13940865321515	1.65574536402364	0.860884527347429
215.75	1.1824635930709	1.73191304488235	0.878579429088189
216.15	1.251119095869	1.77245844424061	0.91815297789463
216.5	1.25610608096661	1.7007121100561	0.970848372933684
216.6	1.24968184732589	1.66581004927396	0.977193413296841
216.8	1.22343828741377	1.60564259499499	0.979052258281836
217.25	1.14032306792063	1.4163983594474	0.884450155003006
218.05	1.03775084159052	1.37569208789683	0.593603600340079
218.6	1.05482894337522	1.37895240156838	0.530136331042035
218.8	1.05956602285071	1.38338662310361	0.522203849701475
219.2	1.13470006007478	1.42685787065706	0.700527423093344
219.9	1.32932603120399	1.63821238443644	1.06449487500346
220.4	1.4629773308474	1.87055027578337	1.20392550739345
220.5	1.5010706710564	1.94815541779952	1.22470534058766
220.7	1.55919484813466	2.00949714819322	1.26426911654296
220.9	1.56250509035156	1.9715484618979	1.3057641671311
221	1.56427226899642	1.96816518660024	1.32427920540965
221.1	1.57029895006937	1.97056367722795	1.34161345733906
221.3	1.60651135277534	2.06178725237616	1.36562197231963
221.55	1.62035206371432	2.11625898094986	1.38535396192868
221.8	1.62842407765705	2.14586017491635	1.38559125536296
222.25	1.58684991624789	1.98430996720402	1.33664641578552
222.6	1.50312292735214	1.74764886574218	1.28048671274897
223.15	1.37689262404288	1.64534681760245	1.0396421474205
223.9	1.28756165420289	1.56586848821564	0.922903176754438
224.4	1.276578882731	1.50801847270274	1.02353292281996
224.7	1.30358717470488	1.48928508983059	1.05174252066387
224.9	1.3135158304844	1.49972936301626	1.08506194703738
225.3	1.35018531748044	1.55385949860307	1.14352512329209
225.6	1.39867705877448	1.59851104230471	1.19079210954793
226.05	1.46740149793941	1.73284585286798	1.30155523738327
226.55	1.61423083714337	1.90553987812734	1.417681209894
226.85	1.71716547409486	2.04304236068849	1.47860465109136
227.1	1.8183061621816	2.17145052374161	1.56957167128576
227.3	1.90976902304937	2.270494778706	1.61952138885097
227.6	2.0305546898069	2.36993110621903	1.72447940917539
227.85	2.1155512312269	2.48718710432932	1.81199671849077
228	2.16391479580613	2.54996742929423	1.82082876111179
228.3	2.26093149649826	2.6350286241585	1.82335924763703
228.8	2.2681952101184	2.75196489392563	1.76268793179548
229.1	2.17802393517699	2.79368768736278	1.65817126690104
229.35	2.12432341379397	2.76878240708849	1.63386181724062
229.6	1.99636392289056	2.71772710326781	1.58325131265541
229.75	1.93080486652128	2.65028901461936	1.55737245024243
229.9	1.85571410003872	2.60523010604766	1.52227055073246
230.05	1.79875330179729	2.63131304941984	1.49756742939836
230.2	1.73305451228332	2.54069336936217	1.46819799329154
230.5	1.62962415458154	2.52123492424601	1.39869968852335
230.9	1.48073720578192	2.27407846770296	1.24327566463115
231.85	1.12546104370027	1.65002216485245	0.700185186034172
233.1	0.663137868673129	1.40892818953291	0
233.559905	0.550983467130847	1.4067195642177	0
