phys	rec.rate	upper	lower
1.347606	0.942014304084716	1.87026301437237	0.121624160242239
1.953097	0.734958002491509	1.5427645632707	0
2.2020375	0.596879317942085	1.39601947943253	0
3.223126	0.467787981982833	1.03454184642901	0
5.020039	0.404854307104539	0.852701690049035	0
6.460816	0.515209315173829	1.06559175930039	0
7.687416	0.904285363012208	1.51905472985551	0.361290362516702
8.790372	1.65815772048895	2.48148863349099	1.21352971800436
9.3622115	2.1920449860404	3.2032629163716	1.66789039895156
9.650723	2.49007380997817	3.59748032569261	1.88328923176667
9.879429	2.70847920146105	3.84190185184768	2.05608028022678
10.119803	2.88624889050011	3.76237142104597	2.21260461136852
10.4996345	3.01494983879795	3.62559006086264	2.40926270076307
10.883042	3.001938893576	3.61353035059076	2.08855975025004
11.2129945	2.96178231587996	3.67241403560323	1.78348496999399
11.6265155	3.11036054078059	3.74597301721349	2.32981853111004
11.9064475	3.32473597928526	3.95487508995024	2.8239225719143
12.0240595	3.48028488500704	4.20983596503217	2.92262181720941
12.16632	3.68587798794637	4.60870025426584	3.01433983825297
12.3740655	3.89423935218057	4.99256940317313	3.05321325111156
12.61118	3.92389880232783	4.89116384288407	3.06066140370109
12.820992	3.79301869005989	4.6307835377619	3.01389394802896
13.021131	3.51971715969727	4.20521108192999	2.85949401635044
13.168881	3.22060567545606	3.82298749320023	2.62748970137126
13.298614	2.92206048097045	3.53022583679876	2.38153834981827
13.5209845	2.47488902413117	3.20141437360224	1.87808172908792
13.7683955	2.17232665895317	3.00316964316609	1.5585822397606
14.0071845	2.11501298277908	2.91114557880535	1.53469392655259
14.2664615	2.32090153475608	2.90272240041093	1.79059779680615
14.4835335	2.65375103994019	3.12939673999689	2.1140389759986
14.675384	2.99944076857613	3.42157415762851	2.47893744787899
14.9023165	3.48414705683737	3.89142050052073	3.04356104834583
15.108122	3.97636215358777	4.41569344943498	3.51733520167535
15.218359	4.24885589113289	4.74163291674766	3.72756084671842
15.3057285	4.44617150369189	5.0500558524899	3.88689185090145
15.4587225	4.7503073085836	5.49773321807811	4.09913214703984
15.6383355	5.08922748235543	5.88510575677028	4.29201508756285
15.797259	5.3570679679057	6.0794444255411	4.41783756857334
15.904526	5.58999292795914	6.42384218143318	4.49080267553056
15.987196	5.79760928969606	6.72298535387333	4.45155528466055
16.1428295	6.22549054270733	7.24727555741867	4.54729054583647
16.3362905	6.90855584281871	8.0222119438133	5.69920025862271
16.4605345	7.34152427124948	8.71553254682112	6.27961721770507
16.5322335	7.54866412846503	9.23031931616954	6.51035409335088
16.626348	7.87174211919869	10.371578454373	6.81619852291381
16.7520905	8.1761554312781	10.9137882615185	7.04321532927952
16.8348465	8.1993353786606	10.1016469754257	7.12506071079732
16.917172	8.17462484759888	9.77579262887875	6.90328375508586
17.104064	7.97575176646774	9.18251774422642	5.98151806936172
17.31809	8.01729356862928	9.19224293295685	6.46276988662999
17.4488245	8.22561030294661	9.46575867217351	7.15208136171267
17.531644	8.4709116676383	10.0707882911466	7.3238754622484
17.6173015	8.66398633198149	10.3292784946215	7.41652728977381
17.6938755	8.71499781819475	10.266645424582	7.34317592436916
17.7713665	8.68908988450876	10.1680208236254	7.25267089135923
17.8551905	8.45507237569334	9.77118689300932	7.1445217599011
17.9367335	8.04099999192388	9.14330526931286	6.93492617773694
18.0273135	7.48829504265105	8.41094633530134	6.61149632071657
18.1314195	6.84037731088873	7.64650453967159	5.90177272859593
18.228414	6.2656210225889	7.15980072907338	5.25009204841585
18.3104075	5.82492761603535	6.93848865697377	4.49002717621638
18.426374	5.41565083010328	6.6715903175254	3.75846666927729
18.557058	5.41017930791995	6.40875676825257	3.86050515004061
18.639445	5.58354109386824	6.44442531474515	4.42223069026726
18.7241905	5.7078580097144	6.75708284487269	4.69699182197079
18.851038	5.73280050411768	7.05296790683377	4.89196759689359
18.959087	5.57259346155599	7.06961783224478	4.76212064215364
19.0142715	5.43905241128793	6.67101640414724	4.65356454405985
19.077243	5.29544923715909	6.42628266510252	4.29777487445043
19.213994	4.82746376215154	5.8459894485217	2.8631972802784
19.39577	3.98114386464747	5.05333994164794	1.00950101137515
19.5430455	3.11708973757154	4.34751653922905	0.0475828296326608
19.69046	2.11229129681814	3.82097317301599	0
19.9331435	0.987539836729666	3.85324998306777	0
20.252792	1.68135086371844	5.81108805573304	0
20.552983	5.38625681626269	10.479118262189	1.5175584654271
20.7547865	9.25146283104185	15.2877448242628	4.99192293956683
20.868468	11.3179717824098	17.5374555359023	6.82623467590732
20.943223	12.3741805844486	19.1727921752709	7.48318769847101
20.996166	12.8184656248766	19.5018905117836	7.74003491144459
21.0396035	13.3021854072582	20.0926647457285	8.05251288945533
21.103319	14.0815830913916	21.9154230073871	8.53350645251353
21.1870685	14.6847534679484	23.4272131875314	8.82457562221277
21.320898	15.1900594618312	24.2222679852764	9.29117214782916
21.505544	13.9065699268075	21.3372787094949	9.57952795331543
21.6848655	11.3020603878292	15.814556655443	7.12982389478605
21.9736515	7.76100301188982	12.3985281550913	1.63897209188095
22.310481	6.26744468023696	11.0006980767923	1.45815390579032
22.4652025	6.68269392118505	10.0806835792348	3.28385752826479
22.516278	6.73035359480746	9.73874441833263	3.58777794643534
22.581895	6.82944566007696	9.43694356332251	4.15525233943885
22.6605005	7.04403983020491	9.19934898164339	4.55340479677228
22.799136	7.48601057576373	9.08963040523506	5.28679260225477
23.061544	8.12198605178062	9.470474173104	6.15027052430214
23.3872345	8.27266950894301	9.57367140028654	6.76637005004673
23.6534755	7.92724036920411	8.94682911114798	7.10128379427894
23.882478	7.5039975551103	8.31006998246059	6.68336226815801
24.1126015	7.04175756486936	7.97181345559058	5.99512834991788
24.339404	6.76371849305292	7.7380474485365	5.27840757597929
24.5456835	6.75472918710255	7.6400045408162	5.18692596489616
24.687096	6.87201480936503	7.86351691781524	5.75009950810127
24.8258225	6.96429904565924	7.87634183991984	6.17246105902882
24.9869935	6.9592485995716	8.08833417777085	6.00875190561343
25.103903	6.85753417958101	8.4005127364455	5.77317819760074
25.179198	6.76138269823715	8.5066971583993	5.61653175547023
25.25208	6.65137111018349	8.65858907659415	5.46633074899994
25.3400415	6.49988632712926	8.3194514982016	5.26751992588775
25.4141675	6.33881230001136	8.12709578585506	5.10625721058878
25.5017775	6.16100042804839	8.07605052201282	4.91300121237517
25.63017	5.85789083760101	8.04805231739145	4.61473414492202
25.780127	5.37616611631755	8.02482176482273	4.18522422053762
26.2083915	3.33402957571045	4.44023760559115	1.65782441652667
