phys	rec.rate	upper	lower
0.294829	0	0	0
0.2980045	0	0	0
0.326712	1.21046117349658	1.7656538607751	0.477846898402203
0.382791	0	0	0
0.413344	0.00138724751931813	0.00191962038561122	0.000730378136821552
0.4388995	0	0	0
0.466191	1.5921015763631	2.1339661981452	0.951056420965852
0.4839045	0	0	0
0.5428545	25.8169199427878	33.2485778845496	17.486823452618
0.585881	0.00763677466316514	0.00961034467936409	0.00550163036916814
0.6826185	27.0750234512551	32.6035041197513	21.5586267722002
0.7853065	0	0	0
0.7970735	0.977133365733165	1.12638285454605	0.830631636987541
0.8165875	0	0	0
0.8304245	0.0134811896572622	0.0153408626557916	0.0116474351330787
0.960944	0	0	0
1.093958	0.337168830899828	0.386637162951178	0.308628713775617
1.1009435	0	0	0
1.106752	0	0	0
1.115922	0	0	0
1.1237825	0	0	0
1.123907	0	0	0
1.123929	0	0	0
1.123958	0.0548999653259809	0.0644194284446304	0.0498449179415606
1.140917	14.2120814371225	16.6495990240913	12.9586328195174
1.1578935	0	0	0
1.2638175	23.2763057910606	27.3792515062128	20.2688899478946
1.4200175	24.4339844720345	27.8688372917303	21.0196277609001
1.4785985	24.7320162587304	27.9196746443554	21.4598836891224
1.531406	20.9760642636165	23.496521737209	17.7943786031568
1.5759725	6.37582830577771	7.14668214573117	5.44749677255804
1.5810755	16.283694352444	18.2393550867469	13.9681455367927
1.589382	0	0	0
1.592761	0.0204996278757244	0.0230230830241022	0.0175136782028205
1.6007305	0	0	0
1.6325245	6421.05841471585	7403.44522923896	5359.87735056425
1.6565835	0	0	0
1.710801	0	0	0
1.8169395	14.6188226442383	17.8422879752207	11.5856876371863
1.8729325	1.30837598811404	1.59654680406583	1.04107362586094
1.884521	99.7177731102171	121.593157189353	79.7140995651418
1.9112635	0	0	0
1.930404	0	0	0
1.9308975	0.416599756479521	0.509506692585205	0.324019981573135
1.932525	0	0	0
1.933756	0	0	0
1.934205	0.513845725926791	0.631566545706705	0.401422783626053
1.963241	17.4525895266938	21.9741844909792	13.1444904445349
1.9957815	0	0	0
2.011553	50.1633249676371	62.3646887536404	37.5501379761751
2.0235625	0	0	0
2.030378	9.34327244573516	11.4228748584376	7.43236539007886
2.039187	0	0	0
2.0413995	1.10511283185475	1.35365580983527	0.905212560306741
2.0443585	0	0	0
2.0472105	0	0	0
2.0473285	25.6781628917416	31.4242230319464	21.3333037178571
2.0474465	0	0	0
2.05878	8.74274484166145	10.8075572255852	7.33350529449372
2.1351285	31.8427504521271	39.4274664226311	26.3165569688289
2.2002905	0.0258767057148693	0.0296683513005836	0.021634707838383
2.2019715	0	0	0
2.3731835	0	0	0
2.550852	0	0	0
2.562337	0.580176210236655	0.68038143926551	0.468884379143202
2.5880485	0	0	0
2.6102865	0.00205414164449167	0.00251127038902799	0.00164283904129227
2.6104445	0	0	0
2.694227	24.2860391450379	32.2341042330063	18.6613781113896
2.7878855	0	0	0
2.8008405	4.42483840608748	5.66573243543939	3.39012372715423
2.803791	0	0	0
2.808775	0	0	0
2.8173765	35.4380861481705	45.3957169214287	26.3170325020035
2.8282645	41.8417312541622	54.4188880102756	30.5168863561597
2.835525	0.0550252100640397	0.0721623783637492	0.0401924876791415
2.848016	0	0	0
2.8650065	3.14008277162804	4.36214543468856	2.26790053777306
2.8695345	0.136786869388699	0.191070822518158	0.0985827492491736
2.8718875	0	0	0
2.896659	17.6281004575365	24.5221483215292	12.3452953673679
2.9191055	0.0162765443998139	0.0218321878784553	0.0119357118393677
2.9244695	2.13865754272794	2.8570880658925	1.59502722982545
2.930623	0	0	0
2.9314325	0	0	0
2.9314595	0	0	0
2.931669	0	0	0
2.9319625	0	0	0
2.932097	0	0	0
2.9321435	0	0	0
2.938047	0	0	0
2.955114	7.07353868895896	9.50601080021985	5.44506857492399
2.9845985	0	0	0
3.002917	0	0	0
3.0029395	0	0	0
3.0542735	0	0	0
3.1056115	0	0	0
3.105634	0	0	0
3.130492	4.24107477714541	5.37116195627791	2.59221767974352
3.161094	0	0	0
3.176419	11.6362589956085	14.3321301573243	6.74410484160319
3.186078	0	0	0
3.2182665	17.7623158910102	21.7463487844638	10.5095083593465
3.342755	15.5456602290325	19.6574314684562	11.2488071004898
3.6041235	9.98506774253007	14.3300623521173	7.06330959592077
3.792493	1.76569443029257	2.52994256131497	0.237192394264523
3.8141105	0.306080110897659	0.436231627153634	0.0023031575230489
3.816381	0	0	0
3.8176335	0	0.00100212466995765	0
3.8233635	0	0	0
3.8278945	0	0	0
3.8295035	2.63072991346686	3.78107780546104	0.0372363396221877
3.83111	0	0	0
3.8311375	0.00131801925627977	0.00190759251419515	1.67886862001889e-05
3.8338065	0	0	0
3.83767	0	0.0135945948513059	0
3.8408135	0.311465154561322	0.470460390831765	0
3.842765	0.00442167020768964	0.00681629957439597	0
3.8427925	0	0.000297508437588959	0
3.842811	0	0.000314770745524237	0
3.8589905	0	1207.29041403251	0
3.887991	0	44.3623613975148	0
3.91573	0.455887183822339	0.857531121598512	0.0462029931050237
3.9306785	0	0	0
3.939219	0	0	0
3.961452	0	0	0
3.9753285	0	0	0
3.987713	0	0	0
4.004177	0	0	0
4.008816	0	0	0
4.015638	37.923761491707	56.6274902904067	21.167470195917
4.0221565	0.0688762785086651	0.0991284471089978	0.0409121692655822
4.022277	0	0	0
4.022302	0	0	0
4.022738	0.0492278632670236	0.0707889492281043	0.0292579820300704
4.0231895	0	0	0
4.02962	1.44856657501758	2.04416384791643	0.890796045504628
4.0403235	0	0	0
4.0450435	0.0337795885165433	0.04677427428654	0.0206482381341355
4.06033	0	0	0
4.127125	83.8004787837798	117.906384021156	47.1579533108529
4.17907	0.00812654472113852	0.0112225093734937	0.00511876600980696
4.1997105	2.94093577940753	4.01186217954859	1.9635508117009
4.2203445	0.00994599740121649	0.0145291785512669	0.00665265598684107
4.2387535	0	0	0
4.2658375	1038.17139780012	1589.54158281299	634.319132220345
4.2770885	0	0	0
4.2796765	0.00569554792020808	0.00888507006908718	0.00338652831467223
4.279773	0	0	0
4.2798555	0	0	0
4.282532	5.23735542374265	8.37865325238399	2.9958130126317
4.2852115	0	0	0
4.285323	0.00803203210221703	0.0132857982014232	0.00468675556176382
4.2890285	0	0	0
4.2926415	0	0	0
4.328365	440.29722668927	797.480182639317	164.504406273431
4.3641455	0	0	0
4.370658	0	0	0
4.381691	0	0	0
4.392482	457.20677261368	869.721495649781	20.6668506850371
4.418193	0	0.208976085789718	0
4.4412585	0	0	0
4.444938	0	0	0
4.445065	0.00252962184988674	0.00420068200666536	0.00034067625743938
4.4456485	0	0	0
4.4549595	2.15293939864702	3.74146400837969	0.39814656264409
4.46372	0	0	0
4.464612	0	0	0
4.4661025	0	0	0
4.4667305	0	0	0
4.466745	0	0	0
4.483619	0	0	0
4.500489	0	0	0
4.5005685	0.00991954316753524	0.0143842089167568	0.00567407588671241
4.500675	0.0654168634845826	0.0948615692357803	0.0374325463559032
4.503582	0.61170862784503	0.886019233555306	0.357401534095156
4.5395295	0	0	0
4.579804	2.62885278525004	4.05938032028453	1.85766750203624
4.5870375	0	0	0
4.587169	0	0	0
4.589209	0	0	0
4.5911535	0	0	0
4.591181	0	0	0
4.592031	0	0	0
4.592862	0	0	0
4.606859	1.17726371896931	1.75482146752771	0.821348057596321
4.6234675	0	0	0
4.627993	0	0	0
4.643114	0	0	0
4.6652955	0	0	0
4.6750335	0	0	0
4.6758245	0.00494721879230453	0.00695459203086512	0.0034398081647361
4.680972	0	0	0
4.694844	2.92628181710982	4.03586659567188	1.98243411194314
4.7200965	0	0	0
4.7367195	0.0371582309080376	0.0523224054309881	0.0239316526602599
4.736845	0	0	0
4.755198	0	0	0
4.791806	0	0	0
4.8148625	0	0	0
4.819761	0	0	0
4.820613	4.67688476932073	5.85464076270633	3.68127501206424
4.83634	7.96990527806633	9.87833077003952	6.37829677340096
4.8513605	0.0101488269542078	0.0125903803338549	0.00819308139513855
4.8514285	0	0	0
4.9033355	8.1720348396255	10.1659967448925	6.31867200145832
4.960416	12.9508915674795	16.9506408066054	9.40153703837055
5.053564	7.14244610560388	9.96492160871975	4.43649885219989
5.1415275	0	0	0
5.1416175	0	0	0
5.1417235	0	0	0
5.149555	0	0	0
5.159515	0	0	0
5.170833	0	0	0
5.2099965	0	0	0
5.24005	0	0	0
5.458223	7.49845884069498	9.81555836196955	4.03818242423546
5.7843295	14.2127135533533	17.2707160824501	11.2343080044971
5.930737	4.3137350245882	5.17049340889372	3.55974582361109
5.972242	0	0	0
6.0980145	0	0	0
6.2209895	2.63036954961762	3.13148178815475	2.29303938786652
6.256748	6.76202521218499	7.87244574595077	5.93540342237849
6.292269	0	0	0
6.297412	31.4513081117066	36.1760761687723	27.4944126285768
6.3061035	6.62105507514296	7.65734762835935	5.83130991565688
6.309699	0	0	0
6.309848	0.367983220076665	0.426671911756022	0.323873410963698
6.3169055	0	0	0
6.3305505	0	0	0
6.337353	0	0	0
6.3433055	14.1893268002343	17.0841814124263	12.4653562887078
6.3900555	28.4446148673538	35.8115403123113	25.07997877073
6.4342585	0	0	0
6.437704	0	0	0
6.440429	15.5668421599227	19.7424257432262	13.7778054571264
6.443697	3.2221466508176	4.06343286634561	2.85261745852915
6.451034	0	0	0
6.475405	27.2229989435088	33.478581358106	24.1182429229625
6.4938435	37.1181144203601	44.7691597132293	32.7472235692487
6.494609	0	0	0
6.4948025	0.237402804415776	0.28587595260947	0.208971490170877
6.497423	3376.36583123186	4032.82280487635	2985.4294563019
6.4998805	0	0	0
6.4999045	0.0165630127657531	0.0197752674210149	0.0146489730723094
6.512821	0	0	0
6.525857	0	0	0
6.531202	0	0	0
6.5441195	127.229437578553	146.357084904215	110.326126027408
6.5518465	0.0295758093565284	0.0340845259342412	0.0254780921679429
6.556221	0	0	0
6.567957	0	0	0
6.5754755	0.0921544571037332	0.106493853714383	0.0790820979858069
6.595714	13.0865750047353	14.9934435193633	11.3087037612629
6.664555	0	0	0
6.717088	2.11762064980132	2.37899728734281	1.82945308008074
6.7327635	0	0	0
6.746031	3.21785960042462	3.6867442237459	2.72104490914891
6.795878	37.8555443397174	43.1459668517385	31.3067446782565
6.8670415	19.4636147653355	21.8539434651144	16.3066677784168
6.8905565	0.578049569087981	0.647845448791257	0.489830128988609
6.8992155	0	0	0
6.90802	0	0	0
6.908975	0	0	0
6.911062	7.83425165701472	8.80139718134541	6.69310161611035
6.9195745	0	0	0
6.9260455	0	0	0
6.92626	0.487131096781295	0.543334896239393	0.420131334286658
6.926445	0.0593120258120478	0.0661568307354685	0.0511777248269922
6.926465	0	0	0
6.933016	0	0	0
6.980207	197.946340379653	223.822031148264	169.216152622159
7.074917	7.77337274010368	9.00831693495247	6.45799318240861
7.244995	0	0	0
7.363396	0.506719310301979	0.648862781257743	0.386083203149646
7.378939	5.66162317350478	7.50016070440776	4.07847182373494
7.3921035	0.132464725396023	0.17984957192178	0.0923454707964216
7.392121	0	0	0
7.394049	0	0	0
7.403717	70.717850449763	97.6734860643572	47.2775711775374
7.4207455	0	0	0
7.435188	3.78874502187272	5.48941378318086	2.37320811074797
7.457598	0	0	0
7.4780725	7.04560734838079	11.1760110179086	3.7595952603364
7.482484	0	0	0
7.483672	0.00324382772514231	0.00520081444866053	0.0016991611117931
7.483697	0.0196601644021829	0.0315226091482637	0.0102965241967941
7.48465	3.24597114803751	5.21519632734499	1.68068526941967
7.487299	0	0	0
7.4923145	0	0	0
7.4957175	0.103172097404763	0.169712885669594	0.0541638993893137
7.504018	0	0	0
7.51228	0	0	0
7.516201	1.30952449923466	2.1471630484615	0.67800826166288
7.520174	0	0	0
7.5247595	0	0	0
7.534404	0	0	0
7.545035	1.93788324069545	3.20645602116026	1.00021088940701
7.5506795	0	0	0
7.551759	0.0375502318247962	0.061693118832935	0.0195553979990542
8.039148	0	0	0
8.6012135	2.66281505223113	5.30255314158646	1.66593145802382
8.6767865	0	0	0
8.7444515	10.0717846085731	20.2104191565983	5.31688929470754
8.8122195	0	0	0
8.8279295	93.2583120286523	179.251886433591	40.6447500754307
8.8559655	0	0	0
8.868478	0.068069522652781	0.125913731515194	0.0276448651145719
8.8686345	0.05262886933264	0.0973340988013662	0.0213597432578459
8.868834	0	0	0
8.87471	52.4463775447408	96.5752251439622	21.0266741228725
8.892655	0	0	0
8.9149655	0	0	0
8.9252645	0	0	0
8.92545	0	0	0
8.926993	0.705103893111994	1.2348248514222	0.259381327978465
8.928535	0.86975011627964	1.52212416275555	0.319532594022742
8.928544	0.00038345694362578	0.000671057749241422	0.000140872932660833
8.9285625	0	0	0
8.928583	0	0	0
8.9298755	0.161147762792751	0.28104035587556	0.0590339513887844
8.9440055	11.7681656176846	19.9267917299819	4.2155014505286
8.959486	0	0	0
8.964411	7.41672340587529	12.2071347466283	2.52923110326986
8.9667955	0.0385768510041838	0.0631363159461695	0.0130830853423038
9.007104	0	0	0
9.0738805	8.80691550668881	14.9773872001279	2.36938940647812
9.1100505	0	0	0
9.1248205	0	0	0
9.1570975	2.64195653452413	6.05404991970765	0
9.186098	0	0.200831393220532	0
9.1880125	0.00136279197880957	0.00365810741324148	0
9.1884565	0.0562960724708083	0.151566547716575	0
9.191969	0	0.47820877581735	0
9.2192595	0	1512.70927060192	0
9.2435915	0	0.0378519401640648	0
9.2440565	0	40.9809920468523	0
9.2443955	0	0.000831911410336376	0
9.2480665	0	0.793256504503633	0
9.284294	0.367828032612809	5.15418909524315	0
9.3212775	0.0260133317928541	0.601946799286328	0
9.3262	0	2.18655354107385	0
9.326774	0.000847758993207176	0.0150949240803635	0
9.341213	201.730749811366	2351.29089010477	0
9.3599915	0	1.68130981089545	0
9.376187	291.559093345627	2055.32409305153	0
9.388074	4.65042812806878	28.0964991052265	0
9.41195	1433.71011736098	7246.3136613062	0
