phys	rec.rate	upper	lower
0.5245245	0	0	0
0.526021	0	0	0
0.526107	6.83287670786864	9.01360724593803	4.84752335723245
0.532629	0	0	0
0.54164	1.41833802985845	1.83476450014571	1.03504350841618
0.546365	0	0	0
0.6014245	6.7639815544429	8.27829551101353	5.34955100219697
0.694188	9.94772528765365	11.5714981864848	8.56572149809476
0.769707	4.30720263817443	4.89303149075469	3.85374203716505
0.83299	732.418165470183	814.469608708862	669.30670992403
0.876105	0	0	0
0.9071185	0	0	0
0.923146	0	0	0
0.9503115	4.24708995489784	4.64514555308896	3.77479695466403
0.9777115	1.101573307264	1.2114565593515	0.969054981501508
0.978433	0	0	0
0.9855165	11016.8354379266	12143.5108323272	9666.24169747655
0.994936	3.92542541233082	4.33690549146385	3.44300211754895
1.0049055	0	0	0
1.0942575	14.9090706654946	17.5723510495599	12.5107540142476
1.176016	20.228537373257	24.150372454418	18.0960069905717
1.176049	20.2270939794447	24.1511793839257	18.077298560528
1.2063515	21.5931361304171	25.3768282413327	18.9783755754988
1.2366645	22.5727432657482	26.3041258089052	19.6018921210755
1.2367075	22.5768853056944	26.3165679525169	19.6055690119777
1.2536115	23.3969868990457	26.8114492882038	20.4533234241675
1.397903	26.5312851464146	29.7870016556786	23.2893731812739
1.5494695	15.5959007873578	17.030062839774	13.7504479578488
1.5806355	25600.8282727653	29211.252643078	22376.5751823578
1.592992	10715.2074035995	12476.2491637719	8892.34412152745
1.598338	0	0	0
1.5983545	0.0266865439144679	0.0313486107733251	0.0224870911017276
1.6011675	4270.49515516511	5029.1249546179	3568.73523295165
1.6039835	0.0036355480950429	0.00428285848377748	0.00318274989431334
1.60447	0	0	0
1.620419	19.8677569526083	23.623611361202	17.0740631519583
1.6831445	18.0381657937384	21.3369676464882	13.6497913540034
1.733001	0	0	0
1.735711	0.0208147954353335	0.0239710285656859	0.015194487192194
1.738903	0	0	0
1.7420615	0.378504468677273	0.438342686934115	0.273820143293355
1.749162	4.26752082550645	4.97821261218033	3.15093204398049
1.7737775	0	0	0
1.7939115	0	0	0
1.8372385	8.10118875207853	9.611826764588	6.47629364685814
1.8781255	13.8389133053086	16.1089867748795	11.1769064842675
1.8782405	13.8369052362871	16.110122048571	11.1687904712527
1.878295	13.835070036996	16.1074918834941	11.1727178923947
1.9840525	12.3299714749584	14.4678886716468	10.1762128312763
2.0898525	10.9739006221311	12.6043438992132	8.5383538361185
2.0899555	0	0	0
2.0899725	3.99786288581346	4.58673740330848	3.1102595967552
2.1091645	3.03800220443133	3.45552104534596	2.47160304543348
2.1460275	0	0	0
2.166031	1.43970577949562	1.68480610222051	1.17414489339259
2.1744145	1.97787411501951	2.31496915241484	1.63285493951286
2.180918	0	0	0
2.212805	12.1132800113576	14.3670150703397	10.331263926521
2.244265	0.0440280101305307	0.0548783627007767	0.0337190253774733
2.244302	0	0	0
2.248344	5.68665292877401	7.17817036772782	4.3160033271284
2.252372	0.00105629381700887	0.00134448348846569	0.000791909024820643
2.2540395	6933.18198271916	8843.00003974681	5200.90306870548
2.3320725	12.277747840412	16.9581061673946	8.65367996962129
2.472663	15.9742872871881	20.4823964120748	11.8270272897046
2.5369025	18.8845983143101	22.3386656914626	15.4248467936334
2.536962	18.8875613363119	22.3408192973316	15.295214849816
2.560886	20.1414512633499	22.8499340637929	16.9639733691389
2.690797	25.3731544351144	29.8830428758317	21.4129320174774
2.827868	23.7504966370026	28.3445007830402	19.9065663438948
2.859232	0	0	0
2.859578	0.0786765642621865	0.0978242045871733	0.0659624666805325
2.8654025	4221.42709294764	5297.2958040307	3507.38547622609
2.873782	0	0	0
2.876401	48.5845120955323	61.5015005838174	40.1084291896157
2.9030945	22.6824126113637	27.9544584957799	18.9295657445794
2.932242	29.5142661204983	35.5757861371479	24.6680990453783
2.9502715	29.4685833142501	34.6409227475026	24.9202026854248
3.060991	15.2333904850148	17.4358898608196	13.1881880332764
3.1620235	0	0	0
3.1741355	0	0	0
3.180403	0.00143257674693752	0.00162481775790319	0.00129253153857012
3.1804215	0	0	0
3.180453	0.0244931762563324	0.0277850740618633	0.0221143402518947
3.1914015	5.8686733328383	6.72734559490944	5.18203366472067
3.2062415	6.85152796696253	7.7659602870532	6.00811136802484
3.2116385	961.063322822872	1090.50853343841	846.43124924328
3.2406045	0	0	0
3.281443	0	0	0
3.2948075	19.8401370460527	22.6755555692434	17.0413882070604
3.308844	21467.0099817958	24179.8003771766	18636.2805308896
3.3228895	15.9124516145905	18.123524843456	13.7220259693593
3.32294	0.0503576564969386	0.0573581404529521	0.0434199914780857
3.368097	9.06477269078142	10.4971883175407	7.58688407136081
3.4210895	18.5289729198457	21.6311790862442	14.7298708695926
3.440754	17.9768575596181	21.0008065966663	14.3417987163759
3.462587	17.4440578730235	20.4784999055472	13.5015407730534
3.472663	17.2405358406378	20.1444725583189	13.127459017655
3.5380165	15.823924055354	19.2975121659611	12.6296819357724
3.610714	15.0601292760282	18.5402323060607	11.7569868175183
3.6684055	14.4087326099651	18.2160990394554	11.1757899426885
3.718743	14.0083914029671	17.1831373867609	10.3541455453482
3.733962	13.731157463712	16.7042634312387	10.2211681668646
3.8372505	12.4345771492743	14.7810800283262	9.93825883908538
4.0637025	14.4461747288588	16.5304938166078	11.984631315194
4.20209	24.8482650102608	28.7698520195162	20.9873957522333
4.202141	0	0	0
4.205923	1.22947125377476	1.43805811419488	1.04135705212455
4.251787	0	0	0
4.294001	0.0444006805896848	0.0514121842785292	0.0402205194534062
4.2941305	0.0384018851408229	0.0442854056747041	0.0347973511497332
4.2941595	0.082929496707058	0.0948533937706813	0.0751615272344237
4.294173	0	0	0
4.300883	7647.56224525321	8752.39577688539	6876.33697496261
4.313006	12925.111918975	14805.7588533014	11607.6291637247
4.318433	57.0831354714655	65.0873708459556	51.3370050540977
4.3295885	0	0	0
4.343248	8.78070820791081	10.0187993035042	7.78838651758394
4.397394	14.8460631244777	16.9606044660169	12.9984725480094
4.449061	0	0	0
4.4525445	2646.27583604324	2998.17105238382	2354.85562781817
4.459573	5.01631155284647	5.704238183678	4.45430811874773
4.4754275	0	0	0
4.487712	0.0766560532901426	0.0865418040310879	0.0686487868789787
4.4915465	2.09224239165026	2.36213945126555	1.87914904012178
4.5232585	35.4973770908486	39.4953611846431	32.0564603591082
4.552392	0	0	0
4.558686	5.10856331589582	5.76686341698054	4.60503409664523
4.582319	21.3403525067316	24.2294609343392	19.1475836138065
4.6043265	0	0	0
4.778537	26.0709370076229	28.8030500101997	23.3254304590425
4.973288	27.0635273962455	30.653088720035	24.064842781969
4.9975305	0.972012608390387	1.15595248565672	0.83424505024394
5.0054455	0	0	0
5.0191705	11.2455686508574	13.4458392259899	9.02675334527707
5.0392345	25.1571734846218	30.4408515734323	19.5597856984277
5.0573015	18.3369385011897	22.2673452341808	13.9077524731153
5.0614	0.00384565182631089	0.00469711146783348	0.00289086180847657
5.062763	292.216814529915	357.043998009293	219.576936970749
5.07349	23576.1997525731	29153.7980544691	17734.9141051378
5.0828735	0	0	0
5.0919045	12.3846048294239	15.3835716859785	9.6111589436189
5.11641	12.3672832674777	15.2317503449153	9.86267276047339
5.1319675	0	0	0
5.132365	319.700169889157	383.06051515039	265.451438980111
5.1327155	0.0118080764597858	0.0141464533870493	0.00981804591901227
5.136263	0	0	0
5.139826	0	0	0
5.1399765	35.0627433097622	41.9653704644433	29.8542114466836
5.1400985	0.00517198185675027	0.0061888331972867	0.00439792097748524
5.1420165	4339.02640826782	5182.06377761913	3650.26148239014
5.145277	0	0	0
5.1517135	0	0	0
5.16529	13133.3785037062	15364.0765951015	11019.6135849123
5.1926935	0	0	0
5.2116145	30.7056198982055	36.1752132507837	25.027081313281
5.213937	2.25989796531197	2.66054381818537	1.83787860645515
5.2231775	6.10257516179442	7.20234052525487	4.91590635903328
5.265669	7.78370947815445	9.41374313875594	6.02869060437599
5.3029695	15.755260236758	19.2738695514473	11.6918341155826
5.336601	14.4921646566708	18.2243555761502	10.4376830110848
5.460582	11.5420486235591	16.4614000945014	4.77166866209507
5.583384	9.13908031885251	13.2675798579996	0.916248837150269
5.614113	0	0	0
5.619808	4783.39018037861	6859.11726103107	431.540140238668
5.648533	8.50000510833176	13.0927049898192	0.410504277184952
5.9038165	13.9097504721075	18.7213603479107	11.3407335402807
6.13616	0	0	0
6.13628	4.02567947405906	8.51173203698379	1.28482401805269
6.1504155	24.2430301120669	48.1838327316346	7.31511181861929
6.174567	5.43003090420616	9.29843525505888	1.61692656788001
6.1918415	0	0	0
6.21101	30.1978151343125	45.0294711319932	10.7242700056667
6.224011	1.66335076092121	2.42297148735443	0.637767160530815
6.2300115	4.84907887754669	7.05332869002026	1.9380354947206
6.2390395	0	0	0
6.2478225	4.34777619750924	6.47124814870017	1.29992967806579
6.252751	0	0	0
6.2581195	3.96382537088256	6.03712632265255	0.508955488253885
6.263394	267.470243109016	410.42849855384	30.6913198093698
6.263634	15.1319424429732	23.2960307549496	1.49120609856805
6.2679435	4328.71727383486	6887.34582750091	124.109859018126
6.273714	0	0.0179160718135864	0
6.2775395	0	0	0
6.280026	0	0	0
6.2802465	0	0	0
6.2804245	0.0718018189519624	0.118783543354955	0.0102539191913637
6.29808	7.45385576498845	13.671482932722	1.11375583945194
6.3155805	0.0103078154764612	0.0158935661619727	0.003261427022166
6.3157075	145.574734163994	224.614283783898	44.3863443347134
6.315842	55.8946144306442	85.9727234806328	14.5812330451943
6.3164875	0	0	0
6.3217345	12270.8397451892	20133.6108556526	2778.67752002324
6.329653	583.124396759051	945.813653348196	152.736305845506
6.3344315	0	0	0
6.335932	0	0	0
6.349423	6.98438288288834	11.7764615161493	2.02651271602846
6.3694085	19.5681372152054	32.1069389569264	6.96443896124949
6.385121	0	0	0
6.3943275	0	0	0
6.394474	0.196094644902228	0.282365198071644	0.12028014772839
6.3966675	380.829747729796	548.436742277928	219.936304187437
6.3991935	0.699798659749614	1.01548524314841	0.376842197395949
6.405645	12904.3645719867	18353.0534863008	7642.49131142161
6.41187	0	0	0
6.4121315	0.010231850101881	0.0141111451232888	0.00699496327829163
6.4121565	3.17401424190679	4.37643467617095	2.17043445721109
6.4182415	0	0	0
6.426966	0	0	0
6.433718	0	0	0
6.458281	65.7201438890762	90.6625573627921	46.8869926406532
6.479252	5.36165250903149	7.23278435747949	4.01743563198177
6.479871	0	0	0
6.4879795	5.1652871727188	6.58175294364785	3.85076617037721
6.499586	0	0	0
6.5033065	36.8070794656629	46.6972031152703	26.8328774717658
6.5034375	36.7645544992517	46.6777909678361	26.8203790391578
6.503459	36.7511036710268	46.6744855404267	26.8011206224266
6.503471	36.7435072251735	46.6726778115051	26.788959080461
6.527654	22.184322390677	30.7956153271528	13.5791054790735
6.5630025	2548.0532033445	4215.34880984748	1068.60551763434
6.5741765	0	0	0
6.574183	20.5024753928877	36.7911474030208	6.28482305823971
6.5741955	75.7990394830351	135.825966116398	23.2012829819577
6.574312	270.392969840847	481.249802946534	84.2521885311107
6.575013	133.040483731868	237.180361658774	39.430735956841
6.5757225	0	0	0
6.687903	5.24703043394167	8.08286548527678	2.79731006453408
6.8983515	24.9915737048667	82.8439678773957	0
6.998139	0	0	0
6.999547	0.000339029493195496	0.000745121158595356	3.17164930086951e-05
6.9995615	0	0	0
6.9995935	0	0	0
7.007278	0	0	0
7.0185135	5.57327949532756	12.008740510841	0.618096244479318
7.025832	0	0	0
7.0295915	0.0180845962311574	0.0386941767771554	0.00237112004647917
7.0354765	7.64643337508888	16.3590477410864	0.99140654113269
7.0413535	0	0	0
7.0414645	0	0	0
