phys	rec.rate	upper	lower
0.3385065	0	0	0
0.346289	0	0	0
0.3525485	0.0873376146514789	0.10861682114351	0.0559706753325812
0.357257	11.826185366391	14.6744066416445	7.64891761465842
0.3619615	8.35225100424143	10.3397218211575	5.43563335483897
0.4779855	10.7503647998889	12.552916552372	8.63971835001217
0.642099	14.5749421190185	15.8435314569473	13.32479527675
0.691448	0	0	0
0.708506	0	0	0
0.733871	15143.2296813942	17501.6308449641	13750.6953533122
0.747963	16.915958613931	19.8357734054966	15.3085121870066
0.768611	37.0995422905384	44.8522936232835	33.229530024446
0.7847385	0	0	0
0.7848485	0	0	0
0.788019	0	0	0
0.7919385	0.257911732588856	0.330754561097148	0.226330599164586
0.799287	1.0998689064076	1.4564877779967	0.949451433562666
0.8307555	0	0	0
0.8558175	0.022007881775649	0.0315728464289409	0.0175647269270624
0.8596965	4.83619686727011	6.92409599167083	3.84183816554207
0.867338	1.55654241439012	2.20022161411215	1.23414929532669
0.8727585	0	0	0
0.881215	0	0	0
0.888113	0.00546263479210864	0.00759060140559533	0.00424549119642528
0.891802	0	0	0
0.8971	0	0	0
0.9280505	0	0	0
0.957396	0.00169313288147295	0.00227051891695912	0.00121361573386233
0.957464	0	0	0
0.966708	0	0	0
1.0004755	0	0	0
1.035013	0	0	0
1.0450035	0	0	0
1.046705	0.387006519302741	0.501978830543061	0.236227285036258
1.0899325	5.94718128570789	8.56330282559223	3.39814823372715
1.152241	0	0	0
1.1730045	0.0155727746775599	0.0240179362557236	0.00501166806259831
1.1747635	0.613688320600371	0.93902454615007	0.197584549037059
1.182724	0	0	0
1.2132275	0	0	0
1.237528	0.00561552416732791	0.00804260145006401	0.00306584461818991
1.251857	2.13473050505542	2.78353065395228	1.42670595783476
1.266274	0	0	0
1.2664025	0	0	0
1.266444	0	0	0
1.266643	0.0946943371915908	0.115565604133059	0.0645907024861796
1.267627	0	0	0
1.2728945	0	0	0
1.2825475	1.57782386154633	1.97556771193816	1.14756709614164
1.3004745	0	0	0
1.313229	0	0	0
1.315159	0	0	0
1.3175025	0	0	0
1.3377255	2022.34776443277	2448.2688287704	1524.81447112445
1.357683	0.0537415600638468	0.065808402613533	0.0413786764189589
1.370924	15.5798638590405	19.1142618587483	12.2621675702345
1.3866465	1.30858504602766	1.61165688905895	1.02696723938919
1.4195835	0	0	0
1.489252	6.48336037430267	7.80697636913531	5.15663271162582
1.545978	4.7856031730776	5.62725303941666	4.03305480496113
1.5639395	0	0	0
1.564578	0.0342670180254079	0.0405051266721699	0.0294010836424677
1.564674	1.85692465814754	2.19519280980267	1.59331865701333
1.5931355	0	0	0
1.621828	0	0	0
1.642514	14.6273781838026	17.1407311713405	12.3390847274807
1.7142625	14.5920181072893	16.8213077454666	11.9049886608285
1.7656715	0	0	0
1.7658255	0	0	0
1.765933	0	0	0
1.786023	4.13795079985734	4.81275032818231	3.44266949204256
1.810506	0	0	0
1.817465	0.634295184569755	0.755608627135027	0.493508743917099
1.820849	0	0	0
1.839006	97.3739287056291	119.621275628292	74.1006312479392
1.8563765	0	0	0
1.8730365	4.94385176427135	6.25732213097911	3.59116852217317
1.918417	28307.2696932819	34782.5650174973	21450.821055112
1.9472795	0.0837897363824323	0.101672806779364	0.0634103594846227
1.947408	0.383186531749521	0.464524034845619	0.289949527264114
1.9597145	0	0	0
1.9720085	0.00447826716850892	0.00543473322299043	0.00343932177983286
1.9720295	0	0	0
1.972128	0.0257269193409999	0.0312406204469099	0.0197538106211101
1.972986	0	0	0
1.979294	11.2102340578103	13.8895818819153	8.85490812381149
1.99586	0	0	0
2.0081605	347.723676108755	445.021377036095	248.692702907161
2.0096385	0	0	0
2.011733	2.71580055048167	3.48213898325764	1.91564443737406
2.0322315	17.9262635466601	23.5146600691278	11.8144448170179
2.0600195	0	0	0
2.101959	25.0068334388098	32.5140406836567	16.8375782751545
2.136633	0	0	0
2.140969	0	0	0
2.251978	46.4167989723036	55.208108173119	38.2321672543091
2.3743675	25.159222945927	29.2431119383809	21.8865419880991
2.4019125	0	0	0
2.4161675	0	0	0
2.416691	2.96354031073636	3.50991441234191	2.51597489927349
2.416707	0	0	0
2.416835	0.440058164625095	0.520824563585409	0.373571320114191
2.4303415	49.1687475119265	58.5823566765815	40.6137027199591
2.444474	0.638150226786829	0.788511478261098	0.506482677301806
2.448202	0	0	0
2.4719975	0	0	0
2.5005815	0	0	0
2.513986	1.62900109828731	2.19384796951127	1.15358723285456
2.519628	0	0	0
2.5196885	25.3743045009081	34.7327308963792	17.7412050408122
2.542759	0	0	0
2.565849	0	0	0
2.5659265	0	0	0
2.565963	0	0	0
2.569915	4.87780728379051	7.07203505446935	2.49043279015252
2.586376	0	0	0
2.6018725	2.87874078656965	4.28223158159765	1.19001226382534
2.6232525	0	0	0
2.6487725	0	0	0
2.656261	0	0	0
2.660979	2.48900801861418	3.84470347902552	0.511155716231673
2.6655735	0.181312897404136	0.285675637867535	0.0313835982326591
2.670733	0	0	0
2.695491	0	0.846510138977915	0
2.7155475	0	0.0842083860079527	0
2.752264	0	105.593706360325	0
2.7927565	2.60228303928164	4.53810559192224	0
2.7968165	0.0260831887799204	0.0442056246437205	0
2.799391	2.19957396129482	3.64783781131257	0
2.805159	0	9.56324898147398	0
2.815802	2.03628320330238	3.1931344645064	0.100765240661551
2.834928	117.83289825546	178.727816509896	31.2507556076618
2.8626715	0	0	0
2.8806495	3.58011896908019	4.61950599858325	2.18078066557264
2.882904	0	0	0
2.88603	1.90489296009689	2.43781532628074	1.25497545462891
2.8915315	15.6021693002516	19.8703126475278	9.89305295191881
2.8943115	0	0	0
2.9004635	7.38759759630758	9.42185188451347	4.7132278815219
2.910683	646.399900562182	806.65450743442	480.112630246657
2.9149095	0	0	0
2.9149305	0	0	0
2.9150195	0	0	0
2.9151015	0.0099798542719824	0.0121887109844594	0.00765117701720145
2.9345695	20.7523947219476	25.7678587333456	15.5591707966623
2.9666435	12.7770070397194	16.4536839720168	9.49629360522518
2.996502	0	0	0
3.021975	20.3247668650674	27.1642743073783	15.1206230098355
3.032396	11.2678406851532	15.3433614802116	8.42182030923133
3.0357385	12.0257501575687	16.5077342802117	9.00282539795597
3.0375995	0.818221630533704	1.13148579334259	0.615997954848648
3.0748815	69.4275643541028	96.1037934812584	53.9111293945493
3.1155005	0	0	0
3.137197	0	0	0
3.154862	0.01602353710543	0.0197094786830719	0.0134173816261724
3.169257	0	0	0
3.1852425	0.740474120973128	0.902165314685451	0.625254195185437
3.294602	23.3174695083337	29.1174010790135	18.1315330814087
3.4395505	136.980492790866	171.356457045771	98.6598591305659
3.4822385	0	0	0
3.489316	1.28996858255177	1.56695085953118	0.96922806632379
3.495575	0	0	0
3.523765	0	0	0
3.547308	0	0	0
3.56709	4.64524310058687	5.49404440689619	3.85524112292101
3.5868575	0	0	0
3.6170005	20.2355580691971	24.0500848606747	16.4965196264952
3.7675365	16.1277117607503	19.5081896446896	12.3928440097849
3.887962	0	0	0
3.900182	0	0	0
3.9137255	1.74316232422925	2.0088627606169	1.38175902510139
3.932979	17.6640925491481	20.03992253507	14.1659737256045
3.9605705	5.13755729297103	5.78136303727544	4.22416485045519
3.994053	0	0	0
4.0178595	0	0	0
4.0178695	0	0	0
4.0397115	8.67017571350809	9.44104626622031	7.75279197715995
4.0943115	18.0936898376631	19.4656717575908	16.596786239945
4.489031	16.5294845834252	17.918033499939	14.6986396529358
4.8510835	11.8067292992927	12.5930090764281	10.8601435777669
4.8512045	0	0	0
4.9266225	14.1856382252685	14.9111282987446	13.2826323368938
5.002022	0	0	0
5.0020375	0	0	0
5.002053	0	0	0
5.013125	10.7808409471573	11.3615628841085	10.0221818738631
5.0242065	0.0823523995478537	0.0866640486849486	0.0770839397838522
5.025936	0	0	0
5.028551	0	0	0
5.0295605	0	0	0
5.0296825	0	0	0
5.029836	0	0	0
5.0323595	18.5258034648884	19.2452976188146	17.6347179706622
5.3877585	8.23069720216459	9.3051940294392	7.12585700465257
5.747743	0	0	0
5.8354795	99.18915031378	115.025288500729	81.1603950295951
5.921257	0.512011718621097	0.637814803792069	0.386315328401526
5.935405	14.8944443313333	18.4937048909121	11.0526447286465
6.0123885	6.58825398908168	8.45838224142054	4.6725272279521
6.080329	0	0	0
6.0816755	0	0	0
6.0836595	4.05074884961853	5.62541105048746	2.66895922043581
6.1032705	7.13480358390393	9.74831636731342	4.85638913196512
6.193159	7.5357266178645	9.70887730596109	5.31692579918564
6.4156675	9.3511320282552	11.6649426750428	7.00584774337654
6.5784125	1.69059256841909	1.97503634749036	1.3772148294876
6.607379	0	0	0
6.6252275	0.0195589600231149	0.0229721390442179	0.0163549290572588
6.6253625	0.00239273953135538	0.00281047278665711	0.00200106574097429
6.674768	0	0	0
6.7280385	0	0	0
6.732737	0	0	0
6.7335855	0.0133170259526845	0.0155508214927443	0.0110031865928661
6.743652	0	0	0
6.7537045	0	0	0
6.755473	0	0	0
6.7642155	0	0	0
6.773614	0	0	0
6.776114	0.0190917577965348	0.0224036096798381	0.0154608981996263
6.795809	45640.9847401799	54075.9142225125	35955.5654091543
6.848443	8.19501246711826	9.90708648036486	6.30277414825891
6.904367	7.92554939142813	9.41276095313911	6.41488611932614
6.927275	0.0409705859462523	0.0486828813678264	0.0328489415928446
6.9272835	0	0	0
6.927356	0	0	0
6.9274555	0	0	0
6.9334975	48.504304787705	58.3316560154922	39.1734745733918
6.9557645	3.64790979981084	4.5126006154535	2.92923327767698
6.9720385	0	0	0
6.9720655	0	0	0
6.974275	1060.09428630122	1309.60737975765	821.477959638066
6.9784195	0	0	0
6.982533	0.784708642533959	0.970210716011872	0.592244062390172
7.012733	0	0	0
7.0407665	0	0	0
7.040806	0	0	0
7.0500385	1433.61988029407	1764.93500476434	1074.89354651906
7.100642	0	0	0
7.142078	0	0	0
7.1444985	0	0	0
7.1468955	0	0	0
7.146993	0	0	0
7.147102	3.48757305378381	4.23331301832412	2.73625375332203
7.1471355	0	0	0
7.210894	8.71124638537347	10.0947867424534	6.67917510932611
7.3072575	9.10142167413245	10.2665728669356	7.57884775556884
7.3399175	0	0	0
7.400307	0	0	0
7.626403	20.3901451492849	23.8129303075513	17.9789479471091
7.7988085	10.8507767491765	12.1917507931701	9.6991745571603
7.805999	0	0	0
7.806635	0	0	0
7.8129405	24.6057496987667	27.8195548601492	20.9322414374307
7.8191535	0	0	0
7.819191	0	0	0
7.8281255	0	0	0
7.8374895	0.484478602998218	0.548079125262249	0.397679149004126
7.8381775	0.297784956354307	0.336508945930848	0.24420587567703
7.857872	26660.321287306	29883.1884013462	22954.5630372765
7.87735	0	0	0
8.1160075	21.4240423293706	23.7886634362131	19.0608593592578
8.357135	442.195201796109	531.198558751691	404.263946705089
8.3615985	0	0	0
8.3636035	0	0	0
8.3637605	1.16037393136776	1.40937110486973	1.05891560703578
8.385917	20.6799089682806	26.0457736258153	18.7217342150664
8.4328185	22.8242221517549	30.6829736178346	20.1744829996411
8.457695	22.9323873378569	33.1808081797765	19.9832918981632
8.467112	22.5372891189454	31.9398058891085	19.5903419019712
8.4766455	0	0	0
8.4767765	0	0	0
8.4794415	6.75739476782854	9.48141187413453	5.86462561227198
8.488245	1097.27922170848	1517.85727968698	955.33480150484
8.4945205	0	0	0
8.4986295	8.69353925481336	11.8154245340412	7.58186797627569
8.5493495	10.2995353161491	12.9230361656889	9.16100915466614
8.59795	0	0	0
8.599846	0.00884240597109918	0.0106536208767191	0.00790771908774318
8.5998895	0	0	0
8.60001	0	0	0
8.6483725	0	0	0
8.7229395	0	0	0
8.774528	4.39743705146598	5.0139670318876	3.80276333956045
8.79994	0	0	0
8.806218	16.4878303925632	19.2428747694219	13.6408841137292
8.817388	12.2544975060483	14.4310776890987	9.91529246677344
8.824184	34.7457789424391	41.1170120722909	27.6742414835256
8.825989	0	0	0
8.826868	7.83770304346879	9.29202992503594	6.20683014155554
8.847829	15.4209203997127	18.5573646945595	11.4780898480729
8.8902285	15.3338087252738	19.0672603645191	9.96975992414645
8.9125535	14.939980040971	18.9483003139803	9.008572961428
8.9256855	14.7043417564497	18.856259610611	8.39531547148856
8.9591325	11.9720665775449	15.7928916106466	5.87969543191948
8.9822285	68.5502086456249	92.221787186856	29.6873665908184
8.9858375	0	0	0
8.9867435	0.157063383539662	0.211894014384549	0.0661304184109275
8.987145	3.95155891090758	5.33182441320356	1.65955484276154
8.987692	5.39004453881506	7.26973048049362	2.27094584266023
8.9881235	0	0	0
8.988394	0.00503407896727795	0.00681127091312893	0.00211761871013195
9.025452	0	0	0
9.0632405	0	0	0
9.069386	0	0	0
