phys	rec.rate	upper	lower
0.1014215	15.9506497470214	16.8685807633355	15.069876971368
0.263166	15.227519825095	16.1221396317408	14.4278585846762
0.3914655	14.601041368679	15.427937844731	13.8673522531884
0.460603	14.2348272124872	15.0220290194045	13.4483790966483
0.50771	14.0020233475118	14.7364843397542	13.2475173301747
0.6498355	13.3239215311249	13.9543604344221	12.6266559884481
0.774608	12.7464434338405	13.2749084862909	12.067229802221
0.821368	12.5277367584539	13.0234745639681	11.8536404715756
0.843513	12.4260925179806	12.9139086630983	11.7631263526858
0.89715	3.06545797047176	3.17842706875718	2.9048184222013
0.995193	21.9446298993422	22.7006308457922	20.8028104025792
1.049006	3.14492287127113	3.24793692405775	2.97818016074571
1.1480695	10.7623878289325	11.1251697029602	10.1050213800789
1.26752	18.5705665447059	19.3786780647667	17.0950506363816
1.3131245	1.76476073427925	1.84942233666664	1.61080615745452
1.428329	7.97717835313139	8.48264340185271	7.23206094792482
1.5382095	0.937501543570556	1.01601128568001	0.83696886287601
1.6667285	9.24653980833415	10.2697786154266	8.21702861880599
1.894954	6.11560445490146	7.19850118446211	5.31481544241789
2.14836	12.2429052582059	15.1744401708396	10.1632814646257
2.3906	3.0070485285192	3.70389682607126	2.37099545513795
2.6318465	3.20065586860835	3.83756949530916	2.50466805343261
2.8465895	20.4871666336827	24.3734832591197	16.9741636839712
3.1251045	9.67236668024729	11.3201491947347	7.78707860943752
3.346763	0.364065046327421	0.435690749437133	0.259042797572673
3.5960095	5.62407774636225	6.84834324299289	4.1071794024011
3.8270325	0.014841650446337	0.0182845073974652	0.0118568820962004
3.8813	1.85166161199066	2.24262795581804	1.55756463184594
3.947396	0.0831953004215765	0.100782075075131	0.0686090176638792
3.9733785	0.101807452051218	0.124303170251485	0.0850338262994451
3.9899355	0.0026573189551747	0.00324343495316681	0.00221644725470457
3.9989085	0.00375367135243936	0.00451303259287418	0.00312807180470171
4.0047165	0.00153128196346285	0.00183279076374089	0.00127773773631164
4.0129175	4.65989238004004	5.48462261833111	3.90969936974813
4.021595	0.0118684802423199	0.0137479684059651	0.0100206881131117
4.0327735	0.0336221966412885	0.0381031370670398	0.0291514010749049
4.0429265	0.000511381980152268	0.000565442417179546	0.000445622591568209
4.0511365	0.469921073423833	0.511793820269886	0.416914759787532
4.08765	1.5375210771275	1.67091443161792	1.42182819264595
4.123409	0.406092355889286	0.445373978850395	0.368934275512098
4.151022	81.0635137380733	88.7738278524248	74.3879281489775
4.189021	0.269990814417091	0.297268350893372	0.246253371538702
4.2330945	1.46171232989378	1.59573827448642	1.34230091013174
4.2666895	0.131057407137622	0.140974403739077	0.120769280682052
4.279437	0.15012032115606	0.160986600584795	0.137530404719225
4.290082	0.162497265643511	0.173093189051766	0.150489316043792
4.295917	0.010798887524478	0.0114145467765787	0.0100577564074587
4.300601	0.0700629077525671	0.0739772433488865	0.0656299453727546
4.3049495	0.0351781741263579	0.0368736609679392	0.0329866508019769
4.3064255	0.0802717799643165	0.0842668897346411	0.0753243434041773
4.3100585	0.049721247854664	0.0520548866381447	0.0469916825192805
4.3141345	0.0546938420658682	0.0570952420627255	0.0518881375392908
4.317089	0.0570351536349938	0.0593078265271484	0.0542969678295508
4.3393875	11.4865216667834	11.9577454466573	10.9308998757024
4.3620345	0.116731621769137	0.120903737143903	0.112470899149026
4.365645	0.0564690481339791	0.0584928291095011	0.0544323060148772
4.3845995	4.66917505709424	4.82023537405847	4.51322099003391
4.454255	8.27141644054196	8.52497799460052	8.00092528774625
4.510097	0.881076546366408	0.910020579632967	0.854134805287902
4.5244545	0.253092546192929	0.26188711221564	0.245954951044295
4.5492165	0.319408721481116	0.330443653796299	0.311659440608675
4.563352	0.0395701721968506	0.0409932070839311	0.0386641275986239
4.5787	0.416473653562323	0.429397197721777	0.407848727899318
4.59694	0.298216042514561	0.307288175335107	0.292326765576384
4.6159015	0.334877189180947	0.344878147041796	0.327950311152966
4.7157685	2.57404595650982	2.63474412786502	2.51405124720532
4.8171485	0.588378891369395	0.610124451801109	0.568533671999516
4.846281	8.13234601153749	8.5342170697338	7.78936314928158
4.8667505	0.201908114004253	0.213906433389303	0.18983415679942
4.8900845	0.566856815933765	0.606920681887823	0.52253408266368
4.907355	0.134468691576713	0.145341600085293	0.122343986335189
4.910535	0.0293484439988755	0.031767130211181	0.0266558096091631
4.914853	0.101758721114233	0.110053119314147	0.0919933210327988
4.9320085	2.24906462058149	2.44646870474402	2.02622417893538
5.0450995	4.56857911503148	5.13711589127934	4.07228791084534
5.407103	6.98925027353409	9.4130023206389	5.59303240834039
6.1048105	11.9788740711906	24.2686227084038	7.17168875648363
6.6555585	1.73035158734982	4.53788102168663	0.698565664139489
7.2881095	3.901713791617	13.3454641057516	0
7.837534	0.10494046632873	0.45773503771457	0
8.236298	0.93496515854448	5.18393701946643	0
8.6443245	0.183623833261827	1.45900903896575	0
12.5877525	4.75779064447067	19.919140865644	0
17.1373815	1.17023409265977	3.86100351960723	0
18.5783805	2.74091177471738	8.40470551455629	0
19.5318405	0.178448306506254	0.555795429611327	0
23.012173	6.44909629980768	25.9446667423756	0
27.6626135	115.052393528079	865.009033996941	0
28.998044	0.0633380244967728	0.480685209529841	0
29.2923885	0.801237262990238	3.90411144767372	0
30.4710265	24.1803117334736	48.7313302679317	7.24158096910818
31.997283	71.1638648844855	87.5442438342965	60.0693468234806
32.684401	1.61292539079695	1.86720316098783	1.44177445132515
32.7861625	0.772467242556226	0.887008924323343	0.680957682573084
32.8880135	1.01614042218792	1.18028629935083	0.908609184060991
32.938894	0.0452629692476963	0.0519317123149178	0.0404069833627649
33.125294	0	0	0
33.364931	4.64382598762488	5.20817516135822	4.19328427027196
33.596748	146.241292550025	162.010846915924	132.996771862673
33.895782	0.51830804328674	0.573469330064473	0.473428125793201
34.124508	2.23232129457068	2.46559332511799	2.02636234617295
34.450914	864.081495139763	956.290929091075	746.707482442365
34.86854	18.7653408815294	20.5943268741283	16.4096905137157
35.102349	14.021343759822	15.1571289421419	12.6138797833534
35.18696	65.3748321386429	70.1301379118239	59.5017781444526
35.4159625	1967.8596848524	2125.63129417675	1818.52951984445
35.6983685	92.2267551062809	102.030801412519	84.4243408083372
35.8890865	0	0	0
35.98364	5.05300745607371	5.80419614222317	4.41874677768388
35.998023	0.144274015252736	0.165821689354586	0.125701945392055
36.056172	0	0	0
36.237839	0	0	0
36.3838385	0	0	0
36.4275375	0	0	0
36.474065	0	0	0
36.583034	0	0	0
36.7961075	0	0	0
37.13033	0	0	0
37.40181	1.18787578756543	1.33558608619183	1.04623071308236
37.6423645	0	0	0
37.881778	12.3877177698478	13.7865804670283	10.8443469359233
38.1321715	66.3964686119302	75.8864024826304	56.1696034971079
38.3760555	18.7225599095001	22.1842054863217	14.6510586728106
38.611165	41.5424811927095	51.4537963748914	31.9489105051857
38.964859	132.729953094193	165.970298154003	104.451676128709
39.143618	9.10634309187489	10.9833451295727	7.06824640515547
39.368671	245.182895415513	288.388096439102	203.92828775461
39.6159275	279.099642062603	312.176493133459	237.396150249527
39.802271	251.781680493268	274.575303824119	221.599349964923
40.063025	494.007575363112	533.240875170028	438.678781807482
40.3280405	467.851079772902	503.098353889541	419.583311264752
40.5306215	207.321065265155	226.00192501761	185.598556797554
40.735768	918.203177798464	990.599143193495	816.199379606317
40.933648	13.5078310015804	14.7623118121313	12.1948539980017
41.088782	553.70946352095	599.593235331163	503.464028176604
41.3516625	612.151957300373	653.517882079612	563.48428924812
41.507279	5.63990794350653	6.03502478101461	5.22209243798924
41.599446	11.8804070746795	12.5760772502593	11.1178248579084
41.743021	149.618565285058	157.553295377593	140.349212578773
41.834547	18.9193950327503	20.0468496237788	17.8942899866097
41.865134	1.49381541437608	1.58779677838916	1.4122095667366
41.937697	33.7651211126498	35.8270810626041	31.9882759115787
42.0492915	90.408403407325	95.7006572108085	85.839505354492
42.2499265	71.5912012175448	75.7835655456859	67.3231843706643
42.457742	3.91111119013515	4.13411030031683	3.64466529181497
42.5912565	7.56955834355334	8.02883915163469	7.04216981891378
42.720043	0.19525152000823	0.208372062167697	0.179110268545627
42.8824405	1.7989961042627	1.9593392726803	1.63163734693399
43.152187	0.159533050194512	0.175481791335012	0.14336042591529
43.3178575	0	0	0
43.4225445	0	0	0
43.7856355	0.160993008818066	0.171571358189954	0.1486919524005
44.1526575	1.66727489210297	1.75408401491835	1.56419697802279
44.2489925	0.0131495694463361	0.0139166247485338	0.0121502947801714
44.26634	0.146620595511823	0.155332107925249	0.135048874253067
44.401918	1.4485772661551	1.55087084089499	1.31046720607931
44.562553	0.524522449623831	0.572393554697354	0.46461617781525
44.6257115	0.861928514080886	0.948480220267672	0.756076228149209
44.751576	22.0352742911557	24.6386168698047	19.0317119526771
44.968884	9.32313873203731	10.7275157562152	7.7688860475414
45.1201005	0.883849182687441	1.03859274228683	0.719540384020754
45.2364815	1.17807137726289	1.40876437249381	0.940611671202169
45.3889945	0.488491855198404	0.597086810374782	0.377096407528296
45.5323225	11.1167721953156	13.8886936990883	8.33738118982711
45.635361	1.2611763169687	1.61124446625138	0.928724844349943
45.7240895	4.30444722382851	5.16577008418903	3.25973514950064
