phys	rec.rate	upper	lower
0.8976935	12.3455930211645	13.8128155477278	11.1296075150123
1.216155	0	0	0
1.3752135	11.7628349543171	14.0075702816244	10.4027454905433
1.5812235	12.5130202057837	14.7176732930407	10.9281774101519
1.6848645	2.646903998416	3.09471505083442	2.3017306994489
1.8845785	307.268337161695	354.091951693446	269.380751088269
2.047612	0	0	0
2.3708425	7.49562479309926	8.31290849426314	6.6736082591862
2.738979	10.8049595067001	11.8362594560371	9.70807108264975
2.92934	9.26671426172976	10.1287546688891	8.25045119673863
3.087233	0	0	0
3.194962	8.36339971205297	8.97459029037917	7.55909412847202
3.672778	9.47957674917154	10.0802834574897	8.7382131316845
4.506706	8.57478596745712	9.11462477908616	7.95920545535885
5.1222	8.04565688658559	8.76356521235318	7.5087089946824
5.386732	7.79889674378585	8.78475077212317	7.21356901923971
5.586383	7.5797612081188	8.67501023862028	6.94095123720163
5.720401	7.37739191314353	8.51192220725769	6.72752739358636
5.891452	7.12838880961144	8.12613620413637	6.38205959969781
6.034734	0	0	0
6.1057275	6.63599444616433	7.44323244152127	5.90319529705276
6.408908	5.59237924763024	6.31900133289788	4.88638919642691
6.659395	0	0	0
6.7137765	3.50077434636396	3.79488309578987	3.07571303067411
7.0234	4.25839318675287	4.85864288822512	3.62706793877157
7.3702845	3.50577914146734	4.2109798642074	2.52858766952618
7.706722	2.71522915966682	3.3768710315352	2.03710543427315
7.987765	0	0	0
8.41095	2.02996170484426	2.66272606139583	1.49360761210791
8.864517	6.50917054859211	7.60138657605855	5.29757508161777
8.93399	0	0	0
8.9591855	0.184483607474982	0.211302589312985	0.150622587630634
9.0238025	2.77866056347436	3.27781745011228	2.27591200679711
9.0836695	2.79792775506609	3.22877501144937	2.32742972071181
9.1469565	2.78350046455045	3.2286570143396	2.40646232610547
9.858606	2.56081879536238	3.26524868511427	2.04831082563469
10.865536	2.2758792275846	2.6828403290674	1.54939333113453
11.436483	2.27056117006485	2.66095000459601	1.33228529248423
11.655478	0	0	0
11.6837835	1.88081011368836	2.24133947483499	1.26729493618764
11.711701	0.0629391625728905	0.0748006138301414	0.0438815850098608
11.946211	0	0	0
12.8957605	2.01486691504476	2.57214362302363	1.5732314781535
13.6456575	0	0	0
13.7531725	3.07077533692491	3.79802059716989	2.39711060985396
13.8334235	4.39905484390629	5.48477970563382	3.38049351969365
14.1283625	4.88850245827706	6.49341092060111	3.33769446866923
14.666149	5.2498765974492	6.79533960171442	3.77859369165636
14.946923	0	0	0
15.0214245	3.61087140598034	4.74956810087058	2.6733777132864
15.0945445	7.30112920296657	9.42154932220075	5.4223677856317
15.3037935	7.97913557147241	9.94425085417353	6.03103187955934
15.667751	8.44149813305666	10.5903853814678	6.3297013052585
15.968341	8.31802727362183	11.489060802584	6.32995992782778
16.0961515	8.08440797212196	11.4749264769611	6.18448395577783
16.3252835	8.18280812466437	10.8991233646136	6.17125164576259
16.7078325	7.35218410421566	9.96894245951349	5.53590144073476
16.967015	6.3247212314053	7.98785948090149	4.47684103242069
17.347902	5.05765159475151	7.10335842449559	2.50329150412389
17.9189325	3.99440714871999	6.21269105511501	1.26166203658816
18.3583145	3.98891177574383	5.707580536185	2.0642644063333
18.794761	4.03599788411979	6.27730265747127	2.5107464218393
19.080871	3.75552165670243	6.10286892573873	2.52417383188945
19.159581	3.69322955551218	6.18455634845104	2.45508326192367
19.524448	1.37882166126258	2.14689262289618	0.897522866788267
19.8583245	0.622364251536051	0.877340249266757	0.402440440111485
19.9008635	0	0	0
19.9752455	0	0	0
20.3446	18.5649348061322	24.5872367460737	7.25487491815993
20.6461895	0.755212223353885	0.980081078368606	0.155490106122769
20.8005525	4.36534688865792	5.63898629688899	0.26356271495764
20.9732795	0.075048632134377	0.0962659731029758	0.0236928646556973
21.0259775	0	0	0
21.8551335	1.05023548938037	1.51281610754425	0.444743179061927
22.8976465	1.1808173135996	1.72031583979794	0.488143248162167
23.643168	1.132388035408	1.75816590526512	0.53145385087484
24.9286095	0.358266302517155	0.513895853713563	0.184757563455854
26.37551	0	0	0
27.1564915	0.770064394460075	1.07393691569444	0.240021287192682
27.3307075	0	0	0
27.4804175	0.141601237415087	0.200181989981252	0.0332968628645375
27.662539	0.681348272706375	0.970833795238999	0.127312877408963
27.7919805	0.586675485756967	0.843162319974605	0.0910224768789356
28.1609215	9.11090268698692	13.5719958638297	0.660839710876157
28.798684	0.586351232787545	0.95966367111615	0
29.2641415	1.18326306261386	2.09809252918895	0
29.493741	1.14252502566732	2.13230534880005	0
35.821333	0.260865981446592	0.533602776907187	0.119472752224602
42.365615	1.91014065824896	2.77135843872024	0.600920706266651
42.8125685	2.03382830974262	2.70662713148482	0.704503613174871
43.1344715	2.05174894427669	2.61547327632015	0.781285984674162
43.3038355	2.0490357625546	2.56277873960493	0.838525379989399
43.521408	2.01311664354224	2.48901967369106	0.917073527357592
44.1604625	1.9036283162313	2.26925423629144	1.03616919312121
44.810097	1.79091341619388	2.0830331157535	1.18083573293792
45.669885	1.62470519650878	1.99448341779126	1.11437258372798
46.314859	1.61774211744468	2.13278195568909	0.974653887940739
46.667694	1.0225979230207	1.49194092599828	0.563642011633245
47.159612	0	0	0
48.069697	1.72052435965314	2.36688680497835	1.1985370402581
48.859045	2.73794791940452	3.29701643807573	2.19841412317477
48.8946775	0	0	0
49.1197645	3.69780883231838	4.81708903306635	3.03597843257653
49.432275	4.3190117158155	5.61655208899861	3.66305409162795
49.5848215	4.52000031664446	5.69482530119927	3.90164115865281
49.7879355	4.76534191937399	5.66623666864504	4.19859930401251
49.9376605	2.49440071297071	2.86359416992077	2.23036166691451
49.949056	0	0	0
50.1232555	4.98876102035221	5.73391602604871	4.40550233685869
50.3635085	5.32560710031269	6.06136790923255	4.56363926894035
50.6092505	5.4749067323118	6.22648798917336	4.22037460633807
50.901844	5.68575563296476	6.33957383434347	4.78066289716766
51.109615	5.87824931105537	6.52178597114983	5.30265835341101
51.4817355	6.21454604923816	7.1894658699246	5.73105133944204
51.8249705	6.38098196892707	7.28509790480094	5.98781710387401
51.972358	6.44250016298381	7.35634384004894	6.07151568847531
52.210347	6.53435640559011	7.35898464394146	6.13362274527452
52.709106	6.72075933392868	7.71428260667975	6.13913496255383
53.223018	6.85555484071042	8.00611697181152	5.98967682800771
53.4956415	6.87115701776364	8.00257836960208	5.85309053115651
53.9337795	6.90773968435007	8.13098295771704	5.70052150860395
