phys	rec.rate	upper	lower
0.033642	0	0	0
0.033814	0.00226915894227993	0.00294494893988761	0.00157981560968034
0.033986	0	0	0
0.033986	0	0	0
0.034836	0.738287977389696	0.957421444710921	0.518292911019392
0.036043	0.630209145797511	0.816971975089774	0.442794364634871
0.0495085	0	0	0
0.066825	305.647349756268	392.286946140105	219.903307820788
0.0711875	2.27253674213242	2.91234970586055	1.63996701214574
0.074024	93.9761737486357	120.314758029863	67.9446635419171
0.083329	4.79311420647698	6.11598771511108	3.48717373907011
0.0901365	14.9869536547643	19.076219448434	10.9544130690516
0.1099515	26.6070967739423	33.6178856754755	19.7263807174818
0.146708	1183.65904355493	1473.98625387215	901.961158434352
0.164702	0	0	0
0.168444	0.568863828617733	0.70197641677152	0.443110143256928
0.1719535	9.42127505806729	11.6082647597774	7.35616421294683
0.173945	6.07610372354443	7.4801149926849	4.75071152601627
0.175301	0	0	0
0.1764485	5.90860361544054	7.26603930495013	4.62772885725652
0.190142	12.9624444809852	15.8463849242382	10.2528002268543
0.203103	0	0	0
0.2052725	0	0	0
0.2093445	1.32479989345814	1.60615342387722	1.06183766878737
0.2181835	6.06244959782567	7.3236889219283	4.88186092873436
0.2301915	41.21602569565	49.556927917608	33.3312957337705
0.250035	6.5403689651181	7.80917341636728	5.33459146176126
0.264392	0	0	0
0.264392	0	0	0
0.2647155	0	0	0
0.2651955	0.0934457518567883	0.111036404499358	0.0766610224674112
0.2664385	0	0	0
0.271209	0	0	0
0.2748945	0	0	0
0.2750245	0.0868298752580302	0.102941338779305	0.0714976240991573
0.2751545	0.0621752435105124	0.0737083238657509	0.0511998916474311
0.277802	28.5639548127522	33.8304399590467	23.5545355814426
0.280448	0	0	0
0.2804495	0.154933328510927	0.183326627012062	0.127875509655125
0.295731	137264.633421367	161577.408692281	114190.831294619
0.320675	49.4770385011219	57.7362578923465	41.6101768383845
0.330702	3284.75165214858	3820.81655012446	2772.65794422894
0.345204	12.59191228328	14.5841680798813	10.6854443715275
0.366845	10.6004777836116	12.2104585697896	9.08215053316323
0.3744215	2.80564007603536	3.22372210036786	2.41304827624612
0.375537	1.006659044984	1.15624071373473	0.866459326874452
0.3789085	4.20760292516996	4.82746653769848	3.63003443921737
0.381319	0	0	0
0.385488	1.22534647777354	1.40316552557216	1.06137658197365
0.389577	0	0	0
0.404757	56.7940672550843	64.6601585868893	49.6258372775833
0.419937	0	0	0
0.4427585	264.833081177372	298.097885708083	236.064708080308
0.465653	0.394849000915956	0.44198154016389	0.355460637381413
0.4660905	1.13646177153181	1.27198852533106	1.02324390750655
0.471128	10.613449353583	11.8637799774102	9.57675960541279
0.4857785	0	0	0
0.4994255	21.8563918613622	24.2505226702758	19.9620973894319
0.5035435	0.321936918146486	0.35679045185494	0.294532695538541
0.503992	NA	NA	NA
0.503992	0	0	0
0.5044295	1.18920111259454	1.31755552772271	1.08875966173406
0.5066795	1.78716864687477	1.97838786774395	1.63629273722062
0.5096805	0.625180541909955	0.691268894637457	0.573499392042243
0.5134245	0	0	0
0.5175735	0	0	0
0.5191685	0.000341226355323923	0.000375817965058878	0.000314916196285132
0.51917	NA	NA	NA
0.5220085	0	0	0
0.530937	4.43736056703829	4.86111833802055	4.11230625305894
0.5469505	19.5131787626762	21.2387940694399	18.1552436261515
0.564105	68088.5756660226	73682.9219378135	63833.7048175038
0.5720705	Inf	Inf	Inf
0.5905485	0	0	0
0.6171655	1.39499895081852	1.48957820511746	1.32189044154964
0.6523205	513.72093431191	543.821255234802	488.299514533545
0.692728	11.4661752292606	12.0827307509897	10.9029949709929
0.7160195	14.8842612061405	15.6734729078949	14.1281008033185
0.726528	0.736376139703743	0.775095789089353	0.698141997741435
0.7294195	1.57980418986847	1.66289364715624	1.49914076681455
0.7310625	0.129608154507403	0.136409468684166	0.122982440213573
0.7335555	21.044961000097	22.1417554300527	19.9634196857554
0.738344	0	0	0
0.748044	36.5158844566649	38.4270553166175	34.830540959065
0.7566445	7.48629598526735	7.87210685794989	7.14153639228305
0.770946	78.9461449031854	83.124653834811	75.2702429928914
0.787455	6.95982237428404	7.37544155586038	6.6227148682126
0.7909545	0.0169172805117522	0.0179526899150804	0.0160975281423922
0.8087845	20.047031294274	21.4261828038429	19.1500611125799
0.8358425	38.8738651170327	42.3585536163663	36.8716598913597
0.862253	169908.445215463	188976.136736015	159970.317662164
0.881523	1.74586984346871	1.96561447429875	1.62998208660524
0.8918795	13.3892204475004	15.1347200605182	12.4794413096638
0.9093585	8.05763798573106	9.16947293961203	7.45587772993177
0.924191	40.6282977398343	46.3672920719973	37.402936283581
0.9301445	0.608406103138388	0.694516121349114	0.559143290515262
0.935125	7.64809314750794	8.73000642553156	7.03484872529229
0.961602	59.429528599271	67.8807338249671	54.3712746420732
1.0170125	1565.08221744334	1776.4188006083	1402.46941149973
1.0524385	1.08250844106779	1.22696841965228	0.956551240270286
1.0760575	0	0	0
1.1169215	5.33089317308884	6.05099493337007	4.65266766147213
1.1360125	0.000978870515543072	0.00111219802081388	0.000851132877703526
1.1410965	0	0	0
1.146179	0	0	0
1.146179	0	0	0
1.146186	0.00808742625095462	0.00918446575331671	0.00703876377421046
1.146193	0	0	0
1.1478985	0	0	0
1.156129	Inf	Inf	Inf
1.1679095	Inf	Inf	Inf
1.182554	84.2766326702751	94.7804138238241	74.8103759149274
1.1938835	0	0	0
1.20156	6.52617231417158	7.31417972109953	5.78448310266976
1.221106	12.3881153293337	13.8287191156103	11.0254564796097
1.249943	0	0	0
1.275887	84.9393996344952	94.9271694489266	76.343260919777
1.29036	2.73188454974527	3.06632140321099	2.45254642293401
1.296043	2.12101208669097	2.37840404956853	1.89924384030367
1.3002215	2.81214891511453	3.15247440629614	2.51397711061368
1.304301	8.52506618549163	9.56287532636736	7.63525271875799
1.3124855	43.1877199023062	48.4776095811988	38.6428941716594
1.3284645	71.1802824550121	79.7123990054263	63.7808302653378
1.351257	10.6459233728088	11.8665059872738	9.51108246159433
1.3664045	0	0	0
1.3752875	0	0	0
1.381993	0	0	0
1.4179605	239.667205439526	265.146800585984	215.503598528643
1.4745505	43.605922902744	48.1693676482804	39.4207978632727
1.510055	Inf	Inf	Inf
1.5271625	0.852243818620386	0.938573149833443	0.768355089958226
1.5683185	25.3330186861168	27.7840099978865	22.9987130034561
1.6140495	5.9276406965889	6.47721483227851	5.37232852586038
1.635888	86.1066479219983	93.8992889569013	78.2749432605684
1.656526	1.53286817451128	1.67221361600208	1.39456679833562
1.6809505	15.3248033126504	16.7338476032048	14.0054343994004
1.7037655	0	0	0
1.7116825	1.7001606158278	1.85682830284743	1.55999101464054
1.730944	9.49449328509071	10.4114628899226	8.74211701591805
1.7555935	26.5097018015378	29.2817009627325	24.514727094021
1.7651395	0.13508383814945	0.149775644788296	0.125112542535654
1.7653725	0.00180952548697972	0.00200653140278252	0.00167620590863474
1.765374	0	0	0
1.7657655	2931.59654591878	3251.19600457885	2716.19767366479
1.784918	Inf	Inf	Inf
1.8060555	0	0	0
1.819197	4.53256807068522	5.08389952371627	4.20215636553632
1.8356985	3.19839083258771	3.59724531707972	2.96000942360038
1.8665845	107.17800218966	120.996015466565	98.8060009639153
1.8986555	6.28882025493764	7.12808460895456	5.76353601603924
1.9553875	79.6537964957597	90.3402739889249	72.4426577186409
2.028311	7.70471296491896	8.72785215983413	6.95785192771747
2.0588015	8.58156184248993	9.71926296201273	7.73646170267061
2.0739725	1.23390846293656	1.39369126663846	1.11141513845001
2.1027015	6.86292833895284	7.73970511491776	6.19252907120261
2.1334505	9.64254935082656	10.8363358762956	8.72325417184363
2.1466495	3.08831932264613	3.47936384310033	2.79283216024545
2.150101	0.00816654011612915	0.00920788647389381	0.00739183527878965
2.152658	0	0	0
2.1643575	6.49415385484652	7.34772680077401	5.87867443202144
2.181013	14.8377465958449	16.8492365234703	13.4177638776417
2.18846	0	0	0
2.192275	10.1506778758664	11.5745284140126	9.15763299581758
2.196858	0.548776074445774	0.626233432144535	0.494815485253868
2.1988415	1.07055107743906	1.22174253365977	0.96499737651952
2.2482	63.7617042659602	72.5899171081179	57.5141400680682
2.2994265	14.2237325197905	16.2331730489335	12.6329417933157
2.3052805	0	0	0
2.3218685	0.939797194577712	1.07656821534166	0.827679736043954
2.341672	Inf	Inf	Inf
2.347658	0	0	0
2.347658	0	0	0
2.354412	12.5426989503963	14.3846722490043	10.8870136417651
2.3762395	5.41774644158733	6.23812533905604	4.69444851987159
2.3933045	0.755478689875795	0.876886852482008	0.651141376724179
2.433904	11.5974932191799	13.3934439022434	9.88602114241756
2.4725135	0.00321752278444321	0.00383285485369922	0.00270040203707752
2.488733	1.74952702427293	2.09284797217135	1.45723509890064
2.504951	0	0	0
2.504951	0	0	0
2.506314	2.58128405584632	3.13833877041333	2.13276248465384
2.508455	0.200284514716384	0.243258112564151	0.165189940839049
2.5249245	10.4453714737904	12.552872761877	8.52998139165283
2.546498	0	0	0
2.56564	0	0	0
2.5789	0	0	0
2.614477	85.2840503720373	105.353306680859	64.132066572218
2.6541605	0.347083524392836	0.463659185438023	0.247309373769726
2.6622175	Inf	Inf	Inf
2.6682295	0.100858540362061	0.137612198501606	0.0705453824235222
2.677613	0.0813153311776234	0.111737754987885	0.056241813939907
2.6915445	0	0	0
2.722594	14.9597879765412	21.0509649786756	9.85647953366542
2.7492655	1.31480775376715	1.97816628636259	0.829031319368082
2.759368	8.60159490153676	13.068024398071	5.30291901316669
2.792768	7.00814059018582	10.8415770472625	4.08097387314902
2.835778	0.971903635694605	1.65608930746517	0.503316445213299
2.861948	6.10239439703555	11.2121360056871	2.88164296146655
2.878174	1.40638923540083	2.6684782876771	0.61834803103368
2.9225125	1.75194001115866	3.47734942597948	0.59511029091638
2.98115	1.16772251835864	2.85698791668673	0.108212887541171
3.003023	0.00360293236279102	0.00979584747882771	0
3.045196	3.83316617387337	10.6448190579198	0
3.1016065	0.201644845073764	0.733349436093497	0
3.122464	0.141868313057229	0.555390619064224	0
3.13906	116.667898419299	496.395974848524	0
3.180072	0.252527564428385	1.19239625312719	0
3.2133875	0.0472310864529962	0.285156473465694	0
3.2207165	0.0840172046378984	0.529440174561925	0
3.2291275	0.0266903426623301	0.179502617558672	0
3.2355775	0.149828153071412	1.06831167853316	0
3.3234215	2.22825852180984	27.616977048318	0
3.4212445	0.240660976067468	5.52650438746018	0
3.434275	0	0	0
3.447644	0.0698569415988741	1.42119343899332	0
3.4621785	NA	Inf	0
3.4655745	0.0122202730422502	0.236199792665197	0
3.4678065	9.25381496492545e-05	0.00183880366990846	0
3.4810595	0.317197305493051	8.23320652892044	0
3.516878	100.023833722376	18884.1398904647	0
3.557073	0	1.55123535317752	0
3.5972635	0	1.07418418369591	0
3.63498	0	0.862849817350763	0
3.6593805	0	0.251885778732428	0
3.6702525	0.0122613114112826	0.125474849737295	0
3.6888655	0	0.619236630881665	0
3.7426525	4.08043061479452	25.2047120121321	0
3.790258	0	0.421512922136732	0
3.8158025	0	0.0441393099178637	0
3.864784	0.451556878093067	1.99120124814641	0
3.947905	0.941836930682344	4.43423424663717	0
4.0163445	0.385970050120807	2.74161520109289	0
4.042697	0.102430942710014	0.968204516732386	0
4.054476	0.116568898847583	1.27805214448022	0
4.0642325	0.0268097544330189	0.329374149432587	0
4.0825605	0.179676624560055	2.63553764497157	0
4.099772	0.0371500160345894	0.671138779346101	0
4.1099885	0.0444839794856979	0.878985260083948	0
4.123227	0.0145109962817193	0.309348737975433	0
4.13997	0.00861869102246337	0.184480163117794	0
4.166822	0.0221259035987546	0.428875953779421	0
4.2131225	0.109017438789833	1.69071941337408	0
4.2652765	0.131519030552633	1.70741579692059	0
4.3900335	0	0.0967165088990567	0
4.535559	0	0.691755583772695	0
4.5806215	0	3.5960280660996	0
4.602024	0	2.31620327020144	0
4.6272975	0	0.171181703414527	0
4.6331395	0	0.113754412818168	0
4.6788185	0	0.55586850977443	0
4.827028	0	0.264841546641199	0
4.9466005	0.0121138223789213	0.0226657842772174	0
4.966993	0	0.0120736012293919	0
4.9783785	0	0	0
4.987728	0	0	0
5.010302	0	0	0
5.033033	0	0	0
5.039724	0	0	0
5.0538815	0	0	0
5.080312	0	0	0
5.0974925	0	0	0
5.0987775	0	0	0
5.1021585	0	0	0
5.122067	0	0	0
5.1398795	5.88704317896215e-06	8.09156486242344e-06	2.51068788590579e-06
5.1439925	0	0	0
5.149643	0	0	0
5.1530185	0	0	0
5.1550275	0	0	0
5.1734185	0	0	0
5.2256565	0.212345528619761	0.275517519046947	0.123996465914511
5.2727785	0	0	0
5.2887255	0	0	0
5.3063075	0.23194569252753	0.296503068108931	0.166007487708016
5.322007	0.000185454095703134	0.000237574007425867	0.0001381158948375
5.3276535	0	0	0
5.3340415	0.175159962935666	0.223273929948189	0.133438812300878
5.3402915	1.28445569882576	1.63246681354583	0.979531598982757
5.3448395	0.000158667692982018	0.000201388521470634	0.000122194215243373
5.347193	753.915521370951	957.107606531199	580.893771036876
5.3561985	1.35914653109867	1.73218564254632	1.05641635201539
5.364622	0.127715776639028	0.162581861743583	0.100150533281809
5.3679905	0.433546426336825	0.552688918667349	0.338933726822998
5.3816985	3.63734475420113	4.65100275123451	2.85741624452101
5.3948035	0.039453032537373	0.050352887424802	0.031181007977287
5.4131505	8.3606344602771	10.6986261210057	6.61861997216984
5.4333565	0.0787737129666918	0.101228699220065	0.0617461785419315
5.4400935	0.651154908648117	0.836355531644787	0.511354332346494
5.4648575	2.57525367055689	3.30670066407789	2.02675269644803
5.4905305	0.109753457365742	0.140887894973366	0.0856410332044332
5.506105	1.07697546698927	1.38307806747373	0.83975307380528
5.5551055	1.70245026844483	2.17442437120572	1.31291936946542
5.660644	0.84345951284104	1.08944624126174	0.640773402904181
5.7411235	0.0922471100697503	0.121277273797084	0.0684482863904808
5.755537	0.0448541096483996	0.0592211825701641	0.0328823180622461
5.7637375	2.59996346074187	3.44161656181958	1.90324483714154
6.050766	17.1548157445815	22.3339188328492	11.82527132454
6.341918	0.0119087645182959	0.0153691564212442	0.00826372021383394
6.3543445	0	0	0
6.3687325	0	0	0
6.391446	0	0	0
6.4510695	0.169517899589203	0.223480747632573	0.102537954659454
6.508405	0.0966644595486055	0.131969274539987	0.0509059903048867
6.5184055	0	0	0
6.528016	0	0	0
6.5379815	0	0	0
6.559502	0.139762212952602	0.197813173633735	0.0616935305236136
6.5830335	0.222001058089752	0.321405217428389	0.0859623869830183
6.599809	0.0152564444756508	0.0224990013060254	0.00554743191847646
6.613285	0	0	0
6.616227	0	0	0
6.6174985	0	0	0
6.6288905	0	0	0
6.6402825	0	0	0
6.6434175	0	0	0
6.6576035	0	0	0
6.670136	0	0	0
6.7020495	0	0	0
6.747682	0	0.00815357241507141	0
6.780848	0	202.843082697965	0
6.810064	0	0.0307437662801187	0
6.86017	0	1382.12666641199	0
6.8995815	0	0.0281152201220383	0
6.908916	0	0.3518747525745	0
7.079324	0.00919434956204208	0.0883287273932065	0
7.253895	5.12775102741581e-05	0.000924217988763023	0
7.276627	0	0.000753178887956489	0
7.288423	0.00702449876762863	0.107366567850101	0
7.317705	0.0249229748958036	0.302584619632802	0
7.34629	0	0.00335186987993718	0
7.3543485	0	0.0797816323024033	0
7.3709835	0.018156915772216	0.16626864337553	0
7.3876645	0	0.033905096761412	0
7.3954935	0	0.0124012459310888	0
7.413636	0	1.19803000457371	0
7.444907	0	0.0528085483332431	0
7.4606455	0	0.00306986684109399	0
7.4683585	0.0137567039707347	0.0659090745841087	0
7.486035	0.0550874278359249	0.244433409980861	0
7.5038365	0.129922440187004	0.532033261505011	0
7.514116	0	0.00839964808344168	0
7.527572	0	0.036741273552171	0
7.5388155	0.00772729449628866	0.0275139141146057	0
7.5418415	0	0.0058713919074518	0
7.5484045	0	0.222156532611415	0
7.567763	0	0.112909778839585	0
7.6168045	0	0.00866321266584642	0
7.6749235	0.471795849691548	1.15679920795938	0
7.73065	3.94957714048529	9.64513607721422	0
7.794425	0.31031465445696	0.786005489871049	0
7.8261555	0.065085927968683	0.179549314467192	0
7.8336695	0.014265815695819	0.0397099796873961	0
7.841188	0.00114546834316721	0.00322952768531486	0
7.8451235	0.00909633069945356	0.0256752014104808	0
7.85526	0.0120587800478288	0.0339602422553386	0
7.8704035	0	0.00165342360559682	0
7.8817445	0	0.00359763095085092	0
7.8960345	0.0599435848998415	0.169924815063402	0
7.9193725	0.236137613588289	0.661228331216501	0
7.940636	0	0.00951377629953886	0
7.952774	0	0.00689344433774456	0
7.973835	0.345275539800554	0.931216315295475	0
8.000611	0	0.013807984453448	0
8.042443	0	0.108056527355664	0
8.0784525	0	0.00313177827465917	0
8.102996	0.309487241527789	0.951613676637894	0
8.1343535	0	0.0170011903949168	0
8.1521175	0	0.0390500765884814	0
8.1673525	0	0.0181437273044841	0
8.1789355	0.0270503935720554	0.110383312362117	0
8.1967765	0.047007566811089	0.203708506288093	0
8.2146305	0	0.0107417075684982	0
8.222168	0	0.0396989334485208	0
8.252446	0	0.523480949310352	0
8.2877735	0	0.0150874194591787	0
8.3098495	0.0195122056847781	0.163924272796768	0
8.329037	0	0.00312241538078567	0
8.3398875	0.0163556507906057	0.217266112845969	0
8.4043505	0	0.36119945058429	0
8.471882	0	0.0931554042954228	0
8.4876335	0	0.0571865360568367	0
8.5083445	0	0.0154748227609	0
8.524485	0	0.0277534973426352	0
8.572667	0	0.465525531468284	0
8.6243075	0.0011419078280574	0.00264776360933783	0
8.6336935	0	0.0203867352042563	0
8.6388115	0	0.00421843252915725	0
8.653546	0	0.114123975285836	0
8.6666365	0	4.93226173585213e-06	0
8.6763695	0	0.00532218371321378	0
8.689529	0	0.0262482840998829	0
8.7107775	0	0.00991925896064488	0
8.73056	0	0.00105600952445099	0
8.768973	0	0	0
8.811994	0	0	0
8.8215135	0	0	0
8.836713	0	0	0
8.8547275	0	0	0
8.88087	0.0158654304227958	0.0260082104783651	0.00534941113768909
8.9024555	0	0	0
8.914491	0	0	0
8.9274195	0.0198849161724911	0.031357909641317	0.00845102048617791
8.9396315	0.037499590526453	0.0584634773828631	0.0167369727366341
8.976734	0	0	0
9.010155	0.0307320010394779	0.046033718738829	0.0159657438611632
9.022536	0.163740547470641	0.245479920468302	0.0877593261175861
9.0393425	0.0802531075519275	0.119676776720767	0.0431603585149843
9.0622345	0	0	0
9.0852615	0.0879888328589922	0.128822474528538	0.0482771373072183
9.1074125	0.191646572507979	0.27969086470047	0.108383920902191
9.147033	0.195296991082584	0.282492892716018	0.111410858316671
9.176854	0	0	0
9.192733	0.200611282775104	0.286261236636603	0.115983284175386
9.2181625	0.227692858511919	0.322712552138142	0.134949495571672
9.2290755	0	0	0
9.2961685	0.252722135816639	0.351920696736036	0.15266156616276
9.383046	0.184333694334676	0.253093503192465	0.120101706933824
9.408794	0	0	0
9.418813	0	0	0
9.437154	0.00318455663643148	0.00433481736837937	0.00210399086062336
9.4537365	0	0	0
9.462268	0	0	0
9.4759035	0	0	0
9.4853835	0.0355454576697419	0.0477111167624814	0.023875752114691
9.488477	0	0	0
9.4894945	0	0	0
9.5010815	0.347230474802305	0.461653680470063	0.236736785219261
9.514718	0	0	0
9.5460295	0.842777239123593	1.08470155177668	0.590169053532218
9.82858	48.3219067015008	59.8903689983383	36.0830199949693
10.118075	0	0	0
10.1951955	0	0	0
10.2386785	0.000324329851706195	0.000451923896350618	0.000220719102097079
10.2423425	0	0	0
10.2481375	0	0	0
10.2560955	0	0	0
10.2606895	0	0	0
10.2688005	0	0	0
10.2755785	Inf	Inf	Inf
10.2784485	Inf	Inf	Inf
10.2920885	0	0	0
10.30286	0	0	0
10.30286	0	0	0
10.306575	0	0	0
10.3184315	0	0	0
10.3362335	0	0	0
10.360895	0	0	0
10.3820975	0	0	0
10.394233	0	0	0
10.42476	0	0	0
10.452421	0	0	0
10.4588835	0.0048845552516842	0.00728687255609849	0.00270866549617012
10.481017	0	0	0
10.500618	0.0339214497616085	0.0519764019040968	0.0176411083662348
10.5374465	0.440513921486037	0.689092744531338	0.2104397980129
10.5757155	0	0	0
10.5795835	0.00856835571893188	0.013673518564087	0.00356494210749008
10.5815735	0	0	0
10.602035	0	0	0
10.6259745	0.0278271472799107	0.0461822084377407	0.00904814065805798
10.6360795	0	0	0
10.645855	0	0	0
10.6582425	0.048368874988779	0.0835568112934706	0.0123869403491945
10.677402	0	0	0
10.7149105	0.340652397900927	0.607446060588369	0.0304335655876323
10.747751	0.076452188081937	0.143786228879431	0.00118484324782471
10.758962	0.0192618396145585	0.0370865522790427	0
10.764496	NA	NA	NA
10.773431	0	0.0268603129236927	0
10.7861345	0	0.0163423195807462	0
10.789903	0	0	0
10.795764	0	0.035202245002361	0
10.8220565	0	0.183925301879002	0
10.851646	0	0.308845539166432	0
10.869695	0	0.0301812180788329	0
10.8843595	0	0.141066551443895	0
10.8933605	0	0.0170372080770243	0
10.922864	0	0.122906461147973	0
10.957695	0	0.392299517432196	0
10.9768145	0	0.293456151279445	0
10.9912255	0	0.0736579920654852	0
11.0192275	0.0272349854628829	0.496281685647796	0
11.0454525	0.00201024122281714	0.0213777734628185	0
11.053087	0.0133954417221423	0.123308964655332	0
11.0639575	0	0.0030851211304828	0
11.1153325	0.157500843488116	0.868732847188336	0
11.1750305	0.185256409011835	1.06587317920467	0
11.2014015	0.0173318811463205	0.108600226891821	0
11.2141455	1.43311222059212e-05	9.70584632220511e-05	0
11.2209065	0.0730582123675072	0.492919071667135	0
11.2371485	0.29536071317361	2.03427896022508	0
11.2505025	0.0421023411552521	0.289068466738497	0
11.265646	0.308491588743591	2.01937123054911	0
11.278689	0.00784065511319457	0.0498920978152062	0
11.2847175	0.0564820931961102	0.349454789342086	0
11.290452	0.00823739486932307	0.0494778105526609	0
11.296144	0.0344214596459805	0.197156969136213	0
11.3051005	187.034537483881	1002.40222309051	0
11.3446875	0.199197814804846	0.879187009708301	0
11.383215	0.0206584289153712	0.0877279423154701	0
11.4002185	0	0.0107503913971397	0
11.4314175	0.115857182320616	0.521323085165071	0
11.4570865	0.041475748643998	0.211444703061345	0
11.469457	0.0493457709117155	0.270157377847099	0
11.47649	0.00578153449778901	0.0329428366015186	0
11.488251	0.162898915784865	0.978280209192194	0
11.501921	0.00914419727698134	0.0604602281756225	0
11.52889	0.18758750615319	1.53585765143914	0
11.554495	0.00697156877839249	0.0896337738323426	0
11.581456	0.0474050979873135	2.41390863845914	0
11.6109135	0	0.275866823132202	0
11.628446	0.00187242594306126	0.018059392367061	0
11.6515705	0	0.066107101036238	0
11.6977595	0	0.764420227219517	0
11.733474	0	0.0017422895692633	0
11.734087	0	0	0
11.7343395	NA	Inf	0
11.734592	0	0	0
11.734592	NA	NA	NA
11.73556	0	0.152925461930848	0
11.7719105	0.0748835705663344	0.189564714198302	0
11.8140345	0.14692088551206	0.327175456246127	0
11.853879	0.80454422582904	1.56106498555341	0.14484643696357
11.8942445	0.516632689600382	0.900042486932329	0.148937351817746
11.9114425	0	0	0
11.932	0.254360005712885	0.409071719162102	0.090773227660396
11.9447175	0.0156722769444587	0.024830977436456	0.00605832845549001
11.9490265	0	0	0
11.963773	0	0	0
11.990928	0.0912467502974204	0.135194510078719	0.0412111992173022
12.017817	0	0	0
12.033431	0.0703046151751023	0.10047231304632	0.0377071141444443
12.0435775	1.48290809146958	2.12039862648471	0.829183353364889
12.06263	0.581416645909544	0.820270926206075	0.329467797236771
12.1102345	2.95463040104128	4.04263669900726	1.7970446340468
12.158088	0.226262558208437	0.299298622202631	0.146042826160172
12.1802195	0	0	0
12.192031	0	0	0
12.2046735	0.162964129742248	0.209573266150406	0.111761103847415
12.221722	0.28774254508298	0.364737412586201	0.199549958055403
12.233457	0	0	0
12.2540165	0	0	0
12.2826135	0	0	0
12.3102885	0.30904313343508	0.377535854912017	0.229426431376136
12.327673	0.103980469699323	0.127100845250979	0.0783964472648587
12.3338695	0	0	0
12.342501	0.189516906271296	0.230822581710108	0.14481379182139
12.352171	0.191240428652305	0.232885145762292	0.147394031262557
12.3599485	0	0	0
12.384839	0	0	0
12.4220335	0.510599319522194	0.616298574526014	0.405618754174606
12.4451535	0.274704822262912	0.331934642167471	0.219024988045322
12.469074	0	0	0
12.492933	0	0	0
12.5042925	0.0489813746983515	0.058990179708818	0.0397568492954844
12.516583	0	0	0
12.54208	0.0186334887577613	0.0223483748562736	0.0152842137999871
12.5859035	0	0	0
12.629386	0	0	0
12.6464425	0	0	0
12.652024	0	0	0
12.6665615	0	0	0
12.705186	0	0	0
12.770267	0	0	0
12.808503	0.0298462178214698	0.0367850796112911	0.0240680230334923
12.8366875	4.29372276009359	5.33650274887444	3.45002169522497
12.879491	13.8684892258607	17.3555567371709	11.0481860792052
12.9052055	Inf	Inf	Inf
12.915426	3.36937182488229	4.22988902551433	2.67375354243369
12.917225	0	0	0
12.9180045	0.0414530299372637	0.0520881409866922	0.0329242196617434
12.930342	1.79146891894728	2.25125256175953	1.42588799817276
12.9693775	5.4166422102114	6.80187312044971	4.32483658726139
13.006328	0.915499894306655	1.14693482755214	0.727782083650654
13.023349	4.1716209154537	5.22340652551191	3.29061088112743
13.0464455	2.0101475955111	2.52301501543311	1.57618055201106
13.064724	0.124313813489835	0.155845875351347	0.0964403409138022
13.0791895	42.3106078482312	53.0029930832773	32.8608961476615
13.1243745	0.653334345484894	0.813758895506394	0.50739313362081
13.158248	0	0	0
13.165012	0	0	0
13.2258645	0.618588309015426	0.767318006914922	0.474782966517698
13.298517	0	0	0
13.326859	0	0	0
13.3697325	0	0	0
13.409186	0.0523569083641906	0.064458697867733	0.0399523693106649
13.4315335	0	0	0
13.5203585	0	0	0
13.599381	0	0	0
13.630832	0.288210623738257	0.353179948901125	0.223121333102419
13.6986825	0	0	0
13.80021	6.83813263486774	8.24737019336594	5.40681845550846
13.8595765	0.000239633902509941	0.000289719773036013	0.000189584518775654
13.8717	0	0	0
13.892302	0.0144883023648211	0.0176189580075097	0.011517881025842
13.910526	54.572950592819	66.4413124881043	43.4623940036594
13.920505	0.0593419760377778	0.0724169588148354	0.0473172451904288
13.925922	0.975319433035307	1.18921330970247	0.778246459333936
13.938035	1.55577501550056	1.90095887044176	1.24282620871129
13.9507375	4948.78183347781	6076.84816827554	3937.10157453422
13.9565105	0.000444408862623618	0.00054624656908274	0.000352948065371351
13.960839	0.0756445572205282	0.0929265340779156	0.0601080509103454
14.038327	10.1113215118113	12.5058059895784	7.96190639010077
14.1203895	0.181696317257453	0.226058056583481	0.136784051300954
14.187185	8.83315185159164	11.1119646637533	6.45962740484958
14.252596	0.496269701726785	0.633234699808772	0.349472373989846
14.2770145	0.701943875021139	0.900994960936986	0.486809844057181
14.3205145	0.235443178386321	0.304646062251403	0.161315397811488
14.4447345	0	0	0
14.552313	0	0	0
14.5629865	0	0	0
14.566861	0	0	0
14.581247	0.0848140959213835	0.112059419096203	0.0564083720195771
14.7029185	34.3457600172758	45.9072756575798	23.8922775523956
14.8166125	0.112709600393396	0.149116985177515	0.0799442863594698
14.8267385	2.67504403195342	3.52583213984238	1.90228886080588
14.8562595	14.554769341666	19.0402754534615	10.4134451228529
14.8815425	0.27980332638268	0.363935240620944	0.201968991078115
14.8857885	0.162331826445766	0.210570375500185	0.117400193789271
14.8972145	0	0	0
14.917363	0.293616177399716	0.376470728227027	0.212768441243556
14.9276945	1.48892565998617e-05	1.90910926495781e-05	1.08599480064398e-05
14.964641	3.36155924764961	4.24855423987295	2.49069697262176
15.0369395	47.6586920874169	58.9877970599917	36.2852780824484
15.083957	12.5433168492237	15.5366527379817	9.73856236776337
15.0964295	0.0712876563961646	0.0883899421633697	0.0556663969446328
15.0982725	0.0363684316449194	0.0451081348430304	0.0284127707962425
15.112003	0.949184424912728	1.16523079006566	0.746520870108424
15.156637	34.7033787359206	41.6061975578992	27.7701580446341
15.2036755	0.847520238569274	0.999760657540968	0.689439715190512
15.2198385	0.0984350810768376	0.115651664537115	0.080219427324265
15.242082	0	0	0
15.2762435	0.0599726202393858	0.0691216681934841	0.0494126124989084
15.3178955	0	0	0
15.350361	1.31925502507561	1.48453068414684	1.10529262375064
15.363999	1.12124618746767	1.25751141659783	0.940500445844935
15.375702	0.340060423766314	0.381036215569682	0.285044049879024
15.3849195	6643.09160340127	7428.82080522895	5603.78434601925
15.3922785	5.8050975230066e-05	6.47976989707318e-05	4.90343878826918e-05
15.4274665	Inf	Inf	Inf
15.462653	0	0	0
15.4681165	4.01541480875276	4.44402833655363	3.41601028745159
15.4755365	0.11099883840641	0.12275277947406	0.0944907847243707
15.502972	1.32227890201187	1.46262043080449	1.13000712563087
15.5568135	5.31497905740269	5.88476643374939	4.55493274964635
15.5906165	0	0	0
15.598757	0.0940770608271658	0.10415612381581	0.0806017017325768
15.643768	6.20198215609443	6.87344845285931	5.35552327061479
15.697076	0.665615240934005	0.735449865409807	0.580133285655718
15.7355785	26.2982545545529	29.026307343628	23.063632541842
15.7648655	0.124140638638151	0.136897872516744	0.109545104656161
15.7915135	0.964860221273746	1.06111415806655	0.855377561702547
15.841106	4.55119259264311	5.01417658290094	4.04823206854558
15.886445	7.15435383478529	7.84860774502271	6.40210977830006
15.916883	4.23311761161106	4.62843665016339	3.79779330068789
15.9320465	4.44053783369384	4.84753412901811	3.99128461642984
15.9417535	30.3244860579897	33.0902184251387	27.3027984123508
15.948402	0.385015827911958	0.419890430839506	0.346385850118089
15.9509565	0.0424079465187917	0.046259834971627	0.0381359170849289
15.9625505	0.971712883069574	1.05924539971094	0.874100026775769
15.9862575	0.811006278556936	0.884687607787717	0.726021137832601
16.0210555	32.5496062524569	35.4722530279097	28.7769323656554
16.0731585	43.4771325520899	47.4523892071601	37.4411816025708
16.102851	0	0	0
16.104209	1.25859165789957	1.37213912050241	1.06114412907133
16.106942	0	0	0
16.119402	0.191428048297723	0.208794902632111	0.161000296975441
16.132685	0.0938515347451289	0.102505562572634	0.0783058256388402
16.1669845	15.8113188227319	17.2687546781406	13.1286545430122
16.200826	0.465080668095024	0.507186473361611	0.380194506033827
16.2050335	1.95422467508337	2.13001855790955	1.59644117191354
16.215321	1.84999859562653	2.01555126841768	1.51019850737515
16.2257825	0.275197801764039	0.300326777108118	0.224284074002163
16.2372835	0	0	0
16.2662965	0.721139290910663	0.789334953149961	0.584034898094783
16.303429	12.3747492828583	13.6320055964117	9.7774546544667
16.323312	1.22745110255524	1.35287540771434	0.96647136080526
16.3312345	14.8320933363317	16.3543101948458	11.5589320021955
16.336971	0.3929661847291	0.433794361307055	0.304738856673776
16.341567	0.42170567648617	0.46616629796874	0.324880265235323
16.364958	2.13712320349674	2.3781137620132	1.6313567815804
16.4037985	10.6729618587847	11.9648357052401	7.9434091480749
16.426949	1.9737083250312	2.22292735157196	1.44263362592347
16.4348585	Inf	Inf	Inf
16.438945	0	0	0
16.438945	0	0	0
16.4417385	2.12509677467752	2.40891625613191	1.53673422977018
16.4573675	2.04022434348032	2.32507884673272	1.47581114994913
16.4879235	5.53751457524299	6.41431367514931	3.96180307335416
16.50841	0.641949294842591	0.752060283787305	0.454897473257584
16.5243345	7.65116051291839	9.04302976722952	5.35835184341874
16.544116	3.91238834106772	4.68359139469499	2.73365057371188
16.559604	12.4350265174097	15.0392769887395	8.58707948645749
16.571986	0.613008367450883	0.748278168384156	0.418722213432675
16.5789405	1.09143837244881	1.33840723818102	0.739036560245033
16.583817	0.0639646362962399	0.0786361469637868	0.0432844309377533
16.5967795	17.9261000895111	21.9729629811176	11.9062162809888
16.6146045	0.659918483086615	0.824042471959687	0.443496123408742
16.6657725	17.5370133601394	22.8474212667052	11.5731509387247
16.7119075	0.144205177064624	0.199293775042774	0.0882330833864757
16.731758	10.901393495314	15.065832236689	6.50951020880023
16.7551525	1.07376725878113	1.518065002516	0.617255386326683
16.7762595	2.16960122996888	3.1128211170675	1.20120772956433
16.7956885	0.26540334771841	0.394806285315734	0.143169124683596
16.807021	0	0	0
16.828362	8.44226175561371	12.4754766831921	4.31961758137772
16.842027	0.00470540582190315	0.00713444850488798	0.00237167797860341
16.863983	1.59704554766004	2.3995737747837	0.79399904615561
16.8872925	0.110814359616083	0.172690795862115	0.0544944714315645
16.919149	2.92615676886851	4.43532460217195	1.45153122068352
16.966959	5.02505805640444	7.94324541398062	2.48932697685121
16.985084	0.0374961123465422	0.0609298961798655	0.0182995091301409
16.991787	1.86006073563657	3.00585764213994	0.902417894344028
17.012661	17886.4223884587	29083.7526489221	8838.00649512065
17.033459	2.18589452447744	3.63721818713857	1.06585611935046
17.0397915	0.00037372736764764	0.000623788834471539	0.000184363348366538
17.0452275	0.484772616849412	0.800343114341208	0.242306759307147
17.0582215	3.74366569973606	6.07076662160753	1.90857126885486
17.0869135	0.250117471171762	0.401394300437293	0.130258386715817
17.111863	0	0	0
17.125616	0.569575311857195	0.942205185407652	0.303621644726443
17.169889	6.64817638947003	10.5170924940131	3.68461371879863
17.214851	248.99800726397	407.881910811205	135.229731896074
17.22557	0.0100243437085835	0.0166094685986508	0.00547321949482187
17.246719	3.22861188484279	5.11799763521254	1.78494803064383
17.2829315	3.53112300891595	5.46664946594753	1.95618671579405
17.3087635	6.50983066297434	9.9309979689163	3.67314521799943
17.3237335	0.33745703448346	0.512704353018586	0.19188397781638
17.3624055	5.87082891973594	8.29626025979304	3.47392972049605
17.413871	23.2720315736581	32.1546792104179	14.9851293023099
17.4333665	4.65132589414275	6.43501083741651	3.04967844435196
17.4374265	0.129716352930229	0.179970605121799	0.0852211254576563
17.4390815	0.00242686394185767	0.00336302256174309	0.00160048668548707
17.439205	0.073629588667512	0.102011178939529	0.0485763351422003
17.48351	37.0741909259759	47.8001835729343	25.9854500800995
17.529843	1.04584207555874	1.30431625220342	0.752761749312969
17.537758	4.04004437086811	5.02933380598186	2.93877442714159
17.5480425	13049.9812392334	16162.0628408979	9667.64895951077
17.5611475	0	0	0
17.575789	0.349335393326989	0.427651986763822	0.264219692706225
17.5818465	0.00105831538811636	0.00129495808292312	0.000801993206530401
17.589583	27.1416061294345	33.0629539522077	20.6641756544882
17.60386	2.27129628512488	2.741889104267	1.74236520834986
17.6117345	1.57044471974018	1.88384804217057	1.21008808455952
17.6268575	4.88948311004669	5.83926803758581	3.82446181142149
17.644763	0.364507250340117	0.432567184146017	0.287530384384792
17.651956	0.222870866018682	0.264086934937567	0.176710268014141
17.6645255	3.2544896406575	3.84235352038787	2.59306262441632
17.6754455	0	0	0
17.7201575	25.8811352608202	30.4086302269375	21.2916703185735
17.777622	1.48369843337754	1.73105394791624	1.25490801057048
17.791931	0.370436398827481	0.430206788933224	0.315409511321548
17.794105	0.256349350548094	0.297584649358792	0.218445815739707
17.796151	0	0	0
17.8465205	227881.714347733	262271.855549005	199086.187100034
17.905453	0	0	0
17.9140175	0	0	0
17.924253	0.699487283908673	0.80644531061641	0.63205318216921
17.949797	59.4053601455873	68.2838947990892	53.8978489474421
17.9745915	Inf	Inf	Inf
17.9860875	Inf	Inf	Inf
17.988099	0	0	0
17.988099	0	0	0
17.993551	5.32544953921495	6.03774904381799	4.86437878046337
18.0034685	5.32320582969866	6.01817081693652	4.86618420555464
18.016405	38.8401425022145	43.837982933107	35.4870857982014
18.031913	4.16149206083899	4.68071317584574	3.78969370480004
18.0408125	5.8285960674368	6.55403754130725	5.29610183119961
18.053519	3.12844068614543	3.51797094514306	2.83706557039672
18.068266	0	0	0
18.074989	0.675347847006168	0.757605777155296	0.609904755336623
18.108921	18.925280312592	21.1323604386507	16.9177827293047
18.1407305	1.57128882536135	1.75491276977428	1.39772207290552
18.157262	29.9366335846973	33.5348172753001	26.5581584877943
18.177529	2.16112687396866	2.42061590502766	1.90857396152495
18.1873425	37681.0599286873	42109.2277173558	33172.8515678332
18.2140435	19.5311738252929	21.8174127291542	17.0768241211386
18.2353655	0.00187447716471592	0.00209117925861667	0.00162811538137096
18.247157	31.9464948153481	35.5067546061439	27.7671043894309
18.267765	2.01325107200188	2.23041364273554	1.74969311995907
18.2806965	0	0	0
18.3115925	Inf	Inf	Inf
18.338375	NA	NA	NA
18.338375	0	0	0
18.3613495	168.93728606761	186.180221908434	145.458003982008
18.392328	5.06975376488403	5.61432962964008	4.32611589615724
18.401996	1.17640813179679	1.30485004227261	0.999593828389456
18.423338	17.0943671817313	19.0207757030948	14.7328727391155
18.460738	Inf	Inf	Inf
18.493053	9.63160821059361	10.893429706161	8.15408224520391
18.507646	NA	NA	NA
18.5273405	628.631317137234	714.742812021476	530.442178142705
18.547035	0	0	0
18.547446	1.52030776766206	1.74360809021705	1.26006621322487
18.561865	63.5895097598241	72.8690770717824	53.4751618127299
18.5794345	22.5610545813759	25.8520717813169	18.7886896445306
18.585913	2.71501664610396	3.11563684698235	2.25447021924846
18.5909305	18704.946206266	21473.2614406429	15632.3939094471
18.607355	13.1017648063453	15.0006956549597	11.045829888098
18.6216805	0.00186607304021078	0.00214533141410664	0.00155265236015465
18.636387	63.1613113470234	72.554991437818	53.1558555564527
18.661955	Inf	Inf	Inf
18.675984	2.89094596673297	3.31883276129928	2.37417008036268
18.67915	0	0	0
18.694214	19.4709931955909	22.3808329131188	16.1835524963873
18.7117855	12.6756892049313	14.6267935094427	10.3241008520287
18.724992	30.1355823425426	34.7188162376306	24.8237164441694
18.738436	Inf	Inf	Inf
18.746123	Inf	Inf	Inf
18.751065	0	0	0
18.751065	0	0	0
18.75341	4.17755003527021	4.78130876019479	3.3135381984362
18.7557565	0.000325319201605107	0.000372207011135554	0.000257962203334664
18.7636205	13.1475296638295	15.0124663432844	10.5283627574168
18.8361245	77.6490061516466	86.7679393490867	67.398882386905
18.909184	11.5931129401161	13.057222992514	9.56703203753849
18.9294465	0	0	0
18.94483	7.77165497494273	8.81557607940453	6.43692420623426
18.9545165	97.7141828140675	110.941435088573	81.141715739321
18.9610585	3.02690943981156	3.44057487301678	2.50755224537893
18.961901	0.560395211675752	0.636927639155583	0.464230676249505
18.9640845	5.64092656558536	6.40887199078219	4.68720883766766
18.976459	18.6789692387333	21.2404208593718	15.7058993474861
18.9911875	21.8540806233557	24.846269634117	18.5134003390782
19.0028025	6.16733010543432	6.98735343120016	5.24370823535118
19.012781	4.91350810142039	5.56462872139156	4.17508392137588
19.0311365	14.438256813563	16.3182807162975	12.3885689139532
19.053512	12.3052357409305	13.8871670433711	10.571750867913
19.0741415	119.455464286222	134.976473988388	103.669272349438
19.094974	20.9787781773971	23.6663731804417	18.2939801047181
19.103135	1.86169470974299	2.10043835531147	1.62093919726452
19.1085495	32045.9751609668	36153.9661966772	27932.3676809635
19.12227	5.82750848277208	6.57895985071037	5.08580829151334
19.1320625	0.00293111765988486	0.00330080112075789	0.00256103460724073
19.1524445	19.5774749462856	21.9644689066171	17.0440668924333
19.178993	4.40614815876587	4.93977177924992	3.82611734375436
19.1975535	24.1798961822202	27.0907948620073	20.9542941782281
19.2262995	6.21070902099396	6.96149940024008	5.3709885331345
19.248554	12.0935977929861	13.5297507392751	10.4166329722412
19.2840215	Inf	Inf	Inf
19.3189495	54226.9205132335	60592.5305918404	46287.0088939244
19.324311	0	0	0
19.324312	0.00350614052684035	0.00392650871326523	0.00299110918221055
19.3243145	0.0190749822382654	0.0213620081460781	0.0162729633483209
19.3271795	2.4624088811297	2.76205484386806	2.09990458318853
19.3308325	1.46550840780087	1.64292576815505	1.25077138626477
19.3432515	284.028801252249	318.408964204007	241.264417350527
19.3602415	18.1269876245131	20.4313840164237	15.3930744294279
19.3660025	1.20823394502186	1.36384366962767	1.02649808122042
19.3692265	2.22641192076463	2.51121928146166	1.89203419686733
19.3751885	2.02635731196146	2.2878453046538	1.72029415160648
19.384949	19.4097626701457	22.0422173114397	16.4576716381239
19.3969005	0	0	0
19.4167005	2.1521183303734	2.48529729900039	1.82988746863714
19.4343135	0.844619840907807	0.982619738324172	0.716408617794129
19.4736405	143.18508276608	169.394369107476	120.134862224911
19.541711	Inf	Inf	Inf
19.5756455	1.46849464128112	1.78882435230577	1.14341887528073
19.577694	0	0	0
19.577694	0	0	0
19.5876135	3.18474802294333	3.89587847656469	2.46376205532095
19.598493	0	0	0
19.6012325	0.961103288908355	1.18931207997432	0.737703002797835
19.6102305	1.47013456279101	1.81680336976562	1.129754519347
19.639203	92529.082741454	118322.70567014	70540.022391795
19.665005	Inf	Inf	Inf
19.6690545	0.000337566412840499	0.000452139493052954	0.000256978466955664
19.669056	0	0	0
19.696001	3.021187061374	4.06085018940432	2.32026171219912
19.730936	3.34860854612126	4.76473465309078	2.58099210698137
19.790146	23.5263989186669	33.9620417441697	16.9728795171674
19.854224	9.28305943280143	14.5414582795246	5.86526092779964
19.8779335	708.729489938497	1133.53647780261	426.352736271792
19.895451	6.00110482170826	9.62351582306074	3.49019454086665
19.902191	0.0135058461544773	0.0217799278052159	0.0077686575239913
19.90767	1.00493623175929	1.62139095556556	0.57706165824053
19.939821	396.285874428483	620.82212043062	223.580143499275
19.9928705	10.3361044768551	15.5372316393156	5.42537147677275
20.0195115	0.204922954227619	0.296926919255459	0.10309737566379
20.0335345	7.62338406950607	10.7754622866067	3.79288669902819
20.0565395	3.15525410751045	4.32215009973825	1.60523587215309
20.0710865	Inf	Inf	Inf
20.081545	22706.5827324268	30146.6644922169	11775.8276556529
20.08761	7.30166344449664	9.55796910211704	3.83054579919087
20.105728	52.9024031560365	67.1050470079961	29.4237865723901
20.123012	0	0	0
20.1230135	0.00157873601868977	0.00195503306505565	0.000885681556634151
20.1237695	0.943257703099163	1.1672392940734	0.530279156765883
20.126772	10815.7275193785	13302.7887471228	6164.4805090809
20.134454	0	0	0
20.146695	8.39026922213111	10.0015038689409	4.948671113062
20.1592415	1.14478822632137	1.34210404680411	0.702806446671682
20.164981	0	0	0
20.1649825	0.00239001707829479	0.00279006173531834	0.00147189703927374
20.1655675	0.473602742479024	0.552480447822057	0.292725408431664
20.170986	6.86304503983963	7.97291075346679	4.26407226961003
20.1853185	11.6068088624814	13.3504499606433	7.43558951718516
20.200274	0	0	0
20.205732	NA	NA	NA
20.205732	0	0	0
20.212149	0.281106956857393	0.319354276412853	0.185155679483686
20.238854	0	0	0
20.375005	0	0	0
20.515055	0	0	0
20.539242	0	0	0
20.539242	0	0	0
20.5406595	0	0	0
20.544912	0	0	0
20.5540525	2.61038724771275	2.85348760787942	2.42233224236201
20.5763015	Inf	Inf	Inf
20.5950295	0.475064366052419	0.513848540789726	0.439839935881948
20.610832	7.15029023637226	7.70424963100201	6.62208442370541
20.642369	130.834297292555	140.607324881413	120.690366498786
20.6800415	Inf	Inf	Inf
20.700726	1.71274991599364	1.84489254517095	1.56111549378094
20.702257	0	0	0
20.702257	0	0	0
20.712445	142.661702753226	154.089355397455	129.536764229933
20.740483	34.0084793001678	36.9295442248419	30.5202367696909
20.7591545	1.49345188568256	1.62847523652215	1.33023592269089
20.7661465	196.772179787499	214.54191109118	174.81083341372
20.778879	41.1069554544836	45.0025592263733	36.389884678853
20.785817	0.488899687651687	0.536728975453625	0.431944454179953
20.7881245	1271.30450942355	1396.54455275832	1122.65603821041
20.799407	47.5338057610759	52.2745604191469	41.8933005809978
20.8087765	0.0265390782847453	0.0292496984716724	0.0233488490046821
20.811207	11.8267560611492	13.0471798507087	10.4005755040447
20.8222155	20.4542659941976	22.6179711233835	17.9582558753717
20.8333305	104.096855708711	115.633763283873	91.2626153367686
20.841071	Inf	Inf	Inf
20.8465955	0.947420947733176	1.05602211514992	0.82899960901967
20.846898	NA	NA	NA
20.8509195	Inf	Inf	Inf
20.854941	0	0	0
20.854941	0	0	0
20.8563045	0.581962917771281	0.649653354226021	0.50873421997124
20.865925	35.5231476922936	39.6711163108248	31.0299236907576
20.903846	98.622478964319	110.220216397136	85.9566518567684
20.93351	0	0	0
20.93351	0	0	0
20.9364685	0	0	0
20.9433435	Inf	Inf	Inf
20.9472615	0.0014047898996942	0.00157423324914672	0.00122206561920246
20.947305	8.5274214655829	9.55609936024529	7.41819330261432
20.9547365	771.680827824418	865.646256747724	670.581972110002
20.962192	0.298709685131593	0.335671436743877	0.259296313377063
20.962387	1164.92907508534	1309.13728767837	1011.19389327172
20.9655085	4.86992837282716	5.47705059296124	4.22542338557784
20.9685025	0.00136959196751934	0.00154132927864398	0.00118784721234114
20.9768465	339.365884380602	382.367616662251	294.059330464493
21.0000905	1430.8398829879	1618.605740093	1234.26260212998
21.0153285	22.6683289393421	25.6660985748679	19.476019369064
21.01581	1361.48222844777	1541.65729801037	1169.67304552318
21.016164	0.479190962417439	0.542638712770683	0.411661523850115
21.0163745	0.000457527771667639	0.000518125844649296	0.000393039941252881
21.0225205	0	0	0
21.0472435	15.4026040192064	17.5159161920518	13.1778708775988
21.0832	51.0407453315029	58.3190489549114	43.5907757108638
21.105607	41.6819868912567	47.7332454647552	35.5632578294723
21.112445	4.16599736228742	4.77393489747251	3.55317586351256
21.117654	0	0	0
21.121054	NA	NA	NA
21.121054	0	0	0
21.124194	3.5839025502587	4.11138134677583	3.05192637231096
21.154075	70.2690184168308	80.8227259794868	59.5214155684665
21.194113	66.293033948201	76.4727864709714	55.7721294887858
21.213295	419.769108627546	485.054815713814	351.88443477611
21.222357	4.66125153607059	5.39176990854804	3.90085627718403
21.2257585	1.63097748676174	1.887298404632	1.36406227821737
21.2369525	127.981176236992	148.285396627122	106.820914647295
21.2501415	25.103422353185	29.1296484225962	20.9042036632422
21.253266	0	0	0
21.2546565	0.495693561437927	0.575487269903756	0.412453979875733
21.2565865	0.681748315632364	0.791662867970333	0.56707783884382
21.272141	6.84985677982882	7.96803195505141	5.68286259840598
21.3209855	327.768396746272	383.217901136724	270.264436686604
21.3897605	64.9862508142012	76.5459686121711	53.0390668445126
21.425595	2.01747821536379	2.38629785702868	1.637012353331
21.4365335	0	0	0
21.448615	0	0	0
21.4643725	0	0	0
