phys	rec.rate	upper	lower
2.443789	0	0.19950115118627	0
5.087577	0	1.06681545110012	0
6.537577	1.17228347158499	4.01210261920708	0
7.587577	3.21105617963604	7.19861986424418	1.70655790736431
7.737577	3.57913087028996	7.50388590915316	1.82560366549067
7.887577	4.06132580722311	8.02140048716303	2.02340657298192
8.037577	4.39807865356296	7.51900120333087	2.20613263764541
8.187577	4.61566924646604	7.10803673205607	2.38274652399968
8.287577	4.65679025855091	6.7354309405641	2.47761467273677
8.387577	4.62062468855527	6.4476012965255	2.62527137309228
8.587577	4.38560516981426	5.96371413950792	2.62011709808455
8.787577	3.9928822981582	5.32050072659367	2.64569318672991
8.937577	3.51269681002472	4.68707114115696	2.20163571364095
9.137577	2.75480987752022	3.93309564933343	1.10290763387144
9.287577	2.15737119634423	3.75300510451753	0.174260404711934
9.387577	1.69296678930255	3.63678201201619	0
9.537577	1.12368092126555	3.40129680147911	0
9.737577	0.937707900891621	3.26774133865767	0
9.937577	1.37432064385392	3.6170189295763	0
10.087577	2.09486886963109	4.00461997561184	0.131088709583384
10.187577	2.66864143817855	4.34179080579437	0.811107446758513
10.337577	3.545685396972	5.3829707635052	2.11653286247317
10.487577	4.65345791687774	6.41710890437368	3.14404095185454
10.637577	5.83919742834416	7.95710198287432	4.30084209658803
10.837577	7.58071748186735	9.94073555369152	5.93159308453
10.987577	8.98572855096435	11.3626256691213	7.22428485480686
11.137577	10.4158203517405	12.5931332552524	8.3283141002615
11.337577	11.9708108832788	14.1537016757508	9.70455816923479
11.537577	12.999391306868	15.3067321214144	10.108594272033
11.737577	13.2210661645972	15.842409809994	10.2345350588512
11.887577	12.67147276488	15.550210709316	9.78216055400123
11.987577	12.2611455211515	15.1765631441578	9.4455038402456
12.087577	11.6986221071963	14.6397145071353	8.84268829409746
12.187577	11.0063389095749	14.0586168751138	8.31084135649911
12.287577	10.1700123843307	12.8489850747363	7.64011739072147
12.387577	9.27552493288184	11.5487724468841	7.03836559086641
12.587577	7.7320629724276	10.4558725622698	5.13495756014326
12.787577	6.51149331196074	9.3607062194618	3.06170858827221
13.087577	5.56358687692335	8.7201749410567	2.54007232114257
13.487577	6.93364056506797	9.39545154499396	4.27200547475758
13.687577	8.49378749152197	10.7953379765805	6.2939118222855
13.787577	9.38068624668462	12.0714638345182	7.09511610204905
13.887577	10.0921564075376	12.9609318035412	7.4733385203482
14.087577	10.9988300692291	14.1041840891235	7.93879274778232
14.287577	10.9539364396401	14.1996131039858	8.41650420588122
14.437577	10.8076202006096	13.5648922547105	8.47203587874921
14.587577	10.3905980918449	12.5928376470674	8.58567240972402
14.687577	10.1064474299606	11.8234576689887	8.53135465507296
14.787577	9.86820814588841	11.3895765137751	8.42773646175863
14.887577	9.70351104897073	11.2232815317929	8.30758268668253
14.987577	9.58163101044954	11.2115847819888	8.17921601408551
15.187577	9.32159238425939	10.9511314417346	7.27945209960738
15.437577	8.98742225908266	10.6532294573616	6.91570958052325
15.637577	8.80641883460491	10.338818960289	6.50732848978996
15.787577	8.75945582514581	10.0891400739579	6.39549864154909
16.037577	8.85720645570314	9.99030023733071	7.19072428456853
16.437577	9.12250206861324	10.0939332012835	8.33157506352957
17.387577	9.4382101401103	10.4795941044225	8.64822631399813
18.187577	9.72868881473884	10.7382810367962	8.04040654729764
18.287577	9.73415822461768	10.8721694666639	7.66529060709338
18.387577	9.75796183075484	11.0390081288105	7.4163389549379
18.487577	9.82239910915882	11.142597895088	7.24154206656755
18.637577	10.0224268091038	11.3765422716945	7.76889321480817
18.937577	10.5763588144932	11.9017223639487	8.81067956917343
19.187577	11.0904062104198	12.3240163730702	9.79154388974563
19.287577	11.3277529079057	12.5375349448071	10.0908148556658
19.487577	11.7960144882288	13.5642321334557	10.488602646614
19.687577	12.136162688869	14.1883734057408	11.0571102718438
19.787577	12.3096512672426	14.2881166277484	11.2092735105221
19.937577	12.5066891346446	14.1402538739112	11.202900753081
20.087577	12.5358376549299	14.0677773248802	11.1287419019387
20.237577	12.5953316983406	14.1630563735425	11.0680202617388
20.387577	12.6309949701335	14.4573917273984	11.0649713441955
20.587577	12.6724358588731	14.7461286854231	10.9352796479229
20.837577	12.4524265692893	14.5721939054473	10.7510167875557
21.037577	12.1261114447368	14.2277797634329	10.5978094574326
21.187577	11.8265372307214	13.8215609858525	10.453955390689
21.537577	11.1975226273491	12.529149598353	10.1481766254787
22.437577	9.30753239116338	11.0641541166854	8.35890269899218
23.087577	7.75550810121125	10.6755125630437	6.09889573802516
23.187577	7.42556209039235	10.010356050464	5.69187226010887
23.537577	6.42928303008915	9.18789371837079	4.33309484078598
24.063816	5.00085119617101	8.19255576844789	2.87517437014756
