phys	rec.rate	upper	lower
0.173705	1.40468572095045	2.06925842225686	0.88022247005002
0.275294	0.145754134724547	0.217254458626349	0.0869847801371638
0.297733	0.0741253834501756	0.113855782072654	0.0338783876621297
0.446765	0	0	0
0.5919055	0	0	0
0.6644815	0	0	0
0.73686	0.000479596145048808	0.0007386895208073	0.000196856212609652
1.235832	1.15783631431542	1.74826069428173	0.503483048113976
1.7347815	1.1095632327098	1.64305847055071	0.513520647509468
2.4446165	0.976375410826039	1.39159231717934	0.499022290433316
3.2029465	0	0	0
3.2532995	0	0	0
3.255306	0.000529512365788673	0.00072506544439006	0.000301521004619226
3.6005875	0.744246256945547	1.00547045162369	0.447086419687069
4.0277815	1257.80451748768	1678.36888770937	785.658928296441
4.2014775	0	0	0
4.371169	0.0813183801722763	0.107208841526958	0.0528797917277598
4.6343395	0	0	0
4.819447	0.000536036379148086	0.000696150223741171	0.000360220439115796
4.873976	0.5754050294892	0.744995323062316	0.385109184025215
5.0935645	0.182945667537215	0.234567634333938	0.117825900608811
5.2588325	0	0	0
5.2590085	0	0	0
5.578569	0.7276450835629	0.912630745040208	0.419317835346852
5.9141735	0	0	0
5.930481	0.000537363458139036	0.00067659051690659	0.000395820659256061
8.004543	0.589315597297753	0.706098034698953	0.464618813610912
10.0923745	0	0	0
10.1064835	0	0	0
10.1179345	0.120252305899344	0.143651804677819	0.09847468502057
10.1929455	1.07410872179276	1.3302140891598	0.873582698409312
10.304609	0.139338804645925	0.17637990041773	0.112601428271081
10.6052515	0	0	0
10.886527	0	0	0
10.9181985	0.187095930031544	0.250444049143214	0.151052498684566
11.456637	0.296285825217898	0.41288843690102	0.232588728819912
11.9921225	0	0	0
12.0075395	157.420040029353	218.369746134319	124.460727325689
12.0229685	8.96973112286034e-05	0.000125375355003598	7.10519573753208e-05
12.0709635	0	0	0
12.362338	7475.68185292181	10321.6136453227	5879.33767081639
12.6058405	0	0	0
12.967	2600.36415885418	3308.73503647903	1876.40925647538
13.5914945	0.0877360596376632	0.120708919204128	0.0448009330281446
14.2032685	2.20663406783049	3.32851316707993	0.707439139542878
15.042612	0.285156974981026	0.439818216811132	0.0903228507377028
15.61208	0	0	0
15.734305	0	0	0
15.795353	0.0959480804086406	0.135157641751846	0.0496542133283953
15.963404	0	0	0
16.11411	0	0	0
16.20185	0.0228234563450847	0.0304631850328412	0.0143886954643843
16.289741	0	0	0
16.7504865	16.265535828561	21.5522092196102	10.9154978633156
17.2111585	6.86070884565173e-05	8.94183568784636e-05	5.14492488741157e-05
17.219103	28.5561309764836	37.0125264645785	21.4616145672936
17.27823	0	0	0
17.34283	0	0	0
17.356241	0.00405113903176942	0.00536999496155765	0.00294924515259447
17.413617	0	0	0
17.4710765	0	0	0
17.547488	0.0380102691845134	0.0496965027527673	0.0267493792227676
17.6264275	0	0	0
17.6467925	3.91124062927876	4.88607736805217	2.77613605970965
17.6776435	0.438232567974714	0.541721950398295	0.314152348304102
17.6908455	1.23961247663726e-05	1.53325762032165e-05	8.88925673089555e-06
18.4608665	6.47078428465408	9.18043462862544	2.71885434552152
19.31547	937.662300695177	1303.23639821062	83.2518472342449
19.402364	561.090951872709	782.83520461665	42.6630179228306
19.404659	0	0	0
19.465932	0	0	0
19.527203	0	0	0
19.527238	0	0	0
19.5272745	2.29482401026247e-07	3.54282859061608e-07	1.65337388799077e-08
19.6262455	0	0	0
20.63276	0.10549877842603	0.639072816218772	0
21.6810045	0	0	0
21.821766	0.0145867907063452	0.0209133167121495	0.00756184452254984
21.823395	0.0216120314246353	0.0317717168133524	0.0109425705722339
21.8270645	0	0	0
21.8292405	0.000198449456563421	0.000321937180385648	9.10805022995756e-05
21.8361575	0	0	0
21.843001	0	0	0
21.8430995	5.76368205384569e-05	8.69120053349105e-05	3.00207906351658e-05
21.997777	0	0	0
22.154243	0	0	0
22.166274	0	0	0
22.1764325	8.28245429686564e-06	1.1363331231617e-05	5.2650086465671e-06
22.1765805	0	0	0
22.2174415	0.0671023467415181	0.0912531278603468	0.0423116610016879
22.6615615	0	0	0
23.0650785	Inf	Inf	Inf
23.0686375	54.5657240508299	70.1224636971905	42.5906756413436
23.072226	0.00154290622362057	0.00197769311107387	0.00120536597484415
23.100788	0	0	0
23.161859	0.334140374406956	0.419163083673911	0.258444832198684
23.439353	0.602861882130541	0.733144865303263	0.454745448495899
23.6979205	0.0377111361207031	0.0479974261919414	0.0296411374421122
23.740833	1.21400854593635	1.54678194842741	0.956242813034349
23.792331	0	0	0
24.4928905	1.90367923941649	2.25576892411312	1.45629124911057
25.220925	0	0	0
25.3053305	0	0	0
25.3940325	0	0	0
25.7127715	0.24816421754629	0.329449225220532	0.175976671276328
25.9774605	0.00379772664709268	0.00521079381569035	0.00271008470443877
26.008666	0	0	0
26.0398585	0	0	0
26.4344085	22.949502204694	30.545749789151	14.8283554496063
26.8304575	0	0	0
26.8635375	0.121164790582638	0.159677170175058	0.0730419943019536
26.895225	0	0	0
27.1170165	1.36537664134167	1.79111144238305	0.807924667525187
27.341757	0	0	0
27.8586135	23.4644247936807	32.6415135073176	13.727701911405
28.3949965	0.157525505448161	0.220257199926225	0.0799963165067306
29.630737	1.1416840928705	1.50530537137327	0.727916479572899
30.977253	0	0	0
31.2060685	0.98602803387088	1.30073639838061	0.808009524172001
31.3707465	1.14833600406592	1.56655250093676	0.91721126988252
31.5195325	0	0	0
31.6384495	0.865988708300128	1.17892261183162	0.660239530806738
32.024008	2.74006725866537	3.63649425812205	2.01128880202241
32.370217	0.012034090222507	0.016248046644438	0.00881464385971338
32.377559	0.0354121012991396	0.0478341059774475	0.0259237757254799
32.9547895	600.072995073354	763.069637883935	441.187785315772
33.527291	0	0	0
33.852072	0.843390539640378	1.04921527312035	0.619289450119793
34.175815	1.82075278162482	2.2819404342188	1.25755176982254
34.1775255	0.0106541769205919	0.0133517333008041	0.00736888436784763
34.1778315	0.00159630204279828	0.00200099748714466	0.00110467790883015
34.21225	0	0	0
34.4356385	2258.45093220848	2928.55579324479	1394.76701165959
34.6585895	0.178000262873489	0.225828504478344	0.103895057350143
34.7233745	0	0	0
34.754603	0.0174666862518266	0.0217651915537245	0.0110014637760361
34.7549125	0.000362490563471007	0.000451709448176801	0.000228398706842822
34.8056215	0	0	0
34.8831555	0.96269101104138	1.20877631886784	0.629217977193291
34.910037	0	0	0
34.9561145	1.05950645538516	1.33323707105269	0.708594269373002
35.3459485	1.37594488856627	1.84524011430486	0.914500027697717
35.6897485	1.49632640190718	1.9951824285332	0.928363422995589
35.706908	0.427079354616733	0.56934547083811	0.268517122414324
35.766609	0	0	0
35.8593515	0.186708128758332	0.259700645059111	0.124990175042728
36.1858395	0	0	0
36.4659805	0.0176609508723287	0.0221997353695613	0.0101969468328648
36.4794055	293.46028257571	367.305393667628	170.056569846532
36.507992	0	0	0
36.5270435	0	0	0
36.527148	0.000523690919505789	0.000643948447780136	0.000320829504814398
36.6555505	0	0	0
36.7839225	0	0	0
37.450902	1.25285782547275	1.63883319569672	0.939208956484433
38.246834	0.459770157072651	0.600106756136085	0.352577932602212
38.3853115	0	0	0
38.6668615	0	0	0
39.0208405	0.165816738590733	0.196986495368547	0.139169520943314
39.302348	0	0	0
39.6285815	0.128751920667172	0.143953241431594	0.111693614226541
39.762706	20.5267283975809	23.1903003770796	17.4698145568323
40.7593185	0	0	0
41.750166	0.00156056606750718	0.00186516050531973	0.00122707964091751
41.75236	0	0	0
41.947173	2.04510468173171	2.51606012191874	1.60776724579447
42.1415095	0	0	0
42.14158	0	0	0
42.1524885	0	0	0
42.2400125	0	0	0
42.342534	0	0	0
42.368474	7.95969410927563e-05	0.000101427419955989	5.83462511130558e-05
42.8997695	0.854158736041053	1.17800202338731	0.544268351466197
43.431304	0	0	0
43.48652	127.44345029767	179.674697591097	62.0994328061542
44.529164	0.204992503855791	0.332716742511963	0.0875285012767543
45.8282065	0	0	0
46.2163955	0.376537651614889	0.679405950516453	0.0733708438884768
47.5633725	0	0	0
48.8925375	0.0453607653858713	0.0592219393819343	0.0324215554955111
49.0020255	0	0	0
49.0525875	8.46071127191898e-05	0.00011724303316061	5.95743345233369e-05
49.337966	0	0	0
49.8201605	0	0	0
50.1431025	0.110102226329783	0.155045091578437	0.0756952374601028
50.322199	0	0	0
50.4462615	0.170648659961286	0.243022477732223	0.118608711084655
51.023311	0	0	0
51.529674	0	0	0
51.6189885	0.296123385895659	0.383274704399793	0.222258542769081
51.710838	0	0	0
51.826542	1.96332315708561	2.4476464315892	1.51450228248426
51.9815115	0.369186935399133	0.454637539647429	0.285196001445436
52.208862	0	0	0
52.3967015	0.190926265455689	0.244106887056829	0.154625453567513
52.4228495	0	0	0
52.5503595	0.644494294144489	0.816431925963747	0.535108351907311
52.6580285	1.91081966533468	2.41974012741114	1.6035061630307
52.7143005	1.87808743507216	2.27899895163854	1.61125498307824
52.7668405	0	0	0
52.7669125	0.835687545722631	0.950255461375962	0.728234145681271
52.767013	0.000144761369587605	0.000164543302049244	0.000126203128566116
53.501068	0	0	0
54.272421	0.0568451943755995	0.0706475377115192	0.0377189909763248
54.5285455	0.991370599489102	1.25423302597387	0.643727874199943
54.74949	0.0122284756794479	0.0155448890730768	0.00733423097093029
55.0698885	0	0	0
55.391043	0	0	0
55.394125	0	0	0
55.394279	6.00286990536001e-05	7.35321310824389e-05	3.63121372932322e-05
55.5516115	8724.8081084185	10810.0975825751	5635.6249603253
55.730009	0	0	0
55.7514895	0.000715299840015155	0.000872338956338404	0.000493626930797349
55.8212125	0.369479431838452	0.450499374994525	0.258966714024329
56.0521955	101.465525494136	124.556327865849	75.2984753434984
56.2159955	0.0146544875712091	0.018009152575282	0.0111397208307536
56.4177505	0	0	0
56.818604	0.438978644412392	0.559889346402139	0.352744688840984
57.2710405	1.12558351398341	1.3954440379604	0.944364685681489
57.523703	0	0	0
57.529129	0	0	0
57.5878735	14.0762959330879	17.3789817375552	12.1298070336521
57.7153385	0.794440685892721	0.971346382385933	0.684769268845248
58.1779105	0.490320403514668	0.587044107885245	0.409296790370908
59.267863	9.06716295947184	10.7018664949366	7.26162089323235
59.969947	47.7160806299161	55.2614941197207	37.7084768957126
60.0062705	0	0	0
60.101675	0	0	0
60.162833	5.78882663417857e-05	6.89682463883088e-05	3.99492024111906e-05
60.2172945	0	0	0
60.5915865	0.201351411896313	0.249843114047212	0.114012073554485
60.9115605	2.3564333041881	2.9241833919721	1.25625140723672
60.933917	0	0	0
61.539022	0	0	0
62.1220145	1.43754741107515	1.65461902170178	1.05429580285043
62.1453555	0.036086694522635	0.0414645059349887	0.0266781457309093
62.178938	66.4164382949238	76.0676380548795	49.2667709118402
62.296023	4.34834366636227	4.94444572472815	3.32577998652832
62.4032235	0.00409030024194369	0.00462230181785177	0.00319147481781184
62.7660115	676.611690096174	776.701784675112	544.572329527953
63.128334	0	0	0
63.789791	0.450294852049922	0.528945281425515	0.397186774548519
64.5586185	0	0	0
64.749291	0.0780309561181696	0.0956999646672366	0.0692581042717183
65.5195065	8.77278143676388	10.4268153017597	7.7088993295289
66.2173325	0	0	0
66.2282685	0	0	0
66.228519	0.513435542986282	0.59693131704648	0.43698402013367
66.2685605	0	0	0
66.316716	0.00319119796476452	0.00372015696624776	0.00270504088345783
66.327499	0	0	0
67.259011	0.604838341451744	0.742084966034396	0.474858222019805
68.1880835	9.88399962938789e-05	0.00013127417754035	6.93429179956809e-05
68.408492	0	0	0
68.8795675	0.0799504680724574	0.114878373774675	0.0482465770058068
69.1305235	0	0	0
69.1572025	0.427146094875645	0.63691863761149	0.236978332447351
69.183734	0.000199053769134299	0.000297591629455528	0.000109654999923997
69.3979765	0	0	0
69.613111	0.000905996820453634	0.00143185576068202	0.000416259883404802
70.035576	0	0	0
70.527914	0.0291095939574856	0.0532973422748298	0.00658495478072492
