phys	rec.rate	upper	lower
0.326773	0	0	0
0.638838	195.213772489193	331.474041691521	94.5947304585756
0.6491275	0	0	0
0.656977	0	0	0
0.6587955	0.0128440526157915	0.0220085381908538	0.00602790784950767
0.7566555	98.3664612657633	167.439160926159	45.9290334341875
0.853377	0.068025628097991	0.11541363324023	0.031759435131792
0.8549915	8.38765793242171	14.236739749944	3.8736892589382
0.8567185	0.637268536731156	1.08163210228874	0.294327394243392
0.987715	3.96820799060264	6.69383878208934	1.8440389688863
1.180372	1059.07347741933	1773.90817781669	499.272661871448
1.372217	252.813289203061	420.207395593291	120.437230076331
2.0372865	5009.33274538195	8045.06881419675	2471.00845279398
2.906264	6.10654454005063	9.21726372504281	3.10193009734455
3.5561715	11.3560446264851	16.0082626974636	5.89177584984057
3.8880585	0.260960000764467	0.351762736939518	0.136417408133006
3.9153645	0.0460191334889452	0.0617038160224898	0.0241155991224872
4.2667145	2.06669252325751	2.70033327595377	1.10541523665822
4.68834	0.49808966205052	0.634509851474916	0.270126497086292
4.9084975	16.3779331076523	21.0989536600877	8.75930762183892
5.1199015	11.5450274435752	15.5135661433537	6.29118343184923
5.31438	0.635662744623437	0.919043012730935	0.345177605385801
5.8189795	8.06462707183784	14.6751856453196	3.87307115454143
6.206267	0.0513125145607977	0.102916870083965	0.0211668597275401
6.2955315	2.04013747238536	3.94229369618315	0.777206611107347
6.4976095	1.76105591014088	3.57984198156303	0.565709882671449
6.66606	0.255091314524676	0.567862857837391	0.0628630346098337
6.838974	57.9857291558965	134.135172095437	11.16932426751
7.253248	6.09180741407495	14.4282294642234	0.266369064936047
7.5462125	0.00106837147905518	0.0029964618468912	0
7.5463905	0.00201234641937293	0.00561673281934208	0
7.5464795	8.90988812493389e-05	0.000251603268318413	0
7.7564	0.863423143171018	2.05647374571155	0
8.0134425	460.098896040032	1071.40582898278	0
8.139432	796.047197408147	1971.95024159444	0
8.2183845	7.82838399207067	21.096944113366	0
8.711009	0.900774072685215	3.92051271511096	0
9.362013	0	5.22185668499541	0
9.73084	0	4.01001352472062	0
10.0220355	0	1273.10785894114	0
10.246835	0	0.41926632524184	0
10.7496235	0	3.07479880395918	0
11.7693375	0	3.84273134618639	0
12.4311695	0	0.0146415690433344	0
12.4323505	0	0.002016775335119	0
12.4326295	0	0.000153855827635104	0
12.432745	0	0.0001198910209405	0
17.25131	0.544713716474278	1.38281264716714	0
22.454672	1.04652524167255	3.75626284259939	0.0766533727480204
25.9187225	0.932837496879727	3.39724893278708	0.00727327811536765
29.004032	0.652260411537682	2.51305491157456	0
29.8633005	0.532201087065818	2.04865847612978	0
31.2964675	0.33698210703646	1.54280662712754	0
31.8765895	0.262616487623536	1.48003219545447	0
33.05358	0.129610800756924	0.997702849686146	0
34.5285405	0.0204102422591085	0.558526149921672	0
35.2922805	0	0.361424896113753	0
36.6950385	0	0.220582254099623	0
37.632153	0	0.101853457029101	0
39.3469275	0	0.0792539577986037	0
41.5731555	0.0624433236532783	0.151841727299331	0
42.528435	0.0991833216707977	0.193944935682434	0
44.388963	0.13396393884661	0.18779371014763	0.0751805414403941
46.1001445	0	0	0
46.43515	0	0	0
46.475707	0	0	0
46.6405945	0.0468323540977962	0.0587840277636577	0.0337510749459962
47.8105375	0	0	0
48.8692675	0.0171955147594092	0.0201612208832895	0.0138251137755677
49.248787	0.531786786759341	0.61246888498881	0.436320625219405
49.9081375	0.597600313655763	0.676006573089636	0.49807896345055
50.283862	0.642461048219213	0.720988042701697	0.543270374917168
50.3828485	0.652511014004004	0.733388313529833	0.55690823953391
50.66208	0.681740111069984	0.7614571507912	0.593830999017717
50.884559	0.712945874473428	0.785545440275092	0.624198951579924
50.9034875	0.715041634104834	0.787285980066379	0.626578127078481
50.971997	0.722940812627243	0.795762130605152	0.632066391722906
51.4171705	0.77517745708616	0.853456023286185	0.697523377269238
51.92519	0.84430246884289	0.924085703709735	0.777912189829853
52.2504055	0.892291693087171	0.973267004216234	0.822734462424161
52.706343	0.960826203816984	1.05263312798614	0.892583202938813
53.0105785	1.00658806391578	1.10093378942197	0.93281582268413
53.4679295	1.07973801918808	1.17273170002361	0.991711586746751
53.929162	1.14804777479303	1.25712564115958	1.06450169562744
54.206641	1.19240278626705	1.30126728727764	1.10490862271486
54.546611	1.24387124400089	1.3651907769922	1.1506538923721
55.057958	1.3197487570035	1.4575557683689	1.20691507420068
55.9921185	1.4194138804609	1.57639519685211	1.29382262864864
56.542388	1.44741046375849	1.61313079958526	1.3387246672266
56.748428	1.46440847000208	1.62243969091204	1.31511285205923
57.117527	1.47810206666287	1.63209106408822	1.28537414358372
57.282776	1.47524224683465	1.63769889292288	1.27637703787935
57.291737	1.47523982300507	1.63905855762984	1.27557994880877
57.598961	1.48080497252712	1.64883335610732	1.26891218157411
58.170553	1.48139559903065	1.64947476761131	1.20807634239991
58.655344	1.47546921076946	1.63866739521886	1.17788208848034
58.8722625	1.47414723424955	1.66429190067145	1.14773723598127
58.8930435	1.4688112968746	1.66410166600933	1.14549024162687
59.3568915	1.40328842416688	1.64058509758074	1.10596711069252
59.901621	1.4444230438144	1.79007981626287	1.00080362567682
60.018879	1.45797742523892	1.82439435876201	1.00163212183256
60.125861	1.43929687997319	1.81769866621578	0.986457628044431
60.41285	1.41007360941345	1.82818954950948	1.0067596715234
60.8571245	1.44455123934577	1.93295234946346	0.944358024321522
61.1934865	1.54461655175088	2.06595720740707	0.997394531401118
61.5045445	1.65432838992227	2.19197432329012	1.10234523864209
61.9910095	1.91761917372227	2.44677675150433	1.40155846689349
62.5051755	2.3329210848543	2.78262979593809	1.91432231346692
62.7644605	2.59165573377703	3.05444987959785	2.18044189918933
62.8968355	2.74025711683508	3.1880583472312	2.30128595070904
63.3430765	3.20656129103738	3.65537023792238	2.75747169019013
63.7570815	3.57174400785023	4.08474468210691	3.08005670551612
63.9505675	3.74201023089168	4.22366744619999	3.2138244073627
64.1450625	3.90648309764391	4.46459343969923	3.36165251104346
64.505314	4.15162783942204	4.79076322509115	3.57599815675112
64.886442	4.24709197569895	5.00942621152901	3.69332082459805
65.1485475	4.24780397136947	4.94480342896429	3.72119381874587
65.441971	4.18234430787344	4.69789200287389	3.69990374632664
65.655432	4.07914283045961	4.54755497503842	3.64415399561551
65.76484	4.00883740223671	4.4374952534428	3.56660575196296
65.8348795	3.9616871204478	4.40519627319136	3.51403192773767
65.918501	3.88361785528121	4.26524919815606	3.47391549069132
65.9699825	3.81701487404058	4.05351189267925	3.49838506532074
65.97009	3.81416206979761	4.05958475075754	3.48156613622836
65.9704615	3.79791137205044	4.1031470319907	3.37409265550723
65.9709065	3.79206333774591	4.13240277093478	3.32285679725931
65.971133	3.79159081369829	4.11279350245469	3.34739156106876
65.9713605	3.79670020004416	4.09997544368939	3.365615476783
65.971596	3.80190008097313	4.08331474405488	3.38941499133455
65.9721685	3.80869794292453	4.06361076711271	3.46038083897048
66.057563	3.59784843628062	3.92396428321959	3.25283624833011
66.396283	3.10313174174655	3.66882076770956	2.67036547972184
66.785027	3.00485476056501	3.47324995392882	2.62600985340219
66.9841125	3.12514940051935	3.46698067824083	2.80592200505928
67.109753	3.2373296456484	3.54879773134512	2.91150804629942
67.180891	3.31490778660948	3.64832157248242	2.93550421713779
67.242333	3.3745095852761	3.74460204574744	3.00183346834197
67.294202	3.42438637135926	3.80875755339988	3.04830564366055
67.3582795	3.47086911112965	3.88012202317237	3.10343984045062
67.487483	3.55502042503012	4.02270450726772	3.21722092258608
67.56165	3.59424623877215	4.00255853998092	3.31962533314643
67.590285	3.61347224820704	4.00046972506698	3.34844045508477
67.6206075	3.63359760467146	4.02212296632224	3.38220358964673
67.6987275	3.70414917726526	4.08114486705233	3.42676141815564
67.873569	3.79923999047244	4.16619404681563	3.48286513524798
67.9828345	3.79911276633899	4.2509391619379	3.49888261907213
67.9852475	3.80019320897946	4.25223598039513	3.50133360648855
68.022883	3.82835775429182	4.25888694909939	3.52652519905523
68.17782	3.87449952970562	4.27365900418187	3.54934141148335
68.367547	3.82615393521771	4.197112800187	3.50948804149119
68.652246	3.70638749529061	4.04413733945618	3.32998250575133
68.972172	3.50640505563727	3.78840388920712	3.09114000748291
69.113899	3.39407700332476	3.64424042884786	2.98452433775565
69.148631	3.37588083621196	3.61935901317673	2.91733423890395
69.1487645	3.37369206061532	3.61924484402312	2.91323431651938
69.149461	3.36729507504207	3.61635776530048	2.89819346826875
69.167997	3.29087079501907	3.59327577310994	2.75865808918338
69.1963235	3.23011232629383	3.57069339527034	2.72821891004128
69.259123	3.17251441934979	3.54185482148363	2.65252325906957
69.3168765	3.2446629460468	3.55759423316236	2.84400439169395
69.3292345	3.26013772724678	3.55474609803256	2.82978037687481
69.340621	3.27419420900825	3.55586390594775	2.83101483146531
69.3540575	3.27907042795554	3.55544616600725	2.84485563305366
69.5060815	3.14292791078229	3.507897453808	2.71573715731342
69.9170775	3.24354561641252	3.60503110730495	2.8180742708744
70.1857435	3.61320604559319	3.82589689358082	3.37162145680702
70.192824	3.63058255921171	3.87129748684619	3.37503493027519
70.1992465	3.64289700637103	3.88474225570709	3.38061539152599
70.200524	3.64618151203213	3.89400988710662	3.38215540024712
70.299342	3.84056980246812	4.40938709545487	3.49958076279413
70.493044	4.09527089232933	4.88468122021414	3.61651996634902
70.68824	4.16389103081235	4.79710665521295	3.74056785808218
70.787318	4.12511679631211	4.60420784584601	3.79513697724527
70.796565	4.1192460170879	4.57846056218262	3.80039831097507
70.8423895	4.10144433987274	4.47576522696536	3.8173734258364
70.879723	2.9867808356337	3.21067512247209	2.79665855205719
70.8807055	0	0	0
70.9103225	4.0563423384717	4.33032683785886	3.8086742967575
70.9405525	4.09897104303178	4.33789301298006	3.86157694960011
70.9435335	4.09979112124349	4.33615292545956	3.86207812612427
71.140333	4.11638381832089	4.30961278773209	3.88897444682158
71.35921	4.12397089550314	4.43009974472763	3.82673619327205
71.383686	4.12391375264854	4.44313758468709	3.82798659389833
71.3842005	4.12401484894355	4.44342668511138	3.82789726022787
71.386176	4.12422438991192	4.44499819886063	3.82658524579345
71.4880425	4.13016373136387	4.50546137599922	3.76067567630829
71.588161	4.1269017130969	4.56484520602296	3.67871896176828
71.58868	4.12675641375346	4.5652121278593	3.67852699566077
71.590546	4.12641985195583	4.56655916577846	3.67743607965357
71.592146	4.1263830667636	4.56788944074298	3.67604129524167
71.593145	4.12634219048064	4.56837751499375	3.67483526191252
71.593915	4.12638007028523	4.56892647454167	3.67379445435132
71.6161195	4.12471588194632	4.58087932163716	3.65992865306685
71.73226	4.11976248546473	4.64422950320288	3.5640793425361
71.826288	4.11907861189181	4.70525182032829	3.482836489795
71.827099	4.11862307750879	4.70548834410555	3.48264753832164
71.847196	4.11746488454327	4.70735532825168	3.47015668865881
71.905833	4.11219605310666	4.71824944550417	3.4378397769096
71.9498175	4.10530635970647	4.72024367257148	3.40642775697909
71.955439	4.11563360039294	4.72971712917039	3.44999396318212
