phys	rec.rate	upper	lower
0.4090235	6.23276646808724	7.36591031594961	5.03956140313465
0.5663515	7.05314551703302	8.51860784810352	6.05780673085865
0.5999915	7.19147504379622	8.56258378239014	6.21952857491493
0.640676	7.34114761990169	8.6193890331661	6.41634361890869
0.70203	7.5701130247731	8.7275945666759	6.75252367728794
0.786831	7.87410816750649	8.86568929699219	7.16952642897039
0.8709145	8.17541062217587	9.01768055702977	7.53544659953983
0.928768	8.37680608232724	9.11417627697153	7.78578280432247
0.9923455	8.59224914833192	9.25692544838223	8.0585071745268
1.0658255	8.8259447399236	9.50990629497997	8.34201288409763
1.1065725	8.94694004024979	9.62183888177274	8.48961878717776
1.119715	8.98772553918935	9.68281235605666	8.54083481341588
1.1331885	9.03627524287835	9.73773822387995	8.60260852185121
1.1683155	9.16761957915867	9.91102006532859	8.76869137801144
1.233283	9.39888374790187	10.2689332767332	8.98712018156864
1.3037835	9.61787250561299	10.5003431436129	9.17628680138488
1.348531	9.7365495702053	10.540428080397	9.29359954886843
1.368227	9.79135135454101	10.5422885464324	9.35090347642216
1.383395	9.84012450677743	10.5907312440667	9.39902692712143
1.4013195	9.89123209019352	10.6361211444083	9.43126535104041
1.4290815	9.97012395900834	10.7203791679187	9.45953389314332
1.483377	10.0991557520043	10.7743632329401	9.48567194067142
1.550461	10.2065288212275	10.9102052083145	9.36303152956606
1.620865	10.2777649045097	10.9940084067022	9.19385858256473
1.701448	10.3245487088068	11.0763354743441	9.18617246752645
1.760055	10.3434414480215	11.1212450603508	9.36671620055017
1.8025695	10.3527399503897	11.1289342565721	9.46225371337934
1.8537325	10.3622272755949	11.0417174775849	9.56997590646306
1.892352	10.3729518944374	11.1449322333811	9.68523894092353
1.9214745	10.3968614451339	11.1964689710014	9.67931208790852
1.948077	10.4264045340471	11.3778718874329	9.68909275060792
1.9737945	10.464474106098	11.4471266774187	9.72740951745996
2.000262	10.5049105644654	11.4993516440696	9.77300639623175
2.0314945	10.5607346850551	11.6782386988788	9.79366507840807
2.076385	10.6341936221495	11.698498749494	9.83837734495356
2.1368155	10.7060491415856	11.6782784253105	9.92619178788612
2.2085895	10.7497674038975	11.6240772865648	9.90204374244644
2.2869805	10.7486644926976	11.5906179461049	9.90244099309226
2.3644445	10.7034446673307	11.4249728811001	9.81136634201135
2.4033205	10.6678297291279	11.3053475939704	9.85631656810597
2.4213595	10.6474104139728	11.294816261647	9.89295877874907
2.463769	10.5979977639256	11.229827732851	9.86998552621496
2.519123	10.5378702602906	11.1492386566862	9.81239635846553
2.5806695	10.4875931897479	11.0320021151459	9.80112992496626
2.639222	10.4731214998073	10.9715718585453	9.88515641551305
2.6708455	10.4815832270466	10.9555679900309	9.91534098971578
2.701053	10.4933276661936	11.0305711376221	9.93976347372121
2.7562515	10.517785449582	11.1501041736044	9.95820771881604
2.803573	10.5441959666164	11.2490977197636	9.94495963533641
2.8540775	10.5820149833687	11.4240103146969	9.97022047765795
2.9462695	10.6513537525214	11.5201181367613	9.95997016093718
3.0338235	10.7149239575724	11.6103417209787	10.0466289009468
3.077724	10.7538788161194	11.6529000814402	10.015042628366
3.099825	10.7835164925049	11.7116002651236	9.93851640535074
3.122358	10.8279720195596	11.7322224277307	9.74727110832647
3.1749065	10.9303381465624	11.9816997551714	9.66733416998549
3.2487585	10.9817395234505	12.0209588607785	9.85498508511464
3.2952155	10.9432665267741	11.9584829754313	9.96502208682782
3.3138165	10.9274707270477	11.923072262232	9.98618620395777
3.3463395	10.935068727313	11.8954886681928	9.99213748436909
3.4086925	10.8582762371432	11.9941780654553	9.93542377158032
3.4784735	10.6000855786101	11.9781370650472	9.60941381973785
3.5409385	10.2136263763359	11.5822241072313	9.2918662430181
3.585948	9.83823379225482	11.1667795768503	8.9552802925902
3.6059495	9.65632407770626	10.9133873290507	8.79410540123564
3.6166515	9.57812890200654	10.8199068177817	8.72605893535446
3.6375845	9.44595087643519	10.5579766989515	8.63851959503552
3.667249	9.23824393240555	10.2547821321405	8.45979601283502
3.689687	9.07341373886055	10.0448951235854	8.33213986719072
3.724928	8.85081162773467	9.77015766418382	8.12951709458557
3.778485	8.47664631434923	9.29586658335631	7.83149401362815
3.8157845	8.20024585598246	8.93120104532843	7.60927720819378
3.8464285	7.9871919900109	8.69340315065744	7.41884520211428
3.896651	7.65161599732982	8.33971823496729	7.12463603551995
3.992698	7.03803310942217	7.85026729680503	6.55703042696388
4.11703	6.26007263615783	7.3715584638716	5.68118852862147
4.2224975	5.63257670487818	7.02878610378967	4.96676320138899
4.313914	5.14310657919345	6.82066398951413	4.33297923780289
4.3928615	4.77153181352605	6.62950258265149	3.87174070491502
4.6365605	3.90460349398132	6.1315924411236	2.71691840216424
5.0693385	2.72950521895847	5.43620205673907	1.06473404055194
5.620398	1.75266141158753	4.95352620813408	0.0170276873808068
6.327451	0.887199255965907	4.29393584193292	0
6.9149635	0.383709586455416	3.92197554321055	0
7.4309075	0.138840304955582	3.54114638822338	0
11.4088115	0	1.81948794808149	0
18.736941	0	0.685131571121383	0
26.511634	0	1.14931775032882	0
34.585199	0	1.01301897857651	0
38.597162	0	1.03703326259819	0
38.7008595	0	1.03755037222497	0
38.756238	0	1.03444613671781	0
42.993901	0	0.933595025848225	0
51.55239	0.330946562059365	1.41775871600579	0
56.073065	1.20966231736852	2.73621378742172	0
56.4737765	1.48176510141399	2.94001951677683	0
56.8052145	1.77730529027886	3.13742608482274	0.568053365654773
56.9604385	1.94686982527882	3.24013606365352	0.875494119300058
57.114216	2.16844565166168	3.33296136714491	1.22263374819375
57.351717	2.52923598015179	3.48740568101845	1.74500682727053
57.49335	2.75240577622142	3.58833701415783	2.08013383810425
57.6481655	3.02654190266048	3.71011036906753	2.45607418613831
57.9724855	3.58586484659853	4.0603251858837	3.22494791328193
58.2505535	4.03093102684586	4.59669185736537	3.62913735208868
58.371075	4.23244038814461	4.92295813167004	3.73064756196794
58.446434	4.38229643623909	5.30016666453227	3.78873855660765
58.52321	4.54958508245369	5.59983786788418	3.89078519000458
58.6043715	4.73248971290787	6.0306384497194	3.97571054825306
58.663467	4.86405362005067	6.24119037723699	4.02689486788929
58.7409155	5.08212833153612	6.5902736383866	4.09953485376206
58.872452	5.3460399378997	7.02739267874345	4.20942882977432
58.9917115	5.4628262046528	7.21069901614907	4.2997455821267
59.072536	5.49149324867202	7.09625070881214	4.33203416523892
59.1194285	5.48242911017131	7.07139886322833	4.33532785372262
59.1550535	5.50546613148007	7.05868920802814	4.36567075854117
59.1992435	5.53718493813683	6.92152275278571	4.38657321839224
59.2853135	5.5901839022974	6.77953199271757	4.36067546205196
59.4171605	5.47583340768991	6.57791615915308	4.19836360270966
59.530232	5.19318821487601	6.20300961925164	4.01580428861256
59.6068315	4.91106522895749	5.8247990213009	3.78800565328516
59.666801	4.65114824574868	5.52383011582661	3.63609698323778
59.72539	4.3721949189134	5.21793019028817	3.45076922072347
59.768945	4.1544092559209	5.01404992565916	3.30759525563403
59.796865	4.01048064910447	4.90564400117764	3.15885306692047
59.8612225	3.68651885484895	4.67169306141834	2.83423358917577
59.9707105	3.20828211154418	4.36675864411794	2.37232758289983
60.1201235	2.69336100143398	3.88121357281636	1.84062653312891
60.376684	2.34878891846225	3.53579123278042	1.62506307201085
60.6541955	2.7938659482557	3.76086327112393	2.1100319788751
60.7977275	3.34533401117648	4.1329252966693	2.47870078651427
60.85354	3.5843060125795	4.30938798699542	2.65389101805464
60.9055685	3.78750510870222	4.42273240562123	2.83672335066061
60.9637635	4.00417263246949	4.58867743406404	3.06174116078026
61.043263	4.2796510578939	4.83620844587484	3.35920533404501
61.191897	4.81979695775768	5.34380973915919	4.05714363139954
61.3514175	5.49604111959453	5.99513377843748	4.90695829725271
61.437314	5.89404519373457	6.38724823754807	5.37045353415148
61.48398	6.10828451569311	6.6865527808393	5.64236657627665
61.5557095	6.43282319116928	7.13876207303607	5.98995258275183
61.652054	6.89573054942328	7.7372950793033	6.4263928468114
61.713006	7.20497232084051	8.10153240879039	6.69873887130872
61.737909	7.33731959802047	8.26558940731549	6.79605998310022
61.7592675	7.45148661383462	8.39298767123032	6.87060950455285
61.79071	7.62432140466737	8.55375913902605	6.995786134357
61.830921	7.84910046325253	8.74567399650868	7.13944319479433
61.886148	8.17050768003404	9.04863592586857	7.38213529240902
61.9630005	8.60334153057343	9.50745564014371	7.72778197396947
62.030571	8.96681922828559	9.93408938784438	8.04942938570544
62.073419	9.20699437113376	10.1911466392251	8.22379532366996
62.1298065	9.54392576295776	10.485771486589	8.5467669459975
62.2259125	9.9704941424763	11.00807472754	8.87333449194897
62.310317	10.1516882917588	11.3506437205037	8.95829689685893
62.3707565	10.2026377029315	11.5590107835422	9.06041252081475
62.426611	10.1530165060921	11.7745495060326	9.03580380272168
62.459338	10.0755714331071	11.668269053512	8.89524090464155
62.481939	10.056976913405	11.7138108632526	8.88697651572275
62.5051655	10.0252515833156	11.7404869620846	8.82803909287396
62.525146	10.003567918114	11.9137340597174	8.77955286453499
62.547334	9.9854256592697	11.8730975452936	8.69224079100318
62.586565	9.98074976589384	11.9792699841651	8.58841405150747
62.639402	9.87177293842913	11.7890634748776	8.41567700725212
62.687669	9.70754930788857	11.6967517005158	8.2196241035909
62.754198	9.41275741824412	11.3916193442487	7.9781567178321
62.8237705	8.96224716296488	10.6322357808628	7.48688348138384
62.8587935	8.67989122447332	10.2158073531713	7.21956172539344
62.888036	8.43215348898636	9.80685573995828	6.96595913998402
62.9496795	7.98141808941196	9.24697829375607	6.40846076097955
63.078602	7.43895507644415	9.15148290331078	5.08494147135343
63.2323405	7.42575078795453	9.12253905461468	4.91844157781712
63.3184375	7.72243813924689	9.12950409370039	5.14131435138311
63.359559	7.89912217362139	9.2403243625173	5.43859459321245
63.4358	8.18805523882747	9.6067332881242	6.21512048872227
63.544714	8.64514620789281	10.1136497108297	7.35666667277515
63.617542	8.96417225839102	10.6362130369213	7.75556850427423
63.6580685	9.15323888125671	11.0178470531574	7.86922073190027
63.7150365	9.36153468865747	11.6761311146684	7.94341829274995
63.7836555	9.4404547727831	11.8706124738991	7.94616881144257
63.8260245	9.37807833750023	11.9011699869469	7.92964384987547
63.854624	9.36106343189566	11.7160986065872	7.89323358522187
63.893307	9.2992217682051	11.5971931073403	7.82993131517749
63.9203065	9.22771854283731	11.5998548268355	7.79568421358646
63.946974	9.18769580652908	11.6076157497779	7.75796932269736
63.9883205	9.10061298213284	11.521172714339	7.67482054118236
64.043282	8.96186016774629	11.254914393389	7.55812297388861
64.1071985	8.69000402153871	10.6287538074759	7.39301886131985
64.170711	8.35171239465176	10.135289819737	7.15941787752041
64.2536475	7.8840061223646	9.39796109360027	6.87982753495348
64.336487	7.39035093072292	8.67282035567206	6.42848288818576
64.46127	6.72790995276722	7.92891548134648	5.5342385948205
64.656734	5.96328048675431	7.28463900521716	4.31902103585631
64.7859205	5.71889945844152	7.02645271541053	3.83864899880097
64.855714	5.62881877636803	6.88152569410593	3.87384071488582
64.9450335	5.62958034868335	6.76280370805773	4.21273888084117
65.0082445	5.74063430099404	6.74364305924981	4.43277578708451
65.033958	5.79954396362198	6.73167529750685	4.52360552884336
65.0917105	5.87528921200201	6.74061261245252	4.72056741014852
65.201546	6.11643529085923	6.91964747371777	5.20036004733038
65.2835845	6.36755666647009	7.19629510350278	5.49514556448704
65.320846	6.4970993200272	7.35191645716485	5.58691532108922
65.3847755	6.67539894245158	7.62408142509185	5.74515697255113
65.47447	6.82561461195751	8.03862438124247	5.81012739385187
65.5558765	6.85933476977537	8.17214824205809	5.81069961502741
65.657327	6.80131663239814	8.08435258624151	5.80965599571808
65.759242	6.62301653857682	7.83832812812215	5.78947440233373
65.8157	6.48518446218177	7.61202194723086	5.76351024787731
65.8566455	6.39333707445182	7.41874987920515	5.7366483259835
65.910731	6.28126030178011	7.14394813405328	5.67516815539076
65.959274	6.18759259469789	6.93623541565917	5.59214718600417
65.996753	6.12763717590249	6.79976865572513	5.52465135989295
66.0415975	6.0673691411744	6.65152362119275	5.42633246111226
66.103647	5.99741399093388	6.49779481468864	5.34712072380244
66.1614605	5.94859002562394	6.37834665489253	5.29600767992724
66.1980505	5.92098146090677	6.30478919104578	5.25541221194437
66.2262465	5.89985148255986	6.28395660720462	5.18924727197833
66.355014	5.79970938595323	6.18476651429591	4.93288366660895
66.6046	5.63412782159827	6.03696888647973	4.92502563867234
66.7655765	5.53048926715628	5.96400018522025	5.08373172757156
66.8086695	5.49883892717432	5.96117707667049	5.08278632639724
66.8603335	5.456781881804	5.94810171120121	5.05529922952847
66.9405525	5.39201518508381	5.93065667544694	4.99153080715809
67.0176535	5.33404635435006	5.92866480382177	4.91425862915348
67.0631555	5.30282793793596	5.94329918284628	4.86635627776382
67.1001185	5.28237618485779	5.95776362973945	4.8296953131761
67.199502	5.21964606637999	5.98886562173753	4.69850864661503
67.358419	5.11678820403205	6.04891277518644	4.48207194847696
67.4807385	5.03130857289866	6.10498147008547	4.31445822793717
67.580003	4.91635558555401	6.05900916470462	4.14842794041712
67.7623165	4.63567188150289	5.66447865471779	3.81164037385124
