phys	rec.rate	upper	lower
0.1996285	91.1048310125163	3365.83548076555	0
0.2676175	0.0139840365907733	0.283978806604357	0
0.3139985	0.0733055548751358	1.19145558789873	0
0.4017225	0	0.517725732818666	0
0.474816	7.12272452992358e-06	0.00015501927413643	0
0.54834	0.192217070218701	6.22295730852616	0
0.650241	0.00916688038537412	0.652488791161783	0
0.7671065	0.26904849499771	3.00693195111592	0
0.9135945	0	2.06905193283918	0
1.0587935	0.808573026179109	2.65886784231215	0
1.229751	0.416741909077055	0.851810679140374	0
1.3687955	0	0.137597599505017	0
1.424072	0.000291248236908042	0.000479296869111527	6.05367474009198e-05
1.4703465	0	0	0
1.516625	0.000344708940202952	0.000565068218929919	0.000233655952868166
1.5166865	0	0	0
1.59288	2.94051122808221	4.96379405759818	1.74191561195893
1.706107	8.39043712139394	14.4586567126027	4.52500609326746
1.787311	9.16034837561635	15.6120151934172	4.73553180070841
1.869883	9.32337646845056	14.77509295476	4.95354899866256
1.9138775	0.303411470445513	0.510076853874385	0.16604017930257
1.9203	0	0	0
1.9464945	1.96690107416319	3.22164646886792	1.05545993156625
1.9795755	0	0	0
1.9902285	0	0	0
2.0010185	3.34658037779018	4.99883540551664	2.05600242134521
2.008927	0	0	0
2.081919	43.1498071431365	69.7337179673259	23.1740930889305
2.195051	0	0	0
2.260164	0.5784344953393	1.03857725300148	0.160962580957543
2.3217395	0.57014742172239	1.01448790931956	0.13035415197405
2.3969505	0	0	0
2.480387	0.711763923447415	1.06138805187212	0.26450612126492
2.5837735	0	0	0
2.711269	2.486002315848	3.50742505553969	1.4587794350989
2.7910605	0	0	0
2.8063975	0.188860271562383	0.254841966521571	0.130716499348195
2.8108895	0.24997043025283	0.330004960085305	0.174587380578033
2.810902	0	0	0
2.858868	0	0	0
2.933711	2.22043659880542	3.08916854028522	1.66736095567732
2.970133	6.5981550028278	9.26458660172709	5.04571628481206
2.9797195	6.60364328397069	9.62610144856683	5.04382468366278
2.9896225	6.6942546911742	10.126520291625	5.06144061871706
3.021731	6.69946442445416	10.6744049955635	4.97417753268746
3.05429	0.225570768219419	0.326452914857999	0.168868094490892
3.2299505	0	0	0
3.408734	0.444723279729435	0.582129022680044	0.240386290146435
3.475623	4.58505823601581	6.08353688481262	3.04710818475225
3.571719	0	0	0
3.614387	0.00245334615286106	0.00377632801473299	0.00181728026213946
3.621712	0	0	0
3.6290285	5.2994469065567	8.25872035507863	3.93861548899393
3.654474	5.53340986962582	8.21457357733304	4.0656361939929
3.695331	6.38475043425424	9.43607567624137	4.78014447052326
3.713295	0.872926346231119	1.30993728082026	0.65945796798168
3.7158465	0	0	0
3.7286355	6.53570529464968	10.2050166929882	4.79656430778975
3.750281	1.4928549874169	2.39760391481213	1.10424529578519
3.7591775	0	0	0
3.7592405	34.3426281344466	53.0932795720931	26.0269992550673
3.759301	0.000904471137436325	0.0013352941466457	0.000693041462762877
3.759314	0	0	0
3.797299	4.89347813252708	6.68047106184722	3.49352081269822
3.8352805	0	0	0
3.835293	0	0	0
3.8730715	1.32924272402257	1.83316937843483	0.82512734967423
3.965319	0	0	0
4.0204705	0.0198375565941563	0.0292235062108952	0.00912824477820219
4.0652605	0	0	0
4.1094015	0.000803790565622881	0.00114423537875572	0.00046139477861172
4.1245055	0	0	0
4.142549	0	0	0
4.145513	0.000249299925203682	0.000359392982470069	0.000154098480799323
4.1460485	0	0	0
4.1568535	1.020206256986	1.5308722218612	0.617932785562698
4.220012	5.14963156035938	8.68280976727341	2.66903274447054
4.332985	3.7025947555387	6.2663810720798	1.88790837243127
4.3930815	0.000842512453956542	0.00127346644912988	0.000511868472790524
4.3930995	82.2016965682652	124.533789414995	49.470478756954
4.3931145	0	0	0
4.4075895	0	0	0
4.436769	0.515548439070863	0.771931488908875	0.256626692509531
4.454351	829.179910787498	1217.27845791525	435.494323211088
4.5088675	0	0	0
4.5605135	2.41555206735207e-05	3.31129713162696e-05	1.00768000319951e-05
4.562124	2.68642894660218	3.69790994474222	1.16117851792394
4.566198	0.0878204258251279	0.121097598962067	0.0363784574603668
4.681175	3.96867985701976	5.99830867789596	0.672229580072299
4.7958505	0.395384962699451	0.562873670949405	0.14045458576441
4.9018315	0	0	0
5.028749	0.984700924658814	1.25850390226561	0.63291171210268
5.0797785	2.48690895941653	3.14581359118316	1.67645435276143
5.1372885	6.07300603757464	7.55403822275731	4.19845663615395
5.16688	0	0	0
5.175945	0	0	0
5.2024505	3.12781866540109	3.87363858044118	2.20910527624789
5.220333	0	0	0
5.2480485	0.791059377958148	0.966932439531828	0.576729742265986
5.2753415	0.00290374111638381	0.00364419510448289	0.00214871728817473
5.2753535	0.00171964583495279	0.00215793224885197	0.00127235437192544
5.3044815	10.7495193936849	13.4469836415291	7.95683459036241
5.3456835	0	0	0
5.4891265	7.40505002704535	9.54292831050497	5.63322897625431
5.6460655	10.2803775175206	12.6748332528608	8.65625289355411
5.7065645	9.67127626517829	11.542993984386	8.38252210642859
5.93789	7.80205482594534	9.58791887673579	5.67936112283029
6.1514925	0.826055252048512	1.08993062568357	0.506891476251893
6.2644765	549.197700845917	744.015936552695	359.109388126127
6.3791455	0	0	0
6.398053	0.00101466833041538	0.00131344174808631	0.000672471048536459
6.3990475	0	0	0
6.477599	4.35000841673926	5.56552605774119	3.17575686186036
6.555187	0.00046834338047221	0.000559681119703139	0.000349273177561967
6.556388	0	0	0
6.674334	5.79680991891872	6.79804451506204	4.60869133180863
6.795308	0	0	0
6.7995355	0.000367023797789223	0.000420379337694975	0.000322918699190484
6.8025335	0	0	0
6.8148205	2.79660011661324	3.26676945165065	2.4200630156204
6.834314	3.19806475660993	3.75302248479071	2.74816801601193
6.8632105	13.5806293701047	15.8247056633342	11.7367694447134
6.889971	0	0	0
7.095701	3.4567350256791	4.1358942584567	2.92472155939241
7.3089815	0	0	0
7.3879905	0	0	0
7.496052	0.596030900992045	0.716556295287803	0.510039241370657
7.68097	0	0	0
7.894637	1.66158100088718	1.91818733087147	1.29706366274514
7.9992305	0.847126381428718	0.9697914376172	0.652263507991694
8.030507	0.000729579037933683	0.000845875020420582	0.000551283768508548
8.388401	3.51276669259517	4.57507769459231	2.16997459513168
8.746209	0	0	0
8.74622	5.73812292374032e-06	8.19717587645975e-06	1.55606644140963e-06
8.8090535	0	0	0
8.873138	113.310447725953	172.010939324848	4.28248651463869
9.0004795	0.0460365153983382	0.0768883208753517	0
9.1265695	0	4.29248159838574e-07	0
9.2082015	0	0.592264934181046	0
9.724559	0.294757353712874	0.798482329371294	0
11.6636365	0	0.236348325812959	0
13.173241	0.00146178530724505	0.00249008030162189	2.15587845554637e-05
13.183396	0.00706582914271929	0.0120579396976947	0.000163094200841898
13.188301	0	0	0
13.215672	1.64633014277966	2.78207789137487	0.088293737422024
13.6380305	0	0	0
14.0619775	0.0252866638371315	0.0527703102712154	0
14.259489	0	0.0445104973802254	0
14.5526145	0.0585645549574564	0.108435178342799	0
15.0287635	0	0.0460515325930303	0
15.407814	0.0306139634718152	0.0603120633481232	0
16.019218	0	0	0
16.603204	0.00512694484729434	0.00703089930174126	0.00352818288064699
16.628701	0	0	0
16.6542665	0.00064697680571713	0.000968647272202535	0.000442344058965972
16.6571925	0.0123530444680551	0.0184812182963506	0.00849793191261051
16.73881	0	0	0
16.8928715	0.616271319166345	1.02370308658627	0.362956770454806
16.9926235	0	0	0
17.01714	0	0	0
17.218835	1.5382040629418	2.8676830833053	0.951308390564703
17.489765	0	0	0
17.559292	0.0034170580219351	0.00658833471305736	0.00216792605784702
17.619126	0	0	0
17.6786815	3.62448644330278e-06	7.19454564599806e-06	2.34292974765777e-06
17.6873085	0	0	0
17.767907	7.22810927982591	14.0205370297214	4.7073825484074
17.841468	0	0	0
17.964111	0	0	0
18.1095005	0.662821940685909	1.1136162164643	0.269928629906953
18.1612765	0.20646715698225	0.355863710771384	0.0563566005317701
18.1887245	0	0	0
18.322514	2.54050365298557	4.5227876456241	0
18.48171	0.42387760412728	0.815276128232679	0
18.5222755	0	0.314031842760486	0
18.605673	7.78900962043791	15.9261137236515	0
18.768101	0	101335.867602157	0
