phys	rec.rate	upper	lower
0.3096105	0	0	0
0.5657095	0.0352446433879246	0.0392949773116591	0.0305155582402846
0.65909	4.05916304484237	4.5247237703061	3.50244286854624
0.786195	4.03258948051566	4.49200700510157	3.49833835121261
0.8244735	4.0245016314502	4.48290496042864	3.49513847449957
0.8326035	4.02304255656543	4.4805239200941	3.49498183819246
0.8680145	4.01494731456461	4.47099077069504	3.49021101462292
0.899202	4.00808476150159	4.46266879522409	3.4855319021591
0.950351	3.99722391723884	4.44894355254896	3.47721859036025
1.0071475	3.98505223001629	4.4332249411436	3.46787973010781
1.0907915	3.96650455937191	4.41061990401278	3.45422425515805
1.1691445	3.94918845414343	4.38896223028864	3.44095483608075
1.2779525	3.73754279972686	4.15037803028788	3.25877774448134
1.390189	0	0	0
1.399828	0.835718372368178	0.927170448855965	0.729215528167189
1.414476	0	0	0
1.443412	2.49544890121306	2.76721444499428	2.17770368107586
1.465879	3.88208550559098	4.30366761509781	3.3878838268251
1.473846	3.88042270593912	4.30131462589519	3.38640128010721
1.584962	3.85825694738944	4.27275409254906	3.36533175371534
1.784169	3.81839701530942	4.21989970615363	3.32962241508241
1.9172775	3.7918982983071	4.18927938935105	3.30783559021426
1.998487	3.7760675379209	4.17116992179576	3.29418627120656
2.0752375	3.76138497597787	4.15394458459683	3.28270220762116
2.1566945	3.74603554764665	4.13554197228644	3.26977782829539
2.27993	3.7230004524967	4.10746068304292	3.25392016976414
2.4047735	3.69972599953538	4.07875430552699	3.23792521498879
2.5567905	3.67150238927303	4.04336044811738	3.21847001146212
2.6774135	3.64906312216009	4.01502704745926	3.19924265505302
2.700944	3.64469943372838	4.00946308505289	3.19605651885004
2.750234	3.63559085753448	3.9977695218191	3.18938588502122
2.9343025	3.60160871817524	3.95367123596548	3.16451358443193
3.08885	1.25025237721981	1.3703242409764	1.10001018488875
3.1215095	0	0	0
3.538462	3.31233869883765	3.61105097856195	2.92632087474487
3.938917	3.41630895795453	3.70769779615106	3.03081066878765
4.04208	3.39715358638152	3.68327830944474	3.01734513129503
4.228518	3.36248861834641	3.63951248745525	2.99305370166134
4.45374	3.32043332021603	3.58616225243612	2.96379844810913
4.5952915	3.29403456406989	3.55279228983507	2.94545145671862
4.672707	2.00595755307063	2.16188738063931	1.79556855457428
4.792175	0	0	0
4.889801	1.6994398254317	1.82607721267643	1.52583483765235
5.2184925	3.17612116340218	3.40105246838375	2.86283730630622
5.5605225	1.48807512088202	1.58722959488061	1.34599310874116
5.695585	2.96033880483665	3.15565739483454	2.6824374132956
5.8395885	0	0	0
5.957088	0.71103966039574	0.756902109680121	0.646595092762133
6.0514535	3.02143362811472	3.21428271555462	2.75124670247403
6.1750995	2.99852496799547	3.18407967713888	2.73521808671572
6.401164	2.95679778391733	3.13282178753967	2.70308736758618
6.6612655	2.90929429727367	3.07912265396405	2.67209244323931
6.848423	2.87535231384727	3.03411737788964	2.64561726111845
7.161471	2.81901868835211	2.95792624103628	2.5993161178269
7.397029	2.77739218343379	2.90865528083591	2.56508205308825
7.60598	1.60499391037278	1.67293967561503	1.48450323718379
7.958643	0	0	0
8.1837015	0.925701717830022	0.961465819660824	0.858300595775293
8.3922905	2.60067244092631	2.69711914139671	2.41603816198531
8.5858055	2.56632398927293	2.66281333173509	2.38913935709932
8.8501995	2.51893740307921	2.61127385794484	2.35369081353006
9.067382	2.48057318835869	2.57275957417875	2.32967570066774
9.225509	2.45116670635464	2.53697354906136	2.3054130504598
9.467133	2.40632693273083	2.49622284777152	2.27952993672303
9.656491	2.37080281349926	2.45424831188921	2.24741005666819
9.782572	2.34695009248053	2.42865079738868	2.23454988178196
10.0494585	2.29568819308497	2.37382190613108	2.18610123244961
10.515818	2.20899716820522	2.29735410918257	2.09622995674126
10.8430025	2.15009538044461	2.24786333960641	2.01882637396162
10.9395245	2.13272675054887	2.23444064019434	1.99525182486294
11.2226555	2.07868728550628	2.18240920186314	1.92291969000424
11.671894	1.99616755934458	2.1198806508493	1.79381581423833
11.8811985	1.95854113691984	2.0935720956795	1.73793022434709
12.0384745	1.92851651679942	2.07004545237278	1.68807153067187
12.2515825	1.88754569782338	2.04184555381408	1.62750285469521
12.361499	1.86620091650726	2.02994590897387	1.60315769693091
12.440974	1.84938054063894	2.01438131106583	1.58268624554186
12.5501515	0.528179460085592	0.575670133601708	0.449337102217589
12.672093	0	0	0
12.78587	0.893813363615827	0.988492919360117	0.753792555729494
13.2980585	1.52790624240545	1.70628537550383	1.26089453572183
13.9961915	1.4965753230013	1.73291214120472	1.19862937901528
15.293604	1.24988747520319	1.55284423586716	0.951017285170891
16.4894225	1.06424844634208	1.43787115579779	0.769039337927978
16.7836495	1.02426683269738	1.39853076448042	0.735000985474776
17.059354	0.987691962133094	1.36034891520811	0.708188048035051
17.7674385	0.901458247172908	1.25142302144116	0.646875598346071
18.7831455	0.801601580061722	1.15891403452626	0.558359417828344
19.418341	0.75287906463666	1.0854395243573	0.514003168777763
19.755329	0.729795951698446	1.05196456669187	0.493950930920109
20.218507	0.69808248761334	0.994588208067071	0.46691581339754
20.57952	0.676378828334543	0.961513422943739	0.443919646498848
20.6394145	0.6723159074116	0.957398643879755	0.438572753732881
20.8482315	0.332201167963288	0.472569196508067	0.218292922874661
21.165032	0	0	0
21.942217	0.463519287325701	0.638970030041459	0.300848680706827
22.8359425	0.530983192720972	0.762910095274913	0.327495660465402
23.239327	0.511720382795925	0.751773590319083	0.308018897727397
24.588632	0.452444204591702	0.647244193539571	0.259346964367031
25.8291655	0.00886062608553477	0.0135651652112614	0.00472084665485867
26.4920045	0	0	0
27.552351	0.414083656366759	0.561427443108963	0.203730086895833
27.9948635	0.0405661131244365	0.0558558688426501	0.0199340995538194
28.2763655	1.29841331656017	1.71816735480537	0.655363291852604
28.622709	0	0	0
28.9706475	0.0415775598670282	0.0525562935318228	0.0219272753009263
29.250842	0	0	0
29.559003	6.22138373756994	7.70997084645125	3.38783771266983
29.9450515	0.152982297072105	0.187354962357216	0.0858440819532422
30.318313	1.23554174480299	1.48779603409672	0.739504020549847
30.6392015	0.0635210281058679	0.0773926227371988	0.0395552295745508
31.043259	0	0	0
31.5513975	0.116427219051143	0.138010980445686	0.0856961422296591
32.186443	0.420552633543132	0.48862677090489	0.328489967983456
32.931122	0.302131412218499	0.348332335257201	0.241348106709519
33.2864085	0.717785209074269	0.83295781038268	0.573706060389599
33.4362915	0.0626644266725859	0.0731991203426303	0.0502525476500365
33.8462315	1.56232831073661	1.79014450001653	1.28230892999059
34.293351	0.0680224326905197	0.0778699705808856	0.0566373028757872
34.921104	7.83057228570779	8.68956864904992	6.58356791860913
35.4839115	0.113771323082864	0.128750253463124	0.0952102319768551
35.601402	2.38862567674989	2.69947960250372	2.00096647723455
35.706783	0.0134260536870246	0.0152330611582353	0.0112725928735756
36.1396885	2.83925934840294	3.15608912791525	2.41632539612938
36.613565	0.048458433117152	0.0541352982393438	0.0413871675241578
37.095204	0.459301215023035	0.507133117883213	0.400476549316625
37.859207	1.34868123775702	1.47875567108188	1.18853065092467
38.286125	0.432298853024367	0.476420753290283	0.382367816677909
38.4472165	0.0632686389490357	0.0699621682268717	0.0559396707017143
38.9170945	3.48902650174665	3.81742688491912	3.08018905036342
39.3539705	0.104326102655944	0.115405676827611	0.0917617863900916
39.520197	0.0966775320711823	0.106878006921456	0.0849801833323359
39.863942	0	0	0
40.0856035	0.0039993271585848	0.00443102351345628	0.00350857683678588
40.311745	0.478990991768171	0.529256620532177	0.420015306256485
40.720121	0.10472258528344	0.115740808898332	0.0922973725876669
41.0582635	0.20818014531103	0.230881620764166	0.184517305375564
41.783711	7.13085159863888	7.81665680066187	6.33841908687491
42.587962	0.586884104217753	0.649692607844955	0.516398597003617
42.8424695	0	0	0
42.984511	0.00580997216621885	0.00647965644066707	0.00509945783920907
43.4529055	0	0	0
43.9767065	0.284323024302298	0.318424339964212	0.25063242287171
44.48029	0	0	0
44.9656335	0.0178405722074228	0.0201128162038757	0.0157355347853114
46.0620675	0.222919052998934	0.247113834391354	0.196465396318775
47.26245	0.247002134944504	0.277157256412554	0.215615789207546
48.14824	0.23865552323049	0.270155450253756	0.205251183533472
48.8490695	0.232834152580931	0.269915849300973	0.198550835158633
49.125633	0.230285151890221	0.26701934318266	0.195756520072234
49.373761	0.00498743755794296	0.00580518304085057	0.00421760555934208
51.351523	0	0	0
53.3613405	0.0185668768030429	0.0216756529167688	0.0153004808397841
53.6030985	0.469280240027181	0.546384296031893	0.386257132293974
54.064921	0.0701116224838222	0.0813356513866145	0.0578642817156475
54.6551485	0	0	0
55.0184135	0.00628586698568698	0.0072391506615113	0.00517309540988657
55.685541	0.0489186041323115	0.0556905885443905	0.0404449317693863
56.356074	0.118703157763093	0.136840414947635	0.0972389386082846
56.5979605	0.0132509423841139	0.0152687147292638	0.0108169133655536
56.8569675	0.0355152552146106	0.0410026155970793	0.0289502330316956
56.996241	0	0	0
57.666857	0.213684969202854	0.241273330839734	0.175781238309654
58.3844675	0	0	0
58.598905	0	0	0
58.799108	0.0144724458894606	0.0167492880780113	0.0118549158405587
58.972542	0.0649590324947132	0.0750960566735496	0.0529736857906629
59.4625315	1.46774583944828	1.67905393760474	1.20613935531093
60.3392325	0.133495186082043	0.154423392762353	0.109983514581657
60.8854155	0.0387323554588396	0.0461203075040858	0.0312684622014407
62.266158	2.2918818755045	2.63277338177502	1.69482635797716
64.0661555	0.0211687800671313	0.025728638551079	0.0135991138681432
65.2104525	0	0	0
65.8697615	0	0	0
65.8803335	0	0	0
65.955007	0	0	0
66.2472935	0.0113340637063731	0.0145569315808308	0.00590557118577574
66.769978	0.137662583031964	0.178049663096412	0.0680943739980938
67.2347445	0.134131156330943	0.176830282189772	0.0646620289911938
67.662954	0.130612322654049	0.175570289148376	0.0617018209596743
68.104322	0.12688223486062	0.174706290330108	0.0585362100441561
68.4100135	0.124174953838536	0.173403016893456	0.0565134940591355
69.3427245	0.115465845675373	0.165954088860948	0.0505845419439755
79.2913895	0.0759672727032143	0.121166526581446	0.0431752375842774
90.9740875	0.119175549736452	0.191945750509354	0.0816849309380484
94.074622	0.152223399992743	0.223901230976029	0.10881115108069
95.354824	0.168013758411185	0.239384471613014	0.122819233164764
96.5334865	0.183312385020442	0.253916038975307	0.136583035017764
97.3818405	0.194756434958775	0.264671907631483	0.146456695625799
97.874467	0.20154448754938	0.270821839774954	0.15275247998552
99.1038425	0.218841758311045	0.284223746776299	0.168898282071749
100.4249795	0.237861379465321	0.302247693971349	0.185435040624096
100.7387535	0.242525969549906	0.306721024410738	0.189169134930396
102.359588	0.266972648553995	0.328656967778471	0.210772254100423
104.0986545	0.0936230160389143	0.112572569055403	0.0748609535190155
104.847394	0.511767721841346	0.609804629661227	0.41094643387165
105.3583455	0	0	0
105.653611	0.182883532066339	0.215480885261448	0.147406267093901
105.956688	0.0106726872064267	0.0124989848329546	0.00862098559644717
106.3380715	0.320035694470304	0.371863729131436	0.259064620022714
108.236173	0.193487287917506	0.218923509529777	0.159577502613802
110.204898	0	0	0
110.717743	0.0620628511925147	0.0692063454939992	0.053513603001561
111.353687	3.16601111136809	3.52403507993585	2.76371317226433
112.131145	0.106293912388147	0.1181942438804	0.0932985995729778
112.370381	0	0	0
112.414425	0.0268299247692668	0.0298187495406098	0.0236118259029452
113.172388	0.412649595905083	0.45753769312452	0.366062630501537
114.0789015	0.419890564365098	0.466105360153338	0.373924961680028
114.5153065	0.423111981891647	0.470310873621285	0.376330319697528
114.7886735	0.42505065736558	0.472047146825977	0.37827397233935
115.2394595	0.428673505651595	0.474928128501881	0.38080163520995
116.894432	0.439327638914209	0.486940521457666	0.395316842606587
118.2308105	0.445137030605431	0.495388079511849	0.398486600930485
118.7800065	0.447231542619387	0.49751658618074	0.402401596828002
119.50275	0.449772559658215	0.49996272429885	0.404270911313618
122.0153765	0.453081562807875	0.497965890962458	0.414373981653386
124.296176	0.44835012159539	0.490327380834878	0.411520469208331
125.249197	0.443263181884246	0.481103055304178	0.410104116642454
126.148537	0.437339825328741	0.472038781451216	0.407718685017256
126.415896	0.43517140901286	0.468780304611411	0.406798724534393
126.7638105	0.432192326977637	0.464843458648734	0.403894869752913
126.8940915	0.430999790906087	0.463858247672429	0.401510301790917
127.367359	0.333025228157735	0.358314514315042	0.309737515669838
127.9323355	0	0	0
128.1043745	0.117740335003654	0.126880236170737	0.108843735396857
128.271324	0.416675793508361	0.449665664530055	0.38534560179924
128.4320795	0.414734580817965	0.44834454818541	0.380979776681717
128.551638	0.413208109618292	0.447299601675809	0.379936295554335
129.015089	0.407084848301748	0.441908149294924	0.374459920506893
129.429055	0.401777136512329	0.438266606923694	0.368196595227119
129.512106	0.400624532591519	0.437826043692196	0.366838773316533
130.24098	0.390856850904521	0.431033149893287	0.353885862174166
131.3917215	0.378081144616185	0.419053838708658	0.335707802442905
132.075049	0.228795170158472	0.254174084152458	0.199676660158621
132.410417	0.202839077517704	0.225336566321421	0.176252749299137
132.6543565	0.0440932006086571	0.0490929457338638	0.0379990101800767
132.818844	0	0	0
132.9388065	0	0	0
133.0423855	0.0493927451553878	0.0551473463538556	0.0424420069819068
133.2833225	0.486564479216056	0.545393552738663	0.417059837725735
133.494301	0.00158470289733501	0.00178834612298385	0.0013540033257918
133.6940395	0	0	0
134.134716	0.429860824470444	0.488238691634918	0.361876573094819
134.4119615	0.0407423835006751	0.0469260395100659	0.0338996605484985
134.4975	0	0	0
134.735095	0	0	0
135.2578475	0.105720057651811	0.123533902418764	0.0851856430431723
135.612968	0.326069822995002	0.386578573400593	0.259682768407791
135.742812	0.324671142036293	0.385770432975047	0.259034751910858
135.994246	0.322160417761857	0.383072768253316	0.258182636193661
136.565138	0.31825637776749	0.378310541448407	0.258816542263412
137.030181	0.317437678080231	0.382361774351949	0.258035804849636
137.157015	0.317066767682966	0.379855053817802	0.257805742576095
137.4195605	0.316326782903718	0.374891451792927	0.258834487400945
137.7458165	0.315848198775812	0.372729852331258	0.258895637056501
137.962706	0.315686549630105	0.374638621920482	0.257633464642358
138.0579845	0.315457606121718	0.375426847685205	0.258031708651938
138.1592145	0.314915375246347	0.373731310337683	0.258880350788696
138.5281395	0.31234444498802	0.365378278411185	0.258822545467618
138.983303	0.310153475153656	0.364170405060723	0.257860076058764
139.2351025	0.309160621757992	0.363100324433028	0.258264271230597
139.412615	0.308279963341028	0.364052882527177	0.257137537016343
140.8604755	0.304729213098666	0.341990029246674	0.273732986890574
142.299861	0.314106485160879	0.373257076906312	0.280250376895202
142.9921555	0.315819127508356	0.358456577389205	0.281713280661027
143.627423	0.00407922274853544	0.00472824254134245	0.00361592421732108
143.642143	0	0	0
143.7287035	0	0	0
144.085117	7.76729802875221	8.78060248891514	6.92789949897637
144.979135	2.54052482531228	2.76533345113798	2.3013042182999
145.752763	0.053721846326107	0.0587583472142657	0.0484645323357682
146.2239335	0.379330428906609	0.409000516220073	0.341557944971363
146.544176	0.386769149233191	0.419666521907655	0.348423949600187
146.567452	0.387253423062882	0.419936768903024	0.34887241143215
146.7186755	0.390168628095872	0.421928155978806	0.352240000708483
146.851737	0.392789952361727	0.424510043426868	0.355070537303809
146.905589	0.393610797490131	0.425352412957632	0.355985265679802
147.244487	0.398663889033136	0.427558651244341	0.364436948569182
147.591439	0.404373577434079	0.432701994003974	0.370849155643561
147.8973355	0.409229764885335	0.436223320585892	0.376417329715935
148.4234745	0.418338068390889	0.444413705796596	0.385417590080053
148.7954105	0.425427661672195	0.452887831582634	0.392863435456177
149.114325	0.431611400881115	0.458044419202712	0.399214666843327
149.4305535	0.4380531853831	0.466079595471503	0.406455811042741
149.6054365	0.441578081916419	0.468951306655198	0.409262905981212
149.777583	0.444979715479497	0.472156928551854	0.413042049226112
150.076168	0.450815495999253	0.477587932909783	0.417439337508516
150.435846	0.455480987804036	0.481947165671088	0.422156291383102
150.5859635	0.00461948777604519	0.00488929444248771	0.00427547004595056
150.6537115	0	0	0
150.7398285	0.131739269227194	0.139628177019181	0.121683692519621
150.806356	0.330713326573885	0.350594495497013	0.306192801173785
151.091257	0.469695987448725	0.498268105890665	0.437211444954068
151.760719	0.481151661240098	0.510508008740308	0.448950612048532
152.648253	0.498391587620898	0.529388325691199	0.466578599133125
153.2430515	0.511171271935301	0.54088682920728	0.478009042228872
153.3840205	0.514286673128999	0.543680923437998	0.48091836324034
153.4753145	0.51604131817859	0.54559332693095	0.482353290620634
153.5779555	0.518023921588089	0.547759255041019	0.484725558148639
153.7462365	0.520922448177881	0.550762176674665	0.488488502996064
154.620366	0.536901414009482	0.56824934662304	0.505333171443198
155.441123	0.104076838902535	0.110148829030788	0.0974655054642125
155.8353635	0.613973208175432	0.647015344470637	0.573089891814592
156.207292	0	0	0
156.3518735	0.127967160607161	0.134660201470982	0.119049338366503
156.419679	0.0190422629438546	0.0200302108014499	0.0177119356424089
156.654969	2.07222810463915	2.17880248263874	1.92385126275695
156.9230745	0.088285959547366	0.0927861354970098	0.0818647884155073
157.0399935	0.410008745587691	0.430737509214958	0.380180273351392
157.2455915	0.15040287050179	0.157982385615476	0.139782186300318
157.3988245	0	0	0
157.7633675	6.92735450377635	7.2680035989752	6.46978379469374
158.1835175	0.122801737273462	0.128920972329387	0.114721821023135
158.671453	0.61801097468156	0.648807283072857	0.57838920024483
159.108032	0.626719140593119	0.661311190073533	0.585455766467335
159.578448	0.635750773320853	0.667832662999859	0.595197587322892
160.2446995	0.649693308749954	0.684058501912489	0.608695167995773
160.4772845	0.65482142930068	0.69064606495622	0.613223693748948
161.2959865	0.672351109436491	0.70609656225527	0.631634667916749
162.177493	0.69393897253445	0.730273428279639	0.650567985919312
162.2956185	0.69688544971918	0.732973940110449	0.653264528171248
162.4436445	0.26433569581127	0.277549319649059	0.247875217386113
162.6982185	0	0	0
163.0330935	0.375733274452178	0.394976747911945	0.354082083947232
163.254546	0.718292670504908	0.755992575222008	0.677060851778928
163.5107775	0.723833058095465	0.761627272765818	0.68323822604943
164.091585	0.164544810384401	0.172892578614371	0.156097564722235
165.436598	10.935646745546	11.4591274113106	10.3949561389379
166.7225095	1.43903024796291	1.50456831864939	1.35807951969355
167.1020635	0	0	0
167.3474885	0.152089698324903	0.158884017559805	0.143463148648088
167.6727275	0.180101722495064	0.187989917776628	0.16999727222771
167.95154	0.86296267633077	0.900598780196013	0.812774296506195
168.2110115	0.406917949743069	0.424460626448912	0.382216730541543
168.4079075	0	0	0
168.5559435	0.668727016782497	0.698871408293065	0.624149793425753
168.662511	0.573920841702985	0.600459181547892	0.535757077238472
168.7285425	0	0	0
168.884011	0.312974667465377	0.327922116583263	0.291704614120843
169.035478	0.898071048987738	0.942340906205884	0.83700987130319
169.5845005	0.914937266939551	0.96258869778618	0.850809802386618
170.11595	0.934725222686812	0.988963538465315	0.863156561505913
170.1373345	0.935583317154627	0.989875578332905	0.863957011631854
170.2042445	0.937989881991214	0.992337948601304	0.865765752174191
170.5377615	0.950390009296571	1.00543786831808	0.875345935935157
170.872801	0.964225391182414	1.02213985014809	0.887538756071617
170.996944	0.969578576385724	1.0270647594358	0.892563957259782
171.0604095	0.972323335084402	1.02941743213067	0.895267562724969
171.2435095	0.979645021452315	1.03810721032735	0.901092247657363
171.4711615	0.989261500919268	1.05106366774714	0.913141077934393
171.6706045	0.997737884258985	1.06197015197181	0.922559680575224
172.1508335	1.01995967166182	1.08783887824351	0.942921298267925
172.6105775	1.04372486678439	1.11328641711688	0.963796360761563
172.7981245	1.05404100873541	1.12228008880784	0.977430945815695
172.8691865	1.05798542787349	1.12534388721181	0.982816388771851
172.940312	1.06178774767706	1.12872608353495	0.988172300980534
173.027778	1.06646349489818	1.13378527509132	0.991965695253532
173.257932	1.07863630476379	1.1453245568922	1.00262383842166
173.5089455	1.09223152055696	1.16143777723075	1.0118600224468
173.622144	1.09834402939349	1.17021936616262	1.01650576826739
173.8847555	1.11238134760755	1.18282682584473	1.02861990008909
174.4722845	1.14424414977652	1.22347352838003	1.06081436653185
175.041393	1.17595932107406	1.25748444198089	1.08730093871233
175.336172	1.1928709402772	1.27490652754136	1.10257848162517
175.6834985	1.21296052660314	1.29152823023202	1.12782084607151
175.940965	1.22773090404013	1.3076746658046	1.14179105444388
176.236563	1.24506590663718	1.32135550904539	1.16008682317105
176.6679225	1.26978766061169	1.34559446165615	1.19201155810116
176.8765045	1.28160858995007	1.35870396135876	1.20383984938193
177.1009465	1.29493808394895	1.36896588662248	1.21662192610153
177.3076055	1.30702895261379	1.38195825043144	1.22962134729369
177.722846	1.33091334658478	1.40681577516882	1.26033590518253
178.1466735	1.35346502980208	1.4333812850535	1.28389842214763
178.3575655	1.36504024832924	1.44530739585599	1.29354743695516
178.714447	1.38367305521469	1.46851295129204	1.30805466552743
178.9118695	1.39337371482117	1.48010577901778	1.31109400674849
178.962553	0.23561026061065	0.250028906794793	0.221728944960743
179.0128185	0	0	0
179.077507	6.7865868993735	7.2047127850314	6.38672826354895
179.259417	3.39275043016446	3.59503717063547	3.19775218502645
180.0938845	1.24072483772837	1.317359173288	1.16954123087004
180.9003605	1.49526827530891	1.6231628928679	1.38329753630775
181.213835	1.50381161073681	1.63619200904411	1.40018122582013
181.5328155	1.51091648101227	1.64564034408494	1.40082919909737
181.7236045	1.51536166291693	1.65158829235327	1.39896098794672
181.815017	1.51742475471958	1.65757215818375	1.39971668474099
181.8842355	1.52044927787188	1.66425799008835	1.40386683612702
181.9994295	1.52553503650109	1.67625582440011	1.41285857361658
182.2768085	1.53713890243966	1.68544270450594	1.41584146329209
182.503628	0.0388757885092428	0.0427954492414962	0.0355584349449565
182.5776065	43.5232162611143	48.0313919096601	39.8712344348602
182.6522815	0.0323621454851849	0.0357796678693793	0.0295933700422395
182.753861	0	0	0
182.8762915	0.209714545446648	0.23229350631783	0.191556066844014
183.008579	1.2840936472396	1.42061483547538	1.17831931204486
183.2580465	1.56453319533628	1.72862296617884	1.43885429209913
183.4468945	1.56441921310189	1.72676063398879	1.43308868913061
183.536589	1.56375145656581	1.72577348463974	1.43422744002354
183.6102365	1.56344999268351	1.72196759786268	1.43335842047195
183.751772	1.56409099044324	1.71933399649298	1.438530646342
183.8665975	1.56380257131812	1.71316388976115	1.43731698236583
184.145107	1.56382673887128	1.70440516981336	1.45246675140847
184.44968	0.0336222094492302	0.0367128977869866	0.0309492566706541
184.483914	0	0	0
184.5064115	0	0	0
184.619624	6.46476117659015	7.0349365489142	5.96964931736778
184.838803	2.10028200442648	2.27749351349357	1.94353191533513
185.3713985	5.03864374338543	5.41058154862271	4.69201793546304
185.896415	0.449344742099596	0.477857384425412	0.419447346029495
186.427742	5.33311070598699	5.6182493274701	5.00630164593757
186.9681115	0.46110334132763	0.486273306411391	0.435372838074876
187.1431405	0.557674294740807	0.588856019350114	0.525711151705341
187.2667095	2.34399558716847	2.47483649348418	2.21275076431806
187.381005	0.495048425912398	0.52345060114505	0.467071241202521
187.5480735	0.915433086469818	0.972687127236383	0.862288370436021
187.752944	7.6453418123571	8.14625218799453	7.17632728257412
187.843664	0.487526626445263	0.520225359734056	0.456898468903825
187.9006275	0.0999611407109986	0.106740123500888	0.0935695540139248
187.997079	0	0	0
188.1833415	1.00147195866565	1.07106208285782	0.93307994118231
188.380309	0.685358441733106	0.735851711638634	0.634646975943384
188.5660005	2.61043646102776	2.80379557561172	2.40430470352817
188.9082505	2.51058969262589	2.69455307446105	2.29573317759322
189.1468955	0.107645721378601	0.115288147728006	0.0981568679980567
189.2637905	1.15395761735247	1.23471898228545	1.05006977933044
189.4724375	1.34752892963071	1.44038689617973	1.22699297624841
189.6373975	1.34102338672651	1.43082869464447	1.21832538081114
189.8304535	1.33427410935671	1.42164857775576	1.21441037369201
189.9779315	1.32975775491582	1.41506394539259	1.20763128728513
190.048075	0.726829629297266	0.772486368698556	0.660079806762908
190.157653	3.06990731459203	3.25414339049518	2.79095493985128
190.2286405	0.49239492329553	0.521351933544396	0.448353191063058
190.303001	0	0	0
190.360482	0.0480752609215848	0.0509109005087455	0.0437536985135823
190.4969085	1.27096133563784	1.34606706919772	1.16108795059854
190.665251	1.3095071181686	1.38663379312127	1.20170982025974
190.754722	1.30673518924246	1.38447314219829	1.20300689174219
191.0187975	1.29856133963345	1.37642993361443	1.19949074694404
191.330165	1.29011163512863	1.36672932265874	1.19468560114404
191.451145	1.28685858889594	1.36290013183811	1.18949061243266
191.5259655	1.2843072573638	1.36052108041958	1.18756399327588
191.9108855	1.27058082028905	1.35261415744832	1.1785940375261
192.414564	1.25508141398285	1.34207914387282	1.16564740051579
192.6912585	1.24730106118802	1.33589657794207	1.15730012160018
192.879005	1.24196150594634	1.33134618267232	1.15440409380696
193.1637405	1.23370330699207	1.3218944833988	1.14645569899919
193.514126	1.22437473855649	1.3100669702369	1.13384095151254
193.679968	1.22018771224836	1.30352113482495	1.12895382659463
194.068464	1.20956079272707	1.29478287428167	1.11788372356513
194.490706	0.430289425012747	0.460063994109948	0.397169876770547
194.6300515	1.31524551072536	1.4034717143897	1.21271564241233
194.7632315	0	0	0
194.8445915	0.0855209408972895	0.0911297526232328	0.078885014945195
195.035797	0.532708584848681	0.567177235151354	0.492591372694048
195.521929	37.7207345193471	40.2212529474458	35.0582890040511
196.196774	0	0	0
196.549492	0.0172799241711494	0.0184896550208184	0.0160309513972718
196.5746915	0.087554476881885	0.0936199770124213	0.08119012177894
196.7871785	0	0	0
196.9971525	0.0116222751928403	0.0124652208858756	0.0107434423685174
197.080989	1.16405626244404	1.24897202797074	1.07639689965438
197.717857	1.16524205338909	1.24911009023938	1.07496537716806
198.387595	1.1751273055784	1.25952808882824	1.07435819849791
198.699526	1.18268790481937	1.26499971863625	1.07968935451223
198.9256265	1.18916407936733	1.27606076770019	1.08446561683059
198.981708	1.19067633736355	1.2780625016964	1.08668877551584
199.064896	1.1927439226237	1.2819318686469	1.08754564496652
199.29808	1.19831772773788	1.28885324494569	1.09462555106503
199.544909	1.20501007497868	1.29816127388539	1.0995301386417
199.8316125	1.21300922838615	1.30775937119145	1.11164857994611
200.2059205	1.22526086161657	1.31481115769686	1.12977692378793
200.4019595	1.23238259265267	1.31929794253924	1.13655169777116
200.513434	0.61153761987484	0.65417006482966	0.563764015472644
200.6394685	0	0	0
200.7535775	0.549573743989948	0.587134643127572	0.50520572184607
200.8950355	1.2474152582422	1.33450837772432	1.15246399688093
201.03471	1.25085962595075	1.33745964191467	1.15629129422754
201.19984	1.25431404835211	1.34296440014419	1.16432059362268
201.382609	1.11432980354298	1.19516353738608	1.03418451877731
201.4574385	0	0	0
201.5349365	1.12127503896988	1.20379277881046	1.03829240184351
201.628256	1.26113451139379	1.35458826367765	1.16705859827508
201.6670845	1.26122915432843	1.35584695541382	1.16507842233148
201.8330585	1.26066254195362	1.35684160614489	1.16360316269577
202.169793	1.25950152197575	1.36149850023035	1.15235082792647
202.375882	1.25893195949577	1.36582267551912	1.13351888622535
202.6768545	1.25625396600812	1.36690876062803	1.11398223307727
203.013689	1.25434069692532	1.36884887302305	1.08457997467925
203.07405	1.25381815903067	1.36913763541825	1.07967322691942
203.190318	1.23251897031036	1.34928384358238	1.05362948494916
203.3046925	0	0	0
203.3658825	0.484998379488709	0.532817856391287	0.411866466333621
203.5170415	4.22553285922845	4.65589045708404	3.57668489987604
203.635679	0	0	0
204.0204555	0.917181591859162	1.02616081338287	0.776909574379633
204.4327245	0.259705176073349	0.292947588857035	0.216647828879881
204.686328	0	0	0
204.9405165	0.259792192869871	0.294640870844557	0.213236076545715
205.0486125	1.19800076022769	1.35712091305141	0.978895327830805
205.1471175	1.19496714091019	1.35402803339282	0.974465995037591
205.216862	1.19236523842213	1.35134792252478	0.969433212297481
205.2577435	1.19044797102845	1.3510453341005	0.966512953104639
205.3226055	1.18673283001981	1.34872509010984	0.964213833744313
205.472892	1.17778308821326	1.3432557626486	0.963119481496566
205.881103	1.15816633004163	1.33711046649334	0.95703769714134
206.2697475	1.14839401228045	1.35580051341251	0.948781547927763
206.6747755	0.582488285798046	0.689238953966331	0.476241650277945
207.3102295	2.47551958692004	2.96002734768528	1.9893539585009
207.770465	15.1545990397528	18.3873304797081	11.9546909769548
207.929477	0.0548407631110263	0.0674979618494661	0.0434631262375897
208.19676	2.52917966377387	3.04553124955419	1.99761551630658
208.576054	9.34973644508336	11.4680743664984	7.38613197485528
208.716259	0.0469650570692876	0.0582370148561022	0.0372042592196632
209.1795055	7.13394302049623	8.67510172742383	5.55966513515394
209.7079775	1.41050803463457	1.72201745050007	1.06962800345504
209.869417	0	0	0
209.968355	0.0181399197065557	0.0223095251500569	0.0135878940827639
209.9939775	0.0755817763588139	0.0929935739949351	0.0565292250006262
210.0346955	0	0	0
210.1530665	0	0	0
210.5073565	1.00397887869954	1.24483355599645	0.755335635791604
211.121765	1.55288832689927	1.9149319992776	1.1768410896433
211.9589085	1.7200602894796	2.07323584298401	1.35831300994135
212.5664335	1.87583145835046	2.20844964407075	1.5159981662088
212.684418	1.90971115445393	2.23163816705394	1.55527571098357
212.968723	1.93957529167442	2.23830947902	1.60397196420579
213.257633	0	0	0
213.2956535	1.65212488362079	1.89350865351131	1.38702337743312
213.3353875	2.11376165618283	2.41918292470381	1.77840111092878
213.397515	2.13508004723417	2.43826259226155	1.79398277405323
213.5145745	2.17546505734042	2.47166970167474	1.82535147655904
213.660812	2.22613142289272	2.51227363082948	1.88584046902325
213.9749095	2.33376054805686	2.62792438852239	1.97848700161529
214.2664505	2.43204554064296	2.73883828888718	2.08347950606306
214.356787	2.46284263879091	2.77808916560215	2.10966545391954
214.8313365	2.61664121558299	2.93981358100838	2.27516906996529
215.310722	2.75689257227474	3.1097165250236	2.42748132422078
215.4968215	2.81098577130448	3.16296765534699	2.47395411689131
215.662882	2.85726067538403	3.21356826233921	2.5234069049955
215.753586	2.50776353396573	2.82314139196446	2.20876236879351
215.8392935	0	0	0
216.144573	2.89299278833787	3.21298251691058	2.53001097510756
216.484825	3.08678512090796	3.46046594794419	2.68123585835666
216.605079	3.11561991759179	3.50539500872084	2.71660445908557
216.8682595	3.17601150049323	3.59028096331925	2.76300463829969
217.1260535	3.22268673483151	3.65621063625439	2.79464496502467
217.2374875	1.08111853729818	1.22851689566652	0.936105306938619
217.365665	0	0	0
217.512127	1.37100746382267	1.55777171411711	1.1947293562626
217.6262575	3.31011103269973	3.75542298278672	2.8773798486321
217.7090525	3.32596246320648	3.77069593735042	2.883573315649
217.8914035	1.58368261211458	1.7941398348269	1.3837619543197
218.165674	8.83555315816167	9.98034084308978	7.61364156560769
218.3373975	0	0	0
218.434411	1.32488995475632	1.50659134293726	1.13009649595232
218.502269	0.611344287362396	0.695672226495862	0.52110388108273
218.67757	3.46981545741841	3.92126705239692	3.00559182080066
218.9350305	0.694822688740797	0.787648254314495	0.597068561246198
219.0567575	9.62698710071585	10.9433005081583	8.15925859064139
219.2644945	40.7316175022048	46.2256955980663	35.4554312788099
219.625098	18.0761809369354	20.623813050883	15.7437148249262
219.804542	0	0	0
219.8401785	5.12016500357288	5.90491192810083	4.43536433494877
219.874615	0.0487310166286027	0.056208945166979	0.0421499835149378
219.897642	0	0	0
219.946935	0.662631613230228	0.765184270075243	0.576073313335585
220.00472	10.7152235219863	12.3469271035325	9.35012594631192
220.0980495	1.33581936911663	1.52758755195888	1.17308489626899
220.251215	3.45744843838822	3.91986190428583	3.05627097795615
220.4567935	3.46289532624543	3.91022115650618	3.08331942567713
220.662982	3.45962787418693	3.90446585826584	3.09064058362485
220.8158085	3.45436387754528	3.91779552956682	3.06929928756025
220.924188	3.45092520320467	3.90265943414087	3.06250442235559
221.0170205	3.45065962894807	3.87642990014669	3.04501754112038
221.0700975	0.0127176993091015	0.0142756500376157	0.0111335135704525
221.342898	3.94590121322459	4.40323071705411	3.48311781172331
221.6219775	0.70706655474523	0.788717348623854	0.623243452359459
221.859652	0	0	0
222.1253745	0.42453147634453	0.469050577611057	0.370151618328586
222.3113455	1.19949874079462	1.32384488280703	1.05242675039299
222.654499	3.22772080336053	3.56004130320805	2.8629440407195
222.9241025	2.02898407983001	2.25386974041858	1.81419875598343
223.043463	0	0	0
223.1160225	1.28315948294944	1.43254578742651	1.15174905187582
223.151406	3.0620700648575	3.41987828450662	2.75579224232701
223.199293	3.04813233975984	3.4024717254801	2.74088079444131
223.306046	3.0179079425536	3.35478472160688	2.72955332987208
223.4449555	2.97990590548842	3.30553074635116	2.72246358506126
223.6948635	2.91416396208387	3.19270338236133	2.69951669256711
224.0029665	2.19743775900595	2.39889527434654	2.03986063493415
224.1744805	0	0	0
224.220389	0.455036458499092	0.495081799207218	0.420849036883612
224.405938	2.72717163271765	2.95001487083974	2.53311667232274
224.6033645	2.67921035650083	2.87365301598053	2.4765709387769
224.7651635	2.64334803811538	2.82183012758373	2.44331256598321
224.93851	2.60512614884063	2.77835536475235	2.40404234883921
225.0030615	2.5915794650529	2.7540659284896	2.39654233647687
225.1855	2.5553046292023	2.69859604597085	2.3609399075143
225.356675	2.52193888933601	2.65678036461442	2.34910666196495
225.417855	0.54933757723184	0.578921614605671	0.511279978009009
225.4627375	0.0538787826832874	0.0568137608113824	0.0501099415098209
225.58267	0	0	0
225.7153435	0.0680654381545127	0.07172757469067	0.0633661014087307
226.014056	352.73545767673	371.009855922775	329.872550424787
226.3098235	1.6672081373952	1.75181437929875	1.5608329985616
226.344438	1.69116187287735	1.77632558825827	1.58444716862311
226.5970095	3.86020825805152	4.05087647214422	3.64236153192785
226.941271	0	0	0
227.0536615	0.228990681947709	0.24035203834956	0.217944017448615
227.07797	0	0	0
227.126528	9.72859477095268	10.2071594467128	9.26523135097356
227.292993	0.456969938760619	0.481216579168654	0.435993403052237
227.461957	0.190587407524607	0.20137187865392	0.181730142357322
227.503046	2.18792378947396	2.31417033440665	2.0857873204512
227.6281225	2.16874792286707	2.30086757885599	2.07081300658198
227.8055625	2.14145146425565	2.28158790019387	2.04482913358559
228.082164	2.09809250308135	2.2498807554504	1.99983424066148
228.6522365	2.00900174968097	2.18685000624538	1.91071279993982
229.0722855	1.94390179517156	2.13487070357343	1.84177073638846
229.190933	0.412684844217911	0.453753935332016	0.390612759911694
229.318567	0	0	0
229.527001	3.6434161158747	4.0257809203438	3.43500968011277
230.0288755	1.30319715651322	1.45537572104508	1.22053694683514
230.5662055	1.71413223828372	1.93681869021955	1.59426474783122
230.763561	1.68444817084502	1.90971976492048	1.56341282586159
230.872322	1.66813263882091	1.89346763940298	1.54608949560627
231.028575	1.64476619772753	1.87374584848305	1.52142741689755
231.2050415	1.61850910046023	1.84738448086765	1.4888144969731
231.31875	1.60164407019203	1.83116521608095	1.46941440873762
231.360576	1.59541101441798	1.82511691075067	1.46266175097115
231.4650875	1.57979161289264	1.80984468011213	1.44586500744801
232.291743	1.45619763915338	1.69536026957769	1.30508451047031
233.187576	0.905707048460565	1.08094692303345	0.788356899586069
233.3933355	0	0	0
233.5334865	0.682925919563981	0.824965631319911	0.585692898859706
233.735862	1.2426142578646	1.5124933906268	1.05705531360748
233.8926965	1.2195738624278	1.49372377148303	1.02964201220635
234.109183	1.18777354016156	1.46801702059371	0.991292817334438
234.356191	1.15159969798577	1.43878554762365	0.951384935115959
234.422024	1.14188308551193	1.43112729632344	0.940454260690683
234.486774	1.1323229963837	1.4226988506953	0.929031111107805
234.5564755	0.240179362439096	0.302740518705441	0.196186322789543
234.605894	0.303503613120877	0.383028309268191	0.247119781319961
234.659914	0.0668427767642939	0.0845660881125382	0.0542188240381072
234.731866	0	0	0
234.806502	0	0	0
234.8446275	0.405212545632948	0.516783862647237	0.324998660815187
234.897463	0.615169119465771	0.787218663635134	0.491980598991443
235.1813755	14.4981701435932	18.8446842323782	11.333604103739
235.4754245	0.121989810375341	0.161329554006275	0.0966813403441113
