phys	rec.rate	upper	lower
0.0234300960960961	3.89833358797722	3.91076411044367	3.87614985346071
0.0702902882882883	3.89833358797723	3.91076411044368	3.87614985346071
0.11715048048048	3.89833358797723	3.91076411044368	3.87614985346071
0.164010672672673	3.89833358797722	3.91076411044367	3.87614985346071
0.210870864864865	3.89833358797723	3.91076411044367	3.87614985346071
0.257731057057057	3.89833358797723	3.91076411044367	3.87614985346071
0.304591249249249	3.89833358797722	3.91076411044367	3.87614985346071
0.351451441441441	3.89833358797723	3.91076411044368	3.87614985346071
0.398311633633634	3.89833358797722	3.91076411044367	3.87614985346071
0.445171825825826	3.89831888898574	3.91076411044368	3.87605274989044
0.492032018018018	3.89814153777277	3.91012708330019	3.87526517281593
0.53889221021021	3.89813526489064	3.90878790961514	3.87734762647897
0.585752402402402	3.89819359546612	3.90803753855862	3.88188144382148
0.632612594594595	3.89830538219689	3.90796300479189	3.88589766745919
0.679472786786787	3.89848024412405	3.90841737157191	3.8892455709589
0.726332978978979	3.89871818124761	3.90857917213963	3.89047178385753
0.773193171171171	3.89901919356758	3.90852880607526	3.89129621503115
0.820053363363363	3.89938328108395	3.90978723317264	3.89295212800948
0.866913555555556	3.89981044379672	3.90994187504781	3.89431165801119
0.913773747747748	3.90030342926278	3.91001569509132	3.89485400479214
0.96063393993994	3.90080545636505	3.91012681049258	3.89485128296359
1.00749413213213	3.90123794984175	3.91044742069132	3.8954149079563
1.05435432432432	3.90159772750608	3.91126634200383	3.89607839142458
1.10121451651652	3.90188478935801	3.91125165279363	3.89593523006614
1.14807470870871	3.90209913539755	3.91123316498428	3.89626840579455
1.1949349009009	3.9022407656247	3.91093961503802	3.8964268579892
1.24179509309309	3.90230968003945	3.91131360845054	3.8962160312251
1.28865528528529	3.90230587864181	3.91024864631553	3.89527958929778
1.33551547747748	3.90222934654544	3.90949642139734	3.8937384369046
1.38237566966967	3.90203603691102	3.90904091656357	3.89215243526996
1.42923586186186	3.90158990708257	3.90862749328834	3.89034334402584
1.47609605405405	3.90086492627092	3.90808035934983	3.88861730989774
1.52295624624625	3.89985738906837	3.90723300205874	3.8863440032535
1.56981643843844	3.898464906773	3.90593434145689	3.8841522350127
1.61667663063063	3.8965818630393	3.9051072361003	3.88212385847248
1.66353682282282	3.8942037821055	3.90337295726508	3.87895282162701
1.71039701501501	3.89133066397158	3.90060142802862	3.87546310429112
1.75725720720721	3.88795151065917	3.89856602356398	3.8724562074739
1.8041173993994	3.88396051876466	3.89600260088888	3.86946467610937
1.85097759159159	3.87932045465835	3.89078385466988	3.86539188882766
1.89783778378378	3.87421395994652	3.88325710924493	3.86149056395832
1.94469797597598	3.86902746988505	3.87676480352033	3.85775052718411
1.99155816816817	3.86389971448205	3.8715297213854	3.85369817164132
2.03841836036036	3.85883113224185	3.86663575781384	3.84918594771731
2.08527855255255	3.85382172316442	3.86144046479732	3.8444345134734
2.13213874474474	3.8488714872498	3.8561563121238	3.83983395064379
2.17899893693694	3.84398042449796	3.85159847544078	3.83527002910382
2.22585912912913	3.8391485349089	3.84752507987143	3.83091861814792
2.27271932132132	3.83437581848262	3.84405045006612	3.82711403372364
2.31957951351351	3.82966227521912	3.83994830147231	3.82225971812136
2.36643970570571	3.82500843017141	3.83639882054488	3.81775236627151
2.4132998978979	3.8205397426237	3.83296081643859	3.81123670775959
2.46016009009009	3.81654117462549	3.82933801318497	3.80575111022141
2.50702028228228	3.81305189377599	3.82683709683597	3.80163884661136
2.55388047447447	3.81007190007521	3.82440505187718	3.79895761262892
2.60074066666667	3.8076014506525	3.82279548704593	3.79748051895466
2.64760085885886	3.80572784561474	3.82147338092353	3.7954920016814
2.69446105105105	3.80459538040472	3.8204314887245	3.79368574585587
2.74132124324324	3.80411997256863	3.8215057273006	3.79396568925877
2.78818143543544	3.80405467594201	3.82056117339524	3.79390930782709
2.83504162762763	3.80423049706955	3.81937539756063	3.79358402507625
2.88190181981982	3.80464391684845	3.81803159191344	3.79282817045369
2.92876201201201	3.80518511671305	3.81894770080391	3.79280012905023
2.9756222042042	3.80541747575376	3.82010494382034	3.79131595931528
3.0224823963964	3.80523248412265	3.82062862004752	3.78945852080308
3.06934258858859	3.80463014181802	3.81820750170968	3.78844262668604
3.11620278078078	3.80363600955579	3.81400506366639	3.78720997099256
3.16306297297297	3.80235442851943	3.81223580738871	3.78552154781979
3.20992316516516	3.80081201930603	3.81053886292069	3.78332393326445
3.25678335735736	3.79900878192356	3.808962015757	3.78087435037646
3.30364354954955	3.79694471637208	3.80704557264127	3.77847508416576
3.35050374174174	3.79461982265167	3.80504673155925	3.77633441247101
3.39736393393393	3.79203410076215	3.80260164463443	3.77399697546171
3.44422412612613	3.78918755070367	3.79977906854738	3.77117287147576
3.49108431831832	3.78608184474268	3.79679130983775	3.76916771389279
3.53794451051051	3.78277872055396	3.7946355229711	3.76609262979913
3.5848047027027	3.77935653456107	3.79212214393376	3.76293185655056
3.63166489489489	3.77582928167035	3.78931939955115	3.75982856658064
3.67852508708709	3.77226725386095	3.78644930867271	3.75595871841834
3.72538527927928	3.76870368802446	3.78371835909881	3.75168320252163
3.77224547147147	3.76513878184278	3.78140429079476	3.74748854429776
3.81910566366366	3.76157253531579	3.77850011706084	3.74429497176156
3.86596585585586	3.75800494844359	3.77542136590579	3.74101909771735
3.91282604804805	3.75443602122617	3.7718383003522	3.73756529146487
3.95968624024024	3.75086575366347	3.76786687035766	3.73587025372857
4.00654643243243	3.74729414575553	3.76404533650385	3.7329200035341
4.05340662462462	3.74372119750238	3.76057926834136	3.73117705433937
4.10026681681682	3.74014690890397	3.75770836026743	3.72920131274679
4.14712700900901	3.73657127996031	3.75481876870461	3.72697991330586
4.1939872012012	3.73299431067143	3.75137619038174	3.72268402698406
4.24084739339339	3.72941600103727	3.74875610705467	3.71656121763722
4.28770758558559	3.7258363510579	3.74867162845849	3.71014155573498
4.33456777777778	3.72225536073328	3.75133872312582	3.70336610000481
4.38142796996997	3.71866851300486	3.75271370089999	3.69660713057054
4.42828816216216	3.71497680511906	3.75379556342757	3.68971410002917
4.47514835435435	3.71108387690099	3.75083746864734	3.68360532988935
4.52200854654655	3.70689790738861	3.74836641818653	3.67719350698975
4.56886873873874	3.70141651512021	3.73698182886869	3.67042524741844
4.61572893093093	3.69516958112256	3.7227953977838	3.66376918554629
4.66258912312312	3.68843849842573	3.71368135574124	3.65674277110824
4.70944931531532	3.6812232670298	3.70772023874181	3.64962455816977
4.75630950750751	3.67352388693464	3.70132544216192	3.64220565990394
4.8031696996997	3.66534035814037	3.69363704760598	3.63500933684163
4.85002989189189	3.65667268064691	3.68445737600214	3.62765521579229
4.89689008408408	3.64752085445431	3.67439035860527	3.62024254091929
4.94375027627628	3.63788487956255	3.66293683157881	3.61277349097122
4.99061046846847	3.62776475597163	3.64960673677538	3.604774876639
5.03747066066066	3.61716048368154	3.63661189653671	3.59581528273415
5.08433085285285	3.60615114303087	3.62470586556983	3.58746587150712
5.13119104504505	3.59505468456073	3.61344783289207	3.57825153504363
5.17805123723724	3.58395100529873	3.60173918873308	3.56749692498386
5.22491142942943	3.57284010524528	3.59006439262666	3.55672503138391
5.27177162162162	3.56172198440033	3.57801977954192	3.54540757363298
5.31863181381381	3.55059664276393	3.56675092056999	3.53291405106652
5.36549200600601	3.53946408033605	3.55586867596089	3.51998123206313
5.4123521981982	3.52832429711671	3.54608777800987	3.5073952644091
5.45921239039039	3.51717729310592	3.53584807522196	3.49561533363028
5.50607258258258	3.50602306830362	3.52545178247495	3.48440548656157
5.55293277477478	3.49486162286079	3.51605131772304	3.4734313425743
5.59979296696697	3.48377111105945	3.5065446331503	3.45926175779433
5.64665315915916	3.47305254748994	3.49711344256594	3.443374594877
5.69351335135135	3.46277839204397	3.4881716464819	3.42911660776943
5.74037354354354	3.45294864472158	3.47915619402242	3.41686490586501
5.78723373573574	3.44356330552267	3.47054986505599	3.40656916444702
5.83409392792793	3.4346223744473	3.46171150845245	3.39820599940058
5.88095412012012	3.42612585149551	3.45308656397038	3.39180146468162
5.92781431231231	3.41807268492477	3.4446137219775	3.38755592398259
5.9746745045045	3.41043066223514	3.43612201592242	3.38500299376461
6.0215346966967	3.402986724351	3.42792512223499	3.38179400873768
6.06839488888889	3.3956410128579	3.41969539169335	3.37748815799431
6.11525508108108	3.38839293625219	3.41158461456153	3.37183185559
6.16211527327327	3.38124249453382	3.40381541432964	3.36472606354603
6.20897546546547	3.3741896877029	3.39560497361765	3.35778243088402
6.25583565765766	3.36723451575932	3.38790937975521	3.35159396596693
6.30269584984985	3.36037697870318	3.38032962871281	3.34447569613356
6.34955604204204	3.35361707653438	3.37266602644263	3.33778342276302
6.39641623423423	3.34695480925302	3.36544893208615	3.33116931586249
6.44327642642643	3.340390176859	3.35803834615886	3.32399425705263
6.49013661861862	3.33391786756068	3.35136549320109	3.31655427903634
6.53699681081081	3.32747166068629	3.3451350640136	3.30953601163653
6.583857003003	3.32100660964623	3.3385872226572	3.30258058886928
6.6307171951952	3.31452185878344	3.33330907613139	3.29556369184018
6.67757738738739	3.30801740809792	3.32621379036374	3.28829267770696
6.72443757957958	3.30149325758965	3.31982600907913	3.28180865397393
6.77129777177177	3.29494940725862	3.31336584368895	3.27526201446035
6.81815796396396	3.28838585710482	3.30709942089615	3.26939493433643
6.86501815615616	3.2818026071283	3.30018622815734	3.2632084207668
6.91187834834835	3.27519965732898	3.29382542283874	3.25665333074687
6.95873854054054	3.268577007707	3.28729113223049	3.25023609703015
7.00559873273273	3.26193228128217	3.28056365700041	3.24380909782099
7.05245892492493	3.25524712907904	3.27402445269409	3.23731348744335
7.09931911711712	3.24849936732323	3.2682839319002	3.23007267431672
7.14617930930931	3.24163061204827	3.26214466716317	3.22324036640638
7.1930395015015	3.2346252746866	3.25444809299778	3.21672176721747
7.23989969369369	3.22748335507813	3.2469550018472	3.21043379652058
7.28675988588589	3.220204853223	3.23781078647943	3.20457599195518
7.33362007807808	3.21278976912107	3.22993591544581	3.19811018276852
7.38048027027027	3.20523810277241	3.22133260253652	3.19089974330358
7.42734046246246	3.19754985417699	3.21371153130354	3.18176269545495
7.47420065465466	3.18972437846964	3.20827565997757	3.16969027174737
7.52106084684685	3.18154791967998	3.20470635031857	3.15839095966719
7.56792103903904	3.17249864056898	3.19917226351255	3.1453483996825
7.61478123123123	3.16249802277523	3.18911292921094	3.13167631846683
7.66164142342342	3.15122497645041	3.17761722466078	3.11706319336849
7.70850161561562	3.13777414507209	3.16504682462215	3.09983458374341
7.75536180780781	3.1219397605216	3.1516303549323	3.08097634948827
7.802222	3.10316963779685	3.13905967259333	3.06137568431185
7.84908219219219	3.08440480886863	3.12539364733049	3.03722119468881
7.89594238438439	3.07092510917323	3.11273057004381	3.03081720079833
7.94280257657658	3.05925676896172	3.10024114969959	3.02778112031902
7.98966276876877	3.04888889286231	3.08829834381339	3.01622436697283
8.03652296096096	3.03982148087502	3.07788747820616	3.00233977518362
8.08338315315315	3.03205453299992	3.06759199278353	2.99235608249043
8.13024334534535	3.02558804923701	3.05792366045927	2.98530848123942
8.17710353753754	3.02042202958622	3.04897653778816	2.98380945507299
8.22396372972973	3.0165129966646	3.04056968114808	2.98656757939495
8.27082392192192	3.01324385354294	3.03238199632603	2.99052862422136
8.31768411411412	3.01015610649002	3.02498317319428	2.99384103349964
8.36454430630631	3.00723887895446	3.01876837158894	2.99573666940021
8.4114044984985	3.00449217093622	3.01371551166025	2.99403440850707
8.45826469069069	3.00191598243536	3.01089018895541	2.98934898328719
8.50512488288288	2.99951031345173	3.00911789835471	2.98437502005229
8.55198507507508	2.9972751639855	3.00922187626177	2.98015621041797
8.59884526726727	2.99521053403658	3.00972892837135	2.97657676726301
8.64570545945946	2.99331642360502	3.01035908078203	2.97308341029323
8.69256565165165	2.99159283269077	3.01073212762883	2.97007782621619
8.73942584384384	2.99003976129389	3.01084514591564	2.96765548944252
8.78628603603604	2.98865720941429	3.01062637354801	2.96515816732528
8.83314622822823	2.98744517705204	3.01013332510542	2.96339958074133
8.88000642042042	2.98640366420713	3.00909521134038	2.96168324813481
8.92686661261261	2.98553267087958	3.00785145664725	2.95998568151655
8.97372680480481	2.98483219706934	3.00638058235956	2.9585915281307
9.020586996997	2.98430224277643	3.0045295359564	2.95729498548771
9.06744718918919	2.983942790499	3.00344602909445	2.95670435812684
9.11430738138138	2.98366050940765	3.00301446104523	2.95625043094891
9.16116757357358	2.98314401070577	3.00367377683005	2.95618046932942
9.20802776576577	2.98232843196674	3.00191265777437	2.95652339947891
9.25488795795796	2.9812163978896	2.99898993701365	2.95722063813868
9.30174815015015	2.97982120593167	2.99565602405594	2.95824371111919
9.34860834234234	2.97814705960455	2.99122032951833	2.95952674889546
9.39546853453454	2.97626680797709	2.98712783275501	2.96129917074256
9.44232872672673	2.97444423795565	2.9849348838144	2.96222471494037
9.48918891891892	2.972739038076	2.98303787303737	2.9635698438754
9.53604911111111	2.97115120833799	2.98172889629245	2.9622927547662
9.5829093033033	2.96968074874174	2.98012665749514	2.96112334777425
9.62976949549549	2.96832908225943	2.97822614537301	2.95919758892721
9.67662968768769	2.967228812688	2.97708712961482	2.95873714648159
9.72348987987988	2.96661562700401	2.97629778008948	2.95901540746426
9.77035007207207	2.96643949687468	2.97524807177278	2.95944603095427
9.81721026426426	2.96654726529171	2.97516114998931	2.95991410932269
9.86407045645646	2.96691921224701	2.97404625331262	2.96075879986308
9.91093064864865	2.96752735382246	2.97395836467926	2.96223628391312
9.95779084084084	2.96819934588011	2.97409400370397	2.96260722467158
10.004651033033	2.96886963312459	2.97454674074434	2.96318780228988
10.0515112252252	2.96953808807867	2.9746212754234	2.96382244872178
10.0983714174174	2.97020471074226	2.97459679799643	2.96479062576559
10.1452316096096	2.97086397851609	2.97454678237861	2.96542567263416
10.1920918018018	2.97139563819366	2.9748516708501	2.96545531686684
10.238951993994	2.97168307981461	2.97471050649674	2.96612697673772
10.2858121861862	2.97171578680626	2.97445628268108	2.96662420320591
10.3326723783784	2.97141303129197	2.9739493681479	2.96652295816817
10.3795325705706	2.9707150845649	2.97343825109105	2.96563663111036
10.4263927627628	2.96962054348019	2.97237567246312	2.96437965680451
10.473252954955	2.96812940803788	2.97124653290842	2.96281511965864
10.5201131471471	2.9662416782379	2.96932531328114	2.9613649111511
10.5669733393393	2.96395735408033	2.96689167237208	2.9591585292177
10.6138335315315	2.96127643556514	2.96443338151053	2.95667361764821
10.6606937237237	2.9581946883904	2.96119656082785	2.95409242053186
10.7075539159159	2.95467086734579	2.95830715002569	2.95081475729607
10.7544141081081	2.95074285174603	2.95507156608443	2.94721371137957
10.8012743003003	2.94652979233899	2.95082913089688	2.94334278295591
10.8481344924925	2.9420455351999	2.94570309654364	2.93907801744906
10.8949946846847	2.9373460728809	2.94082048578031	2.93483166707752
10.9418548768769	2.93256834679328	2.93594426880961	2.93038516816064
10.9887150690691	2.92777503149611	2.93086730293489	2.92555378018981
11.0355752612613	2.92305961434536	2.92663543597454	2.92095484976547
11.0824354534535	2.91843464462107	2.92149600340852	2.91628747836358
11.1292956456456	2.9139001223233	2.91729629391892	2.91182625347447
11.1761558378378	2.90945604745199	2.91264431969348	2.90737702166028
11.22301603003	2.90510242000716	2.90808643867225	2.90314639735445
11.2698762222222	2.90083923998881	2.90332153230967	2.89893813811071
11.3167364144144	2.89666650739694	2.89918479708909	2.89452643935335
11.3635966066066	2.89258355484068	2.89567658291104	2.8902326843365
11.4104567987988	2.88855425914821	2.89205072746952	2.88586717383948
11.457316990991	2.88452274334309	2.88808464517105	2.88169192062804
11.5041771831832	2.88044889433899	2.88339521318263	2.87770974960483
11.5510373753754	2.8763765198165	2.8791085133107	2.87388580094223
11.5978975675676	2.8723541631188	2.87504156334314	2.87006966045639
11.6447577597598	2.86838243952128	2.87105333951564	2.86635012053053
11.691617951952	2.86446134902399	2.86678686096186	2.86270029315966
11.7384781441441	2.86059089162687	2.86242186948487	2.85905603273808
11.7853383363363	2.85677597905868	2.85840721991141	2.85550138865645
11.8321985285285	2.8530744221519	2.85484401730792	2.8517775315065
11.8790587207207	2.84952385910359	2.85147243679326	2.84807803635169
11.9259189129129	2.84612493271152	2.84835823392752	2.84433693919162
11.9727791051051	2.84287764297571	2.84527933359375	2.84081899123339
12.0196392972973	2.83978198989614	2.84229302627056	2.8375237044217
12.0664994894895	2.83683797347283	2.83946959400768	2.83441718104181
12.1133596816817	2.83404559374316	2.83694987767361	2.83159662293119
12.1602198738739	2.83141441888932	2.83445019663213	2.82911195539641
12.2070800660661	2.82897960780055	2.8319396737843	2.82672240252506
12.2539402582583	2.82673158233665	2.8295454672346	2.82447524991328
12.3008004504505	2.82465700298581	2.82742477358322	2.82253270939909
12.3476606426426	2.82275556600439	2.82524858534577	2.82076788192585
12.3945208348348	2.82102727139265	2.82316099906387	2.81928611984183
12.441381027027	2.81945505813654	2.82120861590906	2.81769080320576
12.4882412192192	2.81790226676829	2.81942667732599	2.81582674110866
12.5351014114114	2.81630325471289	2.81785751057889	2.81395937140582
12.5819616036036	2.81465760581805	2.81625141224876	2.81203469072198
12.6288217957958	2.81296532008396	2.81456443949228	2.81006677604058
12.675681987988	2.81122639751057	2.81271720558461	2.8081197913232
12.7225421801802	2.80944083809786	2.81084747559429	2.80620002392848
12.7694023723724	2.80760864184577	2.80931557103666	2.80414908245848
12.8162625645646	2.80571885172964	2.8081795003651	2.8019803573829
12.8631227567568	2.80366617273016	2.80685922476007	2.79978447207318
12.9099829489489	2.80136266774297	2.80487759194104	2.79770904344159
12.9568431411411	2.79878198830776	2.80197526784907	2.79560989156992
13.0037033333333	2.79607762658392	2.79872169293605	2.7936182151689
13.0505635255255	2.79351009189942	2.79593921569294	2.79169985487376
13.0974237177177	2.79110367457081	2.79378626505443	2.78977519755618
13.1442839099099	2.78885837459812	2.79173495029906	2.78791268482841
13.1911441021021	2.78677419198153	2.78978871071698	2.78592298551199
13.2380042942943	2.78485112672074	2.78794893378506	2.78389122794939
13.2848644864865	2.78308917881598	2.78616521011054	2.78182974659712
13.3317246786787	2.78148834826709	2.78455881994811	2.77998350438374
13.3785848708709	2.78004863507421	2.78297206287592	2.77839247951354
13.4254450630631	2.77877003923733	2.78150968298649	2.77709935407168
13.4723052552553	2.77765256075625	2.78013005515117	2.77600153550158
13.5191654474474	2.77669619963133	2.7789167977381	2.77511520667972
13.5660256396396	2.77590092492013	2.77777824863492	2.77441581091695
13.6128858318318	2.77525800204183	2.77695872903596	2.77387788143278
13.659746024024	2.77474674799692	2.77629694804458	2.77339209906223
13.7066062162162	2.77436268686168	2.77580063947529	2.77308749528237
13.7534664084084	2.77407766100599	2.77529339699742	2.77275698286467
13.8003266006006	2.77386646173922	2.77485339588637	2.77234581888593
13.8471867927928	2.77372757228922	2.77456640978146	2.77189650240668
13.894046984985	2.77363955694792	2.77434608565887	2.77152901556151
13.9409071771772	2.77357615094862	2.77425633473629	2.77121232136501
13.9877673693694	2.77353574942726	2.77424066883406	2.7709081496457
14.0346275615616	2.77351835238413	2.77430144247253	2.77069508950316
14.0814877537538	2.77352395981892	2.77438766252917	2.77050427018506
14.1283479459459	2.7735525717318	2.77446141802665	2.77040319476403
14.1752081381381	2.77360418812283	2.77452238311491	2.77044031854538
14.2220683303303	2.77367880899187	2.77457130214772	2.77055031092943
14.2689285225225	2.77377643433897	2.77462538059394	2.77074337329731
14.3157887147147	2.77389706416409	2.77474900583475	2.77109332257035
14.3626489069069	2.77404069846734	2.77519419594504	2.77148794378979
14.4095090990991	2.77420730427532	2.77588202311486	2.77194015632603
14.4563692912913	2.77437776641985	2.77671377987449	2.77249979318737
14.5032294834835	2.77450091495562	2.77702167055838	2.77311640057556
14.5500896756757	2.774569681373	2.77680105439828	2.77351304267102
14.5969498678679	2.77461238286397	2.77654086995057	2.77380894399958
14.6438100600601	2.77466822372499	2.77646638817695	2.77394830330728
14.6906702522523	2.77472623270914	2.77628419774089	2.77397099273489
14.7375304444444	2.77478060385846	2.77614628481667	2.77386509167913
14.7843906366366	2.7748313231887	2.77591751236275	2.77374897697208
14.8312508288288	2.77485612579771	2.77561910739197	2.77362107208716
14.878111021021	2.77473211561129	2.77557815458343	2.77287716895116
14.9249712132132	2.77434359091155	2.77544474750809	2.77182519464816
14.9718314054054	2.77367233544289	2.77496836474784	2.77073369985661
15.0186915975976	2.77271834920551	2.77404718800971	2.7695985068671
15.0655517897898	2.77148163219918	2.77284468807352	2.76853472603288
15.112411981982	2.76995652150371	2.77141399020039	2.76743916214976
15.1592721741742	2.76818824446291	2.76938301546803	2.7663584382295
15.2061323663664	2.76644426808015	2.76778983050469	2.76515089246792
15.2529925585586	2.76478548927858	2.76637854133678	2.7638453482207
15.2998527507508	2.7632119080582	2.76486557970626	2.76242062660462
15.3467129429429	2.76172352441935	2.76331024676229	2.76100082279727
15.3935731351351	2.7603203384159	2.76187251961667	2.75962867808347
15.4404333273273	2.75901428132387	2.76087085380571	2.7583031053251
15.4872935195195	2.75785072752764	2.75990150795472	2.75708330266777
15.5341537117117	2.75684046161728	2.75910842902792	2.75593726770981
15.5810139039039	2.75598348359278	2.75818706564092	2.75491059109749
15.6278740960961	2.7552797934541	2.75735637248433	2.75412423685087
15.6747342882883	2.75472939120134	2.75662622064473	2.75358630229333
15.7215944804805	2.75433227683453	2.75599637806149	2.75322585590127
15.7684546726727	2.75408869101912	2.75541766870168	2.75302731600561
15.8153148648649	2.75401037934411	2.75509051163292	2.7529411780988
15.8621750570571	2.75410246235524	2.75487319990736	2.75310289173973
15.9090352492492	2.75425036404118	2.75481971592934	2.75335972417757
15.9558954414414	2.75438321207656	2.75481073829006	2.75339703521266
16.0027556336336	2.75449969018262	2.75495975934973	2.75337888339093
16.0496158258258	2.75459979835932	2.7551117127201	2.75345172774882
16.096476018018	2.7546835366067	2.75515154500717	2.75370423241238
16.1433362102102	2.75475089126778	2.75520499591632	2.7539663214686
16.1901964024024	2.75480183733129	2.75516051290985	2.75426362791366
16.2370565945946	2.75484054669537	2.75523023523325	2.75440567901419
16.2839167867868	2.75486884748348	2.7553513683793	2.75443664391879
16.330776978979	2.75488674053681	2.75539214522664	2.75449913055619
16.3776371711712	2.75489422585526	2.75542433498027	2.75452237131017
16.4244973633634	2.75489130346784	2.75540851264833	2.75453568917695
16.4713575555556	2.75487968545481	2.75530653779701	2.75455244027813
16.5182177477477	2.75486652275196	2.75528739095467	2.7545720782309
16.5650779399399	2.75485420508047	2.75521870518997	2.75458540226781
16.6119381321321	2.75484277253251	2.75518352176654	2.75458645069365
16.6587983243243	2.75483222510817	2.75517874313624	2.75456357505413
16.7056585165165	2.75482256280755	2.75513492621418	2.75455310072559
16.7525187087087	2.75481378563046	2.75515441325597	2.75455330872164
16.7993789009009	2.75480589312487	2.75511656898555	2.75455363368199
16.8462390930931	2.75479885169223	2.75507833230527	2.75455557282051
16.8930992852853	2.75479260515588	2.75507276629467	2.75455049652422
16.9399594774775	2.75478714816996	2.75503773873392	2.75453330712002
16.9868196696697	2.75478248073449	2.75504918502411	2.75450929578003
17.0336798618619	2.75477860284974	2.75506864913436	2.75448774708031
17.0805400540541	2.7547755145154	2.75508717629158	2.75448239007697
17.1274002462462	2.75477321573156	2.75510161272099	2.75447820284771
17.1742604384384	2.75477170649837	2.75510837103919	2.75448722688747
17.2211206306306	2.7547709868155	2.7551263432309	2.75448352173538
17.2679808228228	2.75477105668341	2.75516693731721	2.75448673118191
17.314841015015	2.75477191610175	2.75516160027896	2.75450199977589
17.3617012072072	2.75477356342598	2.75518830477542	2.75448729265755
17.4085613993994	2.75477593542284	2.75519819420768	2.75447981714139
17.4554215915916	2.75477895035057	2.75521230547295	2.75450721835225
17.5022817837838	2.75478260278671	2.75525148616427	2.75449545877127
17.549141975976	2.75478689273121	2.75527399791568	2.75450213358287
17.5960021681682	2.75479182018388	2.75527770380912	2.75451518170425
17.6428623603604	2.75479738514504	2.75528560785543	2.75453101388733
17.6897225525526	2.75480358761436	2.75530309875797	2.75454897952352
17.7365827447447	2.75481042759218	2.75530699213915	2.75455453259764
17.7834429369369	2.7548179050782	2.75531779963896	2.75459766331233
17.8303031291291	2.75482602007249	2.75534366710701	2.75461962871318
17.8771633213213	2.75483477257522	2.75538296692248	2.75462372882577
17.9240235135135	2.75484416258617	2.75540132458276	2.75459001493374
17.9708837057057	2.75485419010554	2.75541016220339	2.75453080675544
18.0177438978979	2.75486484801983	2.75544360283969	2.7545281689469
18.0646040900901	2.75487601531327	2.75550847704145	2.7545127579829
18.1114642822823	2.75488759075754	2.75557962964768	2.75448836829229
18.1583244744745	2.75489957123652	2.75561573064948	2.75445221366111
18.2051846666667	2.7549119567502	2.75566821889921	2.75443970381261
18.2520448588589	2.75492474729859	2.75569518844253	2.75440212607055
18.2989050510511	2.75493780128115	2.75574725805053	2.7543231202244
18.3457652432432	2.75494865693882	2.75578292175138	2.75427051097914
18.3926254354354	2.75495585970668	2.75584674055651	2.75427311360199
18.4394856276276	2.75495940156511	2.75585711020112	2.75425282771768
18.4863458198198	2.75495928251379	2.75585906990244	2.75411889181105
18.533206012012	2.75495550255305	2.75584219872188	2.75406708295966
18.5800662042042	2.7549480616826	2.75580981235933	2.7541505595429
18.6269263963964	2.75493695990265	2.75574180879102	2.75413918078227
18.6737865885886	2.75492219721312	2.7556635082073	2.75411542704095
18.7206467807808	2.7549037736139	2.75561063350933	2.75419473943309
18.767506972973	2.75488168910525	2.75552463863035	2.75426382589692
18.8143671651652	2.75485594368688	2.75540357511182	2.75422037352874
18.8612273573574	2.75482653735902	2.75529296841334	2.75418667264289
18.9080875495495	2.75479347012153	2.75520886462874	2.75416318084765
18.9549477417417	2.75475674197448	2.755085600346	2.75408469027119
19.0018079339339	2.75471635291786	2.75506395304471	2.75400642106203
19.0486681261261	2.75467230295161	2.75508501641031	2.75388997088916
19.0955283183183	2.75462459207581	2.75514185443319	2.75371293995874
19.1423885105105	2.7545732202904	2.7552196618051	2.75350063868505
19.1892487027027	2.75451818759544	2.75529216104225	2.75322497210808
19.2361088948949	2.75445949399094	2.75539231841033	2.75289727360174
19.2829690870871	2.7543963490615	2.7557372697744	2.7525846583507
19.3298292792793	2.75432013856792	2.7557529621732	2.75224571866414
19.3766894714715	2.75422579317144	2.75566155918889	2.7519373930733
19.4235496636637	2.75411670349192	2.75565126288542	2.75174797509943
19.4704098558559	2.75399557493582	2.75591490649595	2.7517274203085
19.517270048048	2.75386640973532	2.75632370658728	2.75153750821592
19.5641302402402	2.75380281103971	2.75675549382136	2.75151971516754
19.6109904324324	2.75394568659428	2.75713866661559	2.75165795007075
19.6578506246246	2.75436622578447	2.75791196089839	2.75192957421589
19.7047108168168	2.75510236086631	2.75867584812527	2.75270980844556
19.751571009009	2.75615498618361	2.75989319298319	2.75408739920041
19.7984312012012	2.75750450549153	2.76139286763264	2.75536176506225
19.8452913933934	2.75912659702939	2.76270777239869	2.75712178812947
19.8921515855856	2.76101481732734	2.76427567145157	2.7590269894951
19.9390117777778	2.76308605462001	2.7662211969283	2.7609012295919
19.98587196997	2.76527116179729	2.7684249355887	2.76278910043159
20.0327321621622	2.76756803415164	2.77069112821548	2.76478578019145
20.0795923543544	2.7699748878223	2.77303298695196	2.76690752196472
20.1264525465465	2.77239768855961	2.77527269611742	2.76918504922838
20.1733127387387	2.77472234871328	2.77762686934604	2.77141760320284
20.2201729309309	2.77695314083394	2.78023094104498	2.77362293243084
20.2670331231231	2.77909018562286	2.78257483357074	2.77588444937716
20.3138933153153	2.78113348307976	2.78466667042645	2.77792045331025
20.3607535075075	2.78308303320493	2.78641905271178	2.77997141178968
20.4076136996997	2.78493883599818	2.788092597276	2.78184263500995
20.4544738918919	2.78670089145947	2.78952234667751	2.7838060567155
20.5013340840841	2.78836924910063	2.79115772511456	2.78555188990988
20.5481942762763	2.78997442661057	2.79292318213924	2.78721482424961
20.5950544684685	2.79160182370098	2.79450550999829	2.78873057137177
20.6419146606607	2.79331840873797	2.7964404148868	2.79013104718397
20.6887748528529	2.79517009450454	2.79856746391207	2.7915934169356
20.735635045045	2.79715838853251	2.80071053931125	2.79331486050879
20.7824952372372	2.79928329082169	2.80283583806177	2.79522982944314
20.8293554294294	2.80154480137234	2.80501916208354	2.79748637292128
20.8762156216216	2.80394292018425	2.80721577227251	2.80007584587003
20.9230758138138	2.80647413753457	2.80954791520861	2.80304912870815
20.969936006006	2.8091096801658	2.81198457941101	2.8062245309303
21.0167961981982	2.81177772479278	2.81431643024962	2.80932609240003
21.0636563903904	2.81437671065655	2.81665691552278	2.81182208902365
21.1105165825826	2.81689647872833	2.81891458914417	2.81408190788883
21.1573767747748	2.81933702900834	2.82132203373973	2.81632697495863
21.204236966967	2.82169836149628	2.82392624907408	2.81849987551798
21.2510971591592	2.82398047619248	2.82643286104709	2.82073704334475
21.2979573513514	2.82618337309673	2.82866667761422	2.82307474023036
21.3448175435435	2.82830705220898	2.83066378697993	2.82531496463514
21.3916777357357	2.83035012003359	2.83245195127025	2.82744948532183
21.4385379279279	2.83229099154228	2.83408769091433	2.82964701322405
21.4853981201201	2.83413404737306	2.83573723675216	2.83137251485119
21.5322583123123	2.83588563466042	2.83743520523089	2.83315562278187
21.5791185045045	2.83754575340401	2.83912780346437	2.83492395863666
21.6259786966967	2.83911440360409	2.84069532245264	2.83661584162176
21.6728388888889	2.84059158526048	2.84221944688163	2.83831449378887
21.7196990810811	2.84197729837316	2.84359770534564	2.83990594235026
21.7665592732733	2.8432715429424	2.84491388483578	2.84138156747224
21.8134194654655	2.84447431896784	2.84613735508242	2.84276368091172
21.8602796576577	2.84558562644967	2.84726616409425	2.84415749252125
21.9071398498499	2.84660546538801	2.8482080555396	2.84536309039203
21.954000042042	2.84753383578253	2.8492714011967	2.84628163464773
22.0008602342342	2.84837073763359	2.8500775854883	2.84693280203403
22.0477204264264	2.84911617094091	2.85103365739246	2.8474447971943
22.0945806186186	2.84977013570466	2.8518557043136	2.84775065745671
22.1414408108108	2.85033800492435	2.85262355388013	2.84807332309476
22.188301003003	2.85083790449943	2.85311031137519	2.84893169301921
22.2351611951952	2.85125509919853	2.85304945821227	2.84968982910408
22.2820213873874	2.85158756257747	2.85288566042304	2.85036000918769
22.3288815795796	2.85183531750548	2.85283330621204	2.85077902843016
22.3757417717718	2.85200178325552	2.85297284959024	2.85104529200526
22.422601963964	2.85209669639138	2.85318376470851	2.85116776468324
22.4694621561562	2.85212814272182	2.8533361425103	2.85104942281096
22.5163223483483	2.85209731402567	2.85325785292532	2.85104342355418
22.5631825405405	2.85201438049835	2.85342279002359	2.85093456915323
22.6100427327327	2.85191514155988	2.8531737910577	2.85067549892326
22.6569029249249	2.85180979118722	2.85312972941783	2.85031359848875
22.7037631171171	2.85169665398804	2.85333882013151	2.8493405681959
22.7506233093093	2.85155756125077	2.85342281257464	2.84803988892575
22.7974835015015	2.85146606786311	2.85357886099241	2.84723594695549
22.8443436936937	2.85152695310368	2.85457826903214	2.84746401155567
22.8912038858859	2.85174778378325	2.85655113704434	2.84771650454483
22.9380640780781	2.8521850598739	2.85917366620681	2.84728155129202
22.9849242702703	2.85289142088695	2.86100702771895	2.84758469651565
23.0317844624625	2.8538147621502	2.86265642113441	2.84824679354073
23.0786446546547	2.85479441558844	2.86375995687413	2.84848624228599
23.1255048468468	2.85578296389982	2.86459752845969	2.84936291843684
23.172365039039	2.85660675348533	2.86464961687778	2.85051898906326
23.2192252312312	2.85712752081695	2.86459945940609	2.85148413793277
23.2660854234234	2.85730052261641	2.86416892042402	2.85176860272791
23.3129456156156	2.85692823110701	2.86296990663367	2.85055955972877
23.3598058078078	2.8559511101072	2.86180716132842	2.84836264645896
23.406666	2.8543691474431	2.8602228005448	2.84560028592435
23.4535261921922	2.85218234311487	2.85816667150323	2.84248751156699
23.5003863843844	2.84939069712231	2.85573987885535	2.83930630573919
23.5472465765766	2.84598959494424	2.85257597616561	2.83487078512172
23.5941067687688	2.84192229889935	2.84915925807051	2.83054470838158
23.640966960961	2.83715067928835	2.84498337729966	2.82544464941444
23.6878271531532	2.83167402846334	2.84011804945074	2.8194820371158
23.7346873453453	2.82549234642418	2.83430544993768	2.81377428644451
23.7815475375375	2.8186056331709	2.82714045467594	2.80744369713357
23.8284077297297	2.81101388870342	2.81870756105256	2.80088804652455
23.8752679219219	2.80271711302195	2.8091008681073	2.79395495073205
23.9221281141141	2.79372199554635	2.79958630585076	2.78555911005454
23.9689883063063	2.78417613968929	2.79055082410482	2.77533183966961
24.0158484984985	2.77443407520222	2.78213468934108	2.76549893474142
24.0627086906907	2.76478708417361	2.7744892215734	2.75509600680758
24.1095688828829	2.75525444129692	2.7669216150639	2.74656675233589
24.1564290750751	2.74583614657199	2.75935632580258	2.73725767119415
24.2032892672673	2.73658249854807	2.75182294852186	2.72656253957012
24.2501494594595	2.72794177721604	2.74485022624624	2.71686347246516
24.2970096516517	2.72014963832744	2.73854518793997	2.70820149307133
24.3438698438438	2.71334172333441	2.73231357768555	2.70021268040429
24.390730036036	2.70781473173186	2.72884218829594	2.69796419373719
24.4375902282282	2.7032991906845	2.72605911227338	2.69501358879796
24.4844504204204	2.6994499562262	2.72345858064147	2.69040627376543
24.5313106126126	2.69624637002592	2.72164931231575	2.68617791991583
24.5781708048048	2.69368843208382	2.71851739472986	2.68295623419173
24.625030996997	2.69177614239971	2.71622250730621	2.68055630333617
24.6718911891892	2.69049341287432	2.71357574290832	2.67896967047936
24.7187513813814	2.6896524664659	2.71106859110047	2.67854193316343
24.7656115735736	2.68913179823725	2.7087097081849	2.67834110923385
24.8124717657658	2.68886251235585	2.70607821676034	2.67747535166298
24.859331957958	2.68854816722381	2.70415440950842	2.6759507632916
24.9061921501502	2.68810662605547	2.70220327776635	2.6745982465427
24.9530523423423	2.68753788584933	2.70125533832603	2.67342628374355
24.9999125345345	2.68684194660579	2.70014992050163	2.6723059945826
25.0467727267267	2.68601880832405	2.69922948517861	2.67204084907394
25.0936329189189	2.68506847100471	2.69793635681226	2.67180900581446
25.1404931111111	2.68399093464775	2.69592314633237	2.67212240778854
25.1873533033033	2.68278619925289	2.69361364815581	2.6724276171015
25.2342134954955	2.6814542648203	2.69062428527286	2.67032027005991
25.2810736876877	2.67999513134983	2.68713430762079	2.66663783076397
25.3279338798799	2.67840879884179	2.68489028565597	2.66282947843217
25.3747940720721	2.67669263904047	2.68701026801678	2.65812184701302
25.4216542642643	2.67457977068091	2.68917528078014	2.6528820427179
25.4685144564565	2.67157732350333	2.6891360206898	2.64743242997274
25.5153746486486	2.6676320675228	2.68674404985946	2.64299991849696
25.5622348408408	2.66274400273944	2.68195027527029	2.63722575208223
25.609095033033	2.65691312915351	2.67470888452365	2.63112030097456
25.6559552252252	2.6501394467647	2.67061568936282	2.62309238545695
25.7028154174174	2.64242295557314	2.66986270410122	2.61483945498585
25.7496756096096	2.63282606340442	2.66428827096671	2.6068668061228
25.7965358018018	2.61748851542017	2.63860075875225	2.59726941217042
25.843395993994	2.60057136718589	2.61496289576262	2.58344617380447
25.8902561861862	2.58283256895499	2.59571584566229	2.56778778177826
25.9371163783784	2.56427212072768	2.57709404069693	2.54894301794491
25.9839765705706	2.54489396695847	2.55625824520968	2.5297749907397
26.0308367627628	2.52490523930862	2.53504852368364	2.51091506087932
26.077696954955	2.504641146586	2.51554514396551	2.49212719176332
26.1245571471471	2.48438991500556	2.49535977598013	2.47269889797389
26.1714173393393	2.46461972407867	2.4775002621227	2.45402917598558
26.2182775315315	2.4456183009405	2.45847990913338	2.43482377273534
26.2651377237237	2.42739405539068	2.44095168544681	2.41694377898305
26.3119979159159	2.40994698742944	2.4245194043483	2.3995319798313
26.3588581081081	2.39333209620666	2.40878143308405	2.38320804133831
26.4057183003003	2.37787204947423	2.39545128504362	2.36683280208498
26.4525784924925	2.36368414872519	2.3815749666034	2.34958342767554
26.4994386846847	2.35076856102361	2.36915059804081	2.3356456954646
26.5462988768769	2.33912528636931	2.35704210921236	2.32274719621696
26.5931590690691	2.32875402072202	2.34577034612743	2.31248320529316
26.6400192612613	2.31957092321722	2.33585469853503	2.30440365454637
26.6868794534535	2.31137837701213	2.32704962636362	2.29711323737786
26.7337396456456	2.30414792669921	2.31869164368199	2.29150295948255
26.7805998378378	2.29787956950725	2.31036163593776	2.28540849329652
26.82746003003	2.29236099804997	2.30389206858834	2.27979630156463
26.8743202222222	2.28680220716402	2.30028575753064	2.27158409015314
26.9211804144144	2.28101948250483	2.29666321745607	2.26277726282521
26.9680406066066	2.27501225341542	2.29088514040765	2.25398524984023
27.0149007987988	2.2683329952546	2.28851588085796	2.24531282179363
27.061760990991	2.25973232616994	2.28368525808361	2.23638385744621
27.1086211831832	2.24899391183018	2.27134022864241	2.22630581657298
27.1554813753754	2.23611679877975	2.25339424669523	2.21712608053182
27.2023415675676	2.22185577002973	2.23709569540677	2.20610026037077
27.2492017597598	2.20759738489316	2.22281920637068	2.1950239765737
27.296061951952	2.19347552237701	2.20669056231661	2.18361894830327
27.3429221441441	2.1796347928398	2.19238056726498	2.17019127735292
27.3897823363363	2.16695802607805	2.18172222285403	2.15651690838548
27.4366425285285	2.15577960946335	2.171513072686	2.14410080899885
27.4835027207207	2.14622252158147	2.16385439958478	2.1347263430191
27.5303629129129	2.13850751820334	2.15642001647139	2.12707914823653
27.5772231051051	2.13265775388748	2.14940297412707	2.1215661876526
27.6240832972973	2.12867322863394	2.1437890257536	2.11878793264511
27.6709434894895	2.12655394244257	2.13836583206003	2.11731603323621
27.7178036816817	2.12626540186663	2.13479299955107	2.11736017592527
27.7646638738739	2.12723665989283	2.13583537373589	2.11720646855761
27.8115240660661	2.12871436758086	2.13585313911649	2.11810713709893
27.8583842582583	2.13025556516974	2.13611633104029	2.1210351991644
27.9052444504505	2.13163647434634	2.13602656418257	2.12451463326031
27.9521046426426	2.1327861504813	2.13592767635286	2.12707626048921
27.9989648348348	2.13373667372262	2.13656003389025	2.12914284195524
28.045825027027	2.13448865550495	2.13735376103892	2.13087246865626
28.0926852192192	2.13504209582858	2.13791603976831	2.13154951888586
28.1395454114114	2.1353974679457	2.13821764208554	2.13259644994663
28.1864056036036	2.13555680103638	2.13878928581304	2.13289812318346
28.2332657957958	2.13552063885162	2.1390287543447	2.13299779554326
28.280125987988	2.1352889619917	2.13894516759243	2.13305682857399
28.3269861801802	2.13484396629601	2.1384652873326	2.13259606816091
28.3738463723724	2.13413494580596	2.13791664384305	2.13128241386677
28.4207065645646	2.13315293353286	2.1371885702789	2.12978391800308
28.4675667567568	2.13183379125442	2.13670772488522	2.12771440377756
28.514426948949	2.12978211717675	2.13504635465489	2.12510435361924
28.5612871411411	2.12693753896582	2.13242940747235	2.12262641105788
28.6081473333333	2.123571419183	2.12849920780886	2.11986833826222
28.6550075255255	2.11983798983906	2.12324756310573	2.11565533642771
28.7018677177177	2.11595170037248	2.1181820596647	2.11106587970001
28.7487279099099	2.11193699485089	2.1133713882525	2.1066682007036
28.7955881021021	2.10779387327457	2.10919055037717	2.10212810004012
28.8424482942943	2.10352233564323	2.10532432990992	2.09743452212932
28.8893084864865	2.09912238195689	2.10120172256433	2.09318139428563
28.9361686786787	2.09459401221583	2.09693434618375	2.08851747801656
28.9830288708709	2.08993722641985	2.09240349110048	2.08416500880047
29.0298890630631	2.08515202456883	2.08765566253194	2.07973971897699
29.0767492552553	2.08023840666304	2.08269746396339	2.07519623325851
29.1236094474474	2.07519637270229	2.07766246136044	2.07062700631995
29.1704696396396	2.07002592268664	2.07249150668993	2.06638520203926
29.2173298318318	2.06473131579762	2.06719452179216	2.06170876498405
29.264190024024	2.05940945217534	2.0618475430909	2.0569258653102
29.3110502162162	2.05417919436213	2.05659675497325	2.05213709564789
29.3579104084084	2.04907275619317	2.05193215637899	2.04714501993808
29.4047706006006	2.04410233818761	2.04754426113199	2.04220778618136
29.4516307927928	2.03926805330698	2.04303961331363	2.03740110079973
29.498490984985	2.03456990155141	2.03893866006698	2.0328202375594
29.5453511771772	2.03000788292068	2.03465474744189	2.02825451896236
29.5922113693694	2.02558199741512	2.03037221762001	2.02387483109074
29.6390715615616	2.02129224503441	2.02629544817067	2.01968569252425
29.6859317537538	2.01713862577863	2.02223985915467	2.01561902305386
29.7327919459459	2.01312113964801	2.01823021008122	2.01169736986363
29.7796521381381	2.00923978664217	2.01436463157735	2.00793525179031
29.8265123303303	2.00549456676145	2.01068845550912	2.00432080641721
29.8733725225225	2.00188548000557	2.00683197265346	2.00067308464995
29.9202327147147	1.99841252637485	2.00322404627988	1.99703328659013
29.9670929069069	1.995075705869	1.99979847939721	1.99329064804538
30.0139530990991	1.99187501848802	1.99642309458695	1.98910032106446
30.0608132912913	1.98881046423223	1.99311000251176	1.98496777931996
30.1076734834835	1.98589532236419	1.99006965682034	1.98084817221355
30.1545336756757	1.98329254916324	1.98719956549047	1.9777288850306
30.2013938678679	1.98111677031577	1.98482446532158	1.9762182707326
30.2482540600601	1.97927924136269	1.98245105886004	1.9749592788797
30.2951142522523	1.97756458723707	1.98046360163436	1.97396044314612
30.3419744444444	1.97579363947498	1.97813994409403	1.97238600873444
30.3888346366366	1.97395562217065	1.9765665063329	1.97066414518027
30.4356948288288	1.97206522032802	1.97459516906593	1.96822859470272
30.482555021021	1.97012581048117	1.97296395459663	1.96585427208162
30.5294152132132	1.96813739263034	1.97119045179899	1.96377307436744
30.5762754054054	1.96609996677528	1.96903432103127	1.96156998554394
30.6231355975976	1.96401353291607	1.96696940921627	1.95932979982044
30.6699957897898	1.96187814718415	1.9652271519286	1.95710817868307
30.716855981982	1.9597044584498	1.96364359942765	1.95451328767225
30.7637161741742	1.95751563893886	1.96241593134823	1.95193934663505
30.8105763663664	1.95531473503075	1.96030810011548	1.94971704616738
30.8574365585586	1.95310174672573	1.9582786924694	1.94806287649232
30.9042967507508	1.95087667402397	1.95512086866085	1.94648045711534
30.9511569429429	1.94863951692513	1.95257941298825	1.94415035875191
30.9980171351351	1.94639027542942	1.95051807818587	1.94249399434053
31.0448773273273	1.94412894953663	1.94934056728839	1.94020755863094
31.0917375195195	1.94185553924721	1.94821823729602	1.93724478760111
31.1385977117117	1.9395706047479	1.9474870609217	1.93369780239953
31.1854579039039	1.93731415050207	1.94699115334746	1.93044752084123
31.2323180960961	1.93512563857307	1.94620927956227	1.92671414816608
31.2791782882883	1.9329425030854	1.94603375720733	1.92485664857205
31.3260384804805	1.93070857745	1.94657072658843	1.92172919252801
31.3728986726727	1.92842108417827	1.94409844696509	1.91940763365436
31.4197588648649	1.92606305032727	1.94061416494001	1.9155432006497
31.4666190570571	1.92353937555782	1.94090478586639	1.91296495340008
31.5134792492493	1.92084304789546	1.93762707773389	1.91001389450497
31.5603394414414	1.91798502905231	1.93286717793916	1.90526471060979
31.6071996336336	1.91504110709631	1.92795071559456	1.90209196217656
31.6540598258258	1.91206943273737	1.92444776630583	1.89791200858241
31.700920018018	1.90907149081757	1.92174014370893	1.89432915662923
31.7477802102102	1.90604728133681	1.91759082668937	1.89036064048184
31.7946404024024	1.90299680429509	1.91340738721044	1.8853549997375
31.8415005945946	1.89992005969232	1.9104761883249	1.87886259437988
31.8883607867868	1.89682624499361	1.90823824921824	1.87095336688641
31.935220978979	1.89381738508406	1.90649518939466	1.86502434266764
31.9820811711712	1.89095705001601	1.90421058749245	1.86291492402125
32.0289413633634	1.88824851400318	1.90149679255979	1.86114545410296
32.0758015555556	1.88570346530856	1.89889598068184	1.86081751133693
32.1226617477478	1.88332558979538	1.89660253001226	1.859537419804
32.1695219399399	1.88111478524392	1.8946242319873	1.85817501418338
32.2163821321321	1.87905930916212	1.89293449346655	1.85775130036404
32.2632423243243	1.87713677120552	1.89188262232747	1.85924526510846
32.3101025165165	1.87534465589717	1.89125822332203	1.85789498615192
32.3569627087087	1.87368296323726	1.89127616580266	1.85549919495552
32.4038229009009	1.87215169322563	1.89023928380013	1.8553900714405
32.4506830930931	1.8707508458624	1.8900884352829	1.85532052556613
32.4975432852853	1.86948042114741	1.89030574904979	1.85385036826603
32.5444034774775	1.86834041908084	1.89076784130539	1.85159257673589
32.5912636696697	1.86733083966251	1.8906237525701	1.85198071005938
32.6381238618619	1.86645168289247	1.88981464503176	1.85144253730187
32.6849840540541	1.86570294877108	1.89129029445465	1.85030307675198
32.7318442462463	1.86508463729759	1.89172084399169	1.8499227145724
32.7787044384384	1.86459674847276	1.89127326385084	1.84948470457725
32.8255646306306	1.86423457365692	1.89143912212697	1.8489530460016
32.8724248228228	1.86397443385328	1.89088304507196	1.84828437981791
32.919285015015	1.86380890195459	1.89058926646386	1.84790810021188
32.9661452072072	1.86373797533607	1.89203784737806	1.84698459878181
33.0130053993994	1.86376165399742	1.89175229751829	1.84608200012775
33.0598655915916	1.86387993793867	1.89155208819882	1.84594502311591
33.1067257837838	1.86409282715987	1.89133038341345	1.84593413367317
33.153585975976	1.86440032166094	1.89247103302599	1.84550937405196
33.2004461681682	1.86480242144211	1.89427384707733	1.84543287300606
33.2473063603604	1.86529912650309	1.89398441141126	1.84591450750853
33.2941665525526	1.86589043684414	1.8943056541157	1.84729362348911
33.3410267447448	1.86657635246505	1.89382207145504	1.84846922441334
33.3878869369369	1.86735687336586	1.89424241246007	1.84930769065837
33.4347471291291	1.86823199954672	1.89437465444576	1.85011964484233
33.4816073213213	1.86920173100752	1.89473813535127	1.85132948248968
33.5284675135135	1.87026606774821	1.89487145066968	1.85257052923377
33.5753277057057	1.87142500976888	1.89479197267269	1.8551509805221
33.6221878978979	1.87267850207411	1.89480447715154	1.85698022243371
33.6690480900901	1.87400547347057	1.89437731497653	1.85896258885886
33.7159082822823	1.8753531348525	1.8956684703892	1.86063689379765
33.7627684744745	1.8767133529065	1.89823840440818	1.86209682528769
33.8096286666667	1.87808612763266	1.89969511727486	1.86291731931359
33.8564888588589	1.87947145903097	1.9010856590019	1.86359548407783
33.9033490510511	1.88086934710132	1.90272568741393	1.86374977901729
33.9502092432433	1.88227979184393	1.90405445354345	1.86270123195857
33.9970694354354	1.88370279325866	1.90712711124909	1.86151730368369
34.0439296276276	1.88513835134552	1.90845928644302	1.86031062565921
34.0907898198198	1.88658646610441	1.91013321269973	1.85919076714722
34.137650012012	1.88804713753558	1.91154322518613	1.8578621744247
34.1845102042042	1.88952036563877	1.91424363632094	1.85516701601309
34.2313703963964	1.8910061504142	1.91981429670997	1.85259010203174
34.2782305885886	1.89250449186165	1.92541324617927	1.84955782920332
34.3250907807808	1.89401386009174	1.93218806429196	1.84772107671778
34.371950972973	1.89536619310077	1.93752654640017	1.84560188292373
34.4188111651652	1.89624388247932	1.94105477946522	1.84485665567364
34.4656713573574	1.89661163499389	1.94058084766533	1.841873080816
34.5125315495495	1.89646582004866	1.94202200614426	1.83932422433001
34.5593917417417	1.89569719225682	1.93922092246815	1.83688887577858
34.6062519339339	1.8941983858277	1.93745333774469	1.83339620272265
34.6531121261261	1.89229866702305	1.93629799953822	1.83038193094855
34.6999723183183	1.89029164488127	1.93503223361691	1.827511470298
34.7468325105105	1.88818718770659	1.93333697599632	1.82478376784802
34.7936927027027	1.8859852954993	1.93089762902683	1.82201219068525
34.8405528948949	1.88368596825909	1.92619861392624	1.81955142021445
34.8874130870871	1.88128920598609	1.92021714052764	1.81760264602498
34.9342732792793	1.87879500868018	1.91308212010249	1.81600487332139
34.9811334714715	1.87620337634172	1.90582875153827	1.81594187171679
35.0279936636637	1.87351441058746	1.90056044791112	1.81656241421744
35.0748538558559	1.8708484980174	1.89760264246244	1.81773984153859
35.121714048048	1.86855894226657	1.89650667119249	1.8174375551507
35.1685742402402	1.86671022312114	1.89608302740936	1.8167988396394
35.2154344324324	1.86530234058101	1.89536093532866	1.81738610192836
35.2622946246246	1.86433529464631	1.89543419984162	1.81728657935346
35.3091548168168	1.86380908531692	1.89485152056099	1.81785191735841
35.356015009009	1.86372371259287	1.89423472132921	1.81833387034282
35.4028752012012	1.8640791764741	1.89327069544982	1.82051922408055
35.4497353933934	1.86487547696068	1.89287518314285	1.8203027719683
35.4965955855856	1.86611261405277	1.89310237415449	1.82040657442452
35.5434557777778	1.86779058774999	1.8938708935644	1.82173992440182
35.59031596997	1.86990939805273	1.89749055378886	1.82405181632177
35.6371761621622	1.87246904496075	1.90224456140434	1.82776638609227
35.6840363543544	1.87546952847396	1.90882462832976	1.83150316310421
35.7308965465465	1.87891084859278	1.91584757719766	1.83671584242522
35.7777567387387	1.88279300531683	1.92317037699364	1.84348070837906
35.8246169309309	1.88711599864621	1.93202822204943	1.851454443433
35.8714771231231	1.89187982858094	1.94169896202273	1.86047763722951
35.9183373153153	1.8970844951209	1.95186477532309	1.86824779288878
35.9651975075075	1.90272999826644	1.96210019466194	1.86923673674998
36.0120576996997	1.9088163380172	1.97170253188444	1.86737637698597
36.0589178918919	1.9153435143733	1.98311544522214	1.86499962704527
36.1057780840841	1.92231152735417	1.9951859528309	1.86219125562698
36.1526382762763	1.93000187859301	2.00773578314373	1.8603850637586
36.1994984684685	1.93952673485243	2.02187559271066	1.8651446026508
36.2463586606607	1.95116072030304	2.03760644251146	1.87670834439945
36.2932188528529	1.9649038349443	2.05313267707275	1.89289743892431
36.340079045045	1.98075884255957	2.06988397855895	1.91631834793699
36.3869392372372	1.99899365877243	2.08650954376237	1.94223230476206
36.4337994294294	2.02009620743484	2.1057480784741	1.96671138210074
36.4806596216216	2.04411827496588	2.12398811519304	1.99324713603963
36.5275198138138	2.07105485884643	2.14438276138514	2.02238609134225
36.574380006006	2.10027719411596	2.16453797588889	2.051089484265
36.6212401981982	2.13055129972209	2.18647574654441	2.08257807028357
36.6681003903904	2.16172478851234	2.21535624409427	2.11228345902655
36.7149605825826	2.19282769177036	2.24617934554741	2.13560869087454
36.7618207747748	2.22202539377523	2.27703972664507	2.16055751699975
36.808680966967	2.24911381787116	2.30498353952721	2.18282679341884
36.8555411591592	2.27409296405823	2.3282695177217	2.20377121220335
36.9024013513514	2.29696283233669	2.34602874872175	2.22230710669115
36.9492615435435	2.31772251153245	2.36619527004269	2.23939261617953
36.9961217357357	2.33624856377542	2.38427017723241	2.25929480530562
37.0429819279279	2.35229381316976	2.40047686408215	2.27745195464211
37.0898421201201	2.36582879395023	2.4155290127377	2.29272788037736
37.1367023123123	2.37685350611653	2.42665726761964	2.30706173045584
37.1835625045045	2.38536794966884	2.43460098536621	2.32062852963877
37.2304226966967	2.39137212460693	2.43895670387913	2.33199169255948
37.2772828888889	2.39486603093121	2.439029170795	2.34388984962878
37.3241430810811	2.39585575459184	2.43939881639539	2.35417050475699
37.3710032732733	2.39500220732257	2.44077439219645	2.35974268035608
37.4178634654655	2.39353894390861	2.44428317346111	2.35831048910913
37.4647236576577	2.39160042495518	2.44531671735926	2.35341603431219
37.5115838498499	2.38918665046237	2.44634540320379	2.34966810490127
37.558444042042	2.38629762043023	2.44359465894734	2.34876495981786
37.6053042342342	2.38294050284562	2.44352934207879	2.34675458583827
37.6521644264264	2.3793907045494	2.44037824795751	2.34519896023093
37.6990246186186	2.37600412063551	2.43747959467575	2.34303038485278
37.7458848108108	2.37280434918033	2.43175491761668	2.34062590842926
37.792745003003	2.36979151886747	2.42593772934285	2.33733623909572
37.8396051951952	2.36702386222165	2.41849638176323	2.3353005478278
37.8864653873874	2.36465140219661	2.40975723228909	2.33156215149316
37.9333255795796	2.362697969541	2.40442545908877	2.3304513972845
37.9801857717718	2.36116356425468	2.39623052616405	2.32583974589685
38.027045963964	2.36004818633803	2.38994040703479	2.32412367800589
38.0739061561562	2.35930521254834	2.38783957864219	2.32244906212837
38.1207663483484	2.35856379328373	2.39591586669416	2.31728657150454
38.1676265405405	2.35761278695717	2.3902620470629	2.31607103588801
38.2144867327327	2.35641225233654	2.3855571162115	2.31576200541375
38.2613469249249	2.355310968949	2.3835219036264	2.31811901427948
38.3082071171171	2.35440410200426	2.37979475971803	2.32332671748471
38.3550673093093	2.35381587110785	2.37771874320211	2.3266539498011
38.4019275015015	2.35384199819262	2.37687299817833	2.32984293105172
38.4487876936937	2.35452554251976	2.3789641536612	2.33301720920038
38.4956478858859	2.35586650408855	2.38098454169945	2.33559455248775
38.5425080780781	2.35786488289962	2.38471377286906	2.33890483173537
38.5893682702703	2.36052067895257	2.39144974900554	2.34071744752869
38.6362284624625	2.36383389224757	2.39708209057062	2.34316134676653
38.6830886546547	2.36780452278442	2.40573898719888	2.34730279326104
38.7299488468469	2.37243257056358	2.41441998989126	2.35070025680411
38.776809039039	2.3777180355846	2.42226541785018	2.35427715295124
38.8236692312312	2.38366564771831	2.4311797452144	2.35159302437929
38.8705294234234	2.39060308952861	2.43917929350181	2.35106535114323
38.9173896156156	2.39906525534691	2.44718318480224	2.35459990607205
38.9642498078078	2.4091094133419	2.45543823812051	2.36142350298554
39.01111	2.4210843415436	2.46339068831872	2.37116398391247
39.0579701921922	2.43487308028505	2.47291852630451	2.38799872568921
39.1048303843844	2.44944812913163	2.48486095683274	2.41037635169232
39.1516905765766	2.46382023262862	2.49638499401767	2.43213412104463
39.1985507687688	2.47789668222778	2.50770060081253	2.45290122350246
39.245410960961	2.49167747792894	2.51856832857338	2.47201634096222
39.2922711531532	2.50516261973208	2.5292524366417	2.48604454002246
39.3391313453454	2.5183521076371	2.53968509426788	2.49762806739517
39.3859915375375	2.53124594164437	2.55081769949985	2.50891872039915
39.4328517297297	2.5438441217535	2.56123230387036	2.5199946597034
39.4797119219219	2.55614664796474	2.57225273171272	2.53119550165003
39.5265721141141	2.56815352027782	2.58464744331672	2.54190276357275
39.5734323063063	2.57986473869309	2.59718250865089	2.55337134823962
39.6202924984985	2.59128030321031	2.61024869641254	2.56501013100651
39.6671526906907	2.60240021382958	2.62338944715124	2.57625640160899
39.7140128828829	2.61322447055077	2.63564881325547	2.58616069840292
39.7608730750751	2.62375307337413	2.64670409681185	2.59587242450801
39.8077332672673	2.63398602229926	2.65696453538299	2.60515664642612
39.8545934594595	2.64390102920968	2.66701485115082	2.61375700622622
39.9014536516517	2.65331718856895	2.67647335556266	2.62258964359953
39.9483138438438	2.66214662241034	2.68621600573918	2.62984939545496
39.995174036036	2.67038874786004	2.69639081829032	2.63688698268298
40.0420342282282	2.6780435649179	2.70535918584939	2.64512206499122
40.0888944204204	2.6851110735844	2.71309555237295	2.65342595844372
40.1357546126126	2.69159130378769	2.7198962083976	2.66120481702204
40.1826148048048	2.69749508972288	2.7261196719183	2.66731488089129
40.229474996997	2.70284930494013	2.73114731826352	2.67420242108864
40.2763351891892	2.70765804479611	2.73474873504059	2.67965843701897
40.3231953813814	2.71192130929111	2.73806008174905	2.6851164571876
40.3700555735736	2.71563909842473	2.7406505233814	2.68988659701203
40.4169157657658	2.71881141219715	2.74193596160479	2.6943595770173
40.463775957958	2.72143825060839	2.74332944068827	2.69795766427871
40.5106361501501	2.72351961365831	2.74548574233674	2.70171998640772
40.5574963423423	2.72505550134723	2.74683050148942	2.70511962098239
40.6043565345345	2.72606290745082	2.74749725175715	2.70646799560258
40.6512167267267	2.7267454806143	2.7480397286767	2.70835963483529
40.6980769189189	2.72723756082616	2.7483954484974	2.70858764782703
40.7449371111111	2.72754152361192	2.74779685635286	2.70841662401596
40.7917973033033	2.72765736897099	2.74794780012106	2.70675769548783
40.8386574954955	2.72758509690411	2.75017819948704	2.70520831918691
40.8855176876877	2.72732470741077	2.75215147200664	2.7044698510902
40.9323778798799	2.72687620049114	2.75369755352107	2.70426115849668
40.9792380720721	2.72623957614513	2.75454429748563	2.70480576883942
41.0260982642643	2.72541483437304	2.75564601599833	2.70565988598445
41.0729584564565	2.72440197517452	2.75615182874299	2.70503261259279
41.1198186486486	2.72320099854972	2.75641259309159	2.69689974842552
41.1666788408408	2.72181217461365	2.75681694072277	2.68785678735475
41.213539033033	2.72068907603173	2.75750609677534	2.67951093760101
41.2603992252252	2.7212122914138	2.75769984496736	2.68295814615981
41.3072594174174	2.72380058319852	2.75694888093551	2.68151414301511
41.3541196096096	2.73029918866127	2.75514156454174	2.69566235963353
41.4009798018018	2.73741195574739	2.75545836009367	2.71464406232852
41.447839993994	2.74384395570826	2.75643634455614	2.7278267628045
41.4947001861862	2.74959513924701	2.7606304541937	2.73495609635463
41.5415603783784	2.75466550636314	2.76809517710862	2.73948800922044
41.5884205705706	2.75905458483832	2.77510850942463	2.74143907298729
41.6352807627628	2.76273454262141	2.78076834422309	2.74336566978
41.682140954955	2.76566252569983	2.7834723444783	2.74377621947544
41.7290011471471	2.76789003020223	2.78377798402305	2.74625478601847
41.7758613393393	2.76984905130412	2.78403995728275	2.74709853186464
41.8227215315315	2.77174528350626	2.78787708679159	2.74179006757157
41.8695817237237	2.77358009046273	2.7912912282804	2.74386138181813
41.9164419159159	2.77535347217318	2.79319775045271	2.74658216140328
41.9633021081081	2.77706542863765	2.79452527222865	2.75219514687438
42.0101623003003	2.77871595985619	2.79668696033009	2.76029198597848
42.0570224924925	2.78030263188498	2.80283749019984	2.76372616761801
42.1038826846847	2.78170720030367	2.81656176341168	2.76291941460464
42.1507428768769	2.78276079724993	2.82670989458546	2.76346283840357
42.1976030690691	2.78344952951813	2.83141339270985	2.76075714119644
42.2444632612613	2.7834358427327	2.84833367728997	2.75388280896174
42.2913234534535	2.78185284504122	2.85921557760187	2.74721731030205
42.3381836456456	2.77856111931033	2.86062604181553	2.74180980391223
42.3850438378378	2.77356063593936	2.85228872350453	2.73315560097557
42.43190403003	2.76684827738532	2.83743559660595	2.7228251071107
42.4787642222222	2.75841822378512	2.81486535042781	2.71370419643202
42.5256244144144	2.74836396460774	2.80093795050312	2.69739230952244
42.5724846066066	2.73745260551252	2.78421587626624	2.68247879716832
42.6193447987988	2.72606757560386	2.76584290239428	2.65954199997843
42.666204990991	2.71477101217011	2.75176773949144	2.62046583433383
42.7130651831832	2.70442393862541	2.73827076817937	2.60214730088147
42.7599253753754	2.6950996793214	2.72660076923426	2.58604423002047
42.8067855675676	2.68679823425769	2.72091903864811	2.56265306998207
42.8536457597598	2.67951960343495	2.71935760193667	2.55206070723854
42.900505951952	2.67326378685258	2.71853071224201	2.53932846550212
42.9473661441441	2.66804446585045	2.72348173963317	2.52180696359472
42.9942263363363	2.66456882658999	2.72948406074272	2.52051637079944
43.0410865285285	2.66386948113305	2.74596626937189	2.53947481249746
43.0879467207207	2.66602793400184	2.75583491851746	2.54713113537397
43.1348069129129	2.67094999403564	2.7706317786631	2.56952655184828
43.1816671051051	2.67767112887773	2.78546928686652	2.57672809123753
43.2285272972973	2.68562587318868	2.80007077647293	2.58907029548582
43.2753874894895	2.69480705509054	2.81687443678812	2.60552611811527
43.3222476816817	2.70521467458356	2.83118515710051	2.61850434269855
43.3691078738739	2.71684873166743	2.84826836058856	2.63420305138575
43.4159680660661	2.72970922634217	2.87393097683806	2.64749737381328
43.4628282582583	2.74379615860785	2.89625595342743	2.66425492055213
43.5096884504505	2.7591095284647	2.91880514288636	2.68441939805911
43.5565486426426	2.77564933591239	2.93751339428129	2.7051602183374
43.6034088348348	2.79341558095097	2.95904098814198	2.72803507658045
43.650269027027	2.81240826358055	2.98628038399181	2.75219835355072
43.6971292192192	2.83262738380107	3.00875022258073	2.77876532435537
43.7439894114114	2.8540729416125	3.02477004432457	2.80482436068242
43.7908496036036	2.87674493701507	3.0409682580151	2.83342369433196
43.8377097957958	2.90064337000843	3.06290428667044	2.86119017664427
43.884569987988	2.92576824059282	3.07821688812791	2.88959420688801
43.9314301801802	2.95211954876793	3.0901717114313	2.91563970484381
43.9782903723724	2.9796972945344	3.11492893032042	2.9408785169855
44.0251505645646	3.00850147789161	3.13837433435762	2.9591319003315
44.0720107567568	3.03853209883978	3.16874674580395	2.968565380425
44.118870948949	3.06960586123762	3.21591882776919	2.98225501812689
44.1657311411411	3.10073012085861	3.26538099733707	3.0029045432273
44.2125913333333	3.13157040819233	3.30862284031902	3.00903423136766
44.2594515255255	3.16212646836581	3.34136009994618	3.0091386690642
44.3063117177177	3.19239830137873	3.36633463065173	3.00693481918461
44.3531719099099	3.22238590723119	3.38312815493631	3.00315961590064
44.4000321021021	3.2520811629045	3.40790817033488	2.99587596349823
44.4468922942943	3.28008962114809	3.43547390578701	2.99205243228733
44.4937524864865	3.30252713466866	3.46388619759377	2.98383782325836
44.5406126786787	3.31712079589082	3.48822094470376	2.97514512922753
44.5874728708709	3.32364184395149	3.48664503524581	2.96490239143118
44.6343330630631	3.3220902788504	3.47087780676261	2.9574298181883
44.6811932552553	3.31246610058801	3.4309980621056	2.9467539653769
44.7280534474475	3.29477581833577	3.38796340381806	2.9370016076498
44.7749136396396	3.26978047526819	3.37300457067644	2.92610167543047
44.8217738318318	3.23930775734968	3.36049865751636	2.90304255463589
44.868634024024	3.20364025344306	3.34584877321355	2.89096293894693
44.9154942162162	3.16277796354852	3.32223434539719	2.87856887092299
44.9623544084084	3.11672088766573	3.28637368170612	2.85927716556789
45.0092146006006	3.06546902579493	3.24267021421182	2.841311403118
45.0560747927928	3.00905994844133	3.19910423308366	2.82428677851926
45.102934984985	2.94919981397359	3.17233425021268	2.79465752196362
45.1497951771772	2.88867725593749	3.1466793876053	2.76051255758851
45.1966553693694	2.83023984491548	3.1173777819902	2.72096453614782
45.2435155615616	2.77485294841263	3.08384574866435	2.67782592431505
45.2903757537538	2.72251803306957	3.04889326883581	2.63466157194679
45.3372359459459	2.67323509888668	3.00082075870903	2.58708820319765
45.3840961381381	2.62700414586345	2.94918574583463	2.53432826242027
45.4309563303303	2.58382517400027	2.92059543376827	2.48425170858016
45.4778165225225	2.5436981832969	2.87096557594105	2.43882483729999
45.5246767147147	2.50662317375351	2.81981796150546	2.39646892144741
45.5715369069069	2.47260014536984	2.761770185609	2.36028157454045
45.6183970990991	2.44162909814634	2.72907588596028	2.3290263011933
45.6652572912913	2.41371003208256	2.7149885450122	2.29957494625294
45.7121174834835	2.38884294717874	2.70423097552236	2.27695455252678
45.7589776756757	2.36702784343474	2.67574130302984	2.25670279686403
45.8058378678679	2.34826472085078	2.65919696008307	2.23389664783664
45.8526980600601	2.33255357942667	2.64459471217482	2.21022577281191
45.8995582522522	2.31989441916238	2.63146769270844	2.17545433721331
45.9464184444444	2.31028724005802	2.61004456122537	2.11780592533838
45.9932786366366	2.30373204211359	2.57835890004771	2.04534382080527
46.0401388288288	2.30022882532903	2.55751252089432	1.97363907682404
46.086999021021	2.29977758970447	2.53847492647272	1.90048047170986
46.1338592132132	2.30248349113878	2.53224339714479	1.82250140589005
46.1807194054054	2.31081362368052	2.52061953648758	1.80408159515668
46.2275795975976	2.32331135717074	2.51529082196512	1.78958099521366
46.2744397897898	2.338876494503	2.50906244880004	1.7815125182258
46.321299981982	2.3572723141297	2.52043590054441	1.77775295486237
46.3681601741742	2.37358806962684	2.52785766734081	1.77775295486266
46.4150203663664	2.39013524715786	2.5424955191742	1.77717519687566
46.4618805585586	2.40876321220861	2.56249856516387	1.77687870712121
46.5087407507507	2.4294719647792	2.58320821028524	1.75759239517884
46.5556009429429	2.45226150486935	2.60438192394661	1.69570045215258
46.6024611351351	2.47713183247923	2.66797334336105	1.69244244707259
46.6493213273273	2.5040829476088	2.7536743018743	1.68556553661442
46.6961815195195	2.5331148502579	2.91044817548206	1.68556553661471
46.7430417117117	2.564227540427	3.08388375867173	1.68556553661442
46.7899019039039	2.59742101811564	3.20434263096488	1.66294192900465
