phys	rec.rate	upper	lower
0.0109094754754755	0	4.68905406806321	0
0.0327284264264264	0	4.68905406806305	0
0.0545473773773774	0	4.68905406806321	0
0.0763663283283283	0	4.68905406806321	0
0.0981852792792793	0	4.68905406806321	0
0.12000423023023	0	4.68905406806305	0
0.141823181181181	0	4.68905406806321	0
0.163642132132132	0	4.68905406806321	0
0.185461083083083	0	4.68905406806305	0
0.207280034034034	0	4.68905406806337	0
0.229098984984985	0	4.68905406806305	0
0.250917935935936	0	4.68905406806338	0
0.272736886886887	0	4.68905406806288	0
0.294555837837838	0	4.68905406806321	0
0.316374788788789	0	4.68905406806304	0
0.33819373973974	0	4.68905406806321	0
0.360012690690691	0	4.68905406806321	0
0.381831641641642	0	4.68905406806304	0
0.403650592592593	0	4.68905406806321	0
0.425469543543544	0	4.6890540680632	0
0.447288494494495	0	4.68905406806337	0
0.469107445445445	0	4.68905406806289	0
0.490926396396396	0	4.68905406806337	0
0.512745347347347	0	4.68905406806306	0
0.534564298298298	0	4.68905406806304	0
0.556383249249249	0	4.6890540680632	0
0.5782022002002	0	4.68905406806336	0
0.600021151151151	0	4.6890540680629	0
0.621840102102102	0	4.6890540680632	0
0.643659053053053	0	4.6890540680632	0
0.665478004004004	0	4.68905406806306	0
0.687296954954955	0	4.68905406806336	0
0.709115905905906	0	4.68905406806304	0
0.730934856856857	0	4.68905406806339	0
0.752753807807808	0	4.68905406806288	0
0.774572758758759	0	4.68905406806337	0
0.79639170970971	0	4.6890540680629	0
0.818210660660661	0	4.68905406806337	0
0.840029611611612	0	4.68905406806304	0
0.861848562562563	0	4.6890540680632	0
0.883667513513514	0	4.68905406806306	0
0.905486464464465	0	4.6890540680632	0
0.927305415415416	0	4.68905406806336	0
0.949124366366366	0	4.6890540680629	0
0.970943317317317	0	4.68905406806336	0
0.992762268268268	0	4.68905406806304	0
1.01458121921922	0	4.68905406806336	0
1.03640017017017	0	4.68905406806293	0
1.05821912112112	0	4.68905406806337	0
1.08003807207207	0	4.68905406806287	0
1.10185702302302	0	4.6890540680632	0
1.12367597397397	0	4.6890540680632	0
1.14549492492493	0	4.68905406806336	0
1.16731387587588	0	4.68905406806304	0
1.18913282682683	0	4.68905406806308	0
1.21095177777778	0	4.68905406806336	0
1.23277072872873	0	4.68905406806288	0
1.25458967967968	0	4.68905406806336	0
1.27640863063063	0	4.68905406806304	0
1.29822758158158	0	4.6890540680632	0
1.32004653253253	0	4.68905406806308	0
1.34186548348348	0	4.6890540680632	0
1.36368443443443	0	4.68905406806304	0
1.38550338538539	0	4.68905406806337	0
1.40732233633634	0	4.6890540680632	0
1.42914128728729	0	4.68905406806288	0
1.45096023823824	0	4.68905406806336	0
1.47277918918919	0	4.68905406806308	0
1.49459814014014	0	4.68905406806336	0
1.51641709109109	0	4.68905406806304	0
1.53823604204204	0	4.6890540680632	0
1.56005499299299	0	4.68905406806304	0
1.58187394394394	0	4.6890540680632	0
1.6036928948949	0	4.68905406806309	0
1.62551184584585	0	4.6890540680632	0
1.6473307967968	0	4.6890540680632	0
1.66914974774775	0	4.6890540680632	0
1.6909686986987	0	4.68905406806304	0
1.71278764964965	0	4.6890540680632	0
1.7346066006006	0	4.6890540680632	0
1.75642555155155	0	4.68905406806308	0
1.7782445025025	0	4.68905406806336	0
1.80006345345345	0	4.68905406806304	0
1.8218824044044	0	4.6890540680632	0
1.84370135535536	0	4.68905406806304	0
1.86552030630631	0	4.6890540680632	0
1.88733925725726	0	4.68905406806309	0
1.90915820820821	0	4.6890540680632	0
1.93097715915916	0	4.6890540680632	0
1.95279611011011	0	4.68905406806304	0
1.97461506106106	0	4.68905406806336	0
1.99643401201201	0	4.68905406806304	0
2.01825296296296	0	4.6890540680632	0
2.04007191391391	0	4.6890540680632	0
2.06189086486487	0	4.68905406806304	0
2.08370981581582	0	4.6890540680633	0
2.10552876676677	0	4.68905406806304	0
2.12734771771772	0	4.6890540680632	0
2.14916666866867	0	4.68905406806312	0
2.17098561961962	0	4.6890540680632	0
2.19280457057057	0	4.6890540680632	0
2.21462352152152	0	4.6890540680632	0
2.23644247247247	0	4.68905406806312	0
2.25826142342342	0	4.68905406806312	0
2.28008037437437	0	4.6890540680632	0
2.30189932532533	0	4.68905406806312	0
2.32371827627628	0	4.68905406806312	0
2.34553722722723	0	4.6890540680632	0
2.36735617817818	0	4.68905406806313	0
2.38917512912913	0	4.68905406806312	0
2.41099408008008	0	4.6890540680632	0
2.43281303103103	0	4.6890540680632	0
2.45463198198198	0	4.6890540680632	0
2.47645093293293	0	4.68905406806312	0
2.49826988388388	0	4.68905406806312	0
2.52008883483484	0	4.6890540680632	0
2.54190778578579	0	4.68905406806312	0
2.56372673673674	0	4.6890540680632	0
2.58554568768769	0	4.68905406806312	0
2.60736463863864	0	4.68905406806312	0
2.62918358958959	0	4.6890540680632	0
2.65100254054054	0	4.68905406806313	0
2.67282149149149	0	4.6890540680632	0
2.69464044244244	0	4.6890540680632	0
2.71645939339339	0	4.68905406806312	0
2.73827834434434	0	4.6890540680632	0
2.7600972952953	0	4.68905406806312	0
2.78191624624625	0	4.68905406806312	0
2.8037351971972	0	4.6890540680632	0
2.82555414814815	0	4.68905406806312	0
2.8473730990991	0	4.68905406806312	0
2.86919205005005	0	4.6890540680632	0
2.891011001001	0	4.68905406806312	0
2.91282995195195	0	4.68905406806328	0
2.9346489029029	0	4.68905406806313	0
2.95646785385385	0	4.68905406806312	0
2.9782868048048	0	4.6890540680632	0
3.00010575575576	0	4.68905406806312	0
3.02192470670671	0	4.68905406806312	0
3.04374365765766	0	4.6890540680632	0
3.06556260860861	0	4.68905406806312	0
3.08738155955956	0	4.6890540680632	0
3.10920051051051	0	4.68905406806312	0
3.13101946146146	0	4.6890540680632	0
3.15283841241241	0	4.6890540680632	0
3.17465736336336	0	4.68905406806312	0
3.19647631431431	0	4.6890540680632	0
3.21829526526527	0	4.68905406806313	0
3.24011421621622	0	4.68905406806312	0
3.26193316716717	0	4.68905406806312	0
3.28375211811812	0	4.6890540680632	0
3.30557106906907	0	4.68905406806312	0
3.32739002002002	0	4.6890540680632	0
3.34920897097097	0	4.68905406806312	0
3.37102792192192	0	4.68905406806328	0
3.39284687287287	0	4.68905406806312	0
3.41466582382382	0	4.68905406806312	0
3.43648477477478	0	4.6890540680632	0
3.45830372572573	0	4.68905406806312	0
3.48012267667668	0	4.68905406806312	0
3.50194162762763	0	4.68905406806321	0
3.52376057857858	0	4.68905406806312	0
3.54557952952953	0	4.6890540680632	0
3.56739848048048	0	4.68905406806312	0
3.58921743143143	0	4.6890540680632	0
3.61103638238238	0	4.68905406806312	0
3.63285533333333	0	4.68905406806312	0
3.65467428428428	0	4.6890540680632	0
3.67649323523524	0	4.6890540680632	0
3.69831218618619	0	4.68905406806312	0
3.72013113713714	0	4.6890540680632	0
3.74195008808809	0	4.68905406806312	0
3.76376903903904	0	4.68905406806313	0
3.78558798998999	0	4.6890540680632	0
3.80740694094094	0	4.68905406806312	0
3.82922589189189	0	4.6890540680632	0
3.85104484284284	0	4.68905406806312	0
3.87286379379379	0	4.68905406806316	0
3.89468274474475	0	4.6890540680632	0
3.9165016956957	0	4.68905406806316	0
3.93832064664665	0	4.68905406806312	0
3.9601395975976	0	4.68905406806316	0
3.98195854854855	0	4.68905406806316	0
4.0037774994995	0	4.68905406806316	0
4.02559645045045	0	4.68905406806318	0
4.0474154014014	0	4.68905406806315	0
4.06923435235235	0	4.68905406806317	0
4.0910533033033	0	4.68905406806315	0
4.11287225425425	0	4.68905406806313	0
4.13469120520521	0	4.68905406806323	0
4.15651015615616	0	4.68905406806313	0
4.17832910710711	0	4.68905406806313	0
4.20014805805806	0	4.68905406806315	0
4.22196700900901	0	4.68905406806317	0
4.24378595995996	0	4.68905406806315	0
4.26560491091091	0	4.68905406806318	0
4.28742386186186	0	4.68905406806319	0
4.30924281281281	0	4.68905406806313	0
4.33106176376376	0	4.68905406806315	0
4.35288071471471	0	4.68905406806313	0
4.37469966566567	0	4.68905406806323	0
4.39651861661662	0	4.68905406806313	0
4.41833756756757	0	4.68905406806315	0
4.44015651851852	0	4.68905406806317	0
4.46197546946947	0	4.68905406806313	0
4.48379442042042	0	4.68905406806319	0
4.50561337137137	0	4.68905406806317	0
4.52743232232232	0.0139672121931559	4.68905406806315	0
4.54925127327327	0.0382210663926603	4.68905406806313	0
4.57107022422422	0.0637214304544607	4.68905406806319	0
4.59288917517518	0.0904683043785566	4.68905406806313	0
4.61470812612613	0.11846168816495	4.68905406806315	0
4.63652707707708	0.147701581813641	4.68905406806317	0
4.65834602802803	0.178187985324627	4.68905406806315	0
4.68016497897898	0.20992089869791	4.68905406806318	0
4.70198392992993	0.242900321933489	4.68905406806317	0
4.72380288088088	0.277126255031367	4.68905406806315	0
4.74562183183183	0.312598697991534	4.68905406806318	0
4.76744078278278	0.349317650814009	4.68905406806315	0
4.78925973373373	0.387283113498772	4.68905406806315	0
4.81107868468469	0.426495086045834	4.68905406806317	0
4.83289763563564	0.466953568455199	4.68905406806315	0
4.85471658658659	0.508658560726849	4.68905406806315	0
4.87653553753754	0.551610062860804	4.68905406806318	0
4.89835448848849	0.595808074857057	4.68905406806315	0
4.92017343943944	0.641252596715599	4.68905406806318	0
4.94199239039039	0.687943628436445	4.68905406806317	0
4.96381134134134	0.735881170019584	4.68905406806313	0
4.98563029229229	0.78506522146501	4.68905406806319	0
5.00744924324324	0.835495782772752	4.68905406806313	0
5.0292681941942	0.887172853942776	4.68905406806315	0
5.05108714514515	0.940096434975106	4.68905406806317	0
5.0729060960961	0.994266525869723	4.68905406806316	0
5.09472504704705	1.04968312662665	4.68905406806317	0
5.116543997998	1.10634623724586	4.68905406806317	0
5.13836294894895	1.16425585772737	4.68905406806315	0
5.1601818998999	1.22341198807119	4.68905406806315	0
5.18200085085085	1.28381462827728	4.68905406806317	0
5.2038198018018	1.34546377834569	4.68905406806316	0.0546517620575471
5.22563875275275	1.4083594382764	4.68905406806315	0.139374096469872
5.2474577037037	1.47250160806938	4.68905406806316	0.230636789670693
5.26927665465466	1.53789028772468	4.68905406806316	0.313731767713665
5.29109560560561	1.60452547724227	4.68905406806315	0.414146762843268
5.31291455655656	1.67240717662214	4.68905406806316	0.519613807380627
5.33473350750751	1.74153538586431	4.68905406806316	0.623416792607035
5.35655245845846	1.8119101049688	4.68905406806316	0.732199865088795
5.37837140940941	1.88353133393559	4.68905406806316	0.835354467741561
5.40019036036036	1.95639907276465	4.68905406806316	0.942121695431657
5.42200931131131	2.03051332145603	4.68905406806315	0.998259128412336
5.44382826226226	2.10587408000968	4.68905406806316	1.01114010137236
5.46564721321321	2.18248134842564	4.68905406806316	1.04156100339945
5.48746616416416	2.26033512670392	4.68905406806316	1.1068907817628
5.50928511511512	2.33943541484445	4.6916790238285	1.14577956662758
5.53110406606607	2.41978221284731	4.69348923361322	1.16961908396584
5.55292301701702	2.50132332219063	4.7567107103706	1.2055769566134
5.57474196796797	2.58195353452612	4.81428678134149	1.23868273173376
5.59656091891892	2.65889333904606	4.85864205542724	1.25235853236913
5.61837986986987	2.73195240520197	4.89294462328023	1.27257036553872
5.64019882082082	2.80113073299392	4.91218700045685	1.28551682593743
5.66201777177177	2.8664283224218	4.93432542797427	1.29815156282622
5.68383672272272	2.92784517348577	4.96937878024809	1.30815222922853
5.70565567367367	2.98538128618565	5.01937063295717	1.31757671916845
5.72747462462462	3.03903666052157	5.02632639459637	1.32702743746389
5.74929357557558	3.0888112964935	5.05284398645087	1.33741838084712
5.77111252652653	3.13470519410138	5.0758088767352	1.34757688431995
5.79293147747748	3.17671835334531	5.07682701016947	1.35812373969357
5.81475042842843	3.21485077422517	5.08406071095779	1.36820623357451
5.83656937937938	3.24910245674107	5.08984650867585	1.37871848985466
5.85838833033033	3.27947340089296	5.0920347554915	1.39233198858451
5.88020728128128	3.30596360668085	5.08706960802296	1.40146792268367
5.90202623223223	3.32857307410475	5.07899643237945	1.41318714830298
5.92384518318318	3.34730180316463	5.08266695693306	1.4253855459942
5.94566413413413	3.36214979386051	5.0740619956404	1.43710912133948
5.96748308508509	3.37311704619237	5.06890216018152	1.44802376987107
5.98930203603604	3.38020356016022	5.05588521818209	1.46004978258867
6.01112098698699	3.38340933576415	5.02743135041629	1.47168489385421
6.03293993793794	3.38273437300399	4.99844114989102	1.48346661273254
6.05475888888889	3.37817867187984	4.95591733459464	1.49537656229761
6.07657783983984	3.36974223239163	4.90572624327611	1.50583344505986
6.09839679079079	3.35742505453954	4.83759892540801	1.51383250396113
6.12021574174174	3.34122713832341	4.76816306886655	1.52162574803549
6.14203469269269	3.32114848374327	4.69783684200651	1.52951607766638
6.16385364364364	3.29718909079907	4.64383009708575	1.53759838140855
6.1856725945946	3.26934895949094	4.58969643233568	1.54236908514181
6.20749154554555	3.23762808981875	4.52712179842149	1.55359844508909
6.2293104964965	3.20202648178261	4.47404605551608	1.56079129697984
6.25112944744745	3.16308190038345	4.43232884583472	1.56809747792359
6.2729483983984	3.12314994178861	4.37761055531177	1.57797107928886
6.29476734934935	3.08287540941119	4.3197804444325	1.59204337289592
6.3165863003003	3.04225831959329	4.26808886615576	1.60762886894872
6.33840525125125	3.00129867233474	4.22194473112291	1.62107201379625
6.3602242022022	2.95999646763571	4.18952299003385	1.62987130471358
6.38204315315315	2.91835170549603	4.15527998700614	1.63726616425609
6.40386210410411	2.8763643859158	4.1214195123059	1.64719604413826
6.42568105505506	2.83403450889508	4.0768972444221	1.655891388688
6.44750000600601	2.79136207443382	4.04261650095747	1.66753225368351
6.46931895695696	2.74834708253182	4.00571549525306	1.67512307070072
6.49113790790791	2.70516386814223	3.96215225980281	1.68394195322491
6.51295685885886	2.66286668971734	3.92656383402146	1.69278207372457
6.53477580980981	2.62184982364434	3.89118114015655	1.70149161472858
6.55659476076076	2.58211395530195	3.85300351443611	1.70544735359354
6.57841371171171	2.54365908469012	3.84150105749648	1.71355851074312
6.60023266266266	2.50648521180891	3.80000147422049	1.72190825982375
6.62205161361361	2.47059233665826	3.77042571914691	1.73035398271088
6.64387056456457	2.43598045923821	3.74914007184273	1.73881369664327
6.66568951551552	2.40264957954875	3.71076828182166	1.74776833605953
6.68750846646647	2.37059969758988	3.67032610752425	1.75543633877434
6.70932741741742	2.3398308133616	3.65570675303535	1.76357348493424
6.73114636836837	2.31034292686392	3.62065131145371	1.77193370716852
6.75296531931932	2.28213603809678	3.58483761756895	1.78035495788762
6.77478427027027	2.2552101470011	3.52815873080001	1.77455713154046
6.79660322122122	2.22947641049816	3.48834528278843	1.76544183292036
6.81842217217217	2.20458872690033	3.47148818460907	1.7633737115165
6.84024112312312	2.1804628282954	3.45332786225315	1.75270677240245
6.86206007407407	2.15709871468347	3.43386431572059	1.73909407360381
6.88387902502503	2.13449638606454	3.41309754501158	1.73372655807899
6.90569797597598	2.11265584243861	3.39048612192567	1.71454460658135
6.92751692692693	2.09157708380567	3.34900472522261	1.69129317400737
6.94933587787788	2.07126011016573	3.29535483093407	1.66431536009078
6.97115482882883	2.05170492151879	3.24232863011252	1.6309532099606
6.99297377977978	2.03291151786484	3.19004562186613	1.60065272276785
7.01479273073073	2.01487989920388	3.14052806821197	1.57136854871904
7.03661168168168	1.99761006553595	3.10716214431673	1.55300653767707
7.05843063263263	1.98110201686097	3.07384291830564	1.5377823290487
7.08024958358358	1.96535575317902	3.04736817287947	1.51703699632201
7.10206853453453	1.95037127449004	3.0048714205113	1.50445933887254
7.12388748548549	1.93614858079405	2.96207368563944	1.49058912152161
7.14570643643644	1.9226876720911	2.92205871631269	1.47885037120967
7.16752538738739	1.90998854838115	2.88123775493202	1.45902557629499
7.18934433833834	1.89805120966415	2.83885474908058	1.44472909748103
7.21116328928929	1.88687565594018	2.7952672846521	1.43340463111238
7.23298224024024	1.87646188720917	2.74868994742824	1.42574604938801
7.25480119119119	1.86680990347119	2.70239538312613	1.4215630309673
7.27662014214214	1.85785728361965	2.65488125868189	1.41064524859201
7.29843909309309	1.8488790985411	2.60699864850979	1.39203231272836
7.32025804404404	1.83940799193078	2.55929611887183	1.37978029644781
7.342076994995	1.82943618977462	2.51170485496996	1.37018363646794
7.36389594594595	1.81896369207265	2.46370486153327	1.3639433203322
7.3857148968969	1.80799049882487	2.41590817807062	1.35109482718037
7.40753384784785	1.79651661003126	2.36831480458186	1.34131654019348
7.4293527987988	1.78454202569182	2.31217966186762	1.33709907634277
7.45117174974975	1.77206674580654	2.26099559533491	1.32753845510132
7.4729907007007	1.75909077037551	2.22770354143802	1.31214932739403
7.49480965165165	1.74561409939859	2.19842203153059	1.29308109368404
7.5166286026026	1.73163673287592	2.18287404170266	1.2712479869507
7.53844755355355	1.71715867080737	2.14833469966302	1.2504754948523
7.56026650450451	1.70217991319302	2.14522006075294	1.23069809807413
7.58208545545546	1.68670046003284	2.14147689792991	1.22458563604636
7.60390440640641	1.67072031132687	2.13601982122003	1.20988994233958
7.62572335735736	1.65423946707503	2.12476500434219	1.19636037089642
7.64754230830831	1.63725792727742	2.11605967269062	1.18399772160735
7.66936125925926	1.61980072241732	2.1056485567836	1.16622831432038
7.69118021021021	1.60258317111833	2.09221062310946	1.1606499940165
7.71299916116116	1.58640800368355	2.08084528921749	1.15492493437946
7.73481811211211	1.57131780580919	2.0732509885966	1.15195226181847
7.75663706306306	1.55731257749514	2.06499669219708	1.14293729520893
7.77845601401402	1.54439231874147	2.05624663700841	1.13106641190233
7.80027496496497	1.53255702954818	2.05140620959441	1.12483644825192
7.82209391591592	1.5218067099153	2.0422763296666	1.11533915132031
7.84391286686687	1.51214135984267	2.03533074171212	1.11649156343054
7.86573181781782	1.5035609793305	2.0226004853153	1.11104980460526
7.88755076876877	1.49606556837866	2.01001231066791	1.10329666577791
7.90936971971972	1.48965512698718	2.00699430438911	1.10097989354335
7.93118867067067	1.48432965515608	1.99665709704661	1.08950336619481
7.95300762162162	1.48008915288532	1.99123110891013	1.07931504774949
7.97482657257257	1.47693362017495	1.98831279266754	1.06975860377078
7.99664552352352	1.47486305702493	1.98481584484016	1.07077456629234
8.01846447447448	1.47387746343528	1.98111471985813	1.06021445007128
8.04028342542543	1.47397683940599	1.97324900682805	1.048852223037
8.06210237637638	1.47516118493707	1.97155513363681	1.03268012285313
8.08392132732733	1.47743050002849	1.97334355593591	1.02479626411195
8.10574027827828	1.48078478468028	1.96787756980326	1.0158493199686
8.12755922922923	1.48522403889252	1.96521261521044	1.00770312543876
8.14937818018018	1.49074826266502	1.96295381112943	1.00911370217046
8.17119713113113	1.49735745599789	1.9621545031589	1.00496000302243
8.19301608208208	1.50505161634963	1.96124335086971	1.00200644350129
8.21483503303303	1.51367795911455	1.96637776506768	1.000599956874
8.23665398398398	1.52267149941637	1.96359814190234	0.994077859271151
8.25847293493494	1.53190167020261	1.97664221407431	0.988812533716524
8.28029188588589	1.54136847147329	1.98593807717527	0.985109480576626
8.30211083683684	1.55107190322837	1.99933332930879	0.982667007551453
8.32392978778779	1.56101196546793	2.00479013378621	0.98148511464104
8.34574873873874	1.57118865819189	2.01055054809329	0.982811068678771
8.36756768968969	1.58160198140026	2.02539717326018	0.996398159693719
8.38938664064064	1.59225193509311	2.03585313397796	1.01031160036904
8.41120559159159	1.60313851927037	2.05203584867024	1.01472314023955
8.43302454254254	1.61426173393202	2.06289312663821	1.02001215782378
8.4548434934935	1.62562157907818	2.08357999427213	1.02617865312192
8.47666244444444	1.63721805470872	2.09415319677221	1.02967305694017
8.4984813953954	1.64905116082367	2.10948612162482	1.03202787308725
8.52030034634635	1.66112089742311	2.12433065547527	1.04096476763076
8.5421192972973	1.67342726450692	2.13979668647413	1.04438300517055
8.56393824824825	1.68597026207521	2.15257515512985	1.05669708925391
8.5857571991992	1.69874989012792	2.16445685575902	1.07266292689347
8.60757615015015	1.71176614866503	2.17594655649916	1.08952741956591
8.6293951011011	1.72501903768659	2.18816113351291	1.1061878190329
8.65121405205205	1.7385085571926	2.20031410650094	1.1209808943224
8.673033003003	1.75223470718301	2.21069717946607	1.13373032932533
8.69485195395395	1.76619748765786	2.22372053775288	1.1510252090201
8.71667090490491	1.78039689861713	2.23509869630205	1.1671927108004
8.73848985585586	1.79483294006086	2.24504071132792	1.18465760435004
8.76030880680681	1.80950561198903	2.25601791120977	1.20304628789317
8.78212775775776	1.8244149144016	2.27034855008124	1.21841570343405
8.80394670870871	1.83956084729855	2.28430006126428	1.22493709639856
8.82576565965966	1.85494341068003	2.29409388152642	1.23191124910648
8.84758461061061	1.87056260454589	2.30536309270903	1.23912139346431
8.86940356156156	1.88641842889617	2.31673424113478	1.25235176694162
8.89122251251251	1.90251088373089	2.32719184873567	1.29359048790507
8.91304146346346	1.91883996905007	2.33720611877065	1.33586411064525
8.93486041441442	1.93540568485365	2.34695626403598	1.3793698251785
8.95667936536537	1.95220803114167	2.35567154242616	1.40888492306956
8.97849831631632	1.96924700791412	2.36055140814286	1.43097298741483
9.00031726726727	1.98652261517099	2.36780461324964	1.45186571938214
9.02213621821822	2.0040348529123	2.37639428139796	1.46121117776431
9.04395516916917	2.02178372113804	2.38401444901631	1.48623830758265
9.06577412012012	2.03976921984818	2.39113882565049	1.51208155553109
9.08759307107107	2.05799134904282	2.40954486947302	1.55045992658245
9.10941202202202	2.07645010872186	2.40609024187734	1.58729519301865
9.13123097297297	2.09514549888526	2.42397817383909	1.6080110212592
9.15304992392393	2.11407751953321	2.43041947038984	1.63191268709215
9.17486887487488	2.13324617066552	2.45986692079178	1.65481237658185
9.19668782582583	2.15265145228226	2.49387897894185	1.67902601025606
9.21850677677678	2.17229336438346	2.52958600860851	1.70088167886521
9.24032572772773	2.19217190696906	2.56564392489037	1.71743526963333
9.26214467867868	2.21228708003911	2.59923841380083	1.74529326603423
9.28396362962963	2.23263888359358	2.63875271474187	1.77071627719268
9.30578258058058	2.2532273176325	2.67608010543624	1.79263038950539
9.32760153153153	2.27405238215583	2.71368143317104	1.8180143061963
9.34942048248248	2.29511407716357	2.75167739468211	1.83755070961045
9.37123943343343	2.31641240265581	2.79006798996941	1.85442809771424
9.39305838438439	2.33794735863237	2.82731172493903	1.87305668167767
9.41487733533534	2.35971894509348	2.86006792219478	1.8906138359102
9.43669628628629	2.38172716203899	2.89312139055883	1.90838122100946
9.45851523723724	2.40397200946884	2.92675252588059	1.91937964166451
9.48033418818819	2.42645348738324	2.96076282446094	1.93418599557948
9.50215313913914	2.44917159578199	3.00901025556652	1.94661141489338
9.52397209009009	2.4721263346652	3.06985190271915	1.94410202486919
9.54579104104104	2.49531770403288	3.10684715436989	1.94825841314094
9.56760999199199	2.51874570388493	3.15289117974007	1.96126716377962
9.58942894294294	2.54241033422141	3.20037940454753	1.96281636970323
9.61124789389389	2.56631159504237	3.25456395891731	1.97309552374564
9.63306684484485	2.59044948634772	3.31206521512104	1.97850520064675
9.6548857957958	2.61482400813752	3.37387574652633	1.97784859465208
9.67670474674675	2.63943516041172	3.4257798943642	1.97832019664582
9.6985236976977	2.6642829431704	3.48512910836649	1.98237819689128
9.72034264864865	2.68936735641343	3.54430039543758	1.96817332125457
9.7421615995996	2.71468840014095	3.60125068234407	1.97374698678453
9.76398055055055	2.74028430852654	3.65972327167289	1.95372221655645
9.7857995015015	2.76751872530301	3.7255480589873	1.94378841174746
9.80761845245245	2.79809518161891	3.7875920011086	1.93324813111569
9.8294374034034	2.83212094622869	3.85011860769623	1.94009132664211
9.85125635435435	2.86959601913246	3.90396976244561	1.94382051155475
9.87307530530531	2.91052040033011	3.95284747305255	1.96107214931633
9.89489425625626	2.95489408982178	4.00734375272856	1.98376931444777
9.91671320720721	3.00271708760729	4.06287124586472	2.01303268005663
9.93853215815816	3.05398939368687	4.13447349891338	2.05283285465477
9.96035110910911	3.10871100806034	4.21176000336334	2.09571294289264
9.98217006006006	3.16688193072776	4.28852964311962	2.14480473688591
10.003989011011	3.22850216168905	4.36762917593807	2.19945596256425
10.025807961962	3.29357170094442	4.43546281726985	2.26037866983249
10.0476269129129	3.36209054849365	4.51567154543658	2.33115471184491
10.0694458638639	3.43405114584203	4.61098927499684	2.40155208107444
10.0912648148148	3.50939795194286	4.69931232732571	2.47666130373574
10.1130837657658	3.58810619817227	4.81457549725595	2.54762092990561
10.1349027167167	3.67017577035205	4.89970165794703	2.64150658303607
10.1567216676677	3.75560666848207	5.00454284297749	2.7134701255332
10.1785406186186	3.8443988925622	5.11267171988764	2.79968118784005
10.2003595695696	3.93655244259282	5.20189124986871	2.90848934286704
10.2221785205205	4.03206958741702	5.29923846546981	2.99924405873832
10.2439974714715	4.13111926583546	5.41000593494265	3.12070618138622
10.2658164224224	4.23398417384747	5.51079315460609	3.21892628327244
10.2876353733734	4.34069123965527	5.60236630606963	3.35073330419957
10.3094543243243	4.45124046325873	5.69442955060454	3.49448813971997
10.3312732752753	4.565631844658	5.79124695885356	3.65389566380044
10.3530922262262	4.683865383853	5.898622650939	3.80148110706136
10.3749111771772	4.80594108084372	5.99129589472414	3.97091458466112
10.3967301281281	4.93185893563019	6.06692196427034	4.11643282335749
10.4185490790791	5.06161894821245	6.16358034605481	4.26774612559202
10.44036803003	5.19522111859029	6.24019045568028	4.42337329992797
10.462186980981	5.33266544676418	6.31925344340532	4.57355881246429
10.4840059319319	5.47395193273362	6.39210610112298	4.69187642865552
10.5058248828829	5.61697505008572	6.4714627028868	4.7762405706922
10.5276438338338	5.75332010967087	6.56560988162327	4.81848590376641
10.5494627847848	5.88088529169403	6.69808540707464	4.84486005731628
10.5712817357357	5.99967059615509	6.85851510981985	4.87044974551057
10.5931006866867	6.10967602305459	7.02298844962158	4.91412183693046
10.6149196376376	6.21090157239205	7.18772649882437	4.97214136979217
10.6367385885886	6.30334724416765	7.35882504259366	5.01094167607845
10.6585575395395	6.38701303838129	7.46354015431823	5.03942716649975
10.6803764904905	6.46189895503303	7.6150087554873	5.06309991110231
10.7021954414414	6.52800499412294	7.73622092670088	5.12795235438753
10.7240143923924	6.58533115565069	7.84143915634927	5.20314837716187
10.7458333433433	6.63387743961704	7.91687228338988	5.21859186292669
10.7676522942943	6.67364384602108	7.9766747102475	5.17758154122192
10.7894712452452	6.70463037486356	8.02362851971315	5.18246913967395
10.8112901961962	6.72683702614411	8.04405188431456	5.19377868906885
10.8331091471471	6.7402639687177	8.0438300942151	5.19814843402308
10.8549280980981	6.74528584459576	8.0369582073356	5.16898360133543
10.8767470490491	6.74307288406348	8.05889732975521	5.14408018829358
10.898566	6.73385294471047	8.01869708841999	5.08472464749255
10.920384950951	6.71762602653758	8.00661225014115	5.09328730518367
10.9422039019019	6.69439212954388	8.00240372527451	5.09612643539963
10.9640228528529	6.6641512537301	7.93379922971163	5.08243356854282
10.9858418038038	6.62690339909549	7.88396765252135	5.00816069752699
11.0076607547548	6.58264856564086	7.85261462064916	4.92986150007113
11.0294797057057	6.53138675336556	7.76365752881707	4.85447988473653
11.0512986566567	6.47311321501166	7.68115209483413	4.79686642549843
11.0731176076076	6.40631413621922	7.57510944751357	4.69605905842075
11.0949365585586	6.32732030140778	7.43219149001864	4.59760283180029
11.1167555095095	6.23558664063828	7.32074971000913	4.5200134020205
11.1385744604605	6.13111315391073	7.18525245766095	4.42929471241045
11.1603934114114	6.01389984122421	7.03930644829978	4.34347790551747
11.1822123623624	5.88394670258012	6.83668869005356	4.27708625297496
11.2040313133133	5.74326057603453	6.62608420690409	4.20522086025191
11.2258502642643	5.6012634553937	6.48279621838196	4.13594557495586
11.2476692152152	5.46071802697554	6.32584629257837	4.05699430411163
11.2694881661662	5.32162464913054	6.21518216738896	3.95937954868222
11.2913071171171	5.18398332185858	6.05140925665758	3.89020374439029
11.3131260680681	5.04779404515948	5.94357220120737	3.79654944529057
11.334945019019	4.9130568190337	5.82766655466182	3.71902785847515
11.35676396997	4.77977164348081	5.70320599123163	3.63918742526573
11.3785829209209	4.64793851850103	5.58794885338023	3.58333955107974
11.4004018718719	4.51757967912058	5.49075796393888	3.50974113981142
11.4222208228228	4.38980852030141	5.32139371889523	3.41959042688831
11.4440397737738	4.26623461054846	5.18791255815784	3.3143065220191
11.4658587247247	4.1469836644538	5.07618620191039	3.25958666111656
11.4876776756757	4.03205568201706	5.05620129090192	3.15333153569759
11.5094966266266	3.92145066323872	5.03796734935513	3.04475417002112
11.5313155775776	3.81516860811826	5.02148437727027	2.94998619697687
11.5531345285285	3.71320951665631	5.00955125335091	2.85551959008433
11.5749534794795	3.61557338885224	5.01977994198585	2.74788133011779
11.5967724304304	3.52226022470628	5.02898450525181	2.63727595956272
11.6185913813814	3.43327002421888	5.03602067825952	2.53509969822282
11.6404103323323	3.3486027873891	5.04136858054833	2.44167704577631
11.6622292832833	3.26825851421781	4.98607851180767	2.35407229117729
11.6840482342342	3.19223720470463	4.97554595008406	2.27357696896951
11.7058671851852	3.12053885884941	4.94732193900357	2.20092246068896
11.7276861361361	3.05316347665261	4.93587665122754	2.13788609807672
11.7495050870871	2.99011105811379	4.92801474720339	2.08255045128643
11.771324038038	2.93138160323322	4.93868118692457	2.03756694810539
11.793142988989	2.8769751120107	4.90668543018543	1.99608402040568
11.8149619399399	2.82689158444644	4.86518325492283	1.93441214669491
11.8367808908909	2.78113102054022	4.82481772210184	1.89499057611709
11.8585998418418	2.73969342029212	4.78558883172303	1.86508170723727
11.8804187927928	2.70257878370233	4.74749658378587	1.81370157634624
11.9022377437437	2.66978711077067	4.71110871791436	1.78480412596892
11.9240566946947	2.64131840149706	4.68293231897308	1.74923878579343
11.9458756456456	2.61717267387559	4.66001670639316	1.71662983779787
11.9676945965966	2.59781435826896	4.63669506924979	1.69585461532507
11.9895135475475	2.5849161418992	4.6039919778664	1.66897450716568
12.0113324984985	2.57885446328009	4.59192561066586	1.65172727027311
12.0331514494495	2.57962932241182	4.6094299479771	1.66281378614722
12.0549704004004	2.58724071929424	4.58753823874852	1.66779429111326
12.0767893513514	2.60168865392731	4.58150282241558	1.66639236500277
12.0986083023023	2.62297312631111	4.60635684484969	1.68181965288351
12.1204272532533	2.65109413644557	4.65990324061057	1.70326789789129
12.1422462042042	2.68605168433084	4.69269146061784	1.72247709147445
12.1640651551552	2.72784576996676	4.67948269911213	1.75401870644261
12.1858841061061	2.77647639335332	4.7303188066624	1.80279208568303
12.2077030570571	2.83194355449072	4.79427409322861	1.85378977939202
12.229522008008	2.89424725337877	4.84714758143544	1.91205952708631
12.251340958959	2.96338749001741	4.880244939969	1.98974480320324
12.2731599099099	3.03936426440713	4.91763952082429	2.04508083548643
12.2949788608609	3.12217757654716	5.00347071466418	2.11218475666062
12.3167978118118	3.21182742643791	5.03493334282382	2.18605106532871
12.3386167627628	3.30831381407969	5.10613141747223	2.27208007393242
12.3604357137137	3.41163673947179	5.16438786823431	2.35885868570513
12.3822546646647	3.52179620261494	5.22592914324971	2.43924009771127
12.4040736156156	3.63879220350864	5.27876501528905	2.50733906330215
12.4258925665666	3.76262474215305	5.35520798516498	2.62766234722142
12.4477115175175	3.89329381854824	5.48304875466521	2.71969096994504
12.4695304684685	4.03079943269398	5.63357183213024	2.82203074404902
12.4913494194194	4.17495507107235	5.82739053301719	2.91298066699957
12.5131683703704	4.32466945252585	6.00735908119217	3.01234897718002
12.5349873213213	4.479546861881	6.20778664050063	3.14850326019355
12.5568062722723	4.63958674594944	6.39435100201076	3.28679017062481
12.5786252232232	4.80478910473152	6.54078846022962	3.44305532495445
12.6004441741742	4.97515393822682	6.75164873513429	3.61063606441484
12.6222631251251	5.15068124643566	6.89157992795428	3.76496818095496
12.6440820760761	5.33137102935786	7.0079864435016	3.90273747889556
12.665901027027	5.51722328699361	7.23205378416086	4.07386531001411
12.687719977978	5.70823801934282	7.52846526125073	4.120904600979
12.7095389289289	5.90441522640542	7.77540487548419	4.11479155804319
12.7313578798799	6.10575476034449	8.10413507013243	4.11136559436405
12.7531768308308	6.30842978121643	8.4651972910467	4.104167609163
12.7749957817818	6.49865613938139	8.76592884086591	4.10509229632442
12.7968147327327	6.67333138253441	9.03510237788742	4.11465333867147
12.8186336836837	6.83098229987692	9.29312392172196	4.12605176649248
12.8404526346346	6.95936176650072	9.49736600158655	4.13153618003775
12.8622715855856	7.0523996186894	9.58639560584354	4.13297590905944
12.8840905365365	7.11005231667534	9.58719453780573	4.13650580765031
12.9059094874875	7.13231986045874	9.48596156545884	4.17706570954654
12.9277284384384	7.11980449211809	9.25015720144127	4.19502976112614
12.9495473893894	7.08785099060821	8.95839688214279	4.21009679899922
12.9713663403403	7.05268260935538	8.74972399310873	4.23380107551988
12.9931852912913	7.01507745604515	8.5184305424109	4.27037369259426
13.0150042422422	6.97503553067561	8.28440165230991	4.31402471501199
13.0368231931932	6.93255683324832	8.08491907458534	4.35302285232065
13.0586421441441	6.88764136376232	7.97378359667868	4.39067390827065
13.0804610950951	6.84028912221821	7.88721738179432	4.41690806538695
13.102280046046	6.79050010861543	7.91387223595877	4.47481117074723
13.124098996997	6.73827432295455	7.95963476887176	4.53161295026328
13.145917947948	6.68361176523482	7.97966040724884	4.56640694783752
13.1677368988989	6.62651243545726	7.99398309145276	4.57665780287661
13.1895558498499	6.56697633362104	7.99978474161962	4.59404428603933
13.2113748008008	6.50500345972664	8.00449798943256	4.57399796840496
13.2331937517518	6.44059381377362	7.98967405795385	4.55330528489962
13.2550127027027	6.37374739576236	7.96855772467515	4.53501725763842
13.2768316536537	6.30446420569266	7.91780031087033	4.5115094064463
13.2986506046046	6.23274424356475	7.87314160486275	4.48150877107653
13.3204695555556	6.15858750937803	7.80543314096989	4.45268213108521
13.3422885065065	6.08199400313346	7.7207052353078	4.43706783710761
13.3641074574575	6.00296372483035	7.650828853702	4.38702975222206
13.3859264084084	5.92149667446877	7.5652138949546	4.32329691876604
13.4077453593594	5.83759285204881	7.46010965745393	4.26503033548821
13.4295643103103	5.75125225757056	7.3746522067074	4.22931847992116
13.4513832612613	5.66247489103394	7.26202394465434	4.14957102896435
13.4732022122122	5.57134646223868	7.1511669768402	4.10607953429511
13.4950211631632	5.47901403663266	7.05535513091964	4.03136325790786
13.5168401141141	5.38629612441479	6.92790247655138	3.96094448519436
13.5386590650651	5.29321036930608	6.81273698459175	3.87309846134526
13.560478016016	5.19975677130635	6.69861553343987	3.79911789731166
13.582296966967	5.10593533041584	6.56442969769121	3.734731755949
13.6041159179179	5.01174624154982	6.42889030088275	3.6719594646023
13.6259348688689	4.91719198245542	6.29941237110609	3.62536468792972
13.6477538198198	4.82227425838811	6.17988744425052	3.56303408139789
13.6695727707708	4.72699310297121	6.03733723883844	3.51055632494498
13.6913917217217	4.63134851620554	5.90984297965876	3.47302156477732
13.7132106726727	4.53534049809091	5.79027688292879	3.41773858740813
13.7350296236236	4.43896904862619	5.71156683639577	3.36357753480738
13.7568485745746	4.34223416781317	5.65994635408383	3.32028099304452
13.7786675255255	4.24513585565053	5.58397780068741	3.27124909177013
13.8004864764765	4.14814029586185	5.50084566587589	3.23611254205189
13.8223054274274	4.05480412387919	5.4374052028878	3.19764353278171
13.8441243783784	3.96676603028888	5.40800581716375	3.14378585802182
13.8659433293293	3.88403475004408	5.32633467791459	3.09306940774106
13.8877622802803	3.80661028314527	5.24757645713566	3.03987414407586
13.9095812312312	3.73449262959195	5.21655621240147	2.98038270053334
13.9314001821822	3.6676817893846	5.14669228683952	2.92040404065717
13.9532191331331	3.60617776252275	5.05767920672408	2.85548953177055
13.9750380840841	3.54998054900682	4.97158071907091	2.79737620002084
13.996857035035	3.49909014883662	4.92752603256082	2.7357967070153
14.018675985986	3.45350656201214	4.8893416191384	2.68710741289101
14.0404949369369	3.41322978853339	4.87520906934413	2.63147339916139
14.0623138878879	3.37825982840037	4.84464023821143	2.59078824192266
14.0841328388388	3.34859668161312	4.76337445837825	2.55081783715701
14.1059517897898	3.32424034817153	4.71937213984035	2.51424430928673
14.1277707407407	3.30519082807578	4.63970730580231	2.47769067868736
14.1495896916917	3.29144812132575	4.56316637425002	2.46558343036909
14.1714086426426	3.28301222792148	4.52464742091493	2.45669164457961
14.1932275935936	3.27988314786286	4.54638800078378	2.45563421319384
14.2150465445445	3.28206088115016	4.58040216755342	2.46288460868853
14.2368654954955	3.28954542778296	4.615838496723	2.48201533601558
14.2586844464464	3.30233678776175	4.65269698829445	2.50248496722835
14.2805033973974	3.32043496108595	4.69097764226723	2.53243281856058
14.3023223483483	3.34383994775628	4.70366039890952	2.57431347218902
14.3241412992993	3.37255174777209	4.69068081638653	2.61391598076661
14.3459602502503	3.40657036113368	4.67506562276015	2.65934135065119
14.3677792012012	3.44589578784125	4.673527023264	2.69965590562892
14.3895981521522	3.4905280278942	4.66388525407245	2.74758707259231
14.4114171031031	3.54046708129306	4.6989604459913	2.79430534530319
14.4332360540541	3.59571294803778	4.68110204752846	2.86147983719492
14.455055005005	3.65626562812791	4.66165693169289	2.92023887679284
14.476873955956	3.72212512156425	4.72847453190959	2.97878075199892
14.4986929069069	3.79329142834593	4.80897973834857	3.04397275364712
14.5205118578579	3.86935405754165	4.88588744525886	3.11861852285521
14.5423308088088	3.94677341199404	4.96093048365367	3.18395856448382
14.5641497597598	4.02374095105923	5.05099659489927	3.25008182938804
14.5859687107107	4.10024214019117	5.15295967577775	3.31404113216929
14.6077876616617	4.17627697939048	5.23003613605991	3.37304450216852
14.6296066126126	4.25184546865687	5.29079201651492	3.40169224075543
14.6514255635636	4.32694760799035	5.33663421920672	3.44582120544216
14.6732445145145	4.40158339739087	5.38068976412649	3.48086162222953
14.6950634654655	4.47575283685864	5.45145890901231	3.51535452383985
14.7168824164164	4.54945592639338	5.52367371945154	3.54764348494933
14.7387013673674	4.62269266599529	5.56504698262713	3.59852167029624
14.7605203183183	4.69546305566429	5.61062379629397	3.64967328425064
14.7823392692693	4.76776709540039	5.67738637065308	3.70019507794943
14.8041582202202	4.8396047852037	5.75506604728527	3.72297279326003
14.8259771711712	4.90963346308379	5.8272411253505	3.74854014109616
14.8477961221221	4.97090190655231	5.90848597901934	3.776183162693
14.8696150730731	5.02117437179731	5.96612188497067	3.80249990768562
14.891434024024	5.0629047371416	6.0213255274415	3.82769086641965
14.913252974975	5.102142394062	6.06513836394514	3.85942534514146
14.9350719259259	5.13980255080539	6.1027559514066	3.88259920169637
14.9568908768769	5.17588520737155	6.13817408345374	3.92405653180578
14.9787098278278	5.21039036376069	6.17853122362681	3.96644577749215
15.0005287787788	5.2433180199721	6.21304159548372	4.00724415357572
15.0223477297297	5.27466817600722	6.24290558451268	4.0514140188022
15.0441666806807	5.304440831864	6.27391200414898	4.09911508733798
15.0659856316316	5.33263598754455	6.29493836040761	4.14866439081309
15.0878045825826	5.35925364304751	6.31039924574267	4.18042320911575
15.1096235335335	5.38429379837309	6.31375279202595	4.24240643686262
15.1314424844845	5.40775645352178	6.32637178422997	4.26745046955085
15.1532614354354	5.4296416084933	6.32481542322683	4.32151853085042
15.1750803863864	5.44994926328732	6.33110405531833	4.36763634442526
15.1968993373373	5.46867941790447	6.33356992521619	4.42278370680568
15.2187182882883	5.48592728426922	6.36858114365994	4.44966100646755
15.2405372392392	5.50483222594615	6.33241492788772	4.47115770539073
15.2623561901902	5.52917130610039	6.38461420193031	4.4880309571355
15.2841751411411	5.55596831369908	6.41683101744821	4.50995811061261
15.3059940920921	5.57587734231713	6.44772626130859	4.52756058158484
15.327813043043	5.58720182782799	6.48459368023824	4.54605205045778
15.349631993994	5.58994177023109	6.51363640446981	4.57183991422101
15.3714509449449	5.58409716952673	6.52036062720638	4.62507606969921
15.3932698958959	5.56966802571518	6.50754909006226	4.63397131817096
15.4150888468468	5.54665433879577	6.48353945120425	4.66691056336656
15.4369077977978	5.51505610876923	6.4704808578853	4.66958532759736
15.4587267487488	5.47487333563501	6.41128322344834	4.65252012797205
15.4805456996997	5.42610601939356	6.35316438689861	4.62219936027653
15.5023646506507	5.36875416004433	6.27221324453243	4.5806553883016
15.5241836016016	5.30293001786931	6.17937138848223	4.55401299104865
15.5460025525526	5.23237135710413	6.10085894414939	4.49048616599575
15.5678215035035	5.16159951926324	6.0165821696795	4.41456233795194
15.5896404544545	5.0908852617061	5.94451944900136	4.34034421200734
15.6114594054054	5.02022858443368	5.86306011043981	4.26328084647923
15.6332783563564	4.94962948744506	5.7950070397147	4.18348782926607
15.6550973073073	4.87908797074088	5.72223035053072	4.10535191960148
15.6769162582583	4.80953037535631	5.64154273259977	4.02534546246151
15.6987352092092	4.74474147566699	5.57518429067557	3.9595974680801
15.7205541601602	4.68568774144085	5.52091127179293	3.89431559235293
15.7423731111111	4.63236917301327	5.47217564234988	3.84724756422609
15.7641920620621	4.58478577038269	5.42703100400166	3.80274867614137
15.786011013013	4.54293753355057	5.38472057788248	3.74791541885226
15.807829963964	4.50682446251582	5.36287619513263	3.72280381291094
15.8296489149149	4.47644655727907	5.33117982743479	3.70459141350857
15.8514678658659	4.45180381784001	5.32269983749646	3.69616558243431
15.8732868168168	4.43289624419873	5.27997575282675	3.70098628511577
15.8951057677678	4.41972383635531	5.26660863081077	3.73640464127009
15.9169247187187	4.4122865930903	5.26526002429293	3.76250422543222
15.9387436696697	4.40952671336045	5.26131496446593	3.78877241790098
15.9605626206206	4.4073453618884	5.23259817401579	3.82020174543833
15.9823815715716	4.40474989316149	5.208415020028	3.8230905523077
16.0042005225225	4.40174030717974	5.18920551605509	3.81240596548718
16.0260194734735	4.39831660394357	5.169998335813	3.79979915581235
16.0478384244244	4.39447878345223	5.14657253322078	3.7905512608216
16.0696573753754	4.3902268457064	5.12024416160777	3.79012498562359
16.0914763263263	4.38556079070572	5.09338315310755	3.78027354707947
16.1132952772773	4.38048061845026	5.07402375729875	3.77887198614461
16.1351142282282	4.37498632894003	5.04990903514908	3.77218654118321
16.1569331791792	4.36907203233387	5.01672756689576	3.77200949500539
16.1787521301301	4.36187316504479	4.98258356875137	3.75708760558946
16.2005710810811	4.35162200007232	4.94621610500703	3.73239139133054
16.222390032032	4.3381024972072	4.91061824936042	3.71381278171029
16.244208982983	4.32131465644979	4.87088782253174	3.68318644016554
16.2660279339339	4.3012584777996	4.84804919559885	3.65726181535288
16.2878468848849	4.27793396125737	4.81237693457631	3.63444929301393
16.3096658358358	4.25134110682234	4.7692497046484	3.59579477560539
16.3314847867868	4.2214799144951	4.73264759380119	3.55695175299367
16.3533037377377	4.18835038427509	4.68973681696997	3.52234466402074
16.3751226886887	4.1519525161627	4.64469614669987	3.48088805556055
16.3969416396396	4.11228631015803	4.58812280605515	3.44863712958002
16.4187605905906	4.06935176626078	4.53137197871869	3.41144804429171
16.4405795415415	4.02314888447117	4.47338709466452	3.36904691188592
16.4623984924925	3.97367766478881	4.40745313679829	3.31860616675321
16.4842174434434	3.92093810721394	4.34829288737688	3.26696750447599
16.5060363943944	3.86495904727753	4.28270681021249	3.21644895367341
16.5278553453453	3.8070791344209	4.22188345587431	3.1662896568895
16.5496742962963	3.74917490515386	4.16208305852365	3.11708974656888
16.5714932472473	3.69138663456686	4.11854963127664	3.0672538449025
16.5933121981982	3.63371432265987	4.06266617365176	3.01840880531196
16.6151311491491	3.57615796943332	4.00794446293336	2.97027604552292
16.6369501001001	3.51871757488652	3.95602003246076	2.92276232791447
16.6587690510511	3.46139313902009	3.91698888957945	2.87593782702416
16.680588002002	3.40418466183356	3.86999620800755	2.82992225144753
16.702406952953	3.34717991181127	3.83027333779356	2.78454284584142
16.7242259039039	3.2911098228493	3.78326031105143	2.74122874949844
16.7460448548549	3.23633721315682	3.73688460527442	2.69701212012243
16.7678638058058	3.18286469995283	3.69112427185242	2.65261019291491
16.7896827567568	3.13069228323667	3.63983596666105	2.6131405590795
16.8115017077077	3.07981996300825	3.59427609929062	2.5707380204476
16.8333206586587	3.03024773926799	3.54184045375302	2.52628976902523
16.8551396096096	2.98197561201553	3.49564175173265	2.4760985799135
16.8769585605606	2.93500358125118	3.46179543622665	2.42029048924341
16.8987775115115	2.88933164697468	3.41360924305716	2.3734494573551
16.9205964624625	2.84495980918613	3.36834395354521	2.33632965797497
16.9424154134134	2.80188806788567	3.31586460967873	2.29656806117123
16.9642343643644	2.76011642307309	3.27128920705975	2.25830277621889
16.9860533153153	2.71964487474842	3.2301726062939	2.22659094284362
17.0078722662663	2.68047342291183	3.18978079709956	2.20397820061711
17.0296912172172	2.64260206756309	3.1497831301709	2.17090411477281
17.0515101681682	2.60603080870243	3.1108926901654	2.14774060416084
17.0733291191191	2.57075964632955	3.07099293343348	2.12610406742819
17.0951480700701	2.53678858044483	3.03230387493925	2.10872348735434
17.116967021021	2.50411761104798	2.99370834817501	2.09579656317806
17.138785971972	2.47274673813905	2.95678634085857	2.09137532958164
17.1606049229229	2.44267596171819	2.9201116089677	2.08094400965591
17.1824238738739	2.41390528178507	2.88688962764539	2.06938151951871
17.2042428248248	2.3864346983402	2.86319984738863	2.06444811165782
17.2260617757758	2.36026421138317	2.82745551970859	2.047228016007
17.2478807267267	2.33534438534755	2.79748239614959	2.03704639127368
17.2696996776777	2.3094382018945	2.76213153248061	1.98623682989496
17.2915186286286	2.28152023258338	2.75741273948411	1.93532498807668
17.3133375795796	2.25451847022935	2.74361511546493	1.86718115229141
17.3351565305305	2.22868495700647	2.72567073757016	1.80459026716871
17.3569754814815	2.20401969291459	2.72286044775591	1.75871279294538
17.3787944324324	2.18052267795388	2.68601784514216	1.70271667322721
17.4006133833834	2.15819391212415	2.68514269799932	1.6622966419091
17.4224323343343	2.13703339542576	2.67041860877621	1.61655799235439
17.4442512852853	2.11704112785826	2.66394809044191	1.57524205847904
17.4660702362362	2.09821710942201	2.65665192322371	1.53456158632316
17.4878891871872	2.08056134011672	2.6468053096039	1.49735620090319
17.5097081381381	2.06407381994264	2.64926058746974	1.45402317490869
17.5315270890891	2.04875454889964	2.64559375212107	1.41851606213081
17.55334604004	2.03460352698773	2.64614944447324	1.38892179442501
17.575164990991	2.02162075420687	2.64476836183773	1.36642701753363
17.5969839419419	2.00980623055722	2.64652744786797	1.33652383309324
17.6188028928929	1.99915995603856	2.63808047186517	1.31312680112121
17.6406218438438	1.98968193065117	2.63664034472607	1.28128813030552
17.6624407947948	1.98137215439471	2.6389536735396	1.25474053014528
17.6842597457457	1.97423062726945	2.64262890187721	1.24009456313383
17.7060786966967	1.96825734927526	2.66226814701172	1.20888340068329
17.7278976476477	1.96345232041215	2.67625497935966	1.17282082720622
17.7497165985986	1.95981554068019	2.68703929457474	1.15461345665324
17.7715355495496	1.95706237709398	2.70252466547813	1.12450706088548
17.7933545005005	1.95314790854609	2.72254000135484	1.088836352255
17.8151734514515	1.94717806926338	2.74470812475878	1.07211506119499
17.8369924024024	1.93914910178628	2.74439643757381	1.0505855779879
17.8588113533534	1.92906100611461	2.79463557371426	1.03006980602374
17.8806303043043	1.91691378224877	2.82253305944404	1.00617369515096
17.9024492552553	1.90270743018821	2.84590657686081	0.97889943475363
17.9242682062062	1.8864419499334	2.85687154919827	0.957079509562829
17.9460871571572	1.868117341484	2.84169350623606	0.916853795993313
17.9679061081081	1.84773360484025	2.81609409792124	0.885978278197526
17.9897250590591	1.82529074000204	2.77934286432755	0.864289773627679
18.01154401001	1.80078874696947	2.74529598494044	0.844474615294026
18.033362960961	1.77422762574231	2.74431748930929	0.826203421574648
18.0551819119119	1.74560737632081	2.69531723231671	0.808753644238055
18.0770008628629	1.71491926120203	2.67265855840528	0.778933425116338
18.0988198138138	1.68188123703599	2.65205404578031	0.748689485696899
18.1206387647648	1.64882603643662	2.64813328837961	0.718516216458907
18.1424577157157	1.61698385951352	2.63689684612425	0.696826933229809
18.1642766666667	1.58635534176619	2.66500789817122	0.654813760018
18.1860956176176	1.55694048319465	2.66218543188013	0.628659060337405
18.2079145685686	1.52873928379889	2.61611202084853	0.601224998291531
18.2297335195195	1.50175174357902	2.589392289886	0.564109860178948
18.2515524704705	1.47597786253495	2.55311925523598	0.529206059755292
18.2733714214214	1.45141764066667	2.50695154317433	0.524788943081622
18.2951903723724	1.42807107797421	2.4916735026992	0.507100447610565
18.3170093233233	1.40593817445757	2.49175170272097	0.484608732186638
18.3388282742743	1.38501893011675	2.49182401601544	0.446344641031134
18.3606472252252	1.36531334495171	2.49189044258196	0.414035778557385
18.3824661761762	1.34682141896248	2.49195098242187	0.382436746710051
18.4042851271271	1.3295431521491	2.49200563553372	0.344624303336225
18.4261040780781	1.31347854451153	2.49134713199282	0.307932780338587
18.447923029029	1.29862759604974	2.49054426997442	0.289566220245951
18.46974197998	1.28499030676382	2.50491616475138	0.270098800432001
18.4915609309309	1.27256667665361	2.51176933775592	0.246130280281901
18.5133798818819	1.26135670571927	2.49213075762243	0.215551053073633
18.5351988328328	1.25136039396081	2.49148682148425	0.194776828805343
18.5570177837838	1.24257774137808	2.50300633077098	0.180638638051914
18.5788367347347	1.23500874797118	2.51440796518452	0.168511031700349
18.6006556856857	1.22865341374011	2.52569172472951	0.158429826184287
18.6224746366366	1.22351173868477	2.5368576094006	0.152064159471729
18.6442935875876	1.2195837228054	2.54790561920255	0.149174020766113
18.6661125385385	1.2168693661017	2.55833410523891	0.137987043485178
18.6879314894895	1.21536866857391	2.56803624833974	0.128164225280179
18.7097504404404	1.21508163022189	2.57762954766657	0.127117698697519
18.7315693913914	1.21600825104562	2.58711400322359	0.127124465855725
18.7533883423423	1.21814853104525	2.59201756880124	0.125022901507586
18.7752072932933	1.2215024702207	2.56817894224831	0.133208113952973
18.7970262442442	1.22607006857191	2.54419746710822	0.14954036194445
18.8188451951952	1.23185132609896	2.52007314338223	0.157961085930893
18.8406641461461	1.23884624280182	2.49580597106841	0.169759488737355
18.8624830970971	1.24705481868044	2.4880622185939	0.192585350480845
18.884302048048	1.25647705373496	2.48774361661181	0.207882533360829
18.906120998999	1.26711294796525	2.48734472629217	0.225650525076899
18.92793994995	1.27896250137134	2.48693899413272	0.244435388805565
18.9497589009009	1.2920257139533	2.48652642013096	0.255976999929802
18.9715778518519	1.306302585711	2.48610700429002	0.281170502214918
18.9933968028028	1.32179311664457	2.48568074660707	0.314619697286905
19.0152157537538	1.33849730675389	2.48524764708474	0.351075810177232
19.0370347047047	1.35641515603905	2.48480770571926	0.390445398152935
19.0588536556557	1.37554666450008	2.48436092251692	0.42967240997504
19.0806726066066	1.39589183213682	2.48390729747068	0.468196033355012
19.1024915575576	1.41745065894947	2.48344683058526	0.518038313785008
19.1243105085085	1.44022314493788	2.48297952185816	0.558076199600786
19.1461294594595	1.46420929010209	2.48250537129124	0.599368052146967
19.1679484104104	1.48940909444211	2.48202437888262	0.620166812815328
19.1897673613614	1.51582255795804	2.48153654463463	0.664446424455153
19.2115863123123	1.54344968064966	2.48104186854478	0.708945651648623
19.2334052632633	1.57229046251719	2.48054035061456	0.723776584252923
19.2552242142142	1.6023449035604	2.48370776600965	0.779062549076276
19.2770431651652	1.63361300377951	2.50737823393308	0.818618667059735
19.2988621161161	1.66609476317448	2.54763494972252	0.873534999675458
19.3206810670671	1.69979018174521	2.60831442111886	0.906703922033179
19.342500018018	1.73469925949177	2.67364043009947	0.93155019269436
19.364318968969	1.77082199641415	2.70160345013992	0.956886426070813
19.3861379199199	1.80815839251216	2.70182926278562	0.984181487146612
19.4079568708709	1.84670844778627	2.75260765763042	1.01162940798223
19.4297758218218	1.88647216223606	2.80517395703849	1.02332447066917
19.4515947727728	1.92744953586168	2.84812398637241	1.01479173290214
19.4734137237237	1.96964056866311	2.86289857109919	1.02984744705064
19.4952326746747	2.01304526064034	2.9099856734038	1.03140699206116
19.5170516256256	2.05766361179329	2.98845218957843	1.0374731677488
19.5388705765766	2.10349562212223	3.05231525100825	1.04462252352756
19.5606895275275	2.15054129162688	3.08367142590758	1.05097017929632
19.5825084784785	2.19880062030739	3.13131532174728	1.05766223442983
19.6043274294294	2.24827360816366	3.18163477031127	1.05221544213914
19.6261463803804	2.2989602551958	3.24252175172674	1.05096551518755
19.6479653313313	2.35086056140372	3.32396639925153	1.06838404848114
19.6697842822823	2.40397452678735	3.40955486504726	1.06986014455862
19.6916032332332	2.45830215134703	3.50111789160986	1.08936559154867
19.7134221841842	2.51384343508231	3.58338769307788	1.10107946487249
19.7352411351351	2.57059837799354	3.67273726649696	1.1136087393897
19.7570600860861	2.6285669800805	3.79707056562058	1.11630837729611
19.778879037037	2.68774924134327	3.94042740067556	1.11619902882295
19.800697987988	2.74814516178192	4.06441665844632	1.11647247500568
19.8225169389389	2.80975474139627	4.18940318682818	1.11712871584484
19.8443358898899	2.87257798018654	4.32098453028429	1.11816775134041
19.8661548408408	2.93661487815266	4.47805658882892	1.1195895814927
19.8879737917918	3.00186543529443	4.60145465831086	1.11572592010374
19.9097927427427	3.06832965161215	4.72086914141046	1.10292075623603
19.9316116936937	3.13600799584626	4.84890510850349	1.09952673289869
19.9534306446446	3.20610023548215	4.96187417076024	1.11600071271204
19.9752495955956	3.28240017573367	5.09461816867287	1.17090087094303
19.9970685465466	3.36561928955886	5.23075595562682	1.23402846806624
20.0188874974975	3.44891980947672	5.3795178704759	1.31948102268789
20.0407064484485	3.5175061908902	5.48182312006107	1.35946378573201
20.0625253993994	3.57324129976748	5.56567310472491	1.3599112659584
20.0843443503504	3.62355993927061	5.72238223907492	1.35986367618939
20.1061633013013	3.66932289589767	5.77950876928019	1.38317796185968
20.1279822522523	3.71053016964866	5.82994978504655	1.39111023950799
20.1498012032032	3.74718176052352	5.88717300818309	1.40534063085988
20.1716201541542	3.7792776685223	6.00095411347346	1.4327616908798
20.1934391051051	3.8068178936451	6.05256110030285	1.42603769634885
20.2152580560561	3.82980243589174	6.07288667491501	1.40057852199571
20.237077007007	3.84823129526235	6.07447652492462	1.40435461431969
20.258895957958	3.86210447175677	6.13357737187277	1.38764611257667
20.2807149089089	3.87142196537519	6.18649131073937	1.38504805623674
20.3025338598599	3.87618377611745	6.21896765449973	1.38953851523558
20.3243528108108	3.87638990398368	6.23585765946765	1.3782761153495
20.3461717617618	3.87204034897375	6.23698316811565	1.35888302241913
20.3679907127127	3.86313511108794	6.23256146993384	1.35729940211683
20.3898096636637	3.8496741903258	6.17735471489491	1.3561230183834
20.4116286146146	3.83165758668777	6.13499180857507	1.34391241539946
20.4334475655656	3.80908530017355	6.04865336177031	1.31276888575175
20.4552665165165	3.7819573307832	5.98466241541184	1.28127361756232
20.4770854674675	3.7502736785168	5.98361954325512	1.24942661082849
20.4989044184184	3.71403434337447	5.99959032640716	1.21722786555448
20.5207233693694	3.67323932535584	6.0182581641736	1.18467738173669
20.5425423203203	3.62788862446125	6.04295001464697	1.1519670004995
20.5643612712713	3.57798224069054	6.04142338652668	1.12001976194776
20.5861802222222	3.52352017404362	6.01347950347428	1.08773707718088
20.6079991731732	3.46450242452086	6.01289798046595	1.05511894619918
20.6298181241241	3.40092899212183	6.034113369408	1.02216536900231
20.6516370750751	3.33279987684699	6.02858826193447	0.988876345590148
20.673456026026	3.26011507869569	6.05512464355932	0.913709168862014
20.695274976977	3.18287459766836	6.07187441292284	0.862258489417432
20.7170939279279	3.1010784337652	6.08587323170294	0.738853166986394
20.7389128788789	3.0147265869858	6.09712109989899	0.497498391243615
20.7607318298298	2.92381905733038	6.10561801750969	0.346952048269148
20.7825507807808	2.82835584479877	6.11132068070289	0
20.8043697317317	2.72833694939102	6.11428638563255	0
20.8261886826827	2.62557018684315	6.11486618652253	0
20.8480076336336	2.53168072557226	6.11486565235509	0
20.8698265845846	2.4512696713556	6.11486565235479	0
20.8916455355355	2.38434845371906	6.11486565235508	0
20.9134644864865	2.33091707266304	6.11486565235476	0
20.9352834374374	2.29097552818741	6.11486565235476	0
20.9571023883884	2.26452382029203	6.11486565235478	0
20.9789213393393	2.25156194897721	6.11486565235508	0
21.0007402902903	2.25208991424271	6.11486565235476	0
21.0225592412412	2.26610771608854	6.11486565235476	0
21.0443781921922	2.29361246741628	6.11486565235511	0
21.0661971431431	2.33131121718656	6.11486565235476	0
21.0880160940941	2.36959150489258	6.11486565235508	0
21.109835045045	2.40670936489863	6.11486565235477	0
21.131653995996	2.44266479720454	6.11486565235572	0
21.1534729469469	2.47745780181059	6.11486565235508	0
21.1752918978979	2.51108837871651	6.11486565235381	0
21.1971108488489	2.54355652792252	6.11486565235477	0
21.2189297997998	2.57486224942849	6.11486565235511	0
21.2407487507508	2.60500554323424	6.11486565235476	0
21.2625677017017	2.63398640934018	6.11486565235476	0
21.2843866526527	2.66180484774617	6.11486565235604	0
21.3062056036036	2.68846085845188	6.11486565235476	0
21.3280245545546	2.71395444145779	6.11486565235509	0
21.3498435055055	2.7382855967634	6.11486565235476	0
21.3716624564565	2.76145432436936	6.11486565235476	0
21.3934814074074	2.78346062427518	6.11486565235511	0
21.4153003583584	2.80430449648092	6.11486565235476	0
21.4371193093093	2.82398594098657	6.11486565235509	0
21.4589382602603	2.84250495779222	6.11486565235445	0
21.4807572112112	2.85986154689797	6.11486565235508	0
21.5025761621622	2.87605570830369	6.11486565235476	0
21.5243951131131	2.89108744200931	6.11486565235508	0
21.5462140640641	2.90495674801496	6.11486565235477	0
21.568033015015	2.91766362632063	6.11486565235511	0
21.589851965966	2.92920807692613	6.12050636784133	0
21.6116709169169	2.93959009983166	6.13769233007093	0
21.6334898678679	2.94880969503727	6.13769233007123	0
21.6553088188188	2.9568668625428	6.13769233007155	0
21.6771277697698	2.96376160234831	6.13769233007123	0
21.6989467207207	2.96949391445385	6.13769233007123	0
21.7207656716717	2.97406379885926	6.13769233007123	0
21.7425846226226	2.97747125556487	6.13769233007254	0
21.7644035735736	2.97971628457018	6.13769233007123	0
21.7862225245245	2.98079888587551	6.13769233007125	0
