phys	rec.rate	upper	lower
0.0167276271271271	8.85461824466507	13.6492280273622	5.286927018809
0.0501828813813814	8.85461824466507	13.6492280273622	5.286927018809
0.0836381356356356	8.85461824466507	13.6492280273622	5.286927018809
0.11709338988989	8.85518248306395	13.6587945845787	5.28678767320451
0.150548644144144	8.84850918268767	13.5806503081276	5.28296632973112
0.184003898398398	8.7775669915908	13.1955899191752	5.27172619041648
0.217459152652653	8.62993896322177	12.6800420402428	5.26176936285995
0.250914406906907	8.45306003135679	12.2070646238154	5.26628760175222
0.284369661161161	8.30159550141274	11.739519412851	5.28143343570187
0.317824915415415	8.17857473031781	11.2175497687338	5.28259177595706
0.35128016966967	8.08399771807196	10.8692553069288	5.23623070185313
0.384735423923924	8.01786446467521	10.6289293209455	5.29019642902548
0.418190678178178	7.98017497012757	10.3810988564734	5.32806232194808
0.451645932432432	7.97092923442902	10.3639309605145	5.43385396158277
0.485101186686687	7.99012725757957	10.3465266595707	5.54646421154919
0.518556440940941	8.03776903957923	10.4746301911515	5.68946532769371
0.552011695195195	8.11384971957485	10.516871209871	5.81364418542666
0.585466949449449	8.20770395091039	10.736503159224	5.86921525082949
0.618922203703704	8.28605028544775	11.0843732414918	5.8580136555271
0.652377457957958	8.34241500861735	11.1873743577332	5.86810356637871
0.685832712212212	8.37679812041923	11.3346003289997	5.91879748210985
0.719287966466466	8.38919962085339	11.3895781913927	5.97611881642358
0.752743220720721	8.37961950991984	11.3947144534196	6.00711988105454
0.786198474974975	8.34806862397692	11.3243307317223	5.98948837776271
0.819653729229229	8.296815128181	11.2910710256456	5.98065208056223
0.853108983483484	8.22576540003476	11.1228347353745	5.96462963708192
0.886564237737738	8.13339359052489	10.9741846791069	5.91612601086384
0.920019491991992	8.02639538059129	10.7689951603171	5.93337268613874
0.953474746246246	7.91948702316671	10.5430711407523	5.92907362848446
0.986930000500501	7.81462566097799	10.3418661629389	5.90360609333497
1.02038525475475	7.71181129402512	10.1885850024076	5.85566204367212
1.05384050900901	7.61104392230812	9.99148661156574	5.80376009751566
1.08729576326326	7.51232354582698	9.81771307861542	5.76645514683746
1.12075101751752	7.4156501645817	9.68138699732097	5.74769794260827
1.15420627177177	7.32102377857226	9.47883813746862	5.6364237835958
1.18766152602603	7.22844438779876	9.2672756562747	5.57521417810422
1.22111678028028	7.13791199226102	9.08707847418962	5.46975196426815
1.25457203453453	7.04942659195922	8.9246752949686	5.3885424714282
1.28802728878879	6.96298818689326	8.76526548758344	5.27055598907195
1.32148254304304	6.87859677706315	8.64003133149714	5.13179378342296
1.3549377972973	6.79625236246889	8.53198963867673	4.97032718115779
1.38839305155155	6.71595494311053	8.42883972814357	4.79076618695693
1.42184830580581	6.63770451898802	8.32303071795667	4.69511265868493
1.45530356006006	6.56150109010133	8.20823279844445	4.57253817494761
1.48875881431431	6.48734465645058	8.12297532789341	4.37968562627692
1.52221406856857	6.41523521803562	8.05518523008637	4.1922548635105
1.55566932282282	6.34517277485655	7.97510445256566	4.01845552231024
1.58912457707708	6.27715732691336	7.85624685286852	3.91631482837645
1.62257983133133	6.21118887420602	7.74084020776046	3.83080618876143
1.65603508558559	6.14726741673452	7.65546222231571	3.71996204614867
1.68949033983984	6.0853929544989	7.61010798754342	3.68363896192946
1.72294559409409	6.02556548749916	7.55582212023182	3.59418287341208
1.75640084834835	5.96778501573524	7.50412324625791	3.50857707990814
1.7898561026026	5.91205153920723	7.4948550820642	3.41824916117433
1.82331135685686	5.85836505791506	7.44941504780626	3.32421225004791
1.85676661111111	5.80672557185873	7.40148495378056	3.24236823956387
1.89022186536537	5.7571330810383	7.38958659418183	3.1961893229888
1.92367711961962	5.70958758545373	7.4025666311467	3.19409539253988
1.95713237387387	5.66408908510498	7.4043161654479	3.13374634375157
1.99058762812813	5.62063757999216	7.40541233406604	3.08451864378271
2.02404288238238	5.57923307011513	7.41822223169791	3.06257388569242
2.05749813663664	5.53987555547399	7.43359780749054	2.97304285016687
2.09095339089089	5.50256503606875	7.43498725976418	2.78882055106503
2.12440864514515	5.46730151189936	7.46483199472684	2.60702171625324
2.1578638993994	5.43408498296576	7.47030294322437	2.45366361852898
2.19131915365365	5.40291544926811	7.50413308813264	2.21457828529483
2.22477440790791	5.37379291080625	7.54081563152093	1.96137126468169
2.25822966216216	5.34671736758029	7.57363925866647	1.67656199659103
2.29168491641642	5.32168881959023	7.6050533753908	1.32547466643534
2.32514017067067	5.29870726683597	7.67157906499006	1.02818555089792
2.35859542492492	5.27778713688831	7.72002776091247	0.732877935210423
2.39205067917918	5.2678623095714	7.77902708395675	0.482229630691353
2.42550593343343	5.29307876696352	7.8367068685051	0.4180318513792
2.45896118768769	5.35574547733819	7.90959901762506	0.555738010822657
2.49241644194194	5.43568284435517	7.96372034974215	0.78570991806914
2.5258716961962	5.51983966677926	8.05201296250652	1.01468160400712
2.55932695045045	5.60799697755001	8.15181864047315	1.21133203473184
2.5927822047047	5.70015477666734	8.24855344133853	1.44920614480152
2.62623745895896	5.79631306413132	8.340034666216	1.63751591205062
2.65969271321321	5.89647183994196	8.42596686518439	1.86284024795725
2.69314796746747	6.00063110409919	8.5177267776951	2.11120629779571
2.72660322172172	6.10879085660304	8.62977333642321	2.32078957617742
2.76005847597598	6.22095109745359	8.71182232669257	2.58953000020146
2.79351373023023	6.33711182665069	8.79630534552741	2.81162687620835
2.82696898448448	6.45727304419444	8.88384899975277	3.03651353737996
2.86042423873874	6.58143475008486	8.95625563269773	3.34441001215382
2.89387949299299	6.70959694432185	8.9802139628268	3.60268546926706
2.92733474724725	6.84175962690552	9.07425871707788	3.85459329545005
2.9607900015015	6.9779227978358	9.13710804415207	4.1538538807546
2.99424525575576	7.11808645711267	9.17688066810291	4.40036793637409
3.02770051001001	7.26225060473623	9.27397089048732	4.70693201423951
3.06115576426426	7.41041524070642	9.36725652478235	5.03588518323416
3.09461101851852	7.56258036502316	9.48984687992044	5.34479240761332
3.12806627277277	7.71874597768663	9.61534224404553	5.60335406319268
3.16152152702703	7.87891207869665	9.89300116419151	5.97139202425403
3.19497678128128	8.04307866805333	10.150442421728	6.28446873924958
3.22843203553554	8.21124574575666	10.3847135611091	6.54888934454037
3.26188728978979	8.38341331180658	10.5752978254884	6.71363654931878
3.29534254404404	8.55958136620313	10.9995852369905	6.74452760952631
3.3287977982983	8.73974990894639	11.3164521262055	6.73216834566908
3.36225305255255	8.92391894003613	11.5477962568878	6.70818221297201
3.39570830680681	9.11208845947263	11.960310692485	6.71691792400137
3.42916356106106	9.30425846725574	12.3825285286006	6.71727837907092
3.46261881531532	9.50042896338539	12.9885578930258	6.71642108866103
3.49607406956957	9.70059994786181	13.5814703490173	6.68389127195945
3.52952932382382	9.90477142068472	14.212363209227	6.73198092664081
3.56298457807808	10.1129433818543	14.8404992576922	6.75305609681561
3.59643983233233	10.3251158313706	15.4840245902186	6.72253674030827
3.62989508658659	10.5412887692334	16.2062538064834	6.73532322767905
3.66335034084084	10.7614621954429	16.8914632356798	6.73524093317969
3.69680559509509	10.9856361099991	17.6527968657058	6.66849670732307
3.73026084934935	11.2075890141647	18.2433612658519	6.59742757946189
3.7637161036036	11.3679496796873	18.743468756482	6.56966105619382
3.79717135785786	11.4322445075041	18.8115878779027	6.51331251646152
3.83062661211211	11.3854624308168	18.5733992543571	6.48162782764261
3.86408186636637	11.2410894763674	18.1505060544847	6.3895945174703
3.89753712062062	11.0302601411729	17.7333986415784	6.24144432625442
3.93099237487487	10.7553457908294	17.4081313952416	6.1567127722588
3.96444762912913	10.4163464253371	17.0901470446062	6.05143166609777
3.99790288338338	10.0139851271693	16.7748865565738	5.96670281506343
4.03135813763764	9.57015869949896	16.3952113461189	5.83807460672597
4.06481339189189	9.11242590352341	16.0095933163532	5.6274839179937
4.09826864614615	8.66635758017336	15.6763302558274	5.42216460671409
4.1317239004004	8.24658406129864	15.3454486345966	5.29089180460809
4.16517915465465	7.85330950814807	14.9495771860419	4.87489914968982
4.19863440890891	7.48653392072127	14.5552923917438	4.09022041267492
4.23208966316316	7.14625729901848	14.166816123485	3.25077227313905
4.26554491741742	6.83247964303965	13.7967722036812	2.40977361108978
4.29900017167167	6.5452009527849	13.4501074817997	1.67551150108084
4.33245542592593	6.28442122825391	13.1322211951822	1.02492419241565
4.36591068018018	6.05014046944699	12.8055313740153	0.452724126210925
4.39936593443443	5.84235867636401	12.4841067168932	0
4.43282118868869	5.66107584900497	12.1859242202739	0
4.46627644294294	5.50629198736998	11.8631047312785	0
4.4997316971972	5.37800709145892	11.5577176473911	0
4.53318695145145	5.2762211612717	11.2051617064451	0
4.5666422057057	5.20076820497069	10.884150916727	0
4.60009745995996	5.14207013509689	10.5920446277497	0
4.63355271421421	5.08549617723019	10.2937555139307	0
4.66700796846847	5.02981259728187	10.007552144652	0
4.70046322272272	4.9750193952517	9.72456243425813	0.013065796715099
4.73391847697698	4.92111657113993	9.44608474767687	0.125930786121807
4.76737373123123	4.86810412494641	9.17157643910306	0.304490258692866
4.80082898548549	4.81598205667123	8.88384088787269	0.484109126804582
4.83428423973974	4.76475036631434	8.6149382233999	0.602795590841245
4.86773949399399	4.71440905387577	8.37126592683694	0.751673900376046
4.90119474824825	4.66495811935542	8.12992917236826	0.908002333251125
4.9346500025025	4.6163975627534	7.85872849397171	1.00510881181708
4.96810525675676	4.56872738406969	7.60749942310704	1.10110334175114
5.00156051101101	4.52194758330428	7.40211928242633	1.24891605058714
5.03501576526527	4.47605816045713	7.14977851031232	1.3753955113845
5.06847101951952	4.43105911552838	6.89348779743469	1.5193584325029
5.10192627377377	4.38695044851781	6.66316338891431	1.66058159189416
5.13538152802803	4.34373215942557	6.43330399640079	1.7351596963902
5.16883678228228	4.30140424825165	6.2141906020301	1.81604549625377
5.20229203653654	4.259966714996	5.99842100006017	1.89414186614403
5.23574729079079	4.21941955965871	5.78912959805595	2.02651602742308
5.26920254504505	4.17976278223965	5.58114925391131	2.13163168540293
5.3026577992993	4.14099638273885	5.39494253807202	2.24777643186645
5.33611305355355	4.10312036115643	5.22369062401295	2.36538164171507
5.36956830780781	4.06613471749226	5.09701226218783	2.43588486644424
5.40302356206206	4.03003945174645	5.01601052235199	2.54293573236557
5.43647881631632	3.99483456391891	4.94141632822207	2.5737625530447
5.46993407057057	3.96052005400958	4.89642646046343	2.6558271236871
5.50338932482483	3.92709592201865	4.79139381312558	2.69099760833226
5.53684457907908	3.89456216794595	4.73939641151638	2.69278836013589
5.57029983333333	3.86291879179161	4.68480396682553	2.70006198150942
5.60375508758759	3.83216579355551	4.68716701587322	2.64450464883617
5.63721034184184	3.80230317323778	4.67920044057774	2.62212542030711
5.6706655960961	3.77333093083827	4.69070949433385	2.54226427668089
5.70412085035035	3.74524906635707	4.72020671953753	2.40704800332006
5.7375761046046	3.71805757979422	4.75941840816323	2.33041472386417
5.77103135885886	3.69175647114961	4.7879855156601	2.19116551584862
5.80448661311311	3.66634574042332	4.83778971153548	2.04689217444274
5.83794186736737	3.6418253876153	4.87550992470964	1.9338723859138
5.87139712162162	3.6181954127256	4.91452231798835	1.8069872365905
5.90485237587588	3.59545581575422	4.94901350851942	1.66602990345538
5.93830763013013	3.5736065967011	5.01805144505225	1.53480469447755
5.97176288438438	3.55264775556628	5.08257176777325	1.4224841664911
6.00521813863864	3.53257929234983	5.14506073988575	1.30311131721632
6.03867339289289	3.51340120705156	5.18486452920784	1.20749249275321
6.07212864714715	3.49511349967164	5.22116072281588	1.10695363686238
6.1055839014014	3.47771617021001	5.26881749463862	0.99853600097463
6.13903915565566	3.4612092186667	5.30908987736915	0.894827104157349
6.17249440990991	3.4455926450417	5.33740658994462	0.811507024793948
6.20594966416416	3.43086644933496	5.36743916248323	0.74694573596366
6.23940491841842	3.41703063154649	5.39469712224586	0.656271245355888
6.27286017267267	3.40408519167634	5.41918046923062	0.563702983044338
6.30631542692693	3.39203012972452	5.45197056069368	0.4753108198552
6.33977068118118	3.38086544569097	5.4789036170226	0.391057655811747
6.37322593543544	3.37059113957577	5.49145958872365	0.32287920387588
6.40668118968969	3.36120721137878	5.51320084796499	0.259556301341898
6.44013644394394	3.35271366110012	5.54849683044345	0.201535778182877
6.4735916981982	3.34511048873975	5.59297146701239	0.148289292591683
6.50704695245245	3.33839769429772	5.6215163981219	0.0992380894703143
6.54050220670671	3.33257527777398	5.65079105825125	0.0546159651538032
6.57395746096096	3.32764323916845	5.6691290200713	0
6.60741271521522	3.3236015784813	5.67417901865369	0
6.64086796946947	3.32045029571243	5.68655744662008	0
6.67432322372372	3.31818939086187	5.68198231978441	0
6.70777847797798	3.31681886392956	5.68777870830493	0
6.74123373223223	3.31633871491562	5.70609894146212	0
6.77468898648649	3.31674894381988	5.73556493594539	0
6.80814424074074	3.31804955064253	5.76277079845689	0
6.84159949499499	3.32024053538342	5.78033311354668	0
6.87505474924925	3.32332189804263	5.77861514349787	0
6.9085100035035	3.3272936386201	5.7573865162237	0
6.94196525775776	3.33215575711596	5.74841581211385	0
6.97542051201201	3.33790825353004	5.75710002980002	0
7.00887576626627	3.34455112786239	5.74728961233659	0
7.04233102052052	3.35208438011308	5.75840412758486	0
7.07578627477477	3.36050801028207	5.77091746370248	0
7.10924152902903	3.3698220183694	5.75818450328029	0
7.14269678328328	3.38002640437495	5.74903744220108	0
7.17615203753754	3.39112116829882	5.7398145896803	0
7.20960729179179	3.40310631014098	5.7434529032944	0
7.24306254604605	3.41598182990146	5.72836094011418	0
7.2765178003003	3.42974772758021	5.71655262565733	0
7.30997305455455	3.44440400317732	5.71842134834028	0
7.34342830880881	3.45995065669266	5.70129780915568	0
7.37688356306306	3.47638768812631	5.71895122531703	0.00411085071315891
7.41033881731732	3.49371509747824	5.74329922057575	0.0342568653881369
7.44379407157157	3.51193288474852	5.761179582485	0.0961841143682522
7.47724932582583	3.53104104993708	5.78479581155405	0.162543310310029
7.51070458008008	3.55103959304388	5.78672470588377	0.226090513063471
7.54415983433433	3.57192851406904	5.76805182406153	0.276287100506412
7.57761508858859	3.59370781301248	5.76671162238554	0.3239598439431
7.61107034284284	3.6163774898742	5.75019143856126	0.372163909090199
7.6445255970971	3.63993754465425	5.75972395131399	0.420770612824286
7.67798085135135	3.66438797735259	5.75248884341272	0.492895918179793
7.71143610560561	3.6897287879692	5.73506988592963	0.559817856330382
7.74489135985986	3.71595997650411	5.74629681070143	0.643416684563387
7.77834661411411	3.74308154295732	5.75660360550184	0.73318866809902
7.81180186836837	3.77109348732885	5.74349007948848	0.811256479432539
7.84525712262262	3.79999580961864	5.75452595303588	0.90389386209593
7.87871237687688	3.82978850982681	5.79690217896289	0.941916694640228
7.91216763113113	3.86047158795317	5.78766604364856	0.977999731864659
7.94562288538538	3.89204504399787	5.79602953485131	1.03746623963743
7.97907813963964	3.92450887796088	5.85552106663702	1.16440346177402
8.01253339389389	3.95786308984214	5.87829334982155	1.26153445947462
8.04598864814815	3.9921076796418	5.88704310664267	1.37988693613183
8.0794439024024	4.02724266590926	5.91744218939552	1.50248907854801
8.11289915665666	4.06410334611255	6.00094513217409	1.61137270724576
8.14635441091091	4.10575349948438	6.05239368469756	1.67433494430243
8.17980966516517	4.15289538882521	6.127009810264	1.8291066250594
8.21326491941942	4.20552901413503	6.21657043323026	1.9192474530368
8.24672017367367	4.26365437541386	6.30599554793202	2.01826104524191
8.28017542792793	4.3272714726615	6.40922817778921	2.17701064677431
8.31363068218218	4.39638030587821	6.50024886973588	2.30983370099784
8.34708593643644	4.47098087506391	6.67192594579544	2.48308782778504
8.38054119069069	4.55107318021851	6.78040596451075	2.64640361028387
8.41399644494495	4.63612885900429	6.89776602181258	2.56296503043219
8.4474516991992	4.71433700480168	7.04768013462564	2.75636563304044
8.48090695345345	4.79188978691886	7.19375056956216	2.78462171628729
8.51436220770771	4.88189165895348	7.34426673165967	2.7505206774373
8.54781746196196	4.98460143660133	7.47735120131938	2.78622577327796
8.58127271621622	5.10001911986264	7.64133007743206	2.89686592226127
8.61472797047047	5.22814470873738	7.75366788278491	3.03627118003798
8.64818322472473	5.36897820322551	7.94767839072274	3.23840220662077
8.68163847897898	5.52251960332704	8.05179393273457	3.39444079575812
8.71509373323323	5.68872602869642	8.19508997495434	3.53233899384397
8.74854898748749	5.86618973012157	8.39764541710489	3.66498500730586
8.78200424174174	6.05321924244981	8.498572842914	3.72263682193383
8.815459495996	6.24971434184939	8.84860146536395	3.78062280394766
8.84891475025025	6.45567502832012	9.35635053863574	3.78621511082227
8.88237000450451	6.66950342840897	9.96303010875973	3.86307634229852
8.91582525875876	6.87317756576673	10.6162160486165	3.8951619394712
8.94928051301301	7.05532780762272	11.130465767634	3.93017927822364
8.98273576726727	7.21577589798283	11.7473275647102	3.89841515089822
9.01619102152152	7.35123900412711	12.4643372518713	3.86770111383511
9.04964627577577	7.4300513669134	12.8767912821036	3.83756510457638
9.08310153003003	7.43449749054929	13.200164065635	3.84282570377898
9.11655678428428	7.36438316954098	13.2171622967971	3.78085135056717
9.15001203853854	7.21970840388841	12.8983702948794	3.74486735240095
9.18346729279279	7.0004731935916	12.3681636718178	3.72807974483621
9.21692254704705	6.70675358983751	11.5949662629688	3.70404962874024
9.2503778013013	6.36500033807963	10.7715785066281	3.6568776893559
9.28383305555555	6.03420902142287	10.1180129853227	3.60020161621092
9.31728830980981	5.71555989943846	9.3602764533312	3.56494334624928
9.35074356406406	5.40845258538608	8.78446054819934	3.42684912634208
9.38419881831832	5.11288707926554	8.42046218120957	3.35253650132219
9.41765407257257	4.82886338107704	8.08965363282204	3.22771419402889
9.45110932682683	4.55638149082032	7.59627535999966	3.04946306687061
9.48456458108108	4.29544140849549	7.41762751554861	2.81352231654785
9.51801983533533	4.04604313410261	7.05284781435505	2.46088568322776
9.55147508958959	3.80818666764163	6.85192874617066	2.00317710579657
9.58493034384384	3.58187200911247	6.52165567558019	1.52062291370936
9.6183855980981	3.36709915851526	6.36381654215236	1.10110329684439
9.65184085235235	3.16386811585002	6.20784537382624	0.632362156802316
9.68529610660661	2.97217888111652	6.05362137061663	0.266698647656205
9.71875136086086	2.79203145431497	5.90139873431766	0
9.75220661511511	2.62342583544536	5.75117746493186	0
9.78566186936937	2.46636202450761	5.62129267656912	0
9.81911712362362	2.32084002150174	5.4984818230602	0
9.85257237787788	2.1868598264278	5.37702004995662	0
9.88602763213213	2.06442143928571	5.25690735725908	0
9.91948288638639	1.95352486007558	5.13757641272711	0
9.95293814064064	1.8541700887973	5.0192164413858	0
9.98639339489489	1.76635712545094	4.89635556458443	0
10.0198486491492	1.6900859700365	4.72868213749428	0
10.0533039034034	1.62535662255388	4.56239702378809	0
10.0867591576577	1.57216908300319	4.41365734708646	0
10.1202144119119	1.53052335138438	4.32890971100816	0
10.1536696661662	1.50041140630175	4.25332633407988	0
10.1871249204204	1.48024680082923	4.14046164762931	0
10.2205801746747	1.46654441449867	4.0604867084169	0
10.2540354289289	1.45884101295022	3.94866886143823	0
10.2874906831832	1.45713659618386	3.83168493327984	0
10.3209459374374	1.46143116419961	3.74719619263396	0
10.3544011916917	1.47172471699745	3.74412406414146	0
10.3878564459459	1.48801725457744	3.68757577035795	0
10.4213117002002	1.5103087769395	3.64684125909982	0
10.4547669544545	1.5385992840836	3.59647245458108	0
10.4882222087087	1.57288877600987	3.57311502811232	0
10.521677462963	1.61317725271823	3.52743000130679	0
10.5551327172172	1.65946471420868	3.47365415276251	0
10.5885879714715	1.71175116048124	3.42703585529708	0
10.6220432257257	1.77003659153591	3.40304701203737	0
10.65549847998	1.83432100737265	3.38565328932662	0
10.6889537342342	1.90460440799153	3.3663162395619	0
10.7224089884885	1.9808867933925	3.4438294187318	0
10.7558642427427	2.0631681635756	3.67606989994144	0
10.789319496997	2.14853695730274	3.93332078461199	0
10.8227747512513	2.22394544074746	4.17875728189061	0
10.8562300055055	2.28574014592452	4.37722590145048	0.0286869298915212
10.8896852597598	2.33392089564628	4.50365708723765	0.215378207797032
10.923140514014	2.36848768991283	4.53178916124089	0.383142485731456
10.9565957682683	2.39049925965464	4.44421175214136	0.517753371554352
10.9900510225225	2.40785415961182	4.357485907091	0.547275025558523
11.0235062767768	2.42412165957038	4.27152151560193	0.568402222677399
11.056961531031	2.43931922913184	4.18662623807469	0.636559435986182
11.0904167852853	2.45344686829616	4.10280007450804	0.694718433078695
11.1238720395395	2.46650457706334	4.0200430249034	0.672537813079582
11.1573272937938	2.47849235543344	3.93835508925912	0.659993862362151
11.190782548048	2.48941020340629	3.85773626757751	0.734438475313705
11.2242378023023	2.49925812098208	3.77818655985563	0.67950224399658
11.2576930565566	2.50803610816071	3.69970596609618	0.642936605782339
11.2911483108108	2.51574416494221	3.62229448629691	0.699960372517085
11.3246035650651	2.52238229132661	3.55337053722917	0.74184813224046
11.3580588193193	2.52795048731383	3.48814410318357	0.766520079775875
11.3915140735736	2.53244875290392	3.42137494130093	0.755545329606753
11.4249693278278	2.53587708809691	3.35935083562638	0.732426824959154
11.4584245820821	2.53823549289274	3.29102786033352	0.662543693057781
11.4918798363363	2.53952396729143	3.22598878181679	0.682074737811104
11.5253350905906	2.53974251129306	3.19771508662212	0.680404207048422
11.5587903448448	2.53889112489743	3.22296528884264	0.681740590226667
11.5922455990991	2.53696980810474	3.25325633261951	0.632199671194005
11.6257008533534	2.5339785609149	3.27287490972208	0.581551712256929
11.6591561076076	2.52991738332791	3.28938539885888	0.550074207147943
11.6926113618619	2.52478627534381	3.3058087229488	0.507531998363924
11.7260666161161	2.51858523696258	3.31651086726629	0.466570006621551
11.7595218703704	2.51131426818418	3.33357446701969	0.427564142832497
11.7929771246246	2.50297336900867	3.34065029432311	0.391010155220806
11.8264323788789	2.49356253943607	3.34735254767671	0.356501446526531
11.8598876331331	2.48308177946621	3.36044846597824	0.323962784926839
11.8933428873874	2.47153108909939	3.37020663129939	0.303467702690822
11.9267981416416	2.45891046833528	3.37631634598976	0.338053862355719
11.9602533958959	2.44521991717413	3.37103936389255	0.312706060766245
11.9937086501502	2.43045943561577	3.36668598446277	0.289216375292877
12.0271639044044	2.41462902366035	3.36223608395097	0.267584805936017
12.0606191586587	2.39772868130776	3.35640406323822	0.248529236110388
12.0940744129129	2.379758408558	3.34271379769939	0.230395538145306
12.1275296671672	2.36071820541117	3.33166660145002	0.213838794557802
12.1609849214214	2.34060807186717	3.32029855326536	0.199639689663945
12.1944401756757	2.31942800792606	3.29645831840577	0.186174214549468
12.2278954299299	2.29717801358777	3.26568241741877	0.175865104125312
12.2613506841842	2.2738580888524	3.24707581241846	0.167424073941524
12.2948059384384	2.24946823371991	3.21724447879704	0.160496641884033
12.3282611926927	2.2240084481902	3.18420319692365	0.15493391741934
12.3617164469469	2.19747873226338	3.15620060317951	0.151212583773867
12.3951717012012	2.16987908593946	3.13531183861228	0.149332640949892
12.4286269554555	2.1412095092184	3.08329587330705	0.149294088947667
12.4620822097097	2.11147000210018	3.05966593885179	0.151447450001841
12.495537463964	2.08066056458486	3.00418279128181	0.14934312035876
12.5289927182182	2.04878119667239	2.95696031744977	0.140144177072718
12.5624479724725	2.01583189836278	2.9029260683309	0.138811337104943
12.5959032267267	1.98181266965603	2.85303957746571	0.160562113807657
12.629358480981	1.94672351055215	2.79194751979426	0.192535674612178
12.6628137352352	1.91056442105119	2.74925582366277	0.205869936278821
12.6962689894895	1.87333540115301	2.71701282243243	0.221054831644138
12.7297242437437	1.83503645085772	2.66993668019446	0.246960790236863
12.763179497998	1.7956675701653	2.59583193452514	0.29748206639754
12.7966347522523	1.75522875907575	2.57193370185564	0.362005951765619
12.8300900065065	1.71372001758908	2.54780088852244	0.425165503437448
12.8635452607608	1.67114183960545	2.51151722010861	0.464992703075193
12.897000515015	1.62791027694425	2.47056019246467	0.466184974876324
12.9304557692693	1.58519762900039	2.42316800141566	0.557981236763439
12.9639110235235	1.54320887928305	2.37115599988469	0.584378408556477
12.9973662777778	1.5019440277922	2.32684080291806	0.57508028401259
13.030821532032	1.4614030745279	2.28795384104477	0.566330992330793
13.0642767862863	1.42158601949007	2.24740035023716	0.558130533509086
13.0977320405405	1.38249286267871	2.21812117776347	0.550478907549575
13.1311872947948	1.3441236040939	2.18181533184987	0.54337611445129
13.164642549049	1.30647824373559	2.14396990496557	0.547072032939084
13.1980978033033	1.26955678160379	2.1046470889401	0.57317732095943
13.2315530575576	1.23335921769844	2.07735253306051	0.594928651201611
13.2650083118118	1.19788555201965	2.05853133089869	0.586290061433266
13.2984635660661	1.16313578456733	2.03577440898496	0.575590804422587
13.3319188203203	1.12910991534154	2.01808819432348	0.58266527847885
13.3653740745746	1.09580794434222	1.9869315664968	0.589722116587858
13.3988293288288	1.06322987156947	1.9609476150169	0.604117847515748
13.4322845830831	1.03137337937952	1.94652830833259	0.618575183078534
13.4657398373373	1.00020639746895	1.93221609256496	0.615918029087264
13.4991950915916	0.969705507659086	1.91023875774681	0.598122711744953
13.5326503458458	0.939870176535267	1.8813559938745	0.587084315516126
13.5661056001001	0.910700404097527	1.86297177434178	0.564551180763926
13.5995608543544	0.882196190345897	1.84533922755887	0.543130344394268
13.6330161086086	0.854357535280323	1.8290509357306	0.531563850515049
13.6664713628629	0.827184438900836	1.81399088112532	0.515248985383189
13.6999266171171	0.8006769012074	1.79819014539944	0.494528094143391
13.7333818713714	0.774834922200075	1.78164872855034	0.474147995221634
13.7668371256256	0.749658501878841	1.75626064984119	0.452567979130585
13.8002923798799	0.72514764024363	1.72825122831099	0.431390540609447
13.8337476341341	0.701302337294532	1.7070320938315	0.396565499955323
13.8672028883884	0.678122593031486	1.68519855965986	0.371847210618365
13.9006581426426	0.655608407454543	1.66275062579794	0.353826529002001
13.9341133968969	0.633759780563669	1.65160022859206	0.326328961058283
13.9675686511512	0.612576712358874	1.62862280841381	0.31883494192963
14.0010239054054	0.592059202840172	1.6107832654517	0.289192350257989
14.0344791596597	0.572207252007534	1.59270074069579	0.268870079470525
14.0679344139139	0.553020859860939	1.57409702697756	0.245947806244477
14.1013896681682	0.534500026400479	1.55030433311038	0.222075407991956
14.1348449224224	0.516644751626077	1.5233155103278	0.199696225435419
14.1683001766767	0.499455035537753	1.49525970029128	0.175162418718121
14.2017554309309	0.482930878135482	1.47332868272045	0.159688837771727
14.2352106851852	0.467072279419324	1.44588292701338	0.146292712708251
14.2686659394394	0.451879239389209	1.42368840751696	0.143671102786913
14.3021211936937	0.437351758045179	1.41097803196493	0.125653307873847
14.3355764479479	0.423489835387261	1.38745690647407	0.112502957868279
14.3690317022022	0.410293471415389	1.36206846224662	0.103262954669994
14.4024869564565	0.397762666129615	1.3572190776019	0.0905823546935779
14.4359422107107	0.385897419529893	1.34314670714397	0.0779453649392598
14.469397464965	0.374697731616281	1.32079255804633	0.0665251775727678
14.5028527192192	0.364163602388715	1.29125630294807	0.0583674592274453
14.5363079734735	0.354295031847241	1.27452955450006	0.0565128753822507
14.5697632277277	0.345092019991828	1.26087393878574	0.0573455065753798
14.603218481982	0.336554566822505	1.23018513212561	0.0545931589289406
14.6366737362362	0.328682672339287	1.19485377425108	0.0508153171526557
14.6701289904905	0.321476336542093	1.16436837836046	0.0457661496015611
14.7035842447447	0.314935559431036	1.13521503277156	0.039415812086996
14.737039498999	0.30906034100601	1.10730217368482	0.0500672550445378
14.7704947532533	0.303848916087628	1.09507178913292	0.0465375545653462
14.8039500075075	0.299224354872904	1.08212051009354	0.0508679753536625
14.8374052617618	0.295081631544558	1.05464228591361	0.0482535486067613
14.870860516016	0.291413190448028	1.0498956190744	0.0394786444322147
14.9043157702703	0.288219031583309	1.03850770395444	0.0326920368798138
14.9377710245245	0.285499154950327	1.01001608105087	0.0289423362421447
14.9712262787788	0.283253560549118	1.00357901219942	0.0178656201357958
15.004681533033	0.281482248379727	1.00579611461698	0.0126150033611358
15.0381367872873	0.280185218442135	1.00183374725426	0.0103516821988757
15.0715920415415	0.27936247073632	1.01277314481642	0.0161246899756812
15.1050472957958	0.279014005262268	1.01607198463702	0.0153149776366064
15.13850255005	0.27913982202002	1.0194367541038	0.0213382347747192
15.1719578043043	0.279739921009544	1.02183307998234	0.0242611030326596
15.2054130585586	0.280814302230854	1.00644061069109	0.0169521858700644
15.2388683128128	0.282362965683974	1.00983460999152	0.0165820273704205
15.2723235670671	0.28438591136887	1.01308542211351	0.0132699100153887
15.3057788213213	0.286883139285521	1.01044648275828	0.0111168846466017
15.3392340755756	0.289854649434011	1.01002536414392	0.0100426078305543
15.3726893298298	0.293300441814247	1.01830783050643	0.0138973734164696
15.4061445840841	0.297220516426275	1.02679683191028	0.0176846332203863
15.4395998383383	0.301614873270117	1.02923971018937	0.015813049128194
15.4730550925926	0.306483512345685	1.02664424001425	0.0153367501211011
15.5065103468468	0.311826433653091	1.03049027544865	0.019078777944499
15.5399656011011	0.317643637192263	1.0362098560208	0.0206710045293112
15.5734208553554	0.323935122963237	1.05386740215269	0.0278784636683916
15.6068761096096	0.330700890965985	1.05947107470782	0.0367454410297654
15.6403313638639	0.337940941200516	1.06503108919616	0.0446801555765977
15.6737866181181	0.345655273666827	1.0704467658847	0.0516745009386581
15.7072418723724	0.353843888364937	1.07601620129801	0.0590078865441719
15.7406971266266	0.362506785294825	1.07868081296004	0.0656410407744618
15.7741523808809	0.371643964456496	1.07262805914136	0.0753671660092762
15.8076076351351	0.381255425849959	1.07019928753867	0.0869248878701944
15.8410628893894	0.391341169475226	1.06441491534072	0.0984873227016765
15.8745181436436	0.401901195332244	1.05960950955552	0.105837848946236
15.9079733978979	0.41293550342106	1.06896199432524	0.114741026762153
15.9414286521522	0.424444093741674	1.0710294350726	0.128455258868485
15.9748839064064	0.436426966294054	1.07385012954805	0.13981783217552
16.0083391606607	0.448884121078233	1.07402013566783	0.153441274003165
16.0417944149149	0.46181555809421	1.06896915295008	0.169465268858666
16.0752496691692	0.475221277341948	1.06820064728024	0.183202885135386
16.1087049234234	0.489101278821486	1.06954601620404	0.19893386712293
16.1421601776777	0.503455562532789	1.06907281704356	0.2054421097142
16.1756154319319	0.518284128475883	1.06350849804395	0.216139106579112
16.2090706861862	0.533586976650829	1.06291973952181	0.238595759134644
16.2425259404404	0.549364107057448	1.06196735513419	0.253255076106129
16.2759811946947	0.56561551969593	1.06371794688869	0.278451969683737
16.309436448949	0.58234121456619	1.05883366408346	0.303236032613033
16.3428917032032	0.599541191668207	1.0595814169264	0.318687158505911
16.3763469574575	0.617215451002023	1.06669022141927	0.328321474831721
16.4098022117117	0.635363977221154	1.05858874774279	0.339616063637993
16.443257465966	0.653985787839635	1.05786300884925	0.351578337462164
16.4767127202202	0.67307932342826	1.06371999749104	0.366295598745659
16.5101679744745	0.692644445474739	1.06653970296715	0.374141641478503
16.5436232287287	0.712681153978992	1.07463535856509	0.387595556756865
16.577078482983	0.733189448941087	1.08993107395927	0.39535818502301
16.6105337372372	0.754169330360952	1.11815181416814	0.399131550610417
16.6439889914915	0.775620798238711	1.14679969997353	0.406349883352663
16.6774442457457	0.797543852574173	1.16504618980944	0.411982650605443
16.7108995	0.819938493367541	1.16920882093899	0.423007384015738
16.7443547542543	0.84280472061866	1.19304613127317	0.436175525747776
16.7778100085085	0.866142534327605	1.22145523122812	0.446216523192619
16.8112652627628	0.889951934494412	1.24679845744807	0.456608293118572
16.844720517017	0.914232921118949	1.27259758399256	0.467291307862985
16.8781757712713	0.938985494201374	1.28438558380755	0.478265567426465
16.9116310255255	0.964209653741519	1.30998354079925	0.485717495946472
16.9450862797798	0.989905399739602	1.335011316443	0.492346765019244
16.978541534034	1.01607273219538	1.35927371247509	0.502705197622496
17.0119967882883	1.04271165110902	1.37573593158042	0.516242325028178
17.0454520425425	1.06982215648049	1.39154544595238	0.530253212183312
17.0789072967968	1.09740424830971	1.41011909237093	0.548590824083285
17.112362551051	1.12545792659683	1.43627032434437	0.563240239320795
17.1458178053053	1.1539806453086	1.47145914152213	0.575948135868107
17.1792730595596	1.18250750437384	1.49843026737283	0.589027873958258
17.2127283138138	1.21003580384181	1.53512562075301	0.603061871164773
17.2461835680681	1.23643507036524	1.56173544424812	0.613789578641115
17.2796388223223	1.26170530394383	1.59242039970256	0.620298262076817
17.3130940765766	1.28584650457778	1.62520322013042	0.627100024357393
17.3465493308308	1.30885867226694	1.65563520137408	0.634194865484242
17.3800045850851	1.33074180701138	1.68731524307353	0.649045345970714
17.4134598393393	1.35149590881116	1.71879215024504	0.663402946028576
17.4469150935936	1.37112097766612	1.74549110424417	0.675413956114909
17.4803703478478	1.38961701357647	1.77157738400095	0.694988797086461
17.5138256021021	1.40704252013957	1.78860204968024	0.711694139357282
17.5472808563564	1.42393394298714	1.80899209293194	0.715916880391722
17.5807361106106	1.44057948617191	1.83028736724316	0.733278695151319
17.6141913648649	1.45698191365288	1.84984181064638	0.746635281415522
17.6476466191191	1.47314122542969	1.86701800813826	0.752413281245001
17.6811018733734	1.48905742150273	1.88870181397181	0.754430893571584
17.7145571276276	1.50473050187164	1.90628140265878	0.757122513339546
17.7480123818819	1.52016046653667	1.92179398018649	0.76201362071664
17.7814676361361	1.5353473154977	1.93861513704694	0.777907412132559
17.8149228903904	1.55029104875471	1.95285995619007	0.793994559471073
17.8483781446446	1.56499166630788	1.96720839111738	0.810708772515392
17.8818333988989	1.57944916815694	1.98054124313175	0.822351684463973
17.9152886531532	1.59366355430218	1.99673448871536	0.830614029016986
17.9487439074074	1.60763482474332	2.01030322665628	0.847390746877072
17.9821991616617	1.6213629794806	2.02204253077515	0.866494481448596
18.0156544159159	1.63484801851382	2.03156196246696	0.870967154189414
18.0491096701702	1.64808994184317	2.04004866723556	0.889784210916106
18.0825649244244	1.66108874946848	2.05044615349851	0.904079612730527
18.1160201786787	1.67384444138983	2.06159133998129	0.920044234868148
18.1494754329329	1.68635701760728	2.07267558942769	0.933242680328735
18.1829306871872	1.6986264781206	2.0823910857188	0.945229433024317
18.2163859414414	1.71065282293018	2.08827370846809	0.966243047046249
18.2498411956957	1.7224360520356	2.09667439899495	0.984558104979317
18.28329644995	1.73397616543717	2.1006618772733	0.999515824345044
18.3167517042042	1.74527316313469	2.1068699860568	1.01047807547789
18.3502069584585	1.75632704512834	2.11125692977591	1.03164103645879
18.3836622127127	1.76713781141793	2.11851303139027	1.04900870381444
18.417117466967	1.77770546200361	2.12364048375034	1.06652999263292
18.4505727212212	1.78802999688538	2.12725910869968	1.07898293315889
18.4840279754755	1.79811141606292	2.12913968864732	1.09282373687977
18.5174832297297	1.80794971953686	2.13095062809835	1.1045942968783
18.550938483984	1.8175449073065	2.13315557602016	1.11129437798846
18.5843937382382	1.82689697937244	2.13758956711115	1.12652929797367
18.6178489924925	1.8360059357342	2.14026878122808	1.13594376831962
18.6513042467467	1.84487177639217	2.14470791300277	1.1550080045038
18.684759501001	1.85349450134605	2.15083640985902	1.170818486123
18.7182147552553	1.86187411059606	2.15944991346611	1.19239488150488
18.7516700095095	1.87001060414199	2.16664533529541	1.20600834663584
18.7851252637638	1.87790398198404	2.17714128399198	1.2174272590688
18.818580518018	1.8855542441221	2.18799183686755	1.23589478767068
18.8520357722723	1.89296139055619	2.19725100073343	1.25480906964858
18.8854910265265	1.90012542128636	2.20841021649702	1.26911603957243
18.9189462807808	1.90704633631239	2.22109566423217	1.28445119990855
18.952401535035	1.91372413563471	2.23465535787014	1.30073178323943
18.9858567892893	1.92015881925281	2.24849076718351	1.32025794640007
19.0193120435435	1.92635038716719	2.26370146705833	1.34323647417666
19.0527672977978	1.93229883937737	2.27709340971987	1.36727933769611
19.086222552052	1.93800417588372	2.28818842402554	1.38535827097342
19.1196778063063	1.94346639668605	2.29631327487728	1.4036164812455
19.1531330605606	1.94868550178449	2.30928578679822	1.42631420774767
19.1865883148148	1.95366149117888	2.32343489241468	1.44968892828071
19.2200435690691	1.95839436486932	2.33742903054914	1.47858387117267
19.2534988233233	1.96288412285592	2.35126820120043	1.50288034876728
19.2869540775776	1.96713076513824	2.36491054966395	1.51867801025695
19.3204093318318	1.97115675011785	2.38068492366472	1.52561000472324
19.3538645860861	1.97552402227431	2.39474154287809	1.52589894215563
19.3873198403403	1.98082096981628	2.41211588657286	1.51951159194867
19.4207750945946	1.98707534339567	2.42802686894439	1.51324003588895
19.4542303488488	1.99428714301291	2.44237624747386	1.50904921673556
19.4876856031031	2.00245636866762	2.45932913405893	1.48877936715489
19.5211408573574	2.01158302036015	2.47636154700063	1.46834162374546
19.5545961116116	2.02166709809017	2.4933806662042	1.45728371669585
19.5880513658659	2.03270860185803	2.51036128179883	1.44372035348628
19.6215066201201	2.04470753166348	2.52723792264623	1.43297387454139
19.6549618743744	2.05766388750644	2.54420621684708	1.42856896845473
19.6884171286286	2.07157766938729	2.56226811046799	1.44266867507698
19.7218723828829	2.08644887730553	2.58087006706813	1.44340750630001
19.7553276371371	2.10227751126171	2.59923624140737	1.44563921259214
19.7887828913914	2.11906357125529	2.62248620034479	1.45149761092534
19.8222381456456	2.13680705728671	2.6458456238374	1.45665595302185
19.8556933998999	2.15550796935561	2.66419266708732	1.47070235874948
19.8891486541542	2.17516630746238	2.6828450057804	1.48174831255673
19.9226039084084	2.19578207160659	2.70479179567933	1.49522604421972
19.9560591626627	2.21735526178863	2.73268153052283	1.51533057206796
19.9895144169169	2.23988587800827	2.7616294332901	1.53578809845038
20.0229696711712	2.26337392026543	2.79976803054036	1.55924484198801
20.0564249254254	2.28781938856043	2.82404119391478	1.59348900224873
20.0898801796797	2.31322228289291	2.85490105634818	1.62302430311195
20.1233354339339	2.33958260326327	2.88277855107534	1.65511517970901
20.1567906881882	2.36690034967102	2.9166505999768	1.68882362902447
20.1902459424424	2.39517552211667	2.95238476468957	1.72233271936795
20.2237011966967	2.42440812059977	2.99058579316544	1.75844585875762
20.257156450951	2.45459814512069	3.03469681950932	1.8013416704201
20.2906117052052	2.48574559567912	3.07689108251915	1.84715606013538
20.3240669594595	2.5178504722754	3.1155781670865	1.89586061415691
20.3575222137137	2.55091277490917	3.1714084972261	1.94737905620321
20.390977467968	2.58493250358056	3.22090522898711	2.00003618327837
20.4244327222222	2.6199096582897	3.27480407775315	2.05262134994597
20.4578879764765	2.65584423903646	3.31652648092691	2.1076092033242
20.4913432307307	2.6927362458209	3.36586737071146	2.16497753191411
20.524798484985	2.73058567864295	3.41682123733049	2.21756212786983
20.5582537392392	2.76939253750275	3.46227902702928	2.28250985623722
20.5917089934935	2.80915682240003	3.51566834512508	2.34706066244533
20.6251642477477	2.84987853333518	3.56778896177886	2.41437050990852
20.658619502002	2.89155767030773	3.61920869627073	2.48038729961832
20.6920747562563	2.93419423331828	3.67096738683872	2.54733505093817
20.7255300105105	2.97778822236617	3.72990872069609	2.61568125257533
20.7589852647648	3.02233963745183	3.78389283953277	2.68342915130016
20.792440519019	3.06784847857519	3.84256491151153	2.7456364642228
20.8258957732733	3.11431474573605	3.90209189372534	2.80299118204316
20.8593510275275	3.16173843893474	3.96208478751375	2.8526400693773
20.8928062817818	3.21011955817096	4.01531869456737	2.9025601874422
20.926261536036	3.25945810344499	4.06319617238106	2.94882887827478
20.9597167902903	3.30975407475642	4.1252024939085	2.98895947309988
20.9931720445445	3.36100747210582	4.18779288914721	3.02296037499918
21.0266272987988	3.41321829549254	4.2543447976184	3.05669265254498
21.060082553053	3.46638654491722	4.33398255369088	3.0846368055382
21.0935378073073	3.5205122203794	4.39800917345245	3.10709078331142
21.1269930615616	3.57559532187917	4.46668982516436	3.14183995121518
21.1604483158158	3.63163584941673	4.53550365206109	3.16082576306577
21.1939035700701	3.68863380299184	4.59572022522897	3.18499323143738
21.2273588243243	3.74658918260478	4.6693577040172	3.20706693878981
21.2608140785786	3.80550198825506	4.7462496947759	3.22323405853247
21.2942693328328	3.86537221994334	4.83326813230641	3.23412104538132
21.3277245870871	3.92619987766893	4.91819729570163	3.25644457346946
21.3611798413413	3.98798496143252	5.00190453398214	3.28261492212058
21.3946350955956	4.05072747123348	5.0945711495121	3.3057984355454
21.4280903498498	4.11442740707236	5.20356094895216	3.32034983689399
21.4615456041041	4.17908476894879	5.34688289751532	3.33589544079097
21.4950008583584	4.24469955686262	5.48225348593032	3.35132851939325
21.5284561126126	4.30943545643847	5.59703873936365	3.36677906793112
21.5619113668669	4.36590326843683	5.64963536423915	3.3822470864017
21.5953666211211	4.41225105022482	5.68312360756824	3.39773257480821
21.6288218753754	4.44854564345484	5.68061261599907	3.41323553314743
21.6622771296296	4.47482679522523	5.64543908269835	3.42875596142271
21.6957323838839	4.49109503156658	5.61709390406797	3.4442938596318
21.7291876381381	4.49713665300616	5.51881105466907	3.4599373646639
21.7626428923924	4.48979623994093	5.41054842812974	3.47570506627682
21.7960981466466	4.4697314825936	5.28837955768494	3.48798334809262
21.8295534009009	4.44798074516595	5.2257566586046	3.49707369985995
21.8630086551552	4.42705518103222	5.15068281359848	3.4974959224678
21.8964639094094	4.40695479019289	5.0968575587152	3.49535911511142
21.9299191636637	4.3876795726469	5.06918287497942	3.50536598772295
21.9633744179179	4.36922952839568	5.02887999582428	3.52110658956224
21.9968296721722	4.35160465743776	5.01313508375438	3.52147616471887
22.0302849264264	4.33480495977439	4.99030183930763	3.5385381587424
22.0637401806807	4.31883043540466	5.00108765596259	3.53356966833857
22.0971954349349	4.3036810843293	5.00431427460826	3.53674108398626
22.1306506891892	4.28908430206094	5.04208782812249	3.51731715737276
22.1641059434434	4.27028211920705	5.08716963769863	3.49801254845916
22.1975611976977	4.24323019544015	5.10458013217959	3.47751506483751
22.231016451952	4.20779414314792	5.08368848564979	3.42658141848668
22.2644717062062	4.16389731466308	5.03559930708986	3.40535674054942
22.2979269604605	4.11148479651992	4.96468724428727	3.37806475342984
22.3313822147147	4.05258210602326	4.86874188419594	3.33698758632474
22.364837468969	3.99479726225392	4.80942802924612	3.26001576630758
22.3982927232232	3.93991514566204	4.72003212437578	3.23632718937936
22.4317479774775	3.88793575624641	4.64545675779621	3.1963039730125
22.4652032317317	3.83885909400815	4.59724617365963	3.14196611580027
22.498658485986	3.79268515894623	4.54955306495292	3.11756953829132
22.5321137402402	3.74941395106147	4.5040055195235	3.06959711616604
22.5655689944945	3.70904547035343	4.50195316697369	3.01142109637444
22.5990242487487	3.67157971682198	4.46466264411318	2.97847238660455
22.632479503003	3.63701669046781	4.45193540975573	2.93379712821481
22.6659347572573	3.60535639128997	4.44635811230679	2.88031661152023
22.6993900115115	3.57659881928951	4.44968685685857	2.83326614318417
22.7328452657658	3.55074397446522	4.45291893821322	2.79748694784655
22.76630052002	3.52779185681844	4.43449719273901	2.77720445616936
22.7997557742743	3.50774246634793	4.4087914091746	2.73302644755728
22.8332110285285	3.49059580305458	4.39386138569742	2.68635239147967
22.8666662827828	3.4763518669378	4.38241390039939	2.65287410623481
22.900121537037	3.46501065799815	4.38534043843956	2.62728395239832
22.9335767912913	3.45657217623495	4.37342967605715	2.6095245156945
22.9670320455455	3.45103642164897	4.37413488691351	2.60150355993166
23.0004872997998	3.44840339423963	4.37236070500538	2.59903214201475
23.0339425540541	3.4486730940069	4.35687422027794	2.60567933065041
23.0673978083083	3.45184552095142	4.35337725576775	2.62095219628579
23.1008530625626	3.45792067507236	4.3644079428227	2.63835035588904
23.1343083168168	3.46689855637045	4.38331906655062	2.65829189120576
23.1677635710711	3.47877916484508	4.37659019630147	2.66781817118664
23.2012188253253	3.49356250049686	4.38639331901731	2.6569221041211
23.2346740795796	3.51124856332509	4.38776945951375	2.62904590630435
23.2681293338338	3.5318373533305	4.38893947472832	2.60756168936956
23.3015845880881	3.55532887051239	4.42570908132651	2.56581755433174
23.3350398423423	3.58172311487143	4.45196292453097	2.53179483664507
23.3684950965966	3.61119335041914	4.47680438716511	2.49589611208239
23.4019503508508	3.64580458955196	4.51202430811779	2.46123476768311
23.4354056051051	3.68691363266311	4.55500891966924	2.45275298620479
23.4688608593594	3.7345442213563	4.60280341004943	2.46224439620297
23.5023161136136	3.78869635563179	4.64063220391637	2.509851276145
23.5357713678679	3.84937003548932	4.70855880512043	2.57890232258297
23.5692266221221	3.91656526092949	4.78788504971224	2.6622752671358
23.6026818763764	3.99028203195144	4.84496499111717	2.773579727547
23.6361371306306	4.07052034855603	4.89653815792966	2.89397701219309
23.6695923848849	4.15728021074241	4.96127279659139	3.05943925625476
23.7030476391391	4.25056161851149	5.05675838583744	3.2477934066164
23.7365028933934	4.35036457186248	5.12490057059803	3.46284754576194
23.7699581476476	4.45668907079569	5.23549051545026	3.6805144119436
23.8034134019019	4.56953511531126	5.31647004830403	3.89744213815894
23.8368686561562	4.6871911132778	5.42854111146054	4.01309944048504
23.8703239104104	4.80167212805764	5.56948054782013	4.09517634161445
23.9037791646647	4.91065148125442	5.73114109429405	4.13182953022192
23.9372344189189	5.01412890387864	5.8545029658196	4.17957780961811
23.9706896731732	5.11210439593012	6.04270685614078	4.19841475420687
24.0041449274274	5.204577957409	6.24778501450989	4.24642400101292
24.0376001816817	5.29154958831497	6.43204013360887	4.27461308261479
24.0710554359359	5.37301928864892	6.57257553650281	4.30742518722517
24.1045106901902	5.44898705840947	6.70822389977181	4.34076699085249
24.1379659444444	5.51945289759754	6.8064158853622	4.36060442075168
24.1714211986987	5.58441680621313	6.89037098495675	4.37993151845701
24.204876452953	5.64387878425586	6.9217062226429	4.39882216319745
24.2383317072072	5.69783883172603	6.96935380949021	4.40671075885153
24.2717869614615	5.74629694862338	7.0512691807569	4.42626891338125
24.3052422157157	5.78925313494839	7.0989850018676	4.44610805691679
24.33869746997	5.8267073907003	7.23503184174316	4.46787641986632
24.3721527242242	5.85865971587989	7.31827125414723	4.49990270436356
24.4056079784785	5.88511011048642	7.45193280702824	4.52378597111198
24.4390632327327	5.90328538674367	7.55894982050359	4.54214573723486
24.472518486987	5.90188962755494	7.63458907618228	4.55713922672664
24.5059737412412	5.87804713534637	7.60225803909099	4.55417575946897
24.5394289954955	5.83340618596459	7.52324119695484	4.50164676149975
24.5728842497497	5.77671224906777	7.3933846882636	4.50411549968754
24.606339504004	5.71085470861051	7.26068706970845	4.51693108046948
24.6397947582583	5.63583538586637	7.13634078968812	4.51865899409438
24.6732500125125	5.55165428083541	6.93810527293822	4.41036782664668
24.7067052667668	5.46018115451159	6.70933097854206	4.31729920082767
24.740160521021	5.37530296238701	6.46250218211591	4.19396161214439
24.7736157752753	5.30327068737263	6.30685633246526	4.0336401426586
24.8070710295295	5.24411439432748	6.25245997263731	3.87609325448153
24.8405262837838	5.19783408325092	6.23864746119368	3.73138383252067
24.873981538038	5.16442975414295	6.22489261340865	3.58435641082365
24.9074367922923	5.14390140700422	6.23092598244897	3.53626700104353
24.9408920465465	5.13624904183375	6.25004300749321	3.55655112420848
24.9743473008008	5.14147265863268	6.25376861880222	3.65270027038928
25.0078025550551	5.15957225739987	6.25198815170207	3.75676640847569
25.0412578093093	5.19054783813628	6.24797243461201	3.89101991899001
25.0747130635636	5.23439940084103	6.24773458656618	4.0986510792461
25.1081683178178	5.29081827472052	6.2635116421157	4.30534261931709
25.1416235720721	5.35184572621694	6.26072932543237	4.40088022697539
25.1750788263263	5.40901416600511	6.28657466886498	4.42971187071133
25.2085340805806	5.46191302957846	6.31728600080961	4.43296489762895
25.2419893348348	5.51054231693714	6.38266266286754	4.43614371232157
25.2754445890891	5.55490202808167	6.40477004370336	4.44458354907773
25.3088998433433	5.59499216301136	6.51128256626968	4.463835638462
25.3423550975976	5.63081272172707	6.61570699505903	4.50459501950975
25.3758103518519	5.66236370422746	6.74218945458165	4.52192242145943
25.4092656061061	5.68964511051433	6.83175029100096	4.58980057827715
25.4427208603604	5.71265694058577	6.90687108209813	4.64494971637273
25.4761761146146	5.73139919444355	6.98516824824589	4.72566429556173
25.5096313688689	5.74587187208605	7.04607334331464	4.75494214670326
25.5430866231231	5.75607497351465	7.073631596228	4.77006636631746
25.5765418773774	5.76189625931624	7.08087002662282	4.76259730254272
25.6099971316316	5.762690767445	7.06289208510982	4.77025112908355
25.6434523858859	5.7582285666444	7.0348204935903	4.74867840393149
25.6769076401401	5.74850937420883	6.98993566307645	4.72692074510022
25.7103628943944	5.73353319014001	6.99044715029492	4.68859941732072
25.7438181486486	5.71328969575428	7.00083157862012	4.67785131576636
25.7772734029029	5.67881967180169	7.05037982716662	4.64865821846748
25.8107286571572	5.60490055654628	7.04775734856729	4.59073647292839
25.8441839114114	5.49300691316274	6.85834675395352	4.49243713610524
25.8776391656657	5.35334536379321	6.55005126734804	4.4336389063722
25.9110944199199	5.20656409719899	6.31054596629092	4.3544549221972
25.9445496741742	5.06594571162917	6.03156424973129	4.18088789195354
25.9780049284284	4.93172987668111	5.81624151527307	4.03419815380041
26.0114601826827	4.80391659235552	5.72602369124225	3.81427924005645
26.0449154369369	4.68250585865139	5.61887638950748	3.59529539818685
26.0783706911912	4.56849784886043	5.52691900455664	3.43029326543357
26.1118259454454	4.46687056381014	5.45272096278986	3.26227882087481
26.1452811996997	4.37916972971169	5.40979827317737	3.11263485139149
26.178736453954	4.30539582708303	5.35608014303796	2.99711294386097
26.2121917082082	4.24576089578513	5.33090841258567	2.87405744752811
26.2456469624625	4.20486740118355	5.30425973262784	2.77844422661069
26.2791022167167	4.18717030989851	5.31400656026036	2.74799155638149
26.312557470971	4.19285215222699	5.29817291242228	2.77075577837986
26.3460127252252	4.22191292816942	5.32641218957618	2.83096803556244
26.3794679794795	4.27435263772598	5.32837684442625	2.94920778862312
26.4129232337337	4.35017128089636	5.33019030978675	3.1152160236607
26.446378487988	4.44936885768077	5.33756824456532	3.24711553248527
26.4798337422422	4.57194536807891	5.41023244763494	3.43472589600411
26.5132889964965	4.71669001528798	5.59533680452842	3.54851119710805
26.5467442507507	4.86838048067972	5.87929787350516	3.58855017390004
26.580199505005	5.01662243018886	6.33653517993407	3.64323414331456
26.6136547592593	5.16098654567795	6.74835096297314	3.68203496164312
26.6471100135135	5.29206457258643	7.13811046531894	3.70368910579401
26.6805652677678	5.39686936021935	7.48478025449225	3.75977169829615
26.714020522022	5.47305420631005	7.74065713178624	3.78130532434244
26.7474757762763	5.52031695655758	7.93613813979764	3.80162179370163
26.7809310305305	5.53865761096097	8.03808270485667	3.78741278504006
26.8143862847848	5.52807616952133	8.05518592614821	3.80404293935925
26.847841539039	5.48928451584114	7.96807326931533	3.86907152499541
26.8812967932933	5.43811558990859	7.8406411330681	3.87774477860351
26.9147520475475	5.39010781357323	7.70720282860454	3.8270969327615
26.9482073018018	5.34591416030206	7.57954744830628	3.83229671387819
26.9816625560561	5.30553463009457	7.45361067803092	3.88514307056836
27.0151178103103	5.26896922295131	7.35070353551061	3.92074531980228
27.0485730645646	5.23621793887195	7.2364079072871	3.91106453124856
27.0820283188188	5.20689514806826	7.12688528432703	3.90234434861323
27.1154835730731	5.17858429689564	7.03093079477067	3.92881589442657
27.1489388273273	5.15035133814514	6.93261517320482	3.88243036798557
27.1823940815816	5.1221942610259	6.82262776155979	3.84259955656447
27.2158493358358	5.09411306553745	6.71676134073269	3.82427632545369
27.2493045900901	5.06610775168008	6.59908814744307	3.82560229509044
27.2827598443443	5.03817831945368	6.50279692191404	3.80468109863263
27.3162150985986	5.01032476885836	6.41974211883267	3.82879688990157
27.3496703528529	4.98254709989395	6.32202135406498	3.69993732886863
27.3831256071071	4.95484531256054	6.22494351199573	3.68729318959822
27.4165808613614	4.92721940685813	6.15170491640171	3.66164718098759
27.4500361156156	4.8996693827868	6.1236988501192	3.611539954741
27.4834913698699	4.87219524034645	6.05789517550544	3.55302258083941
27.5169466241241	4.84479697953678	6.00434513954134	3.4837458560362
27.5504018783784	4.81747460035851	5.95803105694249	3.42219766537567
27.5838571326326	4.790228102811	5.91787436118837	3.41228129963497
27.6173123868869	4.76305748689463	5.85797633596374	3.34703850387824
27.6507676411411	4.73596275260908	5.76587166039451	3.35113279028129
27.6842228953954	4.70894389995472	5.72340646006878	3.30639727597617
27.7176781496497	4.68200092893115	5.72432460291634	3.26328046368724
27.7511334039039	4.6551338395388	5.64062901613461	3.22051508119453
27.7845886581582	4.62834263177722	5.59929852237201	3.15168053459242
27.8180439124124	4.60162730564685	5.573858426988	3.11737917584373
27.8514991666667	4.57498786114745	5.54944953529875	3.08512753070689
27.8849544209209	4.54842429827868	5.50964183726103	3.05469072457809
27.9184096751752	4.5219366170414	5.45734341404466	3.02027362045386
27.9518649294294	4.49552481743468	5.39322833561308	2.98391273949057
27.9853201836837	4.46918889945928	5.35213075467157	2.94864565431395
28.0187754379379	4.44292886311475	5.31162794251065	2.9144723649244
28.0522306921922	4.41674470840126	5.27531466908514	2.88139287132322
28.0856859464464	4.39063643531861	5.24304185540311	2.84940717351098
28.1191412007007	4.36460404386715	5.21739912804365	2.81347974161431
28.152596454955	4.33864753404658	5.17450911280396	2.75014603815557
28.1860517092092	4.31276690585706	5.13644786207174	2.68860291100707
28.2195069634635	4.28696215929858	5.10476249958322	2.62708010375768
28.2529622177177	4.26123329437083	5.06287968441789	2.56699890152801
28.286417471972	4.23558031107438	5.03334154371283	2.52318373174441
28.3198727262262	4.2100032094086	5.00142542644218	2.50538948902929
28.3533279804805	4.18450198937427	4.97427061338069	2.45909899152656
28.3867832347347	4.15907665097041	4.95407608424293	2.43365121194533
28.420238488989	4.13372719419804	4.95035560700286	2.41032085375353
28.4536937432432	4.1084536190562	4.91619563536931	2.3977931750666
28.4871489974975	4.0832559255458	4.89439846080284	2.398234522403
28.5206042517517	4.05813411366602	4.8577269472786	2.39959608931333
28.554059506006	4.03308818341755	4.83566627341624	2.40187787579476
28.5875147602603	4.00811813479984	4.81803020384433	2.40507988184837
28.6209700145145	3.98322396781309	4.79927623115756	2.40920210747514
28.6544252687688	3.95840568245758	4.77952079303784	2.41424455267281
28.687880523023	3.9336632787328	4.75771810322031	2.42024865991019
28.7213357772773	3.90899675663928	4.73644683679993	2.42728711077923
28.7547910315315	3.88440611617643	4.71362368734036	2.43524243573502
28.7882462857858	3.85989135734493	4.68955288478539	2.4308724519466
28.82170154004	3.83545248014402	4.66436318133974	2.42309579152516
28.8551567942943	3.81108948457462	4.63809438733826	2.40790745420422
28.8886120485485	3.78680237063558	4.61918840022172	2.39173051755991
28.9220673028028	3.76259113832824	4.58729288610894	2.36249263977171
28.9555225570571	3.73845578765137	4.57759633952439	2.24820751430277
28.9889778113113	3.71439631860558	4.56096059416753	2.19446293800659
29.0224330655656	3.69041273119094	4.54740589768646	2.14891331350154
29.0558883198198	3.66650502540705	4.52361996097761	2.03446805802778
29.0893435740741	3.64267320125457	4.49763092956953	1.9193420836828
29.1227988283283	3.61891725873257	4.48122149939166	1.84820029125202
29.1562540825826	3.59523719784205	4.46564444336421	1.84891258385406
29.1897093368368	3.57163301858202	4.44918609737486	1.85205821804905
29.2231645910911	3.54810472095356	4.43231763611012	1.83739892410619
29.2566198453453	3.52465230495547	4.41503905957173	1.82387708137489
29.2900750995996	3.50127577058898	4.4086803757029	1.77972629482868
29.3235303538539	3.47797511785311	4.37957436727331	1.72345687861282
29.3569856081081	3.45475034674823	4.36853818419535	1.70439536087779
29.3904408623624	3.4316014572745	4.34133673042616	1.63842579822506
29.4238961166166	3.40852844943163	4.31886340222321	1.57337540991613
29.4573513708709	3.38553132321991	4.28729937687814	1.53416478433061
29.4908066251251	3.3626100786389	4.25463694233814	1.44447633910504
29.5242618793794	3.3397647156893	4.2341264751357	1.37463227732031
29.5577171336336	3.31699523437027	4.22283737254281	1.27621030002521
29.5911723878879	3.29430163468265	4.19631615447897	1.18862350008288
29.6246276421421	3.27168391662553	4.1596288764627	1.07059378720578
29.6580828963964	3.24914208019996	4.14111470529379	0.964813471526947
29.6915381506507	3.22667612540497	4.12603709102878	0.859527638865708
29.7249934049049	3.20436976389798	4.11928087479964	0.792466142340944
29.7584486591592	3.18275199635549	4.0946530716605	0.679197352268056
29.7919039134134	3.16202887608715	4.07507012160817	0.572480274893571
29.8253591676677	3.14220086825052	4.05971435792044	0.472571876742697
29.8588144219219	3.12326797284543	4.03814767510909	0.460821796821013
29.8922696761762	3.10523018987225	4.02159361801127	0.404863317617732
29.9257249304304	3.08808751933045	4.00021969360031	0.443832844327095
29.9591801846847	3.0718399612206	3.99272292713145	0.505796518601265
29.9926354389389	3.05648751554209	3.99236975452282	0.544337209923034
30.0260906931932	3.04203018229566	3.99157067461815	0.507586149482313
30.0595459474474	3.02846796148049	3.97963914700575	0.595312556659773
30.0930012017017	3.0158008530973	3.96478907109514	0.597981434660629
30.126456455956	3.00402885714558	3.97117222499938	0.552587642501144
30.1599117102102	2.99315197362551	3.97615545578792	0.510816447802696
30.1933669644645	2.9831702025373	3.97208899412343	0.474910922210522
30.2268222187187	2.9740835438805	3.9777294978581	0.444871065724728
30.260277472973	2.96589199765564	3.97384514502367	0.420696878344761
30.2937327272272	2.95859556386214	3.96953714582443	0.404603913711304
30.3271879814815	2.95219424250062	3.97602370473235	0.396449353993868
30.3606432357357	2.94668803357055	3.95948319701945	0.393832729681715
30.39409848999	2.94207693707224	3.95949113601399	0.396754040773211
30.4275537442442	2.93836095300549	3.94721753497209	0.405213287266805
30.4610089984985	2.93554008137063	3.94131141419076	0.419210469163208
30.4944642527527	2.93361432216724	3.93359191922156	0.43919745855515
30.527919507007	2.93258367539546	3.93518246417193	0.473492297759898
30.5613747612613	2.93244814105555	3.93102604837193	0.518412113765667
30.5948300155155	2.93320771914714	3.92620252438366	0.568098761159887
30.6282852697698	2.93486240967053	3.92091576955691	0.622552239939186
30.661740524024	2.93741221262549	3.9185483808635	0.681772550108797
30.6951957782783	2.94085712801215	3.94829359179363	0.745759691662637
30.7286510325325	2.94519715583041	4.00104734330941	0.814513664603768
30.7621062867868	2.95043229608048	4.01950146300451	0.888034468931999
30.795561541041	2.95656254876208	4.0647862771807	0.9663221046477
30.8290167952953	2.96358791387543	4.12381069619688	1.04937657175052
30.8624720495495	2.97150839142049	4.23028869867804	1.09553579218481
30.8959273038038	2.98032398139692	4.28139886680432	1.1051259555415
30.9293825580581	2.99003468380543	4.29884788501278	1.17510731522115
30.9628378123123	3.00064049864523	4.3636208263451	1.26704028927042
30.9962930665666	3.01214142591707	4.45527397785837	1.33237856980366
31.0297483208208	3.02453746562022	4.53820909593517	1.44531347443375
31.0632035750751	3.03782861775529	4.60446474411356	1.44220204818534
31.0966588293293	3.05201488232191	4.63738441827086	1.52949809079684
31.1301140835836	3.06709625932023	4.67418424004218	1.70699634390266
31.1635693378378	3.08307274875013	4.72857308661798	1.76147869176852
31.1970245920921	3.09994435061187	4.80146966777977	1.86363435615543
31.2304798463463	3.11771106490521	4.91474131914943	2.01015693826242
31.2639351006006	3.13637289162995	4.96329164181546	2.08578011805059
31.2973903548549	3.15592983078686	5.03106648118462	2.08308419677138
31.3308456091091	3.17638188237497	5.1107402173632	2.03375970443164
31.3643008633634	3.19772904639504	5.18862084222308	1.99009847813287
31.3977561176176	3.21997132284654	5.26709600013998	1.943122434084
31.4312113718719	3.24310871173	5.34742100857248	1.8920351937864
31.4646666261261	3.26714121304482	5.43055539458695	1.84311246130186
31.4981218803804	3.29206882679153	5.5147855695815	1.7914650337488
31.5315771346346	3.31789155296982	5.60011153355635	1.74059221506638
31.5650323888889	3.34460939157979	5.69600563512527	1.68853004938661
31.5984876431431	3.37222234262151	5.78733159178855	1.61839645812074
31.6319428973974	3.4007304060946	5.86153444427617	1.54136154479275
31.6653981516517	3.43013358199976	5.95164649718257	1.46296542505115
31.6988534059059	3.46043843169426	6.12412892285259	1.38335297893727
31.7323086601602	3.49263548033043	6.32881179685932	1.31588269971001
31.7657639144144	3.52876449441623	6.63930792616516	1.30011697119964
31.7992191686687	3.56907687745165	7.00610474426275	1.33058697134208
31.8326744229229	3.61357262943612	7.29658316762727	1.40536136683636
31.8661296771772	3.66225175037051	7.47555034221821	1.47457307179595
31.8995849314314	3.71511424025398	7.81296825509556	1.5607302503052
31.9330401856857	3.77216009908713	8.06210553045921	1.63356920507945
31.9664954399399	3.83338932686947	8.30854745276488	1.68341537596776
31.9999506941942	3.8988019236013	8.62678594235154	1.78147125625342
32.0334059484484	3.96839788928271	8.77502388274933	1.81594791224023
32.0668612027027	4.04217722391335	9.11986042099837	1.84468293341558
32.100316456957	4.12013992749364	9.39450029711544	1.88838699966925
32.1337717112112	4.2022860000229	9.76915703095605	1.94338200972551
32.1672269654655	4.28861544150225	10.1508262546555	2.03708457850588
32.2006822197197	4.37912825193061	10.5375974575208	2.14434049793973
32.234137473974	4.47382443130878	10.923452677459	2.2650048573762
32.2675927282282	4.5727039796357	11.3343972255489	2.32335141474904
32.3010479824825	4.67576689691286	11.7506963966508	2.33668450653192
32.3345032367367	4.7830131831388	12.1773469822336	2.33618272159264
32.367958490991	4.89425961366097	12.610332270292	2.33599628430797
32.4014137452452	4.98975042202699	12.9952697749155	2.33598887911864
32.4348689994995	5.03910074088578	13.230436831911	2.33598887911857
32.4683242537537	5.0505104100284	13.3651726560774	2.33598887911898
32.501779508008	5.02524748176197	13.3348337579409	2.33598887911822
32.5352347622623	4.96978834989388	13.2812362344521	2.33598887911859
32.5686900165165	4.91011478042109	13.2812362334658	2.33598887911857
32.6021452707708	4.85274110952851	13.2812362334657	2.33598887911864
32.635600525025	4.79766733706595	13.2812362334688	2.33598887911857
32.6690557792793	4.74489346303352	13.2812362334658	2.33598887911857
32.7025110335335	4.69441948743066	13.2812362334657	2.33425427456443
32.7359662877878	4.6462454102578	13.2812362334658	2.32581688848094
32.769421542042	4.60037123151542	13.2812362334658	2.32159648669959
32.8028767962963	4.55679695120268	13.2812362334657	2.32138172739164
32.8363320505506	4.51552256932013	13.2812362334658	2.32138172739199
32.8697873048048	4.47654808586738	13.2812362334658	2.30754370508058
32.9032425590591	4.43987350084452	13.2812362334687	2.28562807727484
32.9366978133133	4.40549881425189	13.2812362334658	2.22720923235835
32.9701530675676	4.37342402608941	13.2812362334661	2.00456732608374
33.0036083218218	4.3436491363565	13.2812362334658	1.83638658704799
33.0370635760761	4.31617414505377	13.2812362334658	1.7825511237947
33.0705188303303	4.2909990521812	13.2812362334653	1.70386112630347
33.1039740845846	4.26812385773847	13.2812362334692	1.61716110768809
33.1374293388388	4.24754856172574	13.2812362334658	1.44655480468487
33.1708845930931	4.22927316414292	13.2812362334653	1.30138705590954
33.2043398473473	4.21329766499001	13.2812362334658	1.14995822351433
33.2377951016016	4.19962206426746	13.2812362334658	1.02033966684981
33.2712503558559	4.18824636197474	13.2812362334661	0.912531385916819
33.3047056101101	4.17917055811189	13.2812362334658	0.826851831592266
33.3381608643644	4.172394652679	13.2812362334684	0.762992729210837
33.3716161186186	4.16791864567638	13.2812362334661	0.720804066716293
33.4050713728729	4.16574253710362	13.2812362334658	0.70028584410427
