phys	rec.rate	upper	lower
0.0041545025025025	42.3184094274572	326.05139561739	0
0.0124635075075075	42.3184094274577	326.05139561739	0
0.0207725125125125	42.3184094274577	326.05139561739	0
0.0290815175175175	42.3184094274576	326.051395617397	0
0.0373905225225225	42.3184094274576	326.051395617391	0
0.0456995275275275	42.3184094274579	326.051395617397	0
0.0540085325325325	42.3184094274574	326.05139561739	0
0.0623175375375375	42.3184094274575	326.05139561739	0
0.0706265425425425	42.3184094274575	326.051395617391	0
0.0789355475475475	42.3184094274575	326.051395617397	0
0.0872445525525525	42.3184094274579	326.05139561739	0
0.0955535575575576	42.3184094274576	326.05139561739	0
0.103862562562563	42.3184094274572	326.05139561739	0
0.112171567567568	42.3184094274581	326.051395617397	0
0.120480572572573	42.3184094274577	326.051395617394	0
0.128789577577578	42.3184094274572	326.05139561739	0
0.137098582582583	42.3184094274576	326.051395617394	0
0.145407587587588	42.3184094274572	326.051395617387	0
0.153716592592593	42.3184094274582	326.051395617397	0
0.162025597597598	42.3184094274575	326.051395617394	0
0.170334602602603	42.3184094274574	326.05139561739	0
0.178643607607608	42.318409427458	326.051395617397	0
0.186952612612613	42.3184094274573	326.051395617387	0
0.195261617617618	42.3184094274574	326.051395617394	0
0.203570622622623	42.3184094274575	326.05139561739	0
0.211879627627628	42.3184094274575	326.05139561739	0
0.220188632632633	42.3184094274582	326.051395617397	0
0.228497637637638	42.3184094274573	326.05139561739	0
0.236806642642643	42.3184094274576	326.051395617394	0
0.245115647647648	42.318409427458	326.051395617397	0
0.253424652652653	42.318409427457	326.051395617386	0
0.261733657657658	42.3184094274579	326.051395617395	0
0.270042662662663	42.3184094274573	326.051395617391	0
0.278351667667668	42.3184094274575	326.051395617393	0
0.286660672672673	42.3184094274577	326.051395617389	0
0.294969677677678	42.3184094274578	326.051395617395	0
0.303278682682683	42.3184094274575	326.051395617395	0
0.311587687687688	42.3184094274579	326.051395617393	0
0.319896692692693	42.3184094274574	326.051395617393	0
0.328205697697698	42.3184094274574	326.051395617388	0
0.336514702702703	42.3184094274576	326.051395617395	0
0.344823707707708	42.3184094274575	326.051395617393	0
0.353132712712713	42.3184094274577	326.051395617393	0
0.361441717717718	42.3184094274577	326.051395617392	0
0.369750722722723	42.3184094274575	326.051395617391	0
0.378059727727728	42.3184094274578	326.051395617396	0
0.386368732732733	42.3184094274575	326.051395617393	0
0.394677737737738	42.3184094274573	326.051395617388	0
0.402986742742743	42.3184094274579	326.051395617395	0
0.411295747747748	42.3184094274576	326.051395617393	0
0.419604752752753	42.3184094274574	326.051395617393	0
0.427913757757758	42.3184094274576	326.051395617392	0
0.436222762762763	42.3184094274575	326.051395617391	0
0.444531767767768	42.3184094274577	326.051395617393	0
0.452840772772773	42.3184094274576	326.051395617393	0
0.461149777777778	42.3184094274575	326.051395617391	0
0.469458782782783	42.3184094274575	326.051395617395	0
0.477767787787788	42.3184094274576	326.051395617389	0
0.486076792792793	42.3184094274577	326.051395617394	0
0.494385797797798	42.3184094274575	326.051395617392	0
0.502694802802803	42.3184094274576	326.051395617392	0
0.511003807807808	42.3184094274575	326.051395617392	0
0.519312812812813	42.3184094274576	326.051395617393	0
0.527621817817818	42.3184094274576	326.051395617392	0
0.535930822822823	42.3184094274578	326.051395617395	0
0.544239827827828	42.3184094274575	326.051395617392	0
0.552548832832833	42.3184094274575	326.051395617392	0
0.560857837837838	42.3184094274576	326.051395617391	0
0.569166842842843	42.3184094274576	326.051395617393	0
0.577475847847848	42.3184094274577	326.051395617394	0
0.585784852852853	42.3184094274576	326.051395617392	0
0.594093857857858	42.3184094274574	326.051395617392	0
0.602402862862863	42.3184094274577	326.051395617393	0
0.610711867867868	42.3184094274575	326.051395617392	0
0.619020872872873	42.3184094274577	326.051395617394	0
0.627329877877878	42.3184094274576	326.051395617391	0
0.635638882882883	42.3184094274575	326.051395617393	0
0.643947887887888	42.3184094274576	326.051395617392	0
0.652256892892893	42.3184094274576	326.051395617391	0
0.660565897897898	42.3184094274576	326.051395617393	0
0.668874902902903	42.3184094274576	326.051395617392	0
0.677183907907908	42.3184094274576	326.051395617393	0
0.685492912912913	42.3184094274575	326.051395617392	0
0.693801917917918	42.3184094274576	326.051395617393	0
0.702110922922923	42.3184094274576	326.051395617392	0
0.710419927927928	42.3184094274576	326.051395617393	0
0.718728932932933	42.3184094274576	326.051395617392	0
0.727037937937938	42.3184094274576	326.051395617392	0
0.735346942942943	42.3184094274576	326.051395617392	0
0.743655947947948	42.3184094274576	326.051395617393	0
0.751964952952953	42.3184094274575	326.051395617392	0
0.760273957957958	42.3184094274576	326.051395617393	0
0.768582962962963	42.3184094274576	326.051395617392	0
0.776891967967968	42.3184094274576	326.051395617393	0
0.785200972972973	42.3184094274576	326.051395617392	0
0.793509977977978	42.3184094274576	326.051395617392	0
0.801818982982983	42.3184094274576	326.051395617393	0
0.810127987987988	42.3184094274576	326.051395617393	0
0.818436992992993	42.3184094274576	326.051395617392	0
0.826745997997998	42.3184094274576	326.051395617392	0
0.835055003003003	42.3184094274576	326.051395617393	0
0.843364008008008	42.3184094274576	326.051395617393	0
0.851673013013013	42.3184094274576	326.051395617392	0
0.859982018018018	42.3184094274576	326.051395617392	0
0.868291023023023	42.3184094274576	326.051395617392	0
0.876600028028028	48.574021825025	316.069391041533	0
0.884909033033033	63.9568748019788	272.285343367	0
0.893218038038038	72.3368021328722	309.621457994278	0
0.901527043043043	71.0335022049609	324.959398059161	0
0.909836048048048	56.7178083803699	315.577531397698	0
0.918145053053053	16.7484255883108	147.729814855297	0
0.926454058058058	0	100.823515099757	0
0.934763063063063	0	68.6729670763778	0
0.943072068068068	0	69.920981828122	0
0.951381073073073	0	71.4171532357679	0
0.959690078078078	0	67.4350105362953	0
0.967999083083083	0	65.1881496390693	0
0.976308088088088	0	47.7987461698717	0
0.984617093093093	0	39.2092735772622	0
0.992926098098098	0	23.798941274916	0
1.0012351031031	0	29.1820572302065	0
1.00954410810811	0	20.7111963818859	0
1.01785311311311	0	59.0157509742414	0
1.02616211811812	17.700956524132	240.290197630033	0
1.03447112312312	43.7993340269178	377.777083642404	0
1.04278012812813	44.0155249127579	206.907379252341	0
1.05108913313313	49.3497584413274	126.323940751926	0
1.05939813813814	56.8811093208878	111.442459535665	0
1.06770714314314	66.4040644422002	119.239386709008	0
1.07601614814815	76.1668615076424	139.756570913612	0
1.08432515315315	83.8619871020365	157.397707689525	0
1.09263415815816	89.3319631833403	173.831542092476	2.85633474789498
1.10094316316316	92.5358812998445	166.798346602134	15.4911323993812
1.10925216816817	93.3401610669894	169.750014851405	19.4587233818618
1.11756117317317	91.7408870061009	165.500080020248	27.4399450366828
1.12587017817818	88.4320921328299	160.157848330402	30.3477656427298
1.13417918318318	84.2089149639544	149.856373298213	29.7416217899135
1.14248818818819	79.114999531146	133.616497107827	36.3946733945827
1.15079719319319	73.1522156734939	120.815751005601	34.403199563635
1.1591061981982	66.6915383811646	103.937136732398	31.7814162838621
1.1674152032032	60.5485084332709	95.9865843796444	27.6625713443137
1.17572420820821	54.831614527597	95.4020137997472	21.4442500511877
1.18403321321321	49.540856664142	90.8650968792254	11.6943369090279
1.19234221821822	44.6762348429061	88.7388836694275	2.55657695171172
1.20065122322322	40.2377490638894	84.73563920071	0
1.20896022822823	36.2253993270918	82.2820098295493	0
1.21726923323323	32.6391856325134	78.9564958752555	0
1.22557823823824	29.4791079801542	74.2989465250379	0
1.23388724324324	26.7574435210242	71.6496984101035	0
1.24219624824825	25.6333207830662	67.3429699852683	0
1.25050525325325	26.5468926127062	65.1618059690052	0
1.25881425825826	27.751398379379	63.9695553764744	0
1.26712326326326	29.1434944651125	63.510959195453	0
1.27543226826827	30.7231808699067	62.9633870550747	0
1.28374127327327	32.4904575937616	61.8638147645191	0
1.29205027827828	34.4453246366772	64.1407625697993	0
1.30035928328328	36.5877819986533	65.8161112137967	4.02947064709578
1.30866828828829	38.9178296796905	69.1573070400339	7.80046952980878
1.31697729329329	41.4354676797881	74.6156430799068	9.12749266947138
1.3252862982983	44.1406959989465	93.3936069532876	9.70458544966558
1.3335953033033	47.0335146371654	120.649637500133	12.8046227851301
1.34190430830831	50.1139235944453	145.705917940959	13.5963970214839
1.35021331331331	53.3461723672534	177.325386847565	14.0780732550826
1.35852231831832	55.2514390892387	193.969624714708	15.3119016077932
1.36683132332332	53.8581500914368	187.567842839122	14.7483531540919
1.37514032832833	50.2358622816476	149.237901275755	15.1507509868892
1.38344933333333	46.641080873019	126.452621370754	15.6042883720141
1.39175833833834	43.3206856504659	105.779828783288	15.0538629592103
1.40006734334334	40.274676613987	86.5221564703348	14.7192738999192
1.40837634834835	37.5030537635833	72.6703744417409	13.7072075965658
1.41668535335335	35.0058170992538	65.6827284050966	11.0247882528482
1.42499435835836	32.7829666209996	60.2265408841471	9.64980967288536
1.43330336336336	30.8345023288196	58.0218739572426	5.0809517187434
1.44161236836837	29.1604242227147	57.3876455544201	0
1.44992137337337	27.7607323026843	56.4192901696986	0
1.45823037837838	26.6354265687289	54.1784110632222	0
1.46653938338338	25.7845070208479	52.1078272120745	0
1.47484838838839	25.207973659042	51.3942288528223	0
1.48315739339339	24.9058264833105	51.2972461220096	0
1.4914663983984	24.8780654936539	53.0740932550121	0
1.4997754034034	25.124690690072	55.3467936863096	0
1.50808440840841	25.6457020725648	57.4166113410956	0
1.51639341341341	26.4410996411324	60.5563643670988	0
1.52470241841842	27.5108833957745	64.2960582792296	0
1.53301142342342	28.9272157976706	69.146199670474	0
1.54132042842843	31.4503046352265	77.896763082931	0
1.54962943343343	33.9280424069978	76.3392234780747	0
1.55793843843844	35.8181562582778	77.4239509861578	0.532549643109442
1.56624744344344	37.1425128677931	75.3656341561938	7.99498490217219
1.57455644844845	37.8321499297657	68.9598900398109	11.923475019513
1.58286545345345	37.8611472206781	65.8893626888114	14.0502454668317
1.59117445845846	37.2294581415125	60.771573497747	16.0049239400693
1.59948346346346	35.9370826922693	58.7977690556653	13.4603118929493
1.60779246846847	34.0993251464192	59.3392153031784	1.11431424445448
1.61610147347347	33.0026729967944	58.4342046036555	0
1.62441047847848	33.3910484733197	62.0601676211445	0
1.63271948348348	34.450565686714	65.9584999630576	0
1.64102848848849	35.588309624133	71.8220735632138	0
1.64933749349349	36.6401500205011	75.1113874667654	0
1.6576464984985	36.9947847457583	75.2539867386398	0
1.6659555035035	37.0021413789185	76.887926049201	0
1.67426450850851	36.7170324988269	76.9061022216901	0
1.68257351351351	36.1394581054824	75.4508811989544	0
1.69088251851852	35.269418198886	69.8169248918808	0
1.69919152352352	34.1069127790369	61.5561544984435	0
1.70750052852853	32.6519418459356	63.2087913913031	6.57186641274636
1.71580953353353	30.9045053995818	99.6969630851907	1.42910327469485
1.72411853853854	28.8646034399759	136.317164848504	0
1.73242754354354	26.5322359671173	191.852575686554	0
1.74073654854855	19.7559435538876	215.711294651138	0
1.74904555355355	4.6080972422678	126.52369040126	0
1.75735455855856	0	106.545553954438	0
1.76566356356356	0	101.93449676719	0
1.77397256856857	0	93.5361804574421	0
1.78228157357357	0	79.3706871869437	0
1.79059057857858	4.16358786054291	66.6503513014318	0
1.79889958358358	8.42936435700703	62.1147943247327	0
1.80720858858859	12.4082312986233	51.8109830646853	0
1.81551759359359	16.1001886853917	48.5367551613247	0
1.8238265985986	19.5052365173125	49.2600606382114	0
1.8321356036036	22.6233747943855	53.4970359829292	0
1.84044460860861	25.4546035166106	59.5752260720702	0
1.84875361361361	27.9989226839878	68.9188868976333	0
1.85706261861862	30.2563322965173	78.468782223995	0
1.86537162362362	32.226832354199	85.146138537464	0
1.87368062862863	33.9104228570333	88.1366426563034	0
1.88198963363363	35.3071038050188	93.4496544710363	0
1.89029863863864	36.4168751981576	100.141273802654	0
1.89860764364364	37.2397370364482	106.79379928856	0
1.90691664864865	37.775689319891	114.9891581003	0
1.91522565365365	38.0247320484854	112.984872783896	0
1.92353465865866	37.9868652222331	113.285224543487	0
1.93184366366366	37.6620888411323	114.930300143615	0
1.94015266866867	37.0504029051835	105.109348592479	0
1.94846167367367	36.1518074143878	88.4301795451772	0
1.95677067867868	34.9713493110583	90.2448190712811	0
1.96507968368368	33.8873505882744	84.7290063646581	0
1.97338868868869	33.5343996565925	82.3240982697237	0
1.98169769369369	33.9731401209856	85.0682859585236	0
1.9900066986987	35.2035719814526	88.7411914141181	0
1.9983157037037	37.2256952379937	93.5948458413638	0
2.00662470870871	40.0395098906086	97.06407891741	0
2.01493371371371	43.6450155713657	103.324549042063	3.99067626906978
2.02324271871872	47.9055339483187	107.438067896276	13.7082341743211
2.03155172372372	52.2970013199679	111.917570783894	20.4131203980689
2.03986072872873	56.6938314589247	117.074326696269	26.1824563343071
2.04816973373373	61.0960243651859	121.52278146375	26.3846070356271
2.05647873873874	65.5035800387535	132.776952867662	28.59692538307
2.06478774374374	69.9164984796268	148.946024118864	26.7387579869089
2.07309674874875	74.3346273377032	169.311153420207	26.0830815151971
2.08140575375375	76.4174846643502	172.673310702944	25.198787634621
2.08971475875876	75.6475195908776	154.918487510973	25.3114257833167
2.09802376376376	74.081389224072	139.560784627221	23.997818989007
2.10633276876877	71.7191482752404	129.96636854639	23.9633132545622
2.11464177377377	68.5607967443815	124.012752645318	23.9790140884445
2.12295077877878	64.6063346314954	119.207821845451	21.635279140331
2.13125978378378	59.8557619365817	113.251442625678	19.9984552923225
2.13956878878879	54.3090786596417	106.447376091854	17.6539557977416
2.14787779379379	47.9662848006749	97.8117376976979	14.1891968402786
2.1561867987988	40.8273803596806	87.5696988445201	11.0404359360329
2.1644958038038	32.892365336659	78.6958560901961	0.754788765120237
2.17280480880881	24.2497030790555	69.7917955473318	0
2.18111381381381	15.6651753422716	54.9445457580844	0
2.18942281881882	7.53131468679621	43.9307640987939	0
2.19773182382382	0	39.9094444768441	0
2.20604082882883	0	36.0286753841902	0
2.21434983383383	0	30.2875683484573	0
2.22265883883884	0	29.0252387751085	0
2.23096784384384	0	32.3433194010442	0
2.23927684884885	0	57.133893389481	0
2.24758585385385	0	42.9370180859997	0
2.25589485885886	0	23.1631920527288	0
2.26420386386386	0	33.5404956056199	0
2.27251286886887	34.6087184303518	270.233943842138	0
2.28082187387387	44.5343075972741	163.452340893803	0
2.28913087887888	45.3848793316246	127.787757218476	0
2.29743988388388	39.1128450330737	94.5639687536805	0
2.30574888888889	53.6148641464998	119.558884037002	0
2.31405789389389	71.7108154351324	190.328746369498	23.0053548388523
2.3223668988989	72.235520802629	207.994780047022	21.5499568075504
2.3306759039039	55.1519788434284	184.28398452443	0
2.33898490890891	33.3099783920722	142.381531110875	0
2.34729391391391	20.713923950872	121.907062757984	0
2.35560291891892	12.13700149977	90.4174014741239	0
2.36391192392392	9.27777305278336	93.696053985759	0
2.37222092892893	42.5028910731146	181.908545570301	0
2.38052993393393	78.4462876957067	318.671774521612	0
2.38883893893894	85.9220903080791	268.031448557058	0
2.39714794394394	91.7447703333498	261.743168746421	0
2.40545694894895	92.9480475297286	203.826989350517	18.9983639172733
2.41376595395395	88.0069826128777	207.735374251526	0
2.42207495895896	76.918413698742	195.927186180177	0
2.43038396396396	59.6823407873186	198.513435154762	0
2.43869296896897	36.2987638786068	182.0155891695	0
2.44700197397397	6.65468370416193	187.809231994709	0
2.45531097897898	0	96.8373934001945	0
2.46361998398398	0	62.5961496354182	0
2.47192898898899	0	41.1749956048158	0
2.48023799399399	0	23.9434411343592	0
2.488546998999	0	21.3960147032352	0
2.496856004004	0	118.829109283316	0
2.50516500900901	76.216363017663	319.555674559659	0
2.51347401401401	99.6152429077545	322.722867407081	3.86404986404217
2.52178301901902	103.114301318452	266.370476211034	21.8386961140491
2.53009202402402	100.861430963466	239.429687181048	27.5803131809289
2.53840102902903	94.5373610548905	205.647673709846	34.9390862409102
2.54671003403403	87.5097373407282	159.127619339892	36.4939337883046
2.55501903903904	80.8497726155284	133.806481267658	33.6162065995743
2.56332804404404	74.6300700906248	124.448693731047	19.4827131514424
2.57163704904905	68.8506297660173	125.155918914564	8.18930464381194
2.57994605405405	63.511451641708	127.113530836371	0
2.58825505905906	58.6125357176939	121.730422275221	0
2.59656406406406	54.1536759026969	117.828676846907	0
2.60487306906907	50.0252512488116	112.680908650487	0
2.61318207407407	45.9375731653759	104.195541790023	0
2.62149107907908	41.843340626612	98.6878916641636	0
2.62980008408408	37.7428992842502	84.2720703165059	0
2.63810908908909	33.6700898483709	72.6412842985393	0
2.64641809409409	29.7825275953971	62.0093223061905	0
2.6547270990991	26.129292056542	52.8347680804801	0
2.6630361041041	22.7104008497702	45.8858292438375	0
2.67134510910911	19.5258539750827	41.2231528721524	0
2.67965411411411	16.575651432478	39.7221134512905	0
2.68796311911912	13.8597932219572	39.4419814625504	0
2.69627212412412	11.3782793435196	36.2204484247445	0
2.70458112912913	9.13110979716581	33.0147379618164	0
2.71289013413413	7.11828458289545	29.6135974564615	0
2.72119913913914	5.34002993940186	26.7953076862152	0
2.72950814414414	3.80377270845939	26.4884611024702	0
2.73781714914915	2.51843623570164	23.2867037770757	0
2.74612615415415	1.48454922583035	21.2834614200822	0
2.75443515915916	0.702214328894347	20.2795189601384	0
2.76274416416416	0.173985612478563	18.524700054236	0
2.77105316916917	0	17.207987662659	0
2.77936217417417	0	15.8570083276602	0
2.78767117917918	0.0819652000431527	15.4629913627354	0
2.79598018418418	0.518662454819122	13.6908833120178	0
2.80428918918919	1.18628149401576	15.2927382012021	0
2.81259819419419	2.06985907173619	19.1541197076299	0
2.8209071991992	2.93541345989243	24.0901047050684	0
2.8292162042042	3.50403793413326	27.9581375380107	0
2.83752520920921	3.21095325651528	23.5280001678626	0
2.84583421421421	1.84852099189925	17.330989147405	0
2.85414321921922	0	10.9407132999176	0
2.86245222422422	0	9.26064215737275	0
2.87076122922923	0	6.38953324787599	0
2.87907023423423	0	4.17972761131241	0
2.88737923923924	0	3.27878409845268	0
2.89568824424424	0	5.51697912266077	0
2.90399724924925	0	7.64444251677377	0
2.91230625425425	0	9.8523127154262	0
2.92061525925926	0	15.544221505952	0
2.92892426426426	0	17.3945044483402	0
2.93723326926927	0.463937484615494	17.0845246416044	0
2.94554227427427	1.05740020283187	17.9276314158258	0
2.95385127927928	1.41451167437264	17.2579926634565	0
2.96216028428428	1.5415600604509	14.9512123719829	0
2.97046928928929	1.4872918654636	15.5705977524563	0
2.97877829429429	1.26335258025967	13.7738544259659	0
2.9870872992993	0.869742204838979	13.1712049675185	0
2.9953963043043	0.306460739201698	11.8011735222647	0
3.00370530930931	0	8.78066609627469	0
3.01201431431431	0	7.50297277046138	0
3.02032331931932	0	8.34195272739822	0
3.02863232432432	0	8.9309294481509	0
3.03694132932933	0	9.86029019324419	0
3.04525033433433	0	10.9597822026493	0
3.05355933933934	0	10.3733279866544	0
3.06186834434434	0	10.2593945832336	0
3.07017734934935	0	11.4145172360259	0
3.07848635435435	0	12.3965718466244	0
3.08679535935936	0	13.9611238383992	0
3.09510436436436	0	14.4446180957035	0
3.10341336936937	0	15.5735851651016	0
3.11172237437437	0	16.6219742248187	0
3.12003137937938	0	17.6682004026949	0
3.12834038438438	0	18.6435277463048	0
3.13664938938939	0	19.5472105455812	0
3.14495839439439	0	20.8772295772994	0
3.1532673993994	0	21.608382325305	0
3.1615764044044	0	22.2756742048131	0
3.16988540940941	0	22.8791052158052	0
3.17819441441441	0.275639529487178	23.4186753582948	0
3.18650341941942	1.13318165344517	24.00063536447	0
3.19481242442442	2.02948810132076	25.4133887500269	0
3.20312142942943	2.96455887311397	27.2456186835647	0
3.21143043443443	3.93189449771968	27.4978900346625	0
3.21973943943944	4.88526880609351	28.5471072058657	0
3.22804844444444	5.80465037263002	29.6654445293541	0
3.23635744944945	6.68995853738268	30.8852090660269	0
3.24466645445445	7.54119330035169	32.0063502749141	0
3.25297545945946	8.35835466153706	32.6174114401412	0
3.26128446446446	9.14144262093822	33.0062159200985	0
3.26959346946947	9.89045717855643	34.1616172620587	0
3.27790247447447	10.6053983343903	35.3190533652052	0
3.28621147947948	11.2862660884405	36.0845874165523	0
3.29452048448448	11.9330604407074	36.7854924659448	0
3.30282948948949	12.5457813911899	37.6233319987948	0
3.31113849449449	13.1244289398892	37.8171562873729	0
3.3194474994995	13.6690030868046	38.3684925293885	0
3.3277565045045	14.179503831936	38.3083423989415	0
3.33606550950951	14.655931175284	38.3352511097416	0
3.34437451451451	15.0982851168481	38.6755588091297	0
3.35268351951952	15.5065656566285	39.1838249356807	0
3.36099252452452	15.8807727946251	39.5733407877227	0
3.36930152952953	16.2209065308386	38.7761648301845	0
3.37761053453453	16.5269668652672	39.3230671544084	0
3.38591953953954	16.7957936709054	39.1191047694954	0
3.39422854454454	16.993779232744	39.507792506397	0
3.40253754954955	17.1006399077546	38.9536153488411	0
3.41084655455455	17.1160952655118	39.8771361196814	0
3.41915555955956	17.0401453060147	39.4230878370679	0
3.42746456456456	16.8727900292647	39.8760620139194	0
3.43577356956957	16.6140294352598	39.1283502280574	0
3.44408257457457	16.2638635240018	39.2900162154303	0
3.45239157957958	15.8222922954903	39.152068772971	0
3.46070058458458	15.2893157497245	38.4123652299932	0
3.46900958958959	14.6649338867054	37.9731303331614	0
3.47731859459459	13.9491467064325	37.2174916447091	0
3.4856275995996	13.1419542089058	36.2232035288917	0
3.4939366046046	12.2433563941252	34.9302228036629	0
3.50224560960961	11.2533532620911	33.3385494690273	0
3.51055461461461	10.171944812803	31.4481835249837	0
3.51886361961962	8.99913104626157	29.2581586593825	0
3.52717262462462	7.73491196246575	26.7512298550853	0
3.53548162962963	6.37928756141681	23.8831696765516	0
3.54379063463463	4.93225784311396	20.9060297306883	0
3.55209963963964	3.39382280755731	17.8531184836139	0
3.56040864464464	1.76398245474682	15.7869580459211	0
3.56871764964965	0.0427367846829253	12.3655188749791	0
3.57702665465465	0	11.409506701621	0
3.58533565965966	0	11.1251916544931	0
3.59364466466466	0	11.1892343429093	0
3.60195366966967	0	11.3850212425732	0
3.61026267467467	0	12.008808160715	0
3.61857167967968	0	12.7139495729309	0
3.62688068468468	0	13.148282126033	0
3.63518968968969	0	14.5271552115406	0
3.64349869469469	0	15.3927267641846	0
3.6518076996997	0	15.0906966084213	0
3.6601167047047	0	12.9831107618001	0
3.66842570970971	0	12.9592930893154	0
3.67673471471471	0	13.9699334407659	0
3.68504371971972	0	14.8416915926653	0
3.69335272472472	0	15.7690254915782	0
3.70166172972973	0	16.8555907235802	0
3.70997073473473	0	18.9596476635711	0
3.71827973973974	0	20.0606536513403	0
3.72658874474474	0	20.5545972149523	0
3.73489774974975	0.586961961199591	26.4112159332	0
3.74320675475475	7.05719591096431	40.6527876751609	0
3.75151575975976	12.2305251760012	52.4870462544741	0
3.75982476476476	16.1069497563092	59.7886246068725	0
3.76813376976977	18.6864696518892	65.1539051252265	0
3.77644277477477	19.9690848627401	68.5753995006689	0
3.78475177977978	19.9547966061756	61.8684400407079	0
3.79306078478478	18.8465522723864	61.2401291049554	0
3.80136978978979	17.4127180246227	60.6137124641922	0
3.80967879479479	15.8351094116354	57.9082532798179	0
3.8179877997998	14.1137264334238	51.7218001581964	0
3.8262968048048	12.453535870463	48.1739544711843	0
3.83460580980981	11.7185030504446	46.6396935141157	0
3.84291481481481	12.2249373957982	46.5206255029588	0
3.85122381981982	13.74390241032	45.0836138657507	0
3.85953282482482	15.5929594854072	46.4677526096578	0
3.86784182982983	17.6804185632718	47.4901833008477	0
3.87615083483483	20.0062796439144	48.4326764262708	0
3.88445983983984	22.5671728956699	51.5322280576837	0
3.89276884484484	25.178255383594	54.7300033461386	0
3.90107784984985	27.5625734043953	55.5467799906506	0
3.90938685485485	29.6973855398319	58.1235026239906	0
3.91769585985986	31.5826917899036	59.9124401867757	1.12757294705845
3.92600486486486	33.2184921546102	62.5242605977375	3.54948643575314
3.93431386986987	34.6047866339512	64.1261778991773	7.31388272984898
3.94262287487487	35.7415752279276	65.2177230225901	8.4309494349701
3.95093187987988	36.62885793654	64.4840056918898	8.5942967759996
3.95924088488488	37.2666347597866	66.3990007604787	7.02064531143342
3.96754988988989	37.6549056976685	72.1879455447932	6.9275587783723
3.97585889489489	37.7936707501866	79.2493351198248	6.07227202020001
3.9841678998999	37.682929917338	89.9984437125943	2.58051395955115
3.9924769049049	37.00294979155	98.627844530004	0
4.00078590990991	35.1929743456852	102.642508534801	0
4.00909491491491	32.9751790903793	103.032311505376	0
4.01740391991992	30.392930804056	100.04354905989	0
4.02571292492492	27.45783713958	92.4674867967552	0
4.03402192992993	24.5281887098106	84.8586368314765	0
4.04233093493493	22.0217650583399	76.2849876356936	0
4.05063993993994	19.9621582236918	68.6998596097904	0
4.05894894494494	18.3493682058674	61.6697262691968	0
4.06725794994995	17.1833950048663	55.4781393800606	0
4.07556695495495	16.4642386206879	49.629997254668	0
4.08387595995996	16.1790343472667	43.2349773322887	0
4.09218496496496	16.08939812355	39.7959389634494	0
4.10049396996997	15.9850946010123	36.6396687669182	0
4.10880297497497	15.8589166957872	34.6593576968016	0
4.11711197997998	15.7108644078734	33.9460941622867	0
4.12542098498499	15.5409377372719	33.9774538214508	0
4.13372998998999	15.3491366839827	34.4038815825364	0
4.142038994995	15.1354612480051	34.7650210615463	0
4.150348	14.89991142934	34.6951985023182	0
4.15865700500501	14.6424872279862	35.6144799888324	0
4.16696601001001	14.3631886439447	37.5697960326844	0
4.17527501501502	14.0620156772159	39.0426160375742	0
4.18358402002002	13.7389683277982	40.4840573531387	0
4.19189302502503	13.3940465956928	41.5610377082465	0
4.20020203003003	13.0272504808999	43.4739079649386	0
4.20851103503503	12.6385799834184	43.7137873376309	0
4.21682004004004	12.2280351032492	43.7034272520879	0
4.22512904504504	11.7956158403919	45.4887709251269	0
4.23343805005005	11.3413221948467	46.565081279372	0
4.24174705505505	10.8651541666137	50.9229230389714	0
4.25005606006006	10.3671117556922	52.3221917695231	0
4.25836506506506	9.8434182197961	56.6773397276415	0
4.26667407007007	9.19352837554132	57.851580493984	0
4.27498307507507	8.30865308323187	58.5924503688501	0
4.28329208008008	7.18336359887128	59.347356495588	0
4.29160108508508	5.81776972860437	54.4752289598931	0
4.29991009009009	4.26338008116159	44.4957712400157	0
4.30821909509509	2.79529877447591	39.7886188398988	0
4.3165281001001	1.53182141541534	36.0202217150108	0
4.3248371051051	0.473853480171706	31.1539267844535	0
4.33314611011011	0	29.8233879931513	0
4.34145511511511	0	27.5457634249969	0
4.34976412012012	0	26.8555929932338	0
4.35807312512512	0	27.1714639401586	0
4.36638213013013	0	24.6648062218831	0
4.37469113513513	0	24.686723451409	0
4.38300014014014	0	23.2099206744973	0
4.39130914514515	0	23.8255086914583	0
4.39961815015015	0.200066134747872	25.2177094380659	0
4.40792715515516	1.19719243767511	25.379995045086	0
4.41623616016016	2.39982816441918	26.7193094503031	0
4.42454516516517	3.80797331498053	31.4297734169286	0
4.43285417017017	5.42162788935884	38.1928063823257	0
4.44116317517518	7.26459111737903	44.6815845965055	0
4.44947218018018	10.1308234240381	51.4700790239776	0
4.45778118518519	15.4341820482047	59.0913241065353	0
4.46609019019019	21.6425608304054	64.1785834377336	0
4.4743991951952	25.8462631337494	70.7276407206326	0
4.4827082002002	27.6125909604032	82.1024979632354	0
4.49101720520521	26.9415443103687	89.5128752829141	0
4.49932621021021	23.8331231836444	89.8892060368047	0
4.50763521521522	18.2873275802318	80.3173331602013	0
4.51594422022022	9.59669907018005	54.5525719218141	0
4.52425322522522	0	35.8053353603139	0
4.53256223023023	0	32.7183290580296	0
4.54087123523523	0	32.3935021911077	0
4.54918024024024	0	36.4254401386963	0
4.55748924524524	0	37.5152244203302	0
4.56579825025025	0	40.4077387526417	0
4.57410725525525	8.11118602597281	47.0773876740885	0
4.58241626026026	21.5690375549025	64.541432202461	0
4.59072526526526	36.9380418896728	111.609560135204	0
4.59903427027027	47.8082636551431	154.115597037848	2.15443711106821
4.60734327527527	48.7347979500806	165.359694009738	0.753448850075434
4.61565228028028	39.3509021090501	156.750917145636	0
4.62396128528528	17.9899647200063	109.877980933965	0
4.63227029029029	0	37.7171313970052	0
4.64057929529529	0	20.2388305876763	0
4.6488883003003	0	14.4322049950746	0
4.65719730530531	0	19.1263000590902	0
4.66550631031031	0	51.2062925393296	0
4.67381531531532	0	127.206575886929	0
4.68212432032032	0	73.5752886752403	0
4.69043332532533	0	56.8787373271203	0
4.69874233033033	0	69.8050962815396	0
4.70705133533534	0	79.9418900657417	0
4.71536034034034	0	77.574635698689	0
4.72366934534535	3.45517822188477	73.8189040070706	0
4.73197835035035	8.03311464019373	70.8244933410675	0
4.74028735535536	12.3818278407848	68.5998121254931	0
4.74859636036036	16.5013178236587	65.5605900114685	0
4.75690536536537	20.3915845888145	63.5456559809418	0
4.76521437037037	24.0526281362524	63.4125622346502	0
4.77352337537538	27.4844484659733	61.8355065223868	0
4.78183238038038	30.687045577976	62.3553732730243	0
4.79014138538539	33.6604194722609	64.7524193826389	0.167072550290087
4.79845039039039	36.4045701488286	67.6282419473837	4.78888122914602
4.8067593953954	38.9194976076783	70.2709946172202	7.76878477508221
4.8150684004004	41.2052018488095	75.4065656532901	10.825696388638
4.82337740540541	43.2616828722244	82.7335563660142	12.3919898314263
4.83168641041041	45.0889406779218	91.9688637444182	13.946236930372
4.83999541541542	46.6869752658978	94.5612321252309	14.4966154392618
4.84830442042042	48.0557866361612	100.421969475462	15.1675358676034
4.85661342542542	49.195374788705	102.232701573178	15.8149219881491
4.86492243043043	50.1057397235303	108.804405362148	15.8558081338492
4.87323143543543	50.7868814406359	113.027935809709	15.6171140103543
4.88154044044044	51.238799940029	117.479137674948	14.9598315295304
4.88984944544544	51.4614952217009	119.099727315482	14.3097458101055
4.89815845045045	51.4549672856536	121.151016575802	14.4579707333044
4.90646745545545	51.2192161318948	123.39057522645	13.7507337149868
4.91477646046046	50.7542417604122	123.711877180413	13.3379233934697
4.92308546546547	50.0600441712127	123.875105759048	13.6920018501773
4.93139447047047	49.1366233642979	125.691847935893	14.1547543213501
4.93970347547548	47.9839793396645	125.649282894207	13.3903972884196
4.94801248048048	46.6021120973117	121.238677741363	12.8405211944807
4.95632148548549	44.9945274885993	119.699774871658	11.17890828289
4.96463049049049	43.2584825491342	115.505278844901	9.47982500667576
4.9729394954955	41.5054524690757	109.607987078224	7.81027596276343
4.9812485005005	39.7419096949645	109.955597745187	4.65164389612069
4.98955750550551	37.9678542267991	110.483139599929	2.0779405481307
4.99786651051051	36.1832860645796	109.286220082102	0
5.00617551551552	34.3882052083053	105.586411133097	0
5.01448452052052	32.5826116579807	101.726544088454	0
5.02279352552553	30.7665054135989	95.0467698840281	0
5.03110253053053	28.9398864751632	87.3901886357923	0
5.03941153553554	27.1027548426767	78.6653832562982	0
5.04772054054054	25.2551105161343	69.834978721269	0
5.05602954554555	23.3969534955379	61.7715313983125	0
5.06433855055055	21.5282837808892	57.4641629787246	0
5.07264755555556	19.6491013721857	55.139032179729	0
5.08095656056056	17.759406269428	54.5673574672085	0
5.08926556556557	15.8591984726183	54.7205173034098	0
5.09757457057057	13.9484779817532	54.833410611743	0
5.10588357557558	12.0272447968345	55.2039214071594	0
5.11419258058058	10.0954989178631	54.6661434478469	0
5.12250158558559	8.15324034483699	55.2863744516874	0
5.13081059059059	6.20046907775734	55.789825681763	0
5.1391195955956	4.23718511662395	56.4069653572761	0
5.1474286006006	2.26338846143684	59.46142750794	0
5.15573760560561	0.639456569003925	62.8426635860643	0
5.16404661061061	1.42726516662036	64.3119111106133	0
5.17235561561561	5.07553970260036	68.8092907968522	0
5.18066462062062	9.6555890323574	71.1105373333939	0
5.18897362562563	14.0037676821265	73.1064062504849	0
5.19728263063063	18.0738525569831	73.6137946415444	0
5.20559163563564	21.8658436569247	74.9803235620302	0
5.21390064064064	25.3797409819503	80.2938127207142	0
5.22220964564565	28.6155445320648	89.8508761151922	0
5.23051865065065	31.5732543072631	96.4744503703752	0
5.23882765565566	34.2528703075467	103.025688865561	0
5.24713666066066	36.6543925329186	104.183369889986	0
5.25544566566567	38.7778209833736	114.014855252971	0.785699173950013
5.26375467067067	40.6231556589137	115.781821282069	4.86102104756853
5.27206367567568	42.1903965595435	110.597265027402	0.894771809584109
5.28037268068068	43.4798623830996	107.937256006889	0
5.28868168568569	44.7637822946669	114.962115365739	0
5.29699069069069	46.8105681471524	125.677342703214	0
5.3052996956957	49.754832901768	133.952714696521	0
5.3136087007007	53.596576558518	139.94979863485	0
5.32191770570571	58.3357991174031	160.300288739454	0
5.33022671071071	63.972500578422	172.564420893036	0
5.33853571571572	70.8329763708572	190.949798618053	0
5.34684472072072	82.8688667888554	196.049671209374	0
5.35515372572573	95.6833632056719	176.770247580493	0
5.36346273073073	105.192529793587	175.274844138366	0
5.37177173573574	111.390211505142	178.852726812006	15.469722462166
5.38008074074074	114.276408340347	186.460885492138	53.6591505697981
5.38838974574575	113.851120299198	185.639121389203	58.62352491608
5.39669875075075	110.114347381683	214.435693451973	54.7017569778149
5.40500775575576	103.066089587823	283.433120338471	25.3097391784974
5.41331676076076	93.1951223259968	371.762738805222	0
5.42162576576577	72.7484466906958	302.222406214746	0
5.42993477077077	44.0752195717572	156.408319640654	0
5.43824377577578	19.8964965961991	86.1116929838545	0
5.44655278078078	0.960936224460237	67.4842643392034	0
5.45486178578579	0	54.0300942630798	0
5.46317079079079	0	47.1928489081957	0
5.4714797957958	0	45.9829124436692	0
5.4797888008008	0	109.768634426044	0
5.48809780580581	9.36719222660027	256.032186710349	0
5.49640681081081	12.8371471337379	209.578393662725	0
5.50471581581582	5.67651119661273	142.688552935454	0
5.51302482082082	0	131.504386829599	0
5.52133382582583	0	105.093775540389	0
5.52964283083083	0	72.13743821707	0
5.53795183583584	0	48.2104364976577	0
5.54626084084084	0	39.2599817626441	0
5.55456984584585	0	34.7970103054772	0
5.56287885085085	0	35.7582790239095	0
5.57118785585586	0	38.8262617451609	0
5.57949686086086	0	41.1422538022861	0
5.58780586586587	0	47.7653669294438	0
5.59611487087087	0.769305430783475	54.0480398216838	0
5.60442387587588	5.85334027233574	62.8879340780247	0
5.61273288088088	11.8108291560047	66.9588093149	0
5.62104188588589	18.6417720817898	75.1352411908917	0
5.62935089089089	26.3461690496904	81.8995142641367	0
5.6376598958959	34.9240200597096	94.2754321712366	0
5.6459689009009	44.3753251118434	113.025059605812	0
5.65427790590591	54.6870996257122	129.39427603526	0
5.66258691091091	64.2688043694077	142.94012809991	5.69722655217204
5.67089591591592	71.2246376786686	138.663706251371	14.2967847692426
5.67920492092092	77.123311517549	132.367363155638	19.7160532036877
5.68751392592593	82.1295490721114	133.66035720478	28.3985505398024
5.69582293093093	86.2433503423592	132.648661185414	32.0502474116178
5.70413193593594	89.464715328289	134.092355660033	35.9021132174257
5.71244094094094	91.7936440299011	135.857483213592	40.2496415318534
5.72074994594595	93.2301364472	142.644678694994	41.5715771714887
5.72905895095095	93.7741925801823	154.723378289266	34.7651925227017
5.73736795595596	93.4258124288396	171.303986262552	31.2969899965981
5.74567696096096	92.1849959931914	196.075114528483	26.2459060253096
5.75398596596597	89.2400071435509	204.362785608102	30.0774576912876
5.76229497097097	81.5388892769277	178.85239170878	29.3677455204527
5.77060397597598	70.8193344846993	139.631615900948	22.7661325322603
5.77891298098098	57.3546410093401	124.19508654296	0
5.78722198598599	42.3071847260012	114.236598967898	0
5.79553099099099	34.402873353723	104.679310900723	0
5.803839995996	31.2816832972828	96.0463783804068	0
5.812149001001	30.689459444839	91.7091189331631	0
5.82045800600601	30.803577421714	85.3402588166354	0
5.82876701101101	31.0942174828059	80.8697358460572	0
5.83707601601602	31.3182187883443	74.3563338820388	0
5.84538502102102	31.4602725011132	66.1414695261584	0
5.85369402602603	31.5203786211146	60.9535896540584	0
5.86200303103103	31.4985371483466	55.7666658236784	0
5.87031203603604	31.3947480828095	52.1110601477188	0
5.87862104104104	31.2090114245046	50.2652872507146	2.82084467057722
5.88693004604605	30.9413271734307	48.5673033784421	9.53453881065575
5.89523905105105	30.5916953295867	47.5053184674378	7.21439708538371
5.90354805605606	30.1601158929761	47.7016792137046	7.67388777584492
5.91185706106106	29.6465888635966	48.6961860031368	5.21172627273505
5.92016606606607	29.0511142414454	51.8088343756853	1.8208458602168
5.92847507107107	28.3736920265285	54.9519622815212	0
5.93678407607608	27.6143222188423	57.1177772839511	0
5.94509308108108	26.7730048183854	59.6502862481492	0
5.95340208608609	25.8497398251623	61.5053132828373	0
5.96171109109109	24.8445272391696	64.2310035396763	0
5.9700200960961	23.7573670604067	66.9852579036066	0
5.9783291011011	22.5882592888775	67.3348017092587	0
5.98663810610611	21.3372039245783	70.7102733273935	0
5.99494711111111	20.00420096751	71.7018962724567	0
6.00325611611612	18.5892504176731	72.0216191432861	0
6.01156512112112	17.0923522750679	71.7163481177095	0
6.01987412612613	15.513506539694	70.9146666578995	0
6.02818313113113	13.8527132115507	70.0838961016319	0
6.03649213613614	12.1099722906392	67.0178201004666	0
6.04480114114114	10.2852837769587	64.7579160042521	0
6.05311014614615	8.3786476705097	63.2519932780619	0
6.06141915115115	5.92821755874473	61.8078166859285	0
6.06972815615616	1.99143154319652	51.1656415916403	0
6.07803716116116	0	40.8440347581569	0
6.08634616616617	0	29.2016035352679	0
6.09465517117117	0	18.4369762917073	0
6.10296417617618	0	13.1386347047333	0
6.11127318118118	0	7.12316799663863	0
6.11958218618619	0	1.48470191907704	0
6.12789119119119	0	0	0
6.1362001961962	0	0	0
6.1445092012012	0	0	0
6.15281820620621	0	0	0
6.16112721121121	0	1.67390261320446	0
6.16943621621622	0	8.76017574154539	0
6.17774522122122	0	16.3908468370522	0
6.18605422622623	0	29.2435587827622	0
6.19436323123123	5.60138781381734	48.1525062866574	0
6.20267223623624	14.1742335332822	64.9219209580635	0
6.21098124124124	22.5012912399258	83.5880664257351	0
6.21929024624625	29.7432963159159	93.5599018843499	0
6.22759925125125	35.2129068075138	97.3620621409844	0.691264531553404
6.23590825625626	38.4530349233331	90.9221601842735	2.95899715849841
6.24421726126126	39.0071457690308	91.5566476671987	3.71387610751902
6.25252626626627	35.8265407451895	90.0966455366503	2.28780868927754
6.26083527127127	27.0603624649442	74.8126616678418	0
6.26914427627628	13.0049818769416	52.9234189575906	0
6.27745328128128	0	44.1152016752487	0
6.28576228628629	0	39.4433411948594	0
6.29407129129129	0	41.5982949370891	0
6.3023802962963	0.561451911285495	45.4823945927393	0
6.3106893013013	16.9077005350574	82.7227675197682	0
6.31899830630631	38.4994919476521	226.741064248832	0
6.32730731131131	49.5592617333598	211.881832865596	0
6.33561631631632	54.2292238046223	162.336712087846	0.240147079758152
6.34392532132132	56.3554063529923	122.294546591962	6.70738425184213
6.35223432632633	55.9482153272148	121.965477785974	11.5359500480169
6.36054333133133	53.007650727277	121.080723116179	10.5123105961284
6.36885233633634	47.5337125531859	115.354986763058	4.07645784548683
6.37716134134134	39.526400804944	96.3953560391427	0
6.38547034634635	29.3998821663575	68.6457106458531	0
6.39377935135135	19.6946939567383	56.0954747915875	0
6.40208835635636	11.4088169089991	51.1395871995854	0
6.41039736136136	4.5459006496907	49.3037752286344	0
6.41870636636637	0	45.4392660395259	0
6.42701537137137	0	43.9997682179363	0
6.43532437637638	0	43.5294154731991	0
6.44363338138138	0	42.2528189940789	0
6.45194238638639	0	41.8659125644002	0
6.46025139139139	0	47.8002763080844	0
6.4685603963964	5.61190718341358	63.2611079874819	0
6.4768694014014	11.1115300966864	65.4451249903243	0
6.48517840640641	13.7186596017811	68.0303442860027	0
6.49348741141141	13.8150588244266	61.8348273556891	0
6.50179641641642	11.4515954162963	52.7929347199563	0
6.51010542142142	7.63477155874921	43.3191988237446	0
6.51841442642643	6.55804701607835	41.9811481070214	0
6.52672343143143	10.0504233480611	45.042913491297	0
6.53503243643644	18.1889236648525	53.9117711570536	0
6.54334144144144	30.4394447616267	68.6117330780465	0
6.55165044644645	42.8629283222654	105.568543310117	4.8302032304832
6.55995945145145	50.9140777256028	131.420019260646	16.055429723103
6.56826845645646	53.1852138010609	140.340027431368	16.8045905182307
6.57657746146146	49.4219905190243	137.961643187802	13.4900935522977
6.58488646646647	34.9284380068206	132.456314228433	0
6.59319547147147	10.8893662543187	68.1746613452256	0
6.60150447647648	0	33.1385435923773	0
6.60981348148148	0	21.283089086633	0
6.61812248648649	0	21.7175673853028	0
6.62643149149149	0	33.0569209456147	0
6.6347404964965	0	49.4202547327711	0
6.6430495015015	0	42.0419700582266	0
6.65135850650651	0	26.3932837669876	0
6.65966751151151	0	21.8564807755353	0
6.66797651651652	0	10.1045307795732	0
6.67628552152152	0	11.3294361664635	0
6.68459452652653	0	12.9994941918144	0
6.69290353153153	0	16.0653174240332	0
6.70121253653654	0	21.9153185356993	0
6.70952154154154	0	26.4745798444655	0
6.71783054654655	0	31.4445279967676	0
6.72613955155155	0	31.3809360295408	0
6.73444855655656	0	31.4242710436114	0
6.74275756156156	0	31.1934917683076	0
6.75106656656657	1.38392030734167	31.0727880753311	0
6.75937557157157	3.63199180782545	30.8388913477703	0
6.76768457657658	5.81251192871818	30.4303056816267	0
6.77599358158158	7.92548067001882	30.033754830315	0
6.78430258658659	9.97089803172822	30.426518967199	0
6.79261159159159	11.9487640138451	30.4393312993285	0
6.8009205965966	13.8590786163717	30.4448351273072	0
6.8092296016016	15.701841839306	30.8795097556627	1.47338815987492
6.81753860660661	17.477053682648	31.31876706941	2.96104340721392
6.82584761161161	19.1847141463994	32.4770908168337	4.29098607101402
6.83415661661662	20.8248232305594	34.4947678441434	5.63772837076545
6.84246562162162	22.397380935126	36.1642947485684	6.95757204454644
6.85077462662663	23.9023872601031	38.2548070507486	8.40645650430854
6.85908363163163	25.3398422054882	40.7077925850312	9.866251854049
6.86739263663664	26.7097457712797	43.046535953587	11.5920869179911
6.87570164164164	28.0120979574826	45.1358790317926	13.1794391688613
6.88401064664665	29.2468987640921	46.9111772140699	14.3491914470978
6.89231965165165	30.4141481911091	49.970937361982	15.3865772106969
6.90062865665666	31.5138462385372	53.1661104312823	16.9915533050253
6.90893766166166	32.5459929063723	55.615525512511	18.4905932239787
6.91724666666667	33.5105881946138	58.4510105172733	19.7284899621022
6.92555567167167	34.4076321032675	59.6411276181161	20.4282084380128
6.93386467667668	35.2371246323268	60.1735436848793	21.375729718486
6.94217368168168	35.999065781794	60.3520091945193	21.9069436003302
6.95048268668669	36.6934555516729	60.1264422937018	22.6988592394556
6.95879169169169	37.3201761509321	59.7555499104706	22.4460302093039
6.9671006966967	37.8611697058007	58.6843586091374	22.3499134630765
6.9754097017017	38.279105537861	61.0518392306078	22.4864589501942
6.98371870670671	38.5693614433574	62.2328164598687	22.6146649934649
6.99202771171171	38.7319374222884	62.161789984088	22.3290176594321
7.00033671671672	38.768617361392	62.1786425366613	21.8425763375947
7.00864572172172	38.7046974366057	62.2469091688766	21.2967558523345
7.01695472672673	38.5589605045209	60.9470447669541	20.5764465313435
7.02526373173173	38.3318514876443	59.5633089674582	20.308773317648
7.03357273673674	38.0233703859817	58.1111941556981	19.3652868014693
7.04188174174174	37.6335171995289	56.5761082074857	18.820028705775
7.05019074674675	37.1622919282852	55.205022555951	18.2879020702548
7.05849975175175	36.6096945722564	54.0269175545174	17.7765777546759
7.06680875675676	35.9757251314352	53.0659455177782	17.1423940314976
7.07511776176176	35.2603836058249	52.2400290611364	16.7398889615233
7.08342676676677	34.4636699954287	51.5085543254022	16.3058069038247
7.09173577177177	33.5855843002405	50.5637928505477	16.2172660623971
7.10004477677678	32.6261265202641	49.3222033182348	15.7507299074461
7.10835378178178	31.5852966554975	48.4443955539153	15.0224425625903
7.11666278678679	30.4689810250988	47.8560525458406	12.799044216097
7.12497179179179	29.3409577917601	47.7577450790091	11.7211923047992
7.1332807967968	28.240268510504	47.1778711626586	9.40034250291774
7.1415898018018	27.1674754929757	47.1302917584697	8.4848716930878
7.14989880680681	26.122578739176	46.41394054432	5.83601751193007
7.15820781181181	25.1055782491032	45.2275769584713	5.14705844399625
7.16651681681682	24.1164740227601	44.516287822716	2.37510991233935
7.17482582182182	23.1762390900927	43.6722873118082	0.447902727902393
7.18313482682683	22.4047509494757	42.9633312909266	0.200964049536523
7.19144383183183	21.8836635678056	43.8097033052014	0
7.19975283683684	21.7132331958337	43.2842875498585	0
7.20806184184184	21.9092537889001	44.414895672447	0.656104422497936
7.21637084684685	22.4800988610774	46.1133567889859	0
7.22467985185185	23.4498791998217	55.3285146101349	0
7.23298885685686	24.7720564018192	61.1236815041153	0
7.24129786186186	25.8501547062566	64.4309006285922	0
7.24960686686687	26.296548322582	61.008916192032	1.17393507755038
7.25791587187187	26.1046331779373	56.0872295523066	3.22054852576859
7.26622487687688	25.2744092723282	45.5633355916794	1.9456832595561
7.27453388188188	23.9941866406411	44.5177678374457	0
7.28284288688689	23.3028117401873	47.2709597444294	0
7.29115189189189	23.638198965937	57.5655404605226	0
7.2994608968969	27.8678466671118	76.7267865192254	0
7.3077699019019	37.7270095968854	122.246858104872	2.46001345012336
7.31607890690691	39.9457870864532	127.452390395974	2.94765906638604
7.32438791191191	30.7533604856183	79.2598979125129	0
7.33269691691692	27.9975075212024	78.5943067690192	0
7.34100592192192	31.3192451251073	65.6384678876843	0
7.34931492692693	33.47152560229	63.7985975023447	2.21479227380986
7.35762393193193	34.5374093288822	64.4830540874606	6.32960693932908
7.36593293693694	34.5168963048803	80.3677462230925	5.15934908734265
7.37424194194194	33.4099865302918	92.3451784680938	1.96049166554395
7.38255094694695	31.2258836547917	97.4480525583951	0
7.39085995195195	28.309929654811	93.6990111167988	0
7.39916895695696	25.1774446404266	80.9814692176578	0
7.40747796196196	22.1709100579573	73.8827365235262	0
7.41578696696697	19.3740016198016	63.2628432122341	0
7.42409597197197	16.7867201308277	54.2339257126199	0
7.43240497697698	14.409065591032	45.7578650735383	0
7.44071398198198	12.2410380004156	39.1342645674413	0
7.44902298698699	10.2826373589784	32.9200690796497	0
7.45733199199199	8.53386366672133	29.7252051864343	0
7.465640996997	6.99471692364287	26.0423092746552	0
7.473950002002	5.66519712974407	23.3183509270855	0
7.48225900700701	4.54530428502469	21.7499173261577	0
7.49056801201201	3.63503838948431	20.8258777436785	0
7.49887701701702	2.93439944312377	20.5712833352095	0
7.50718602202202	2.44338744594215	20.2248971530773	0
7.51549502702703	2.16200239794005	20.9953729985758	0
7.52380403203203	2.09024429911729	21.0779787169676	0
7.53211303703704	2.22811314947406	21.9506049519795	0
7.54042204204204	2.5756089490099	22.8055969657406	0
7.54873104704705	3.13273169772533	23.8092336678159	0
7.55704005205205	3.8994813956197	24.9771280446736	0
7.56534905705706	4.87585804269405	25.9440695019365	0
7.57365806206206	6.06186163894709	27.979647013316	0
7.58196706706707	7.45749218438016	29.6874161874383	0
7.59027607207207	9.06274967899222	31.2823746879209	0
7.59858507707708	10.8776341227839	33.2926318598555	0
7.60689408208208	12.9021455157539	35.8910323505	0
7.61520308708709	15.1484161495033	38.6229687877647	0
7.62351209209209	17.6701300344196	43.7149706815327	0
7.6318210970971	20.4821308940728	46.9887946397058	0
7.6401301021021	23.5844192396922	50.9892620366454	0
7.64843910710711	26.9769950712746	55.8565657177851	0
7.65674811211211	30.6598583888208	60.0000867605812	2.24811159920502
7.66505711711712	34.6330091923336	67.0594906041744	8.62153097108931
7.67336612212212	38.8964474818086	74.053131393886	14.195328063248
7.68167512712713	43.4501732572487	81.8989788932059	19.7334980268374
7.68998413213213	48.2941865186543	90.0773744404395	22.9711376780954
7.69829313713714	53.4284872660232	99.3533186240704	23.9998479906971
7.70660214214214	58.8530551707526	107.602426459709	25.6278484822576
7.71491114714715	64.5544374826498	121.565920718037	26.337616770367
7.72322015215215	70.4959308172152	134.696082419668	27.5841273108453
7.73152915715716	76.6711774337635	146.525593231983	27.4701531708357
7.73983816216216	82.9787183355831	161.215036432273	28.9761436034977
7.74814716716717	89.1424154835888	169.657877547073	29.4594011195358
7.75645617217217	94.4876452288568	183.555364133467	30.3959947795373
7.76476517717718	96.559411060884	188.606759397462	33.32866325635
7.77307418218218	94.7579644355511	176.201815657984	37.0654692941276
7.78138318718719	89.0833053528517	178.808094248043	27.2954192088364
7.78969219219219	79.4250645002121	209.397904647457	0.979151513682021
7.7980011971972	64.3231411160182	211.534690149043	0
7.8063102022022	43.5966298659929	129.99949862371	0
7.81461920720721	27.4600241048253	96.2510528552205	0
7.82292821221221	18.7325316451396	90.247220054896	0
7.83123721721722	17.4141524869319	94.8582471069108	0
7.83954622222222	22.5456081236595	97.9981666244599	0
7.84785522722723	27.2812978211792	114.378593738322	0
7.85616423223223	28.6415573322316	127.475746096628	0
7.86447323723724	26.6139356002283	133.573652571192	0
7.87278224224224	21.1984326251725	113.883257176937	0
7.88109124724725	12.4184201869905	103.301173632142	0
7.88940025225225	2.55947383890511	77.7953287919017	0
7.89770925725726	0	62.6925839103696	0
7.90601826226226	0	52.163643755327	0
7.91432726726727	0	47.402541516438	0
7.92263627227227	0	54.343287189384	0
7.93094527727728	0	73.6819092762384	0
7.93925428228228	0	88.8361650812662	0
7.94756328728729	0	114.44712326603	0
7.95587229229229	0	136.006979098401	0
7.9641812972973	0	131.068481457303	0
7.9724903023023	0	97.3024188418818	0
7.98079930730731	0	66.7929450768094	0
7.98910831231231	0	34.3545892612617	0
7.99741731731732	0	19.4592397324243	0
8.00572632232232	0	17.1314317817023	0
8.01403532732733	0	18.2623116093015	0
8.02234433233233	0	17.5503550014929	0
8.03065333733734	0	19.9104821505162	0
8.03896234234234	0	25.8339219782983	0
8.04727134734735	0	28.8628580995278	0
8.05558035235235	0	28.9953258613978	0
8.06388935735736	3.86881065805628	27.9828238644894	0
8.07219836236236	7.67830125654922	35.984364120119	0
8.08050736736737	10.9204876898057	44.2105982579204	0
8.08881637237237	13.5953699578248	47.1914828064784	0
8.09712537737738	15.7029480606063	56.3620230466447	0
8.10543438238238	17.2432219981513	59.4248117493309	0
8.11374338738739	18.2161917704588	65.0930573192401	0
8.12205239239239	18.6218573775298	67.50763021264	0
8.1303613973974	18.460218819362	72.7080352294657	0
8.1386704024024	17.7656095651085	70.4848709867594	0
8.14697940740741	16.9487886793048	66.62447951146	0
8.15528841241241	16.0836033271878	60.3002903706093	0
8.16359741741742	15.0178910803361	55.517011915995	0
8.17190642242242	13.738346470515	50.4550378600615	0
8.18021542742743	12.2449694977238	46.8207574583998	0
8.18852443243243	10.5377601619659	42.8563092997312	0
8.19683343743744	8.61671846323738	38.4148768414169	0
8.20514244244244	6.48184440154031	36.9466652254437	0
8.21345144744745	4.13313797687443	34.8777386052596	0
8.22176045245245	1.59806926060968	31.3322638040767	0
8.23006945745746	0	33.7482908472605	0
8.23837846246246	0	32.0595423278394	0
8.24668746746747	0	28.9231829362791	0
8.25499647247247	0	24.198165199917	0
8.26330547747748	0	23.7658092658615	0
8.27161448248248	0	24.5762228200916	0
8.27992348748749	0	24.9336713685543	0
8.28823249249249	0	25.2138118206206	0
8.2965414974975	0	26.942115076922	0
