phys	rec.rate	upper	lower
0.0065445955955956	0	30.4186029264889	0
0.0196337867867868	0	30.4186029264891	0
0.032722977977978	0	30.4186029264889	0
0.0458121691691692	0	30.418602926489	0
0.0589013603603604	0	30.418602926489	0
0.0719905515515516	0	30.418602926489	0
0.0850797427427427	0	30.4186029264889	0
0.0981689339339339	0	30.4186029264891	0
0.111258125125125	0	30.418602926489	0
0.124347316316316	0	30.418602926489	0
0.137436507507508	0	30.418602926489	0
0.150525698698699	0	30.418602926489	0
0.16361488988989	0	30.418602926489	0
0.176704081081081	0	30.418602926489	0
0.189793272272272	0	30.418602926489	0
0.202882463463463	0	30.418602926489	0
0.215971654654655	0	30.418602926489	0
0.229060845845846	0	30.418602926489	0
0.242150037037037	0	30.418602926489	0
0.255239228228228	0	30.418602926489	0
0.268328419419419	0	30.418602926489	0
0.281417610610611	0	30.418602926489	0
0.294506801801802	0	26.9683054988228	0
0.307595992992993	0	15.7372384631997	0
0.320685184184184	0	14.6744843833129	0
0.333774375375375	0	14.5664746666225	0
0.346863566566567	0	14.661431281024	0
0.359952757757758	0	16.5653405743732	0
0.373041948948949	0.531455222749469	17.0569973344779	0
0.38613114014014	1.22906213642955	16.5237670299303	0
0.399220331331331	1.78672807204207	14.5596975194108	0
0.412309522522523	2.25710833763896	12.2556531847995	0
0.425398713713714	2.64020293322018	11.7303790392683	0
0.438487904904905	2.93601185878578	11.3171436325503	0
0.451577096096096	3.14453511433573	11.0318715606917	0
0.464666287287287	3.26577269987005	10.984829470335	0
0.477755478478478	3.29972461538873	10.9433105462541	0
0.49084466966967	3.24639086089176	11.1079753568646	0
0.503933860860861	3.10577143637916	11.1444179205027	0
0.517023052052052	2.87786634185093	10.2797940922092	0
0.530112243243243	2.56267557730704	10.600311990894	0
0.543201434434434	2.16019914274753	10.5074934507642	0
0.556290625625626	1.67043703817237	12.5512727722429	0
0.569379816816817	1.09338926358157	13.7573152616099	0
0.582469008008008	0.429055818975138	15.5466016592111	0
0.595558199199199	0	18.420481902534	0
0.60864739039039	0	22.8096753723609	0
0.621736581581582	0	18.824765974383	0
0.634825772772773	0	8.69525185997364	0
0.647914963963964	0	7.93969425222843	0
0.661004155155155	0	8.48553545696824	0
0.674093346346346	0	10.1678312457724	0
0.687182537537538	0	13.6382820066715	0
0.700271728728729	2.60731089713594	17.2704365134586	0
0.71336091991992	7.50941018572169	24.3893049453326	0
0.726450111111111	11.9164533944187	32.1742336704394	0
0.739539302302302	15.7431488662549	37.4699367681101	0
0.752628493493493	19.004827767361	38.5070262416663	0.616446952895155
0.765717684684685	21.8318961034162	40.9097970245421	2.43986515937672
0.778806875875876	24.3210888220046	44.4786299849165	4.4201682384065
0.791896067067067	26.476823978287	46.3857588450314	7.17285978893789
0.804985258258258	28.2991015722633	47.0597468001547	10.8516344189789
0.818074449449449	29.7805849315738	47.949111212994	11.9752779788835
0.831163640640641	30.6149352445794	52.4552439126371	11.9502413139997
0.844252831831832	30.2071085250986	57.2891062123139	10.6115651445168
0.857342023023023	28.300330069864	57.8222872104339	8.57196071047311
0.870431214214214	24.8423309338629	52.0326081481066	4.24105688098607
0.883520405405405	19.8933306506758	42.5364079471634	0
0.896609596596597	13.5493232689288	32.6365153758179	0
0.909698787787788	6.7967342016828	25.4769797852096	0
0.922787978978979	0.518572793725153	18.4567330701086	0
0.93587717017017	0	13.3774086609166	0
0.948966361361361	0	10.5609751689757	0
0.962055552552553	0	9.35018160660356	0
0.975144743743744	0	8.94236414609238	0
0.988233934934935	0	9.30960647767971	0
1.00132312612613	0	12.3890022154022	0
1.01441231731732	0	15.6289548567009	0
1.02750150850851	0	19.9545053195302	0
1.0405906996997	6.01219786561168	26.1876711674575	0
1.05367989089089	12.3632795415534	32.8225077260264	0
1.06676908208208	18.3939829724149	39.1266104257987	0
1.07985827327327	23.6393402660375	44.6307495744422	0
1.09294746446446	27.771278784687	49.5497547202878	1.34176941692944
1.10603665565566	30.7763484643638	52.9085887579678	3.65172624362537
1.11912584684685	32.6481106555662	55.2496083693847	5.32801070405653
1.13221503803804	33.3850623628514	56.1297284206913	6.55029821792902
1.14530422922923	32.9872035862186	53.3490850775905	7.04001483375489
1.15839342042042	31.4545343256686	49.5252050284876	7.18561750527514
1.17148261161161	28.7870545812005	43.9948993237074	7.51109859494001
1.1845718028028	24.984764352815	36.715343823368	6.87253901716673
1.19766099399399	20.0476636405118	32.2359945558041	3.81207518919696
1.21075018518519	13.9757524442909	31.9587096965905	0
1.22383937637638	6.7690307641524	33.9893234108072	0
1.23692856756757	0	37.6564507392749	0
1.25001775875876	0	41.6182192842094	0
1.26310694994995	0	44.6770722214026	0
1.27619614114114	0	52.7792078776319	0
1.28928533233233	9.01975461593596	57.8070356055004	0
1.30237452352352	21.3419157034947	64.4954125302177	0
1.31546371471471	31.456450046423	78.8912445442818	0
1.32855290590591	39.3633923089598	86.4625474564662	0.593197105854951
1.3416420970971	45.1299508205956	85.2082716593329	4.45861671610789
1.35473128828829	49.1245651711244	84.3750905521343	8.25599668786069
1.36782047947948	51.9359819161285	90.0561464553052	12.0254957414306
1.38090967067067	53.6809786462394	93.7263526420176	14.8593896032133
1.39399886186186	54.3595553614584	94.6844824899524	16.4806536952498
1.40708805305305	53.9717120617841	92.7152324093995	17.5959007628944
1.42017724424424	52.5174487472176	88.5914499001753	18.1924750382744
1.43326643543544	49.9967654177587	82.6080422206031	18.6925053776794
1.44635562662663	46.4096620734068	78.2202599375766	18.0843438114642
1.45944481781782	41.7561387141626	72.521588848732	13.4237584383705
1.47253400900901	36.0361953400256	64.7706219013996	8.08584739761102
1.4856232002002	29.4382234282725	54.5967085708961	0
1.49871239139139	22.7388293710974	45.3242449805988	0
1.51180158258258	16.138099916735	41.3739426665227	0
1.52489077377377	9.63603526161503	41.7103387345172	0
1.53797996496497	3.23263540573759	42.7816665235147	0
1.55106915615616	0	44.5540914265294	0
1.56415834734735	0	45.1091055527544	0
1.57724753853854	0	46.9543094998882	0
1.59033672972973	0	47.7587598021098	0
1.60342592092092	0	48.2464823775036	0
1.61651511211211	0	48.6262881787092	0
1.6296043033033	11.2730554683465	62.3357481652602	0
1.64269349449449	20.0158983139566	77.0323036641116	0
1.65578268568569	24.9258787258513	68.6961251261428	0
1.66887187687688	28.1319403081395	71.3331179798713	0
1.68196106806807	29.9833268421559	75.2818222153977	3.00479842065273
1.69505025925926	30.4800383279011	73.244934235726	6.50631611004059
1.70813945045045	29.6222219031973	65.8306366747562	7.72019195033891
1.72122864164164	27.6477407823743	62.1170781217882	6.3579758813467
1.73431783283283	25.2779004782338	62.880525804048	3.87054301708553
1.74740702402402	22.6489116365751	61.4884264648385	0
1.76049621521522	19.7607742573974	60.3552566301079	0
1.77358540640641	16.6134883407014	61.3388434119842	0
1.7866745975976	13.2070538864866	60.3014551472754	0
1.79976378878879	9.54147089475316	58.4676865330403	0
1.81285297997998	5.65306001677164	55.4390357102724	0
1.82594217117117	3.30182639467794	48.573690943689	0
1.83903136236236	4.36850390362105	43.5524925199341	0
1.85212055355355	6.46239147343356	34.1178449417826	0
1.86520974474474	8.94786422503498	32.7002314310003	0
1.87829893593594	11.5534117598467	31.9275464035148	0
1.89138812712713	14.1991709309224	34.4010255641588	0
1.90447731831832	16.8851291218471	37.072265302676	2.67362352076662
1.91756650950951	19.5995735032336	38.9501645645049	4.82201069957563
1.9306557007007	22.2412373095242	41.1468659113616	6.21210179102752
1.94374489189189	24.7582650287136	45.6306177299229	7.83825473462265
1.95683408308308	27.1502365677007	49.9649106686247	9.3060996350398
1.96992327427427	29.417151926486	52.9427798898669	10.4557615250863
1.98301246546547	31.5590111050687	56.8250793773165	11.7105846677764
1.99610165665666	33.5758141034504	59.0110495340606	13.1882213638687
2.00919084784785	35.4675609216294	62.5601415967833	14.9288540391884
2.02228003903904	37.2342515596068	66.0997954292609	15.6027659185146
2.03536923023023	38.8248362114702	71.2909310249866	16.4903587745585
2.04845842142142	39.9832200409789	74.5331243428619	17.2114943761884
2.06154761261261	40.629231776493	76.2069411405668	17.8311355637145
2.0746368038038	40.7628430041086	79.9484873247707	17.6935994529555
2.08772599499499	40.3840537238277	80.9204927813066	17.1764366015849
2.10081518618619	39.4928639356485	79.0298439614501	17.0439637747941
2.11390437737738	38.0892736395716	75.5472767273905	16.6855374695378
2.12699356856857	36.1732828355965	71.5114035830699	16.4171925455331
2.14008275975976	33.7448915237245	65.271270283214	16.0919441892942
2.15317195095095	30.8040997039542	57.0883429396493	15.1726857733124
2.16626114214214	27.3509073762865	48.488749774677	12.5187329817839
2.17935033333333	23.3853145407203	41.7089572265227	6.88860446300728
2.19243952452452	18.9073211972573	37.5852345391423	0.370255414193537
2.20552871571572	13.9169273458962	39.4124797241318	0
2.21861790690691	8.41413298663728	41.3451398145264	0
2.2317070980981	2.31356425092393	41.915591632698	0
2.24479628928929	0	35.2288618443158	0
2.25788548048048	0	23.8464038530644	0
2.27097467167167	0	17.6074351721779	0
2.28406386286286	0	14.8926483635763	0
2.29715305405405	0	13.6239534020783	0
2.31024224524525	0	18.7728721324371	0
2.32333143643644	0	29.5567229124195	0
2.33642062762763	31.9419406604014	88.8143962447089	0
2.34950981881882	47.7992538835782	125.42260491413	0
2.36259901001001	48.5904907280012	122.218643765945	0
2.3756882012012	46.7662269277269	119.833490471845	0
2.38877739239239	43.9895076126945	117.853819366301	0
2.40186658358358	40.353863277817	109.358051665428	0
2.41495577477477	36.5821118953464	96.5096824721105	0
2.42804496596597	33.011001703271	86.397763115561	0
2.44113415715716	29.6424150443582	76.9907228039566	0
2.45422334834835	26.4763519186015	68.7061913569017	0
2.46731253953954	23.5128123260061	59.9501877372767	0
2.48040173073073	20.7517962665678	51.6282889420312	0
2.49349092192192	18.1933037402905	44.251434091154	0
2.50658011311311	15.8373347471708	39.1257295033268	0
2.5196693043043	13.6838892872109	35.1929447052626	0
2.5327584954955	11.7329673604102	32.1761121028273	0
2.54584768668669	9.98456896676796	30.579173528707	0
2.55893687787788	8.43869410628539	29.4897057671361	0
2.57202606906907	7.09534277896126	28.9758661571163	0
2.58511526026026	5.95451498479691	29.6756696437598	0
2.59820445145145	5.01621072379103	30.4229938359207	0
2.61129364264264	4.28042999594469	31.3082917464659	0
2.62438283383383	3.74717280125706	33.1729921146218	0
2.63747202502503	3.41643913972877	34.4626688241837	0
2.65056121621622	3.28822901135937	35.4949104882799	0
2.66365040740741	3.36254241614915	36.1676328883749	0
2.6767395985986	3.63937935409807	36.5790663465108	0
2.68982878978979	4.11873982520583	38.2337862330153	0
2.70291798098098	4.80062382947296	39.5590170813438	0
2.71600717217217	5.68503136689874	39.5227930909375	0
2.72909636336336	6.77196243748419	40.0214783902601	0
2.74218555455455	8.06141704122804	42.1549792677733	0
2.75527474574575	9.55339517813177	42.6943323024055	0
2.76836393693694	11.2478968481935	44.5171273680998	0
2.78145312812813	13.1449220514156	46.0655631965698	0
2.79454231931932	15.2444707877955	46.9344987836217	0
2.80763151051051	17.5465430573357	49.5798409369601	0
2.8207207017017	20.0494613100339	52.1296643679674	0
2.83380989289289	22.6979053637431	55.2899332785562	0
2.84689908408408	25.4252504800264	59.3371308475386	0
2.85998827527527	28.2206832236833	61.2872176695759	0
2.87307746646647	30.9912102201807	63.8268779342156	1.05044023790973
2.88616665765766	33.6698143841095	65.8856448896874	2.90563478665208
2.89925584884885	36.2550162791004	67.3734274527806	5.50406329719162
2.91234504004004	38.7468159051478	69.1677170237107	7.69175305697302
2.92543423123123	41.1452132622588	70.5481436849071	10.2575460711465
2.93852342242242	43.4502083504255	72.5180822077928	12.7780170275148
2.95161261361361	45.6618011696556	74.1509571707949	13.8706636956321
2.9647018048048	47.7799917199418	79.074734067603	14.7931836341033
2.977790995996	49.7319497343765	84.3725252070387	14.5153132611889
2.99088018718719	51.1782247030588	89.9165850850866	15.5048053755967
3.00396937837838	51.8694237404799	92.4034622630106	15.5199803159231
3.01705856956957	51.740208203342	89.8094091542245	14.3415573909976
3.03014776076076	50.7355592986172	87.1827947072501	13.3093369074069
3.04323695195195	48.8333875805309	83.6729330542456	9.80005671675205
3.05632614314314	46.1417163481877	79.5826306701229	7.38851597866806
3.06941533433433	42.7852781108181	75.8600998812211	4.21425390553
3.08250452552553	38.771000427901	68.7580520544275	3.03650689587988
3.09559371671672	34.0988832994411	61.2587073155092	0.732777240673371
3.10868290790791	28.7689267254336	56.0772144064362	0
3.1217720990991	22.7811307058839	52.1448821017343	0
3.13486129029029	16.135495240788	54.4614727753605	0
3.14795048148148	8.83202033014658	56.9614379988594	0
3.16103967267267	1.37973471282527	64.534098860794	0
3.17412886386386	0	63.562912852237	0
3.18721805505506	0	62.3013107645636	0
3.20030724624625	5.43308841008572	64.1428326940678	0
3.21339643743744	16.8875626680195	76.7717167672702	0
3.22648562862863	33.4457313786115	122.686664417334	0
3.23957481981982	58.3144575119076	163.702486688163	0
3.25266401101101	75.5189257510107	157.885207825281	0
3.2657532022022	79.0217362033423	173.322532960187	0
3.27884239339339	71.958268639646	168.729583711044	0
3.29193158458458	54.7405160222168	125.589162013836	0
3.30502077577578	34.2776426211659	93.983700877344	0
3.31810996696697	16.6695369573467	81.3167529229543	0
3.33119915815816	2.12575833315184	73.6935312818045	0
3.34428834934935	0	70.4295813426309	0
3.35737754054054	0	73.4361757466133	0
3.37046673173173	0	75.2550881851949	0
3.38355592292292	0	88.1285545859536	0
3.39664511411411	0.929078385882564	114.686418205708	0
3.40973430530531	20.7088640048461	169.960738149084	0
3.4228234964965	23.9112762844239	112.81533848264	0
3.43591268768769	21.575018771275	52.4718084653153	0
3.44900187887888	18.8654300536447	54.8245140838242	0
3.46209107007007	15.7825101315311	63.2983864819802	0
3.47518026126126	12.3262590049365	78.5662616631859	0
3.48826945245245	9.78703171781681	78.1695953456919	0
3.50135864364364	11.4993154259519	65.661014590449	0
3.51444783483483	13.4307863321504	54.2945408984388	0
3.52753702602603	15.1866340216483	45.2673613969519	0
3.54062621721722	16.7668584944425	37.8584419376331	0
3.55371540840841	18.171459750537	30.1107831184436	4.54058461835252
3.5668045995996	19.4004377899276	30.2721729626802	5.51954842901197
3.57989379079079	20.4537926126177	37.1904093981944	4.32688103874037
3.59298298198198	21.3315242186051	43.7675301227063	2.60166572162558
3.60607217317317	22.0336326078903	48.56066322237	2.91197819376674
3.61916136436436	22.5601177804743	51.0854908180889	1.98546622491078
3.63225055555556	22.9109797363554	52.8125689733116	0.49317057703882
3.64533974674675	23.0862184755358	53.4447163727373	0
3.65842893793794	23.0858339980131	53.4246800386515	0
3.67151812912913	22.9098263037895	53.3349548782026	0
3.68460732032032	22.5581953620141	52.3874536158838	0.456782167286217
3.69769651151151	21.8255422764636	47.9871546792531	1.10840148256581
3.7107857027027	20.402920855401	38.5840069741727	2.78146408242717
3.72387489389389	18.6516448244441	35.2069791307777	3.81736848023957
3.73696408508509	16.5866120139419	31.9220929045611	3.117994688976
3.75005327627628	14.2078224238969	29.5635510229459	0.311339925782341
3.76314246746747	11.540121918709	30.5712502845884	0
3.77623165865866	10.0954285102789	27.845402648479	0
3.78932084984985	11.619226552206	30.5191355065348	0
3.80241004104104	15.7838024179684	36.4944547890814	0
3.81549923223223	21.471550344813	43.8311210891278	0.868295181302678
3.82858842342342	26.7897037288556	49.3822954796291	5.38928893923551
3.84167761461461	31.4074798316301	52.3014436461343	14.1823005647239
3.85476680580581	34.8849505028184	53.8803655113524	19.6857336607202
3.867855996997	35.9521031011025	53.7976928928384	22.5225553743775
3.88094518818819	34.3811163527356	54.5659049712137	22.5176337170522
3.89403437937938	30.171990257719	49.4386119017671	13.5894486735427
3.90712357057057	23.3247248160539	41.2107275112383	0
3.92021276176176	13.7937347059275	41.8039841577504	0
3.93330195295295	0	33.4612564628464	0
3.94639114414414	0	20.6306899765144	0
3.95948033533534	0	18.1914898708197	0
3.97256952652653	0	22.7608232595971	0
3.98565871771772	0	32.2956892503364	0
3.99874790890891	1.5996538193825	44.3282660656301	0
4.0118371001001	18.2076388318158	56.5368014525675	0
4.02492629129129	39.8158610817763	109.868711967029	0
4.03801548248248	56.9998456242347	155.16175484022	0
4.05110467367367	48.0101178301755	130.117965607924	0
4.06419386486487	13.2364928010372	63.5904300715797	0
4.07728305605606	0	58.9928412963554	0
4.09037224724725	0	47.2685337378488	0
4.10346143843844	0	39.8840949383219	0
4.11655062962963	0	36.2378722009584	0
4.12963982082082	0	32.2912552446519	0
4.14272901201201	0	29.2296249761027	0
4.1558182032032	0	28.0380288227815	0
4.16890739439439	0	27.0236075883696	0
4.18199658558559	0	28.1704500679196	0
4.19508577677678	0	27.7980036362681	0
4.20817496796797	0	27.4406684905773	0
4.22126415915916	0	31.5283030993762	0
4.23435335035035	0	36.0454174220968	0
4.24744254154154	6.39434505303118	47.7974351796764	0
4.26053173273273	12.8301042185992	63.5900092696258	0
4.27362092392392	19.1951074381965	78.3746963150393	0
4.28671011511512	25.4893547118248	92.4990695629223	0
4.29979930630631	31.7128460394825	104.407915628203	0
4.3128884974975	37.865581421171	114.366830986921	0
4.32597768868869	43.9475608568903	124.039207142679	0
4.33906687987988	49.9587843466391	130.775102354628	0
4.35215607107107	55.8992518904177	137.036008555423	5.68539612218877
4.36524526226226	61.7689634882267	142.004367901057	9.52003305236419
4.37833445345345	67.5679191400674	144.503473782713	13.392911376697
4.39142364464464	73.2961188459361	145.949539693813	16.7635812614659
4.40451283583584	78.9535626058346	145.600866857258	18.8517610091384
4.41760202702703	84.540250419766	148.40364483802	19.1148857913965
4.43069121821822	90.0561822877266	154.176348876379	20.0977824603334
4.44378040940941	95.493046679519	164.694143122994	19.8497454881067
4.4568696006006	99.6355691294781	176.936559149905	17.0578058215352
4.46995879179179	99.9435758343035	173.57360817128	15.2672102078022
4.48304798298298	95.6325717004615	154.121885981278	15.9144374570628
4.49613717417417	86.4634904237779	132.861450008794	14.8331237493275
4.50922636536537	73.7094940723653	118.960166298831	9.75130474443829
4.52231555655656	62.9019352268775	106.34967877837	3.30122148117811
4.53540474774775	55.4175963916111	99.5984890456185	0
4.54849393893894	51.1230641097056	93.085771703782	0
4.56158313013013	49.4041603904392	85.0249953680343	11.9495436500696
4.57467232132132	47.6245704858105	82.2781685865655	18.4643716598759
4.58776151251251	43.8143584352032	87.7523043390099	12.5288526097509
4.6008507037037	37.9220051497753	85.2042030474057	4.89097437477635
4.61393989489489	29.9475106295279	71.589061728429	0
4.62702908608609	20.021162484054	56.2180862973887	0
4.64011827727728	10.6773941592685	51.46789507426	0
4.65320746846847	3.81137110316643	47.6943597691738	0
4.66629665965966	0	43.5436165870062	0
4.67938585085085	0	39.0933739542763	0
4.69247504204204	0	34.3719663957519	0
4.70556423323323	0	32.0646510069064	0
4.71865342442442	0	29.1651557061412	0
4.73174261561562	1.22193521809506	28.0802494717436	0
4.74483180680681	2.96493590487752	26.3778513105056	0
4.757920997998	4.67110041930403	26.4433330654866	0
4.77101018918919	6.34042876137511	27.0137944172013	0
4.78409938038038	7.97292093109018	28.879023572656	0
4.79718857157157	9.56857692844969	31.9977926216957	0
4.81027776276276	11.1273967534535	35.6293651702886	0
4.82336695395395	12.6493804061014	38.7143886046541	0
4.83645614514515	14.1345278863936	40.8477764656517	0
4.84954533633634	15.5828391943301	42.1785984869177	0
4.86263452752753	16.9943143299104	43.0265367452912	0
4.87572371871872	18.3689532931357	43.6471880770146	0
4.88881290990991	19.706756084005	43.1038244918763	0
4.9019021011011	21.0077227025187	43.2102499164827	0
4.91499129229229	22.2718531486763	44.9305549940127	0
4.92808048348348	23.4991474224782	49.8217561651329	0
4.94116967467467	24.6896055239247	59.3999124315097	0
4.95425886586587	25.8432274530147	70.0883888452492	0
4.96734805705706	26.96001320975	84.1120462607788	0
4.98043724824825	26.4574997390268	87.6760514063231	0
4.99352643943944	20.5476231193875	68.7318156966762	0
5.00661563063063	12.500040461466	52.9053924195438	0
5.01970482182182	9.5925651669827	31.7652319051411	0
5.03279401301301	0	20.2802090115595	0
5.0458832042042	0	11.5620878923589	0
5.0589723953954	0	12.9584420386881	0
5.07206158658659	3.56295734914288	40.2009156843794	0
5.08515077777778	5.81220306401673	67.623503243178	0
5.09823996896897	1.77260736201801	59.2178545106245	0
5.11132916016016	0	55.8425506914824	0
5.12441835135135	0	53.6857116152043	0
5.13750754254254	0	49.9229080494188	0
5.15059673373373	0	50.7143431852893	0
5.16368592492493	0	52.7636839616386	0
5.17677511611612	0	53.8736833062538	0
5.18986430730731	0	55.8957844753843	0
5.2029534984985	0	57.2499359253619	0
5.21604268968969	0	58.9459781847816	0
5.22913188088088	0	60.4345860423006	0
5.24222107207207	0	60.5936783334048	0
5.25531026326326	0	61.2741023101356	0
5.26839945445446	0	59.8463804019713	0
5.28148864564565	0	57.4896648259914	0
5.29457783683684	0	55.2679526732937	0
5.30766702802803	0	53.4525171523011	0
5.32075621921922	0	52.4679704502167	0
5.33384541041041	0	49.8032864998097	0
5.3469346016016	0	48.4346631766511	0
5.36002379279279	0	46.5343599309755	0
5.37311298398398	0	41.3788409684153	0
5.38620217517517	0	36.9578560137527	0
5.39929136636637	2.59636104611701	33.2801264156185	0
5.41238055755756	6.72962232969609	31.6191610891565	0
5.42546974874875	11.2043374387758	33.1882526189113	0
5.43855893993994	16.020506373356	44.2790185482769	0
5.45164813113113	21.1781291334377	60.2672160018157	0
5.46473732232232	26.6772057190202	81.2545435394546	0
5.47782651351351	32.5177361301025	102.535052790417	0
5.4909157047047	38.6997203666865	130.567249271455	0
5.5040048958959	45.2231584287712	155.056283571254	0
5.51709408708709	52.0880503163567	182.5701004281	0
5.53018327827828	59.2943960294408	217.353286231006	0
5.54327246946947	66.8421955680295	251.696922035284	0
5.55636166066066	74.7314489321172	285.144302915715	0
5.56945085185185	82.9621561217059	319.957490588786	0
5.58254004304304	91.5343171367943	356.274706785003	0
5.59562923423423	98.9125474625242	387.058373404348	0
5.60871842542543	61.559267890322	240.462379364414	0
5.62180761661662	0	87.1953756642844	0
5.63489680780781	0	34.9650199999549	0
5.647985998999	0	24.5626853726529	0
5.66107519019019	0	36.5430334493377	0
5.67416438138138	0	62.6935470602554	0
5.68725357257257	41.8725875120506	99.8041848935892	0
5.70034276376376	86.7633066455295	153.283513271313	21.1701124763663
5.71343195495496	117.695680058642	194.49531191577	50.194892897126
5.72652114614615	134.266255484154	229.002030796076	66.8952608040122
5.73961033733734	127.593728482551	230.162758405186	55.0140397690171
5.75269952852853	95.1445499114111	177.057478176765	11.4081044300885
5.76578871971972	54.5788048242517	120.410045404169	0
5.77887791091091	17.8015741969462	82.0931588358723	0
5.7919671021021	0	46.6953198367049	0
5.80505629329329	0	10.6963452659231	0
5.81814548448448	0	57.3783758869913	0
5.83123467567568	0	98.5585099038589	0
5.84432386686687	0	0	0
5.85741305805806	0	0	0
5.87050224924925	0	10.9590828090781	0
5.88359144044044	19.9292253730519	120.978361140313	0
5.89668063163163	102.322901649706	268.893427323478	0
5.90976982282282	102.441428319402	217.118481221663	0
5.92285901401401	67.2753622231134	138.174172959696	0
5.93594820520521	26.670756097289	106.291710933131	0
5.9490373963964	0	56.5926661026787	0
5.96212658758759	0	33.498446855959	0
5.97521577877878	0	41.2241393323289	0
5.98830496996997	0	92.7034250698127	0
6.00139416116116	29.7037949717595	159.618282563055	0
6.01448335235235	57.1384941339528	149.00784672214	0
6.02757254354354	63.9665848271091	135.327729507837	0
6.04066173473474	58.0635588279006	132.623132028418	0
6.05375092592593	39.5503160364573	117.083190518597	0
6.06684011711712	10.3627561366834	96.4729752834056	0
6.07992930830831	0	67.0127483079345	0
6.0930184994995	0	59.2538089624064	0
6.10610769069069	0	59.8493732906367	0
6.11919688188188	0	60.5600218496309	0
6.13228607307307	0	60.1971912474031	0
6.14537526426426	0	59.4906816807879	0
6.15846445545546	0	60.3245268939836	0
6.17155364664665	6.95877737420667	59.9396744193323	0
6.18464283783784	16.832921850645	64.6803752154967	0
6.19773202902903	25.8143875019179	74.9586543516011	0
6.21082122022022	33.8038611165468	83.5664636052641	0
6.22391041141141	39.3324084118986	93.6365975949455	0
6.2369996026026	41.2779160645365	109.978636208342	0
6.25008879379379	39.6120160915508	118.521047253384	0
6.26317798498498	34.3347084929407	122.450776925838	0
6.27626717617618	25.4459932687085	111.363088356632	0
6.28935636736737	12.9458704188527	91.5417420148289	0
6.30244555855856	0	75.9803335733722	0
6.31553474974975	0	62.2096433701185	0
6.32862394094094	0	45.7119328782397	0
6.34171313213213	0	34.0789061244819	0
6.35480232332332	0	35.2572101805345	0
6.36789151451451	0	49.6810237652182	0
6.38098070570571	0	67.121762806668	0
6.3940698968969	36.5024934031846	166.601189131402	0
6.40715908808809	90.7565791555365	183.491821811916	0.758033538788278
6.42024827927928	119.782807254062	180.940435039813	21.414355881053
6.43333747047047	124.837499171609	187.709611225263	21.3052167831496
6.44642666166166	105.920715705901	178.691948712049	18.0102071058156
6.45951585285285	63.032456856928	134.015351298375	0
6.47260504404404	0	66.1345669670179	0
6.48569423523524	0	12.4962579222806	0
6.49878342642643	0	0	0
6.51187261761762	0	0	0
6.52496180880881	0	0	0
6.538051	0	40.6583963669564	0
6.55114019119119	94.7826098111298	182.453987075084	3.44586742222466
6.56422938238238	205.514420036168	310.886601500978	102.013764708771
6.57731857357357	216.977354100763	335.471782714944	93.9737865581346
6.59040776476476	56.5130798473221	129.453022415545	0
6.60349695595596	0	0	0
6.61658614714715	0	0	0
6.62967533833834	0	0	0
6.64276452952953	0	0	0
6.65585372072072	0	0	0
6.66894291191191	0	0	0
6.6820321031031	0	0	0
6.69512129429429	0	0	0
6.70821048548549	0	0	0
6.72129967667668	0	0	0
6.73438886786787	0	0	0
6.74747805905906	0	0	0
6.76056725025025	0	0	0
6.77365644144144	0	0	0
6.78674563263263	0	0	0
6.79983482382382	0	0	0
6.81292401501502	0	0	0
6.82601320620621	0	0	0
6.8391023973974	0	0	0
6.85219158858859	0	0	0
6.86528077977978	0	0	0
6.87836997097097	0	0	0
6.89145916216216	0	0	0
6.90454835335335	0	0	0
6.91763754454454	0	0	0
6.93072673573574	0	0	0
6.94381592692693	0	0	0
6.95690511811812	0	0	0
6.96999430930931	0	0.214483666290022	0
6.9830835005005	0	1.19275670212426	0
6.99617269169169	0	2.22283676959622	0
7.00926188288288	0	2.56555493368704	0
7.02235107407407	0	4.27698267464313	0
7.03544026526527	0	5.40131946938064	0
7.04852945645646	0	6.60170800299672	0
7.06161864764765	0	7.38913650569195	0
7.07470783883884	0	8.34131789535182	0
7.08779703003003	0	9.8644401126199	0
7.10088622122122	0	11.6292902399879	0
7.11397541241241	0	14.9337850830547	0
7.1270646036036	0	19.1348884050905	0
7.1401537947948	2.66060315594543	23.0952480679834	0
7.15324298598599	6.30082999122822	27.1556540155779	0
7.16633217717718	9.86583812656298	31.9776264171511	0
7.17942136836837	13.3556275619498	36.8690998539268	0
7.19251055955956	16.7701982973894	42.0103536185273	0
7.20559975075075	20.1095503328814	47.329874956859	0
7.21868894194194	23.3736836684244	52.3294091529116	0
7.23177813313313	26.5625983040201	57.4021799399972	0
7.24486732432432	29.6762942396689	62.3154192563183	0
7.25795651551552	32.7147714753697	67.2124361413027	0
7.27104570670671	35.6780300111198	71.8747678844441	0
7.2841348978979	38.5660698469268	76.9691126998519	0
7.29722408908909	41.3788909827828	82.1113262178707	0
7.31031328028028	44.1164934186915	87.1360494193165	0
7.32340247147147	46.7788771546521	91.9660072487614	0
7.33649166266266	49.3660421906674	96.6240076000692	0
7.34958085385385	51.877988526733	101.094844863093	0
7.36267004504504	54.3147161628478	105.076778053875	0
7.37575923623624	56.6762250990208	108.769704368463	0
7.38884842742743	58.9625153352425	112.286995446489	0
7.40193761861862	61.1735868715152	116.122584077599	0
7.41502680980981	63.3094397078429	119.812290778865	0
7.428116001001	65.3700738442229	122.897826511839	0
7.44120519219219	67.3554892806546	126.114165218852	0.0292101333550889
7.45429438338338	69.2656860171349	129.149444986906	2.0336004316951
7.46738357457457	71.1006640536716	131.825658822754	4.0863336720063
7.48047276576577	72.8604233902581	134.128350123063	6.18777801161568
7.49356195695696	74.544964026898	136.25773287926	7.71326353104795
7.50665114814815	76.1542859635898	138.365173828172	8.74162022779933
7.51974033933934	77.6883892003371	140.168366984789	9.91607079356548
7.53282953053053	79.1472737371324	141.78925132639	11.0826255358673
7.54591872172172	80.5309395739784	143.240089874291	12.2295457440828
7.55900791291291	81.8393867108801	144.520927666577	13.3626628275939
7.5720971041041	83.0726151478318	145.631764703251	14.2160026230296
7.5851862952953	84.2306248848381	146.572600984339	15.7491285943373
7.59827548648649	85.3134159218985	147.775746078679	16.875254063636
7.61136467767768	86.3209882590048	148.83119047682	18.0316933187927
7.62445386886887	87.2533418961688	149.503858633791	18.8916973610781
7.63754306006006	88.1104768333789	149.806460386462	19.3889716873104
7.65063225125125	88.8923930706465	150.161371685699	20.6937028219225
7.66372144244244	89.5990906079642	150.616454844794	21.3869543775245
7.67681063363363	90.2305694453352	150.910285641534	22.8858448494416
7.68989982482482	90.7868295827607	151.042864075892	23.8264324094216
7.70298901601602	91.2678710202347	151.014190147858	25.066586933407
7.71607820720721	91.6736937577571	151.019410338704	26.3387948083158
7.7291673983984	92.004297795341	151.201595583611	27.6338345280368
7.74225658958959	92.2596831329736	153.060784627294	28.5697242455797
7.75534578078078	92.4398497706499	152.602377748906	28.4944492855296
7.76843497197197	92.5447977083906	151.329977232947	28.6391913455819
7.78152416316316	92.5745269461807	150.781886647739	28.5059247083146
7.79461335435435	92.5290374840206	150.525222097253	28.3584545443358
7.80770254554555	92.408329321908	148.344978664515	28.28325079142
7.82079173673674	92.2124024598582	147.632649696967	28.1122867043462
7.83388092792793	91.941256897854	147.620148509844	29.154120781731
7.84697011911912	91.5948926358977	148.556523850715	29.3972502365193
7.86005931031031	91.1733096740052	149.753837792691	29.3367019121016
7.8731485015015	90.6765080121566	152.245846640246	29.3083558695213
7.88623769269269	90.1044876503595	153.077471801568	29.2270777603839
7.89932688388388	89.4572485886219	155.495670412905	29.1226611404809
7.91241607507508	88.7347908269298	157.766916892858	28.4360630712264
7.92550526626627	87.937114365294	160.458973855286	27.6788068800303
7.93859445745746	87.0642192037013	161.839013782559	26.2647398207433
7.95168364864865	86.116105342175	164.166975033704	26.9222490004203
7.96477283983984	85.0927727806915	165.479470404944	25.8215671247335
7.97786203103103	83.9942215192606	168.716112759218	24.5392046574507
7.99095122222222	82.8204515578874	171.94058954603	23.6236701245051
8.00404041341341	81.5714628965629	174.911988912351	23.4194148671867
8.01712960460461	80.2472555352853	176.704307529959	21.7027339313021
8.0302187957958	78.8177251113865	180.982477689727	21.8866374150722
8.04330798698699	76.7490659943831	177.047685268246	21.0885856043953
8.05639717817818	73.5830313999307	165.061664691799	20.1332591219425
8.06948636936937	69.3047708272601	142.796697363801	18.9182311091758
8.08257556056056	64.066886702015	122.107990458043	17.2971444712722
8.09566475175175	58.6545478093978	109.755611722523	15.6416093294823
8.10875394294294	53.3927891803771	101.300721560227	13.4320819915347
8.12184313413414	48.2850071057011	92.9881997766279	6.32852087388913
8.13493232532532	43.333698246418	82.2745508397849	0
8.14802151651652	38.6798095548127	74.3547741975342	0
8.16111070770771	34.4595204143921	65.4059588533414	0
8.1741998988989	30.6346615991455	58.5481130017901	0
8.18728909009009	27.2002749525056	52.8461123608994	0
8.20037828128128	24.06694469949	47.9697696115421	0
8.21346747247247	21.1485451067305	44.187715075729	0
8.22655666366366	18.4415793353565	41.151027834305	0
8.23964585485485	15.9460473853693	38.6966487468827	0
8.25273504604605	13.6619492567688	35.830080011462	0
8.26582423723724	11.5892849495536	33.2151654171428	0
8.27891342842843	9.72805446372542	30.8615641946034	0
8.29200261961962	8.07825779928334	28.4624830137195	0
8.30509181081081	6.63989495622675	26.6051540001691	0
8.318181002002	5.41296593455741	24.5528227216075	0
8.33127019319319	4.39747073427402	23.2833043261383	0
8.34435938438438	3.59340935537685	22.168810559714	0
8.35744857557558	3.0007817978662	20.9571275753968	0
8.37053776676677	2.61958806174155	20.2199409155455	0
8.38362695795796	2.4498281470034	19.1397060894231	0
8.39671614914915	2.49118736344845	18.5779106441924	0
8.40980534034034	2.71701897868407	17.9778410861509	0
8.42289453153153	3.08031595642088	17.6435436703244	0
8.43598372272272	3.55020415832226	17.3921268654502	0
8.44907291391391	4.0568839784116	17.2718241817459	0
8.4621621051051	4.57177132406578	17.5141354394284	0
8.4752512962963	5.09429866526855	17.5970854754512	0
8.48834048748749	5.62446600202006	17.9756827467609	0
8.50142967867868	6.16227333432053	17.8861571140982	0
8.51451886986987	6.70772066216954	18.2215524310388	0
8.52760806106106	7.26080798556733	19.2357718804594	0
8.54069725225225	7.82153530451408	20.2433688873029	0
8.55378644344344	8.38990261900945	20.8798631357553	0
8.56687563463463	8.96590992905394	21.557531869401	0
8.57996482582583	9.54955723464645	22.4080951700668	0
8.59305401701702	10.1408445357884	23.0724935663741	0
8.60614320820821	10.7397718324785	23.9473301317836	0
8.6192323993994	11.3463391247178	24.657100762111	0
8.63232159059059	11.9605464125062	25.6707242555702	0
8.64541078178178	12.5823936958422	26.9863027348996	0
8.65849997297297	13.2118809747287	29.5790463823721	0
8.67158916416416	13.8490082491621	33.7588366781575	0
8.68467835535536	14.4937755191456	38.497349335494	0
8.69776754654655	15.1375695091742	43.692600300052	0
8.71085673773774	15.69739612764	48.9676526802416	0
8.72394592892893	16.1268632331392	54.0024382348074	0
8.73703512012012	16.419736504391	56.9334362478524	0
8.75012431131131	16.5103847189908	59.5440309716146	0
8.7632135025025	16.3607861531037	59.6922492252428	0
8.77630269369369	16.0064656969973	57.8409532102467	0
8.78939188488489	15.4697141326102	55.0104976186244	0
8.80248107607608	14.8422840604719	51.4002305476728	0
8.81557026726727	14.2172962928704	47.680696124376	0
8.82865945845846	13.6163394417436	44.6886961877635	0
8.84174864964965	13.0394184310699	41.5137188611367	0
8.85483784084084	12.4865332608467	38.5320453302348	0
8.86792703203203	11.9576839310763	35.7864864835184	0
8.88101622322322	11.4528704417565	32.5982495756603	0
8.89410541441442	10.9720927928893	29.9943196094351	0
8.90719460560561	10.5153509844741	27.1326730974681	0
8.9202837967968	10.0826450165097	24.7708928806236	0
8.93337298798799	9.67397488899781	22.3935739239548	0
8.94646217917918	9.28934060193708	20.6976086371487	0
8.95955137037037	8.92874215532866	19.2959087766161	0
8.97264056156156	8.59217954917117	17.9790386485492	0
8.98572975275275	8.27965278346607	17.1067226606295	0
8.99881894394394	7.99116185821287	16.7642124647627	0
9.01190813513514	7.72670677341073	16.6050074109782	0
9.02499732632633	7.48628752906085	16.3926963515031	0
9.03808651751752	7.26990412516257	16.3669237995509	0
9.05117570870871	7.07755656171602	16.3216188045793	0
9.0642648998999	6.90924483872097	16.3458676865578	0
9.07735409109109	6.76496895617799	16.3690363305946	0
9.09044328228228	6.64472891408649	16.4172189633686	0
9.10353247347347	6.54852471244686	16.3113945816415	0
9.11662166466466	6.47635635125914	16.3737490693482	0
9.12971085585586	6.42822383052279	16.324332505589	0
9.14280004704705	6.40412715023865	16.2983990352596	0
9.15588923823824	6.40406631040559	16.3196044758338	0
9.16897842942943	6.42804131102484	16.3286553334826	0
9.18206762062062	6.47605215209539	16.4743815739803	0
9.19515681181181	6.5480988336181	16.6164806837917	0
9.208246003003	6.64418135559236	16.641419773961	0
9.22133519419419	6.76429971801808	16.7850082950639	0
9.23442438538538	6.90845392089626	16.740516151828	0
9.24751357657658	7.07664396422531	16.8241846385022	0
9.26060276776777	7.26886984800688	17.1618856001034	0
9.27369195895896	7.48513157223927	17.4194239061689	0
9.28678115015015	7.72542913692405	17.5492671578201	0
9.29987034134134	7.98976883931955	17.8217692662318	0
9.31295953253253	8.28001194254235	18.1511579395455	0
9.32604872372372	8.6006053453737	18.3394347151621	0
9.33913791491491	8.95215284706096	18.5371840682834	0
9.35222710610611	9.33136528915335	18.9185885248055	0
9.3653162972973	9.7328264768184	19.2954553789591	0
9.37840548848849	10.1560312437788	19.7447564603756	0
9.39149467967968	10.600979590034	20.1940806740608	0
9.40458387087087	11.067671515583	20.6778647313057	0
9.41767306206206	11.5561070204271	21.2490098204688	0
9.43076225325325	12.0662861045656	21.8855371950188	0
9.44385144444444	12.598208767999	22.613974305685	0
9.45694063563564	13.1516450326161	23.2664263648855	0.762244139207225
9.47002982682683	13.720518719359	23.8411969687297	1.92784356885036
9.48311901801802	14.2981723218972	24.3928751108176	2.56017933618697
9.49620820920921	14.8783909326545	25.103320163018	3.05798035201952
9.5092974004004	15.4524063169168	25.7933662215785	3.55552814708376
9.52238659159159	16.0195049738737	26.4666527497631	4.12010395989064
9.53547578278278	16.5796869035284	27.171818930065	4.58475352192149
9.54856497397397	17.1329521058781	27.7586415476749	5.10407552293555
9.56165416516517	17.6793005809256	28.3435435840788	5.63262038108555
9.57474335635636	18.2187323286681	29.0204374855877	6.3160418164054
9.58783254754755	18.7512473491074	29.4820532670123	7.01660359623137
9.60092173873874	19.2768456422441	29.9807034302276	7.76897063575143
9.61401092992993	19.7955272080755	30.3044602660771	8.52523019457898
9.62710012112112	20.3072920466049	30.8326573218319	9.05543333009376
9.64018931231231	20.812140157829	31.2862545920687	9.62801769116531
9.6532785035035	21.3100715417512	31.7482827685252	10.1138461452652
9.6663676946947	21.8010861983675	32.1475560455972	10.6868824612634
9.67945688588589	22.2851841276818	32.6244083587218	10.9824018522264
9.69254607707708	22.7623653296932	32.8768841460294	11.6776695224652
9.70563526826827	23.2326298043985	33.1566347973226	12.1270211059518
9.71872445945946	23.695977551803	33.5024019511745	12.429110125904
9.73181365065065	24.1524085719014	33.9640149569981	13.142410989134
9.74490284184184	24.6019228646982	34.128027072319	13.6943503775397
9.75799203303303	25.0408166790066	34.266182248038	14.1140861258473
9.77108122422422	25.4497696890678	34.9243675906849	14.6235569223807
9.78417041541542	25.8225025658259	35.4897794521827	14.9073010907653
9.79725960660661	26.1590119678398	36.1020677702742	15.3717276788669
9.8103487977978	26.4592978951155	36.5926056993852	15.5431071462506
9.82343798898899	26.7233603476478	37.2127945075139	15.849225685839
9.83652718018018	26.9511993254414	37.5276916508847	16.1856121994784
9.84961637137137	27.1428148284917	37.6123774492146	16.4200658885401
9.86270556256256	27.2982068568026	38.0667062125238	16.7544440764053
9.87579475375375	27.4173754103731	38.3970261943211	17.0343846243214
9.88888394494495	27.5003204892014	38.575172059256	16.9966516693766
9.90197313613614	27.5470420932903	38.627309841101	17.1536930730881
9.91506232732733	27.5569350552615	38.5678388798031	17.1009662803676
9.92815151851852	27.5263136251171	38.5755967343017	17.2397203318792
9.94124070970971	27.4537902461061	38.4571046000654	17.4214449297854
9.9543299009009	27.3393623968452	38.303083052758	17.6060727094309
9.96741909209209	27.1830300773338	38.0606051534601	17.3901828540786
9.98050828328328	26.9847932875704	37.5529373062706	17.0856875141449
9.99359747447448	26.7446520275587	37.2143476279659	16.8899552202802
10.0066866656657	26.4626062972935	36.797221785913	16.7172349100849
10.0197758568569	26.1386560967799	36.4810058595503	16.7049700879152
10.032865048048	25.7728014260132	35.6381697426768	16.3632619184915
10.0459542392392	25.3650422849982	35.4839822351147	15.5403469896256
10.0590434304304	24.9153786737304	35.4777714241985	14.9121052845805
10.0721326216216	24.4257797672031	34.6649431128508	13.5689885700688
10.0852218128128	23.9114507233788	34.1821219012877	12.5043791938532
10.098311004004	23.3794778896575	32.9998360346435	12.245479498519
10.1114001951952	22.8299012968037	32.3886869560913	11.4212266305152
10.1244893863864	22.2627209448135	32.1331343637823	10.8345062885419
10.1375785775776	21.6779368336912	31.8801225064914	10.3162732213526
10.1506677687688	21.0755489634324	31.4510086102984	9.90574638550083
10.16375695996	20.4555573340401	30.5515254662886	9.16657853024321
10.1768461511512	19.8179619455148	30.3664809387797	8.78519263784767
10.1899353423423	19.1627627978533	29.4771480369374	7.82925139737005
10.2030245335335	18.4899598910592	29.2431510106897	7.09605392362565
10.2161137247247	17.7998957341746	28.5859905667139	5.01055541843063
10.2292029159159	17.123851470164	28.215175127484	3.01087162195006
10.2422921071071	16.5177617183981	28.5519831501537	1.12135980282566
10.2553812982983	15.9874280209203	28.1150199334288	0
10.2684704894895	15.5328503777306	28.339017535502	0
10.2815596806807	15.1669635364717	29.0164523543465	0
10.2946488718719	15.084440751623	30.1123290831981	0
10.3077380630631	15.4448453598556	32.1662401635361	0
10.3208272542543	16.4546582021845	35.7085826318239	0
10.3339164454454	18.3553297237331	39.1226539576872	0
10.3470056366366	20.9141869189473	43.1501012264423	0
10.3600948278278	23.216755230135	44.3746316331222	0.381075034807295
10.373184019019	24.839105285658	44.7955019806613	1.73938719362095
10.3862732102102	25.9427526880485	47.3925493003113	1.84212090365991
10.3993624014014	26.5815687216453	48.8555584663863	3.226798573017
10.4124515925926	26.7555819331039	49.9899407063736	3.95119270677514
10.4255407837838	26.4647923224196	49.7144822463923	4.0668863993652
10.438629974975	25.7091998895959	48.0156860296375	3.82626887005642
10.4517191661662	24.4888046346318	46.4446448743979	2.84470687188623
10.4648083573574	22.8640262273217	45.2280260069537	0.972293653902685
10.4778975485485	21.2129710773237	43.8421553648084	0
10.4909867397397	19.6816078419054	41.2192195885297	0
10.5040759309309	18.2702485981637	37.9409547237945	0
10.5171651221221	16.9788933460951	34.4938947271687	0
10.5302543133133	15.8075420857022	31.5255189392269	0
10.5433435045045	14.7561948169842	31.7345122818114	0
10.5564326956957	13.8248515399397	34.3305050554783	0
10.5695218868869	13.013512254571	37.3078569765342	0
10.5826110780781	12.3221769608765	41.4849160167704	0
10.5957002692693	11.7508456588569	47.9527312825635	0
10.6087894604605	11.3007966579356	55.9026973360823	0
10.6218786516517	12.1709586101744	64.1317562393756	0
10.6349678428428	14.347522267309	59.6465314221378	0
10.648057034034	13.7174837109142	53.3659290392413	0
10.6611462252252	10.2261130689309	43.1998193922222	0
10.6742354164164	5.8512376201338	34.7435990909823	0
10.6873246076076	2.891763624562	33.6386055978264	0
10.7004137987988	3.08494228120487	33.4046336121531	0
10.71350298999	7.3257397759302	37.9097613269803	0
10.7265921811812	14.531258878761	42.8703449099627	0
10.7396813723724	21.3712002091431	45.1769763676078	0
10.7527705635636	25.0843280834456	56.2432835293991	0
10.7658597547548	23.0450107978475	60.1770460564369	0
10.7789489459459	17.4247205411375	48.0072609736731	0
10.7920381371371	12.8714839555157	32.5190477841949	0
10.8051273283283	10.1450682993489	28.8552982031402	0
10.8182165195195	9.24076436017768	30.3836736675744	0
10.8313057107107	10.1585721379995	33.8205388004306	0
10.8443949019019	12.8984916328165	38.4532964519219	0
10.8574840930931	17.460522844627	43.1191178335593	0
10.8705732842843	23.8805218676317	46.7288665201832	0
10.8836624754755	31.0789804115413	50.6795683414668	1.27772676620753
10.8967516666667	37.0932797001692	54.3500144184634	11.3010658912481
10.9098408578579	41.7646105497818	57.6750447596826	19.5706418876534
10.9229300490491	45.0929729603734	61.3103470234127	26.2883913831732
10.9360192402402	47.0294133951062	62.4395899656068	28.1783740074742
10.9491084314314	47.0016334003586	68.8799336783644	27.8648698287346
10.9621976226226	44.6388764809566	73.9040090502273	25.4860521863718
10.9752868138138	39.9348941812173	69.3312649536239	20.316304083509
10.988376005005	32.8943088200056	60.0769154821692	12.7526506701214
11.0014651961962	23.7733656630914	46.781024559228	1.66048298126863
11.0145543873874	13.08170167299	33.5499807925443	0
11.0276435785786	1.56048847095526	22.9219728619937	0
11.0407327697698	0	12.9105565053195	0
11.053821960961	0	5.22868910671512	0
11.0669111521522	0	0	0
11.0800003433433	0	0	0
11.0930895345345	0	0	0
11.1061787257257	0	0	0
11.1192679169169	0	0	0
11.1323571081081	0	8.19403044498461	0
11.1454462992993	0	21.5313701853774	0
11.1585354904905	10.0945220425843	32.6311353776296	0
11.1716246816817	19.1003717301198	43.355587578292	0
11.1847138728729	26.8307530984451	52.1931451306401	1.88870794367761
11.1978030640641	32.4940628449113	61.7055859437271	8.45591966732026
11.2108922552553	35.6833833177612	66.450409484904	13.315324901297
11.2239814464464	36.3785125139026	65.6541562073359	14.1499440144879
11.2370706376376	34.5936561280578	57.404971622592	12.0365285586036
11.2501598288288	30.6443791680607	54.127648607549	4.31614560202742
11.26324902002	24.8403283806525	52.8801065014043	0
11.2763382112112	18.2005664437145	50.9872529068399	0
11.2894274024024	15.2238527953903	49.0396462831538	0
11.3025165935936	16.6486358796196	47.12702376056	0
11.3156057847848	18.2365185071692	44.4395381430772	0
11.328694975976	18.7185383195817	41.0473390942961	0
11.3417841671672	18.0519545508672	40.7931462114166	0
11.3548733583584	16.2367672010278	42.7989320732776	0
11.3679625495495	13.2729762700645	41.9949592764669	0
11.3810517407407	9.26446691347849	39.8674775677156	0
11.3941409319319	6.30296523772297	40.4239759503491	0
11.4072301231231	5.38617104179895	32.4898415642191	0
11.4203193143143	1.40028779377529	24.2601237852975	0
11.4334085055055	0	16.6430901243955	0
11.4464976966967	0	5.8719385915279	0
11.4595868878879	0	0	0
11.4726760790791	0	0	0
11.4857652702703	0	0	0
11.4988544614615	0	0.881396234083372	0
11.5119436526527	0	10.2855949431872	0
11.5250328438438	5.25397096935834	19.7356074520649	0
11.538122035035	13.8613046921788	28.6888524518303	1.53678922788655
11.5512112262262	23.4972398864208	36.9425790500873	11.5101364444864
11.5643004174174	34.0880887830494	48.6484973337184	21.9496156357168
11.5773896086086	44.1637457954029	58.984169833424	31.2856919802486
11.5904787997998	51.0100474003768	62.922506758271	37.5073829221884
11.603567990991	52.9312307326774	63.9253555541073	38.4722748841225
11.6166571821822	49.7965508414051	59.8044682782121	36.2066978224876
11.6297463733734	41.262345872306	53.5074312136697	29.0239023758801
11.6428355645646	27.2102591223455	40.8882541184134	10.6575391649185
11.6559247557558	9.47549331041396	26.4923384293951	0
11.6690139469469	0	19.2675210732986	0
11.6821031381381	0	14.9389618279142	0
11.6951923293293	0	14.2776654758117	0
11.7082815205205	0.924478829127105	18.9558246836076	0
11.7213707117117	7.19519741105148	25.071090877378	0
11.7344599029029	12.2910620654685	31.790057110486	0
11.7475490940941	15.9723302011177	36.9004117605047	0
11.7606382852853	18.2465303722251	37.1485373599927	1.81760145890843
11.7737274764765	19.2216953567169	36.6882992794429	2.78126304029317
11.7868166676677	18.9786892865162	36.9799882294176	0
11.7999058588589	17.5932409437143	38.2198794550438	0
11.8129950500501	17.2266677576274	39.0808205972945	0
11.8260842412412	19.9361529355555	40.2993239930759	0
11.8391734324324	22.6172186472692	40.7939141662217	1.79305722337023
11.8522626236236	24.3676557458697	41.9180073370684	6.18219377190153
11.8653518148148	25.1859621110581	42.027788109303	7.83401293315386
11.878441006006	24.7955838400454	44.3583579685621	5.80527223511794
11.8915301971972	22.5988983656143	45.2804179953988	2.82029215267682
11.9046193883884	18.5179679321391	43.1025678005515	0
11.9177085795796	12.5557253121861	37.534236977752	0
11.9307977707708	4.83241522981525	28.9737290321076	0
11.943886961962	0	19.5918950613364	0
11.9569761531532	0	16.1671226772521	0
11.9700653443443	0	14.4011917982024	0
11.9831545355355	0	15.1758215650123	0
11.9962437267267	0	17.5021338183788	0
12.0093329179179	9.18281969395389	22.5792790005961	0
12.0224221091091	16.6974935848041	30.2038499161323	0
12.0355113003003	22.4352116140349	39.790704638733	3.02797426786025
12.0486004914915	26.39597378165	46.8261478800034	5.82158783628362
12.0616896826827	28.5797800876488	50.376497769107	6.28349655239204
12.0747788738739	28.9401754595433	54.1268600308907	7.2200432145026
12.0878680650651	26.6783630743968	53.9531020902534	4.67485535799661
12.1009572562563	21.7570666100207	41.6809527308555	1.41506512664234
12.1140464474474	17.0843542872303	37.0565183110969	0
12.1271356386386	13.7772704977104	34.5944328624094	0
12.1402248298298	11.9496149360308	34.3049945998886	0
12.153314021021	12.021480261817	35.8127934659959	0
12.1664032122122	13.7141265338525	38.9748704705529	0
12.1794924034034	16.9037831738145	41.0275085855559	0
12.1925815945946	21.5890553679807	44.2539129945212	0
12.2056707857858	26.8062948776883	60.0989132389184	1.85370009330822
12.218759976977	29.8826349764807	68.0086663754197	4.19651761448126
12.2318491681682	29.5457003820145	64.436088085352	0
12.2449383593594	25.2445459310714	54.6832433876663	0
12.2580275505506	23.2388661385161	53.7573862993638	0
12.2711167417417	26.217438465933	56.7601008071085	0
12.2842059329329	27.4797014607903	64.7465556164179	0
12.2972951241241	25.3734759556756	68.7721022751342	0
12.3103843153153	14.8924825779679	65.5999098273411	0
12.3234735065065	0	34.3106624874204	0
12.3365626976977	0	16.6857406650562	0
12.3496518888889	0	4.90241367399145	0
12.3627410800801	0	1.14535856204386	0
12.3758302712713	0	4.60516404182745	0
12.3889194624625	0	14.70311965673	0
12.4020086536537	2.73547194227383	38.0047227462841	0
12.4150978448448	22.8617607602995	71.4069259246673	0
12.428187036036	33.9280131847769	72.6255588615091	0
12.4412762272272	33.4783687511249	64.5491502761652	3.55177699752144
12.4543654184184	25.8855904698136	47.4512080207952	2.42104526621949
12.4674546096096	16.5416496056365	40.3183285527269	0
12.4805438008008	7.72906350760714	32.9081056681889	0
12.493632991992	0.241164165479379	27.123536145293	0
12.5067221831832	0	20.2834846459896	0
12.5198113743744	0	14.0096561598595	0
12.5329005655656	0	15.4659795254467	0
12.5459897567568	0	19.2698351340582	0
12.5590789479479	0	13.8727558637068	0
12.5721681391391	0	21.5546238134575	0
12.5852573303303	5.71830665832754	30.9798310811875	0
12.5983465215215	15.7347169003558	37.320648870271	0
12.6114357127127	26.4523168398423	49.1607645084368	1.37390640200959
12.6245249039039	33.9471258933329	58.8796094881039	8.83974882917577
12.6376140950951	36.9717099079126	65.0805729306351	10.7501492809814
12.6507032862863	32.5857937251118	70.5818460407524	8.00544919040229
12.6637924774775	17.9442403394975	51.9129764138558	0
12.6768816686687	0	22.5357410666586	0
12.6899708598599	0	14.8323712113684	0
12.7030600510511	0	12.4611951600306	0
12.7161492422422	0	10.3590431137634	0
12.7292384334334	0	17.6862842544823	0
12.7423276246246	4.34768895487391	25.4168186518274	0
12.7554168158158	9.67554385797515	28.1232361048054	0
12.768506007007	11.0436273754921	32.8413725164229	0
12.7815951981982	7.85529476260598	33.5345833100535	0
12.7946843893894	1.02714369440065	25.3288562492545	0
12.8077735805806	0	12.4649245290445	0
12.8208627717718	0	8.43371602998183	0
12.833951962963	0	7.89236334565176	0
12.8470411541542	0	15.3221194102428	0
12.8601303453453	0	23.1783211363196	0
12.8732195365365	0	28.7951512229513	0
12.8863087277277	0.205013543170817	35.474767719506	0
12.8993979189189	4.58363459498203	38.0687037844538	0
12.9124871101101	9.14273523259958	41.3090491046103	0
12.9255763013013	12.6969543011379	48.2305009533473	0
12.9386654924925	15.242890936826	52.9911694720114	0
12.9517546836837	16.7796597011177	75.4368031825136	0
12.9648438748749	16.8532949125652	112.679656127411	0
12.9779330660661	12.137424968486	119.984327923459	0
12.9910222572573	6.31000263644053	119.984327923476	0
13.0041114484484	3.64304783310449	119.984327923484	0
13.0172006396396	0.910209819240803	119.984327923461	0
13.0302898308308	0	119.984327923484	0
13.043379022022	0	119.984327923478	0
13.0564682132132	0	119.984327923484	0
13.0695574044044	0	119.984327923461	0
