phys	rec.rate	upper	lower
0.00352430930930931	0	25.4063162881673	0
0.0105729279279279	0	25.4063162881673	0
0.0176215465465465	0	25.406316288167	0
0.0246701651651652	0	25.4063162881673	0
0.0317187837837838	0	25.4063162881673	0
0.0387674024024024	0	25.4063162881675	0
0.045816021021021	0	25.4063162881668	0
0.0528646396396396	0	25.4063162881678	0
0.0599132582582583	0	25.4063162881671	0
0.0669618768768769	0	25.4063162881673	0
0.0740104954954955	0	25.4063162881673	0
0.0810591141141141	0	25.406316288167	0
0.0881077327327327	0	25.4063162881675	0
0.0951563513513514	0	25.4063162881671	0
0.10220496996997	0	25.4063162881673	0
0.109253588588589	0	25.4063162881673	0
0.116302207207207	0	25.4063162881673	0
0.123350825825826	0	25.4063162881673	0
0.130399444444444	0	25.406316288167	0
0.137448063063063	0	25.4063162881673	0
0.144496681681682	0	25.4063162881672	0
0.1515453003003	0	25.4063162881671	0
0.158593918918919	0	25.4063162881673	0
0.165642537537538	0	25.4063162881672	0
0.172691156156156	0	25.4063162881673	0
0.179739774774775	0	25.4063162881672	0
0.186788393393393	0	25.4063162881673	0
0.193837012012012	0	25.4063162881673	0
0.200885630630631	0	25.406316288167	0
0.207934249249249	0	25.4063162881673	0
0.214982867867868	0	25.4063162881672	0
0.222031486486486	0	25.4063162881672	0
0.229080105105105	0	25.4063162881672	0
0.236128723723724	0	25.4063162881674	0
0.243177342342342	0	25.4063162881672	0
0.250225960960961	0	25.4063162881673	0
0.25727457957958	0	25.4063162881673	0
0.264323198198198	0	25.4063162881671	0
0.271371816816817	0	25.4063162881675	0
0.278420435435435	0	25.4063162881672	0
0.285469054054054	0	25.4063162881671	0
0.292517672672673	0	25.4063162881674	0
0.299566291291291	0	25.4063162881672	0
0.30661490990991	0	25.4063162881673	0
0.313663528528529	0	25.4063162881672	0
0.320712147147147	0	25.4063162881672	0
0.327760765765766	0	25.4063162881673	0
0.334809384384384	0	25.4063162881672	0
0.341858003003003	0	25.4063162881673	0
0.348906621621622	0	25.4063162881672	0
0.35595524024024	0	25.4063162881672	0
0.363003858858859	0	25.4063162881673	0
0.370052477477477	0	25.4063162881673	0
0.377101096096096	0	25.4063162881673	0
0.384149714714715	0	25.4063162881672	0
0.391198333333333	0	25.4063162881673	0
0.398246951951952	0	25.4063162881673	0
0.405295570570571	0	25.4063162881673	0
0.412344189189189	0	25.4063162881672	0
0.419392807807808	0	25.4063162881673	0
0.426441426426426	0	25.4063162881673	0
0.433490045045045	0	25.4063162881672	0
0.440538663663664	0	25.4063162881673	0
0.447587282282282	0	25.4063162881673	0
0.454635900900901	0	25.4063162881672	0
0.461684519519519	0	25.4063162881673	0
0.468733138138138	0	25.4063162881673	0
0.475781756756757	0	25.4063162881673	0
0.482830375375375	0	25.4063162881673	0
0.489878993993994	0	25.4063162881673	0
0.496927612612613	0	25.4063162881673	0
0.503976231231231	0	25.4063162881673	0
0.51102484984985	0	25.4063162881673	0
0.518073468468468	0	25.4063162881673	0
0.525122087087087	0	20.6767150405861	0
0.532170705705706	0	21.2662810950547	0
0.539219324324324	0	25.0109328613322	0
0.546267942942943	3.4605871073099	33.4748099933001	0
0.553316561561562	6.46548772222055	32.1417893226567	0
0.56036518018018	8.88286154489636	30.6225812860379	0
0.567413798798799	11.0911559981778	28.6403062295441	0
0.574462417417417	13.0903710820647	27.0786496518141	0
0.581511036036036	14.8805067965573	25.242004929975	0
0.588559654654655	16.4615631416555	26.7001347435714	0.621096890379696
0.595608273273273	17.8335401173593	30.5380585164779	3.52119604207467
0.602656891891892	18.9964377236686	32.4288736600511	5.83778606237097
0.60970551051051	19.9502559605835	34.7683741206493	7.90556543392042
0.616754129129129	20.694994828104	36.5377621020126	8.26069124546393
0.623802747747748	21.2306543262301	37.5020292799386	9.23012048958636
0.630851366366366	21.5572344549618	37.6513886233298	9.80687557326231
0.637899984984985	21.6747352142991	36.7487199292761	9.70388215163493
0.644948603603604	21.5831566042419	36.1152956379251	9.5141314975719
0.651997222222222	21.2826347342693	34.6453798451706	9.17507612451837
0.659045840840841	20.8148642521706	32.4876840117232	8.86285315240152
0.66609445945946	20.2801446544762	31.051910860142	8.50906962794305
0.673143078078078	19.6932509875276	30.1531722758859	7.8365238300658
0.680191696696697	19.0541832513249	30.6097626245217	7.29452330696272
0.687240315315315	18.3629414458681	30.7380689548829	6.39087987369146
0.694288933933934	17.6195255711571	30.3881066037793	6.17112609815627
0.701337552552552	16.8239356271919	30.2767602822052	5.61641689654613
0.708386171171171	15.9761716139726	29.9421727392535	4.95822250096256
0.71543478978979	15.0762335314992	29.2875377921722	4.0935309055635
0.722483408408408	14.1241213797716	27.6973151631297	3.07361708871216
0.729532027027027	13.1198351587898	26.3210244603707	2.11401882905801
0.736580645645646	12.0672282662183	25.8475167198233	1.13388940119995
0.743629264264264	11.0130751496401	25.2187042646608	0.344178720680034
0.750677882882883	9.98338365485469	24.2581779177949	0
0.757726501501502	8.97831140008122	23.087864228599	0
0.76477512012012	7.99785838531972	21.7994330071168	0
0.771823738738739	7.04202461057019	20.936394449081	0
0.778872357357357	6.11081007583259	20.0126717841551	0
0.785920975975976	5.20421478110698	18.9276412844495	0
0.792969594594594	4.32223872639331	17.8479514386291	0
0.800018213213213	3.46488191169158	16.7246301363004	0
0.807066831831832	2.64047289447799	15.5543019851594	0
0.81411545045045	1.92265569837001	14.7481703745381	0
0.821164069069069	1.34984426182242	14.6056330325088	0
0.828212687687688	0.92237113139824	14.5438983257328	0
0.835261306306306	0.640236307097455	14.4895989082049	0
0.842309924924925	0.503439788920078	14.3783293216006	0
0.849358543543544	0.51198157686609	14.2630820077812	0
0.856407162162162	0.66586167093551	14.2371352603017	0
0.863455780780781	0.985762091620506	14.9223118398938	0
0.870504399399399	1.58382215225489	15.8244796707049	0
0.877553018018018	2.49787074986688	17.0402166772333	0
0.884601636636637	3.72793702262831	18.5533149517988	0
0.891650255255255	5.27652934915437	20.2811997072471	0
0.898698873873874	7.19829789456044	21.3449272383598	0
0.905747492492492	9.54625413102474	22.5441917138967	0
0.912796111111111	12.3225786033495	24.1804998249864	2.25665279624228
0.91984472972973	15.5271742003151	28.3324347469723	5.4194538731369
0.926893348348348	18.9024841848637	32.5669571725098	6.01050506224024
0.933941966966967	21.4948814281389	38.1558034304731	6.84338122697267
0.940990585585586	23.075232616141	40.589464817166	7.13955026221473
0.948039204204204	23.6435311568752	40.4947214775839	7.48656501872057
0.955087822822823	23.1997770503413	37.2862158366769	6.25813275727433
0.962136441441442	21.7439702965399	33.0336566597011	4.67152108939773
0.96918506006006	19.2761108954704	33.9388289903028	2.73041390052525
0.976233678678679	15.729536118387	35.7401317343015	0
0.983282297297297	10.8457059009045	31.2477963220745	0
0.990330915915916	7.16188221876317	30.3121333776926	0
0.997379534534534	5.33140921201571	28.4783064240447	0
1.00442815315315	4.8502315588863	27.1906873982318	0
1.01147677177177	5.18836605615437	26.9173168508737	0
1.01852539039039	6.01415834390257	27.0634343765961	0
1.02557400900901	6.86879256756099	29.004401361277	0
1.03262262762763	7.71523830047139	30.2603411282011	0
1.03967124624625	8.55349554263384	29.3484815211174	0
1.04671986486487	9.38356429404822	28.9861721172512	0
1.05376848348348	10.2054445547147	28.9494641508988	0
1.0608171021021	11.0191363246331	28.7723566456124	0
1.06786572072072	11.8246396038036	29.0604941172501	0
1.07491433933934	12.6219543922262	29.6489419380429	0
1.08196295795796	13.4110806899006	30.1716321272937	0
1.08901157657658	14.1920184968272	30.5334616877526	0
1.0960601951952	14.9647678130057	31.3681487927741	0.698665546284599
1.10310881381381	15.7293286384361	31.5967402250864	2.93444982046523
1.11015743243243	16.4857009731188	31.4457314190839	5.09414072798298
1.11720605105105	17.2338848170533	32.4079824977143	5.41165355707032
1.12425466966967	17.9738801702399	35.2446700724453	4.44717997191885
1.13130328828829	18.7056870326785	37.8851010526886	1.13615163683845
1.13835190690691	19.4293054043691	42.8230039797888	0
1.14540052552553	20.1447352853117	48.564997295267	0
1.15244914414414	20.8519766755062	54.2777290509378	0
1.15949776276276	21.551029574953	58.9842861259178	0
1.16654638138138	22.2418939836517	66.3387560041096	0
1.173595	22.9326478959941	76.8081544700251	0
1.18064361861862	24.0081027986287	67.1338628098834	0
1.18769223723724	25.2051366999979	56.0228368826487	0
1.19474085585586	26.2723716616699	52.4171116081186	1.56693900270659
1.20178947447447	27.2098076836453	51.8504257828733	3.78102379027332
1.20883809309309	28.0174447659235	51.9789136063413	0.743499536630099
1.21588671171171	28.6952829085047	53.6107729125279	0
1.22293533033033	29.2433221113892	59.022538475023	0
1.22998394894895	29.6615623745765	68.3931001800747	0
1.23703256756757	29.9551108741543	74.5002147553576	0
1.24408118618619	30.0353653058067	68.1713643580732	0
1.2511298048048	29.7247486803179	63.4631180457434	0
1.25817842342342	29.0103040072749	66.1551414885038	0
1.26522704204204	27.8920312866779	68.1977429016961	0
1.27227566066066	26.4075792541966	69.538395678628	0
1.27932427927928	24.8803999195204	70.8035749594824	0
1.2863728978979	23.4752599011735	72.0923941580227	0
1.29342151651652	22.1934687660133	73.5021041326197	0
1.30047013513514	21.0350265140391	74.694885640646	0
1.30751875375375	19.9999331452512	75.4123970744481	0
1.31456737237237	19.0881886596496	76.2209660383969	0
1.32161599099099	18.2997930572343	76.5806349960216	0
1.32866460960961	17.6347463380051	77.2674518159596	0
1.33571322822823	17.0930485019623	77.2047760246438	0
1.34276184684685	16.6746995491059	76.8568188479042	0
1.34981046546547	16.3796994794353	76.6265998976895	0
1.35685908408408	16.2080482929515	75.7895777018427	0
1.3639077027027	16.1597459896537	74.5958590256432	0
1.37095632132132	16.2347925695422	74.8231408459918	0
1.37800493993994	16.4331880326169	73.5214108317052	0
1.38505355855856	16.7549323788779	72.4464169952739	0
1.39210217717718	17.2000256083249	71.4386204640178	0
1.3991507957958	17.7684677209586	69.9824015865714	0
1.40619941441441	18.4602587167785	67.1811773668273	0
1.41324803303303	19.2753985957845	64.6274372870324	0
1.42029665165165	20.2138873579765	62.0621876493511	0
1.42734527027027	21.2757250033553	57.7768486523413	0
1.43439388888889	22.4609115319201	53.4665053292751	0
1.44144250750751	23.7694469436711	48.8821532287888	0
1.44849112612613	25.2013312386087	50.0676625283787	0
1.45553974474474	26.756564416732	55.6498710137891	2.11606549754199
1.46258836336336	28.4351464780417	63.0363886292734	4.25274898648042
1.46963698198198	30.2370774225382	70.2473428842727	7.18491643173561
1.4766856006006	32.1623572502203	79.6383111877322	8.89195561538445
1.48373421921922	34.2109859610891	86.650451384993	9.31811022271099
1.49078283783784	36.382963555144	95.6227588692266	3.50679142647517
1.49783145645646	38.6782900323848	107.062173320437	0
1.50488007507508	41.0969653928125	117.369146233987	0
1.51192869369369	43.6389896364264	125.962573069209	0
1.51897731231231	46.3043627632259	139.590896471575	0
1.52602593093093	49.0453703625446	151.050273460538	0
1.53307454954955	51.1484921507732	158.990766725209	0
1.54012316816817	52.0646779636351	157.808879724633	0
1.54717178678679	51.7798169775285	147.475235909858	0
1.55422040540541	50.2939091924566	130.911950141817	0
1.56126902402402	47.6069546084161	108.535091141285	0
1.56831764264264	43.7189532254049	108.371114780028	0
1.57536626126126	38.5263099337712	112.626270149118	0
1.58241487987988	31.1209793805159	104.704182106335	0
1.5894634984985	22.1090481836628	111.668433895151	0
1.59651211711712	21.1199000260401	120.098446934672	0
1.60356073573574	32.9139365738667	155.460741411344	0
1.61060935435435	33.1233753018283	114.69107947176	0
1.61765797297297	31.0559137489178	91.8015392758041	0
1.62470659159159	28.6285498842048	88.1003209332709	0
1.63175521021021	25.841283707688	75.8730382477753	0
1.63880382882883	22.7673899437183	65.0360071792183	0
1.64585244744745	19.7881812824928	55.0407988117475	0
1.65290106606607	17.0273003588264	52.231736734814	0
1.65994968468468	14.4848113421829	48.6072119428468	0
1.6669983033033	12.1607142325632	47.4212360554094	0
1.67404692192192	10.0550090299671	48.7212261848488	0
1.68109554054054	8.16769573439512	48.5088081690602	0
1.68814415915916	6.49877434584648	47.2156499385825	0
1.69519277777778	5.04824486432124	42.7819026739024	0
1.7022413963964	3.81610728981966	44.2251209907656	0
1.70929001501501	2.80236162234192	42.9857861734023	0
1.71633863363363	2.0070078618877	53.995715725426	0
1.72338725225225	1.43004600845701	62.5456911055727	0
1.73043587087087	0.840891330773548	78.2661535022341	0
1.73748448948949	0	54.3606875050878	0
1.74453310810811	0	40.3289842215722	0
1.75158172672673	0	31.3503349195879	0
1.75863034534535	5.5824236285564	26.0524488775187	0
1.76567896396396	12.1584620692594	29.8640439658858	0
1.77272758258258	17.1320489600646	42.6815927199263	0
1.7797762012012	20.5001293749028	55.7638908259008	0
1.78682481981982	22.2627033137718	60.5086594150686	0
1.79387343843844	22.4643621830263	60.8719890870264	0
1.80092205705706	21.6303991809965	59.2340728438683	0
1.80797067567568	20.5455255355382	59.1126827667744	0
1.81501929429429	19.3236376089997	57.8375040039169	0
1.82206791291291	17.9647354013806	53.6816418446224	0
1.82911653153153	16.468818912681	47.6273566591282	0.525421642880272
1.83616515015015	14.8358881429019	39.3166413444792	0.689237201156832
1.84321376876877	13.0659430920425	38.9560415381758	0
1.85026238738739	11.1589837601021	38.6158072727367	0
1.85731100600601	9.11501014708162	38.4284758370316	0
1.86435962462462	6.93402225298137	38.6463435437942	0
1.87140824324324	4.61602007780044	42.6751243622458	0
1.87845686186186	2.65056361900845	50.5978465283141	0
1.88550548048048	3.12716441582582	47.1154528276509	0
1.8925540990991	3.9508695871579	42.5489308161288	0
1.89960271771772	4.76569480990837	38.2558543551384	0
1.90665133633634	5.57164008407717	35.5850607748041	0
1.91369995495495	6.36870540966376	34.0066275851237	0
1.92074857357357	7.15689078666841	33.8053574010957	0
1.92779719219219	7.93619621509171	32.7557006824355	0
1.93484581081081	8.70662169493321	31.5814101321567	0
1.94189442942943	9.4681672261924	28.9206932456183	0
1.94894304804805	10.22083280887	28.6349562642098	0
1.95599166666667	10.9646184429654	29.2203836772528	0
1.96304028528529	11.6995241284796	30.246804678529	0
1.9700889039039	12.4255498654121	33.2462351953353	0
1.97713752252252	13.142695653762	37.8167347184968	0
1.98418614114114	13.8509614935302	41.2679835288057	0
1.99123475975976	14.5503473847169	44.3377663209948	0
1.99828337837838	15.2408533273222	47.2862416357893	0
2.005331996997	15.9224793213448	48.8018494685756	1.69747271701744
2.01238061561562	16.5952253667858	50.5950833157454	2.38217704508756
2.01942923423423	17.2590914636452	51.5799934668247	1.4426848198568
2.02647785285285	17.9140776119227	53.6073811435089	0
2.03352647147147	18.5601838116182	54.4290617100366	0
2.04057509009009	19.1974100627317	56.8286586612715	0
2.04762370870871	19.8257563652641	59.3979203759841	0
2.05467232732733	20.4452227192141	62.6911230079367	0
2.06172094594595	21.0558091245824	61.3075307175615	0
2.06876956456456	21.6575155813689	65.6287654745076	0
2.07581818318318	22.2503420895735	69.5308088854404	0
2.0828668018018	22.8342886491961	74.5246399738697	0
2.08991542042042	23.4237503133456	76.1376258116997	0
2.09696403903904	23.9674705327625	62.6502474369301	0
2.10401265765766	24.2135402743565	52.6260929995834	1.24382828337339
2.11106127627628	24.1361854246762	47.3469546537584	2.81064101021887
2.11810989489489	23.7354059837222	45.2686401413929	0.846036480377054
2.12515851351351	23.0111984599682	44.9049892586962	0
2.13220713213213	21.9251580368967	46.1209731807181	0
2.13925575075075	20.3438537604159	45.0815738307164	0
2.14630436936937	18.2383266667176	40.8430650690094	0
2.15335298798799	15.6085767558025	36.2195944226555	0
2.16040160660661	12.4546042955839	36.329848802633	0
2.16745022522523	8.77696498517526	46.9703149289494	0
2.17449884384384	4.19859876651703	47.311866305813	0
2.18154746246246	0	39.1893439103357	0
2.18859608108108	0	23.9181943213782	0
2.1956446996997	0	19.1726589998239	0
2.20269331831832	0	17.7104456046876	0
2.20974193693694	0	17.2341693883491	0
2.21679055555556	0	20.6417862239202	0
2.22383917417417	3.42945665001813	30.0757179231698	0
2.23088779279279	12.9615319070042	51.9619218074534	0
2.23793641141141	24.9741430416277	88.0101380691414	0
2.24498503003003	38.1490055297304	137.35716675285	0
2.25203364864865	40.2196632323369	153.774974608072	0
2.25908226726727	36.0427311291727	141.145642108354	0
2.26613088588589	33.0097195411532	127.708311445858	0
2.2731795045045	30.1285203098169	112.429661000929	0
2.28022812312312	27.3991194065801	105.644226449051	0
2.28727674174174	24.8215168314415	95.1722210488507	0
2.29432536036036	22.3957125844035	83.2872751482425	0
2.30137397897898	20.1217066654641	73.7360180517426	0
2.3084225975976	17.9994990746246	64.5755837791419	0.0517676653044658
2.31547121621622	16.0290898118849	55.7452085121636	0
2.32251983483483	14.210478877244	48.1955473861345	0
2.32956845345345	12.5436662707028	40.5256534410712	0
2.33661707207207	11.028651992261	36.505620341402	0
2.34366569069069	9.66543604191883	33.5011992922997	0
2.35071430930931	8.45401841967563	34.4986040501124	0
2.35776292792793	7.39439912553235	31.7446547394203	0
2.36481154654655	6.48657815948838	30.8655800541929	0
2.37186016516516	5.73055552154375	30.4622441304696	0
2.37890878378378	5.12633121169872	30.6730945544853	0
2.3859574024024	4.67390522995291	31.0013840164196	0
2.39300602102102	4.37327757630677	30.3020264070278	0
2.40005463963964	4.22444825075992	30.2335444562875	0
2.40710325825826	4.22678908341148	30.7414066728763	0
2.41415187687688	4.33548396584473	29.3578015983471	0
2.4212004954955	4.47662759375293	28.7319380622436	0
2.42824911411411	4.6433136429468	29.0470361258016	0
2.43529773273273	4.8355421134262	27.0132006925856	0
2.44234635135135	5.05331300519116	26.2245422882301	0
2.44939496996997	5.29662631824179	25.8066799575777	0
2.45644358858859	5.56548205257782	25.1044175698058	0
2.46349220720721	5.85988020819957	25.8990574833371	0
2.47054082582583	6.17982078510698	26.6347444729363	0
2.47758944444444	6.52530378329971	27.3441582407472	0
2.48463806306306	6.89632920277836	27.6675706793192	0
2.49168668168168	7.29289704354242	28.5878911206518	0
2.4987353003003	7.71500730559187	31.2236753781788	0
2.50578391891892	8.16265998892728	34.7523177100271	0
2.51283253753754	8.63585509354787	41.1811831371558	0
2.51988115615616	9.13459261945465	45.8956887671001	0
2.52692977477477	9.65887256664613	51.4106086676661	0
2.53397839339339	10.2085459140258	57.5138623308326	0
2.54102701201201	10.7589334394828	55.80697218443	0
2.54807563063063	11.2674564665923	56.9484552116451	0
2.55512424924925	11.7304309705751	60.145992757991	0
2.56217286786787	12.1478569514295	62.3953747017544	0
2.56922148648649	12.5197344091574	66.3393140934461	0
2.57627010510511	12.8460633437574	69.8799454777055	0
2.58331872372372	13.1272464694311	70.0317624270508	0
2.59036734234234	13.3959045914221	72.6082063701157	0
2.59741596096096	13.708176496244	77.6810253338847	0
2.60446457957958	14.0696075559253	76.6480846705434	0
2.6115131981982	14.4801977704643	78.0480528167845	0
2.61856181681682	14.9399471398632	77.3602211793075	0
2.62561043543544	15.44885566412	78.1381287414884	0
2.63265905405405	16.0069233432356	78.6770061326466	0
2.63970767267267	16.6141501772103	79.749347596346	0
2.64675629129129	17.2705361660434	80.3673190418169	0
2.65380490990991	17.976081309735	81.9489115456407	0
2.66085352852853	18.7307856082861	81.5063992268651	0
2.66790214714715	19.5346490616952	81.0718191859076	0
2.67495076576577	20.3876716699638	80.5675155370118	0
2.68199938438438	21.2898534330907	80.0537873379917	0
2.689048003003	22.2411943510758	78.4034335228507	0
2.69609662162162	23.2416944239207	74.5593107882872	0
2.70314524024024	24.2913536516231	70.2786880357425	1.62885326055133
2.71019385885886	25.3901720341857	67.3971293514195	4.01526904947147
2.71724247747748	26.5381495716051	64.2798999458308	7.1566947334764
2.7242910960961	27.7352862638845	60.2810826697766	9.90926116452431
2.73133971471471	28.9815821110236	57.8807030393176	11.2690497850826
2.73838833333333	30.2770371130192	59.4834692758326	13.2389150030779
2.74543695195195	31.6216512698761	62.4379863886299	14.8812494962586
2.75248557057057	33.015424581589	68.281429525278	16.1030540025022
2.75953418918919	34.4583570481617	75.4432424552297	14.8662055891851
2.76658280780781	35.9504486695946	84.8374831747563	11.1040609360792
2.77363142642643	37.4916994458836	94.4355771970142	3.8169758958972
2.78068004504505	39.0821093770334	103.197085413941	0
2.78772866366366	40.7216784630407	112.076110028379	0
2.79477728228228	42.4089632331842	122.461925670095	0
2.8018259009009	43.8714640272545	130.060803197368	0
2.80887451951952	44.5168871004255	132.839911019255	0
2.81592313813814	44.2674676790458	126.802604157974	0
2.82297175675676	43.123205763113	114.806161070926	0
2.83002037537538	41.0841013526329	96.328334750433	0
2.83706899399399	38.1501544475993	85.2772763775908	0
2.84411761261261	34.3213650480167	89.2372781258614	0
2.85116623123123	29.5977331538845	94.082055400335	0
2.85821484984985	23.4703480564752	93.1477187596345	0
2.86526346846847	15.1852277025224	78.2362491957347	0
2.87231208708709	18.3315438635822	75.7953665918515	0
2.87936070570571	28.9598953014358	79.0953125359531	0
2.88640932432432	38.9767233635493	77.2238507247223	0
2.89345794294294	47.0738733714479	76.4482773351006	0
2.90050656156156	53.2512253984033	89.4043752983877	1.0476701932228
2.90755518018018	57.5087794444167	111.407345299854	1.49211362453946
2.9146037987988	59.8465355094844	122.849537969604	4.35536007066569
2.92165241741742	60.2644935936116	127.046496029409	5.48124545907132
2.92870103603604	58.7674798873924	122.226407137312	8.92809991709272
2.93574965465465	55.6741809473077	112.396029874925	8.90060828628746
2.94279827327327	52.1655440724214	103.033978884664	9.5532482452913
2.94984689189189	48.8232979755002	98.1965287346624	10.0932252157868
2.95689551051051	45.6582129995579	95.2999268967283	9.09555986732177
2.96394412912913	42.6704241433141	86.5739125142608	10.0404528691917
2.97099274774775	39.8788423204608	81.3178726916004	10.7858642627042
2.97804136636637	37.3216695299044	76.9762329499573	10.1743515736874
2.98508998498499	35.0035079282888	72.7113156756148	8.86859239758015
2.9921386036036	32.9243575156136	70.3623261466987	7.73032744749223
2.99918722222222	31.0842182918778	68.1238107831091	5.60086668701448
3.00623584084084	29.4830902570818	65.8610197385424	1.40813300258511
3.01328445945946	28.1209734112254	66.1408756211997	0
3.02033307807808	26.9978677543094	64.624866193466	0
3.0273816966967	26.1137732863323	63.2717851116621	0
3.03443031531532	25.4686900072961	64.7474213621228	0
3.04147893393393	25.0626179172	64.3961568896588	0
3.04852755255255	24.8955570160429	65.597821474988	0
3.05557617117117	24.9675073038265	63.5065397366442	0
3.06262478978979	25.2784687805493	62.8667582887599	0
3.06967340840841	25.8284414462118	60.5477194032359	0
3.07672202702703	26.6174253008149	59.4364894485366	0.0118543216644032
3.08377064564565	27.6454203443571	59.2366810144618	2.98932231884863
3.09081926426426	28.9124265768392	58.2056672451298	5.19679158898494
3.09786788288288	30.4184439982625	57.5939662378252	7.97295990309647
3.1049165015015	32.1634726086241	59.2962502685004	9.06428430242509
3.11196512012012	34.1475124079266	63.098498049101	8.42545720234776
3.11901373873874	36.3705633961688	67.7338634826888	5.54489621407618
3.12606235735736	38.8326255733496	73.21328260575	3.08345666403232
3.13311097597598	41.5336989394722	79.4905308186957	0
3.14015959459459	44.4737834945329	89.5104464998007	0
3.14720821321321	47.6528792385356	98.1542048168445	0
3.15425683183183	51.0648626918119	110.554178904559	0
3.16130545045045	53.7761247479977	118.378604466997	0
3.16835406906907	53.6252006190862	112.119598845449	0
3.17540268768769	46.391858246656	114.15979957549	0
3.18245130630631	27.9456576801541	88.2228333328151	0
3.18949992492492	5.99833151903008	41.7798524012373	0
3.19654854354354	0	29.6980527657293	0
3.20359716216216	0	29.3252157878043	0
3.21064578078078	0	35.7993215320094	0
3.2176943993994	0	18.30957934462	0
3.22474301801802	0	11.1007967605578	0
3.23179163663664	0	3.16894813748143	0
3.23884025525526	0	0.264912140515651	0
3.24588887387387	0	1.1571459348506	0
3.25293749249249	0	6.14315173062636	0
3.25998611111111	0	14.2391721928485	0
3.26703472972973	0	31.4641858659852	0
3.27408334834835	0	60.4912593590128	0
3.28113196696697	5.76872663200915	75.6908436426232	0
3.28818058558559	10.9787400726559	74.7061815452604	0
3.2952292042042	14.3253175826339	65.4986018653758	0
3.30227782282282	16.5737678792338	65.991864142807	0
3.30932644144144	19.1795652574208	71.1178819885344	0
3.31637506006006	22.2423256968178	72.5130741687478	0
3.32342367867868	25.9703583677269	70.6518216204791	0
3.3304722972973	30.671769261296	66.1716316097521	0
3.33752091591592	34.9164984998766	60.4026665057724	3.8243278566728
3.34456953453453	38.5536234133283	59.9115372695044	15.7388114074153
3.35161815315315	41.5831440016549	61.9306533642516	23.7819969983298
3.35866677177177	44.0050602648556	65.2071591471334	27.5629715251468
3.36571539039039	45.8193722029279	68.991929709808	26.3903606843855
3.37276400900901	47.0260798158767	74.5026072390482	25.24150068156
3.37981262762763	47.6251831036946	79.1280660966954	23.7164455181904
3.38686124624625	47.6166820663882	81.4925820804854	21.6501397941197
3.39390986486486	47.0005767039554	81.3535299390142	20.1224272167773
3.40095848348348	45.776867016395	79.3045076407682	19.4769463135006
3.4080071021021	43.9455530037088	76.2621479252242	19.1845910733345
3.41505572072072	41.5279451756597	72.3855457992719	18.5549683254323
3.42210433933934	38.70286818474	67.9341822667028	17.4915871843064
3.42915295795796	35.5687716605953	64.3271577036516	15.5488972159011
3.43620157657658	32.3117575523425	59.0509642121284	13.6118022692326
3.4432501951952	29.1046756890368	56.5387406872684	10.4573043037987
3.45029881381381	25.9546697101734	52.5240878331032	7.12548897618871
3.45734743243243	23.0102516159422	48.6506749099295	1.83274013819524
3.46439605105105	20.6206491877402	44.7461631728989	0
3.47144466966967	18.8395050492128	40.0249802500095	0
3.47849328828829	17.5594620582496	36.4187663105601	0
3.48554190690691	16.4241134457108	32.3717649763092	0
3.49259052552553	15.3799220997792	29.8647688500749	0.943886431577902
3.49963914414414	14.4268880204547	28.1320594155	2.47259093910842
3.50668776276276	13.5650112077367	26.6287347999756	3.31069371279074
3.51373638138138	12.7942916616262	25.5126700422071	3.38588631527021
3.520785	12.1147293821223	24.4937161831141	1.86980466155146
3.52783361861862	11.5263243692255	22.7647250700246	0.580111873403442
3.53488223723724	11.0290766229361	21.8850583623454	0
3.54193085585586	10.6229861432532	21.7071903226902	0
3.54897947447447	10.3080529301776	21.2410884479083	0
3.55602809309309	10.0842769837086	21.5317255399982	0
3.56307671171171	9.95165830384731	21.6136155840793	0
3.57012533033033	9.91019689059202	22.1336244587482	0
3.57717394894895	9.95989274394426	21.9742855093028	0
3.58422256756757	10.1007458639037	22.3763084323759	0
3.59127118618619	10.3327562504696	22.8605763746921	0
3.5983198048048	10.655923903643	23.5779770975808	0
3.60536842342342	11.0715990412017	23.4358353176803	0
3.61241704204204	11.5901427499025	23.8012467271819	0
3.61946566066066	12.2104471662426	24.1814258288983	0
3.62651427927928	12.8704674671247	24.4487489835817	0
3.6335628978979	13.5330765764522	25.1973525601534	0
3.64061151651652	14.1977745475133	25.669389848651	0
3.64766013513514	14.8645613803093	26.7004557710288	0
3.65470875375375	15.5334370748383	27.2397690202905	0
3.66175737237237	16.2044016311022	27.8449496746464	1.03513920754758
3.66880599099099	16.8774550491005	28.8069633199511	1.41143436899564
3.67585460960961	17.5525973288322	30.0344371808272	1.67378985948143
3.68290322822823	18.2298284702983	31.3853387283132	1.10876537078325
3.68995184684685	18.9091484734986	33.5344992929041	0.464439712548031
3.69700046546547	19.5905573384324	36.8850184921394	0
3.70404908408408	20.2740550651012	40.134378781181	0
3.7110977027027	20.9596416535028	46.7927660234395	0
3.71814632132132	21.6367103815931	54.4053730016318	0
3.72519493993994	22.1071479185259	61.9483461451518	0
3.73224355855856	22.2271010406792	66.2087375576923	0
3.73929217717718	21.9975528353473	66.9310663033358	0
3.7463407957958	21.4185649760294	64.5904433371869	0
3.75338941441441	20.5709570781406	59.5244172504039	0
3.76043803303303	19.6945505068532	55.5313283543795	0
3.76748665165165	18.833622317479	50.7757002126223	0
3.77453527027027	17.9881725100192	46.2096323669184	0
3.78158388888889	17.1582010844728	42.2789536958907	0
3.78863250750751	16.3437080408391	39.4642994538584	0
3.79568112612613	15.5446933791207	36.1611523575874	0
3.80272974474474	14.7611570993151	34.4390873593673	0
3.80977836336336	13.9930992014229	31.9522518516608	0
3.81682698198198	13.2405196854449	30.4343554449195	0
3.8238756006006	12.5034185513794	28.607976006188	0
3.83092421921922	11.7817957992289	28.4987156580073	0
3.83797283783784	11.0756514289913	28.3520071660585	0
3.84502145645646	10.3849854406673	27.7946195980411	0
3.85207007507507	9.70979783425764	26.9456720739791	0
3.85911869369369	9.05008860976049	26.9323874500133	0
3.86616731231231	8.40585776717799	26.9960495269561	0
3.87321593093093	7.77710530650855	26.5578814156479	0
3.88026454954955	7.16383122775307	26.0809546195316	0
3.88731316816817	6.566035530911	26.1158383283923	0
3.89436178678679	5.9837182159824	25.8590696806432	0
3.90141040540541	5.41687928296775	25.3892396731558	0
3.90845902402402	4.86551873186649	25.1836814737937	0
3.91550764264264	4.32963656267923	24.7563955667026	0
3.92255626126126	3.80924324459411	25.3257252109846	0
3.92960487987988	3.31665857966126	24.525699653847	0
3.9366534984985	2.88801082961149	23.9033582417035	0
3.94370211711712	2.52988840767663	23.9081748509482	0
3.95075073573574	2.24229131385647	24.1091875780879	0
3.95779935435435	2.02521954815117	24.1204285119692	0
3.96484797297297	1.87867311056048	23.3307497578416	0
3.97189659159159	1.80265200108508	22.7334153773702	0
3.97894521021021	1.79715621972399	21.3856495797069	0
3.98599382882883	1.86218576647803	20.4044424581632	0
3.99304244744745	1.99774064134685	19.9675620493189	0
4.00009106606607	2.20382084433052	19.5221388000464	0
4.00713968468468	2.48042637542874	19.0425941487943	0
4.0141883033033	2.82755723464187	19.4185308142516	0
4.02123692192192	3.24521342197025	20.1515040621193	0
4.02828554054054	3.73339493741297	19.4286105782992	0
4.03533415915916	4.29210178097046	20.3269370681646	0
4.04238277777778	4.92133395264331	21.2016133156725	0
4.0494313963964	5.62109145243061	21.9441739029326	0
4.05648001501501	6.39137428033231	23.2432620705691	0
4.06352863363363	7.23218243634968	24.7349204317312	0
4.07057725225225	8.14351592048147	26.5951262576088	0
4.07762587087087	9.12537473272811	28.5109732542268	0
4.08467448948949	10.177758873089	30.9990839686986	0
4.09172310810811	11.3006683415658	32.982997602625	0
4.09877172672673	12.4941031381568	35.41343763823	0
4.10582034534535	13.7580632628622	37.6613638637993	0
4.11286896396396	15.0925487156834	39.0847173403009	0
4.11991758258258	16.4975594966188	41.6009398050804	0
4.1269662012012	17.9730956056683	44.0629422871029	0
4.13401481981982	19.5191570428347	47.2141644510668	0
4.14106343843844	21.1357438081145	50.7183432639539	0
4.14811205705706	22.8228559015093	54.1843349392063	0
4.15516067567568	24.5804933230174	57.7437078080617	0
4.16220929429429	26.4086560726435	63.537983471908	0
4.16925791291291	28.3073441503827	69.01465331955	0
4.17630653153153	30.2765575562354	75.2357613577453	0
4.18335515015015	32.3162962902055	81.8088322679776	0
4.19040376876877	34.4265603522892	87.023013486091	0
4.19745238738739	36.6073497424877	94.8183903353705	0
4.20450100600601	39.6692838045901	100.769755514468	0
4.21154962462462	43.140866357367	99.4217220583626	0
4.21859824324324	45.0586662064846	89.4128051031117	2.67491823354981
4.22564686186186	45.5575048386378	87.6083369533798	5.0252671191776
4.23269548048048	44.638609522349	81.6616665983011	7.27031089207785
4.2397440990991	42.3019802576136	73.2632981068153	7.19612651886928
4.24679271771772	38.5476170444291	66.5005770887065	8.07925547194142
4.25384133633634	33.3755198828013	59.4683542885841	6.92211533307953
4.26088995495495	26.7856887727271	51.7848884238808	3.45783572047604
4.26793857357357	18.7781237142061	45.9029939406005	0
4.27498719219219	9.35282470723876	46.6396814756637	0
4.28203581081081	0	51.4300358084339	0
4.28908442942943	0	60.6307139006236	0
4.29613304804805	0	37.3057459179021	0
4.30318166666667	0	17.4535979458592	0
4.31023028528528	0	16.0490228633916	0
4.3172789039039	0	19.5237287119111	0
4.32432752252252	0	31.4562029171824	0
4.33137614114114	11.075763699926	64.4094982283295	0
4.33842475975976	25.3626339453646	90.9992465443222	0
4.34547337837838	34.9567134652575	92.6203719866745	0
4.352521996997	41.8847181212093	88.8961707439258	5.30207499648028
4.35957061561562	47.6260250176104	88.113387328223	16.0852462509806
4.36661923423423	52.2518125552888	85.4357442261042	20.5611047203942
4.37366785285285	55.7620807342533	89.4044838561621	25.2473799835597
4.38071647147147	58.1568295545004	91.4479618120351	27.3408558562751
4.38776509009009	59.4360590160243	92.2396375297306	27.903537590292
4.39481370870871	59.5997691188356	90.669053869912	27.4554235827641
4.40186232732733	58.647959862926	89.4150852586428	26.8126544899219
4.40891094594595	56.5806312482991	87.6418494388565	23.9639531283823
4.41595956456456	53.3977832749511	85.2795279020063	21.0406827023424
4.42300818318318	49.0994159428903	81.2644437243527	17.783600736848
4.4300568018018	43.6855292521087	77.5902876169299	8.7927032881513
4.43710542042042	37.1561232026071	73.7969437018206	0
4.44415403903904	29.5111977943908	73.2468164796264	0
4.45120265765766	21.0053656440421	70.5441106982033	0
4.45825127627628	15.1123344313895	67.6259532933284	0
4.46529989489489	14.9440189318012	65.1146137803191	0
4.47234851351351	18.8418636729483	67.5562520642203	0
4.47939713213213	25.7975843235815	78.8277055507679	0
4.48644575075075	35.6714051496258	118.25726555583	0
4.49349436936937	42.5765101711931	168.370322272384	3.44816387570411
4.50054298798799	41.9132235989918	129.860559917744	7.5668274860067
4.50759160660661	39.5977195735761	95.1655243504261	6.96766515865133
4.51464022522523	36.4068747274114	83.3558138956057	6.4530306608401
4.52168884384384	32.3406890604891	80.3974789765839	2.49806869391839
4.52873746246246	27.3991625728182	75.1370224886877	0
4.53578608108108	21.5822952643921	68.2677166366148	0
4.5428346996997	14.8900871352124	59.3651197057462	0
4.54988331831832	7.34803263378535	51.112746324853	0
4.55693193693694	0.638214822520517	49.8278293762778	0
4.56398055555556	0	47.6301995761224	0
4.57102917417417	0	46.1822852148447	0
4.57807779279279	0	44.6637857205975	0
4.58512641141141	0	44.6828057524739	0
4.59217503003003	0	45.1384646214965	0
4.59922364864865	0	47.7438841687328	0
4.60627226726727	0	47.8845522565469	0
4.61332088588589	1.34413960305933	44.8903553064379	0
4.6203695045045	3.11412751568919	44.3486127494992	0
4.62741812312312	4.83749402160319	42.4109085596599	0
4.63446674174174	6.5142391208018	41.8635345547057	0
4.64151536036036	8.14436281328469	40.9716063222095	0
4.64856397897898	9.7278650990524	40.9032986755538	0
4.6556125975976	11.2647459781044	40.694466928771	0
4.66266121621622	12.7550054504402	40.071941266221	0
4.66970983483484	14.1986435160613	40.7581934147593	0
4.67675845345345	15.5956601749667	40.9604649687544	0
4.68380707207207	16.9460554271557	41.2851969787063	0
4.69085569069069	18.24982927263	41.5087045829577	0
4.69790430930931	19.5069817113888	41.6558161569412	0
4.70495292792793	20.7175127434309	41.9058612751941	0
4.71200154654655	21.8814223687591	42.134411713937	0
4.71905016516517	22.9987105873706	42.8273262292997	0
4.72609878378378	24.0693773992672	44.2962743809138	0
4.7331474024024	25.0934228044469	45.8034865782669	0
4.74019602102102	26.070846802913	47.4460037632343	0
4.74724463963964	27.0016493946623	48.1103689934373	0
4.75429325825826	27.8858305796953	49.6299959896822	0
4.76134187687688	28.7233903580148	50.5914681589198	0
4.7683904954955	29.5143287296176	51.1721745025503	0
4.77543911411411	30.2586456945053	53.1685154847434	0.419059206999097
4.78248773273273	30.9563412526755	53.5688219193923	1.08722883801357
4.78953635135135	31.6074154041324	54.0135861993343	3.02138139861129
4.79658496996997	32.2118681488736	54.0439988760508	3.91818397878274
4.80363358858859	32.7696994868974	54.729189301285	4.60917618969698
4.81068220720721	33.2809094182074	55.3746731424899	5.46745517573628
4.81773082582583	33.7454979428022	55.1664520517255	6.86539768416972
4.82477944444444	34.1634650606784	55.8012158058716	8.81199180058721
4.83182806306306	34.534810771843	55.4019466222034	9.77650602658102
4.83887668168168	34.8595350762904	55.60507678985	10.4539476538422
4.8459253003003	35.1376379740216	55.500026519104	11.3468127928789
4.85297391891892	35.3691194650365	55.0272208192275	11.5344807402078
4.86002253753754	35.5539795493383	55.4159126618574	12.2887320900481
4.86707115615616	35.6922182269235	55.5645271472062	11.5891407710719
4.87411977477477	35.783835497791	56.3153690200435	12.2505551323193
4.88116839339339	35.8288313619464	56.4428492101079	11.1320933090491
4.88821701201201	35.8272058193842	57.7960208276033	10.1340812761291
4.89526563063063	35.7789588701062	60.4506112721157	8.60831916259045
4.90231424924925	35.6840905141145	62.9437820889999	7.65586018440867
4.90936286786787	35.5426007514054	65.7525000752855	5.11016016497771
4.91641148648649	35.3544895819826	68.1773932512577	2.73380194701204
4.92346010510511	35.1197570058412	71.8929197743141	1.05695720077012
4.93050872372372	34.8384030229875	76.114239656419	0
4.93755734234234	34.5104276334168	80.4319721906146	0
4.94460596096096	34.1358308371288	84.8319184305334	0
4.95165457957958	33.754258686055	89.4691745576843	0
4.9587031981982	33.6316379076767	93.8366078587492	0
4.96575181681682	33.877327971257	98.0449316742311	0
4.97280043543544	34.4916659122095	102.071840926798	0
4.97984905405405	35.4746517305306	106.734006836567	0
4.98689767267267	36.82628542622	112.002772758752	0
4.99394629129129	38.5465895830318	117.376151917583	0
5.00099490990991	41.3742122736942	122.84582542728	0
5.00804352852853	47.9219922738294	128.074145945804	0
5.01509214714715	58.5676135653318	136.176658871191	0
5.02214076576577	71.8029178400055	148.845553548247	10.7542836611113
5.02918938438438	86.1392371373261	166.36144618801	23.7362470722195
5.036238003003	98.9300670084326	178.069005711415	43.8509504817646
5.04328662162162	109.619577628278	188.642779545258	56.9852395099988
5.05033524024024	118.205158295874	210.026690701887	62.9763643692107
5.05738385885886	120.369648840318	241.176098976471	51.9290661487276
5.06443247747748	105.238260270475	191.315709667427	23.9971347261368
5.0714810960961	83.6143546761552	163.32900077313	0
5.07852971471471	60.3589436736267	154.550485168732	0
5.08557833333333	35.8866344701344	127.243219054885	0
5.09262695195195	10.6684009212066	91.4714478520512	0
5.09967557057057	0	50.8859573674167	0
5.10672418918919	0	23.0327433158708	0
5.11377280780781	0	0.343795917823953	0
5.12082142642643	0	0	0
5.12787004504504	0	16.150685639377	0
5.13491866366366	0	64.7027833479391	0
5.14196728228228	30.6369617229862	208.915456309071	0
5.1490159009009	25.8971950864973	132.909695912149	0
5.15606451951952	9.59242687233418	91.4276453994403	0
5.16311313813814	0.870236271454619	61.344284407575	0
5.17016175675676	0	49.6449783471643	0
5.17721037537538	0	45.673181961265	0
5.18425899399399	2.30612849734294	42.3428681809419	0
5.19130761261261	4.93800797429637	42.748971427897	0
5.19835623123123	7.52602171158085	49.4235504567969	0
5.20540484984985	10.0701697091959	53.552047922382	0
5.21245346846847	12.7451258788316	58.202266900117	0
5.21950208708709	17.2267501574048	57.2760767516692	0
5.22655070570571	22.1861715047843	55.3155703645563	0
5.23359932432432	26.750506105021	51.4963528764105	0
5.24064794294294	30.6531472718058	50.9459627541475	0
5.24769656156156	33.8265982694725	52.3551888587943	0
5.25474518018018	36.2708590928994	57.3668965822612	0
5.2617937987988	37.9859297420795	65.6520837514447	3.18124686809059
5.26884241741742	38.9718102170149	72.7328326906149	2.23920437450342
5.27589103603604	39.2285005177038	76.0528204155063	4.01240054495739
5.28293965465465	38.7560006441533	77.1115513691782	5.77550428109395
5.28998827327327	37.5543105963555	76.8549972248545	7.45814080574671
5.29703689189189	35.6234303743131	71.7876385108725	9.05889109839404
5.30408551051051	33.0513986219893	67.5206508721356	8.33780440171781
5.31113412912913	30.3837747375263	63.7252495303829	7.91779871262215
5.31818274774775	27.8843954363779	59.8529558372145	7.66113343295917
5.32523136636637	25.5605198719508	56.4177928485379	7.38203737736662
5.33227998498498	23.4121480442507	52.7752381413107	4.13983476448716
5.3393286036036	21.4392799532713	47.5576688251152	0.458657417759154
5.34637722222222	19.6419155990146	45.5458203460496	0
5.35342584084084	18.0200549814828	43.702782131225	0
5.36047445945946	16.5736981006738	41.1644683143247	0
5.36752307807808	15.3019921068626	38.9594989370869	0
5.3745716966967	14.1629168216542	35.8794091534596	0
5.38162031531532	13.0961196314577	33.1264260218398	0
5.38866893393393	12.0969298687385	31.8607138796478	0
5.39571755255255	11.1653475334959	30.2551166769905	0
5.40276617117117	10.3013726257327	28.3656775169281	0
5.40981478978979	9.50500514544618	28.1695608543256	0
5.41686340840841	8.77624509263655	27.3351034628888	0
5.42391202702703	8.11509246730533	26.6593055941047	0
5.43096064564565	7.52154726945164	26.2500049192406	0
5.43800926426426	6.99560949907448	26.3218165183983	0
5.44505788288288	6.53727915617596	26.4292795106802	0
5.4521065015015	6.14655624075462	26.4767687820805	0
5.45915512012012	5.82344075281071	24.8159962105533	0
5.46620373873874	5.56793269234395	24.7270924690495	0
5.47325235735736	5.38003205935548	24.7791063236162	0
5.48030097597598	5.2597388538442	24.7888098898646	0
5.48734959459459	5.2070530758104	24.5033989459916	0
5.49439821321321	5.22197472525389	24.5121117400522	0
5.50144683183183	5.3045038021755	23.8087065450171	0
5.50849545045045	5.45464030657429	24.2100657809338	0
5.51554406906907	5.67238423845014	24.0248661221497	0
5.52259268768769	5.95773559780438	23.7925628842964	0
5.52964130630631	6.31069438463581	23.5131198886	0
5.53668992492493	6.73126059894446	23.4670986039562	0
5.54373854354354	7.21943424073096	23.5343394890043	0
5.55078716216216	7.77488351637029	24.5509368437118	0
5.55783578078078	8.34984999120055	25.4683501745289	0
5.5648843993994	8.84717472458195	27.3765936740002	0
5.57193301801802	9.25505439892947	28.0874416365533	0
5.57898163663664	9.5734890142435	29.0143733142552	0
5.58603025525526	9.8024785705225	28.5943779064603	0
5.59307887387387	9.94202306776892	27.7248896267772	0
5.60012749249249	9.99212250598121	27.0142516403151	0
5.60717611111111	9.95277688515944	26.3594677536347	0
5.61422472972973	9.82231992060475	27.0868518110383	0
5.62127334834835	9.51002537195872	27.2455256683082	0
5.62832196696697	8.9315275396203	25.8901056990124	0
5.63537058558559	8.25724812687245	25.3310367495638	0
5.6424192042042	7.54658792131339	24.9644537220965	0
5.64946782282282	6.79958954308609	24.8472559721139	0
5.65651644144144	6.01625299218997	25.0075587383846	0
5.66356506006006	5.19657826862578	24.7632623065092	0
5.67061367867868	4.34126972054723	24.2334890072997	0
5.6776622972973	3.48468988081138	23.7595615773612	0
5.68471091591592	2.67599647908498	23.6773137723214	0
5.69175953453453	1.9189723474562	23.4176419538753	0
5.69880815315315	1.21361748592487	23.0791351891224	0
5.70585677177177	0.559931894491158	22.544018872431	0
5.71290539039039	0	22.5717706476676	0
5.71995400900901	0	22.5905898883242	0
5.72700262762763	0	22.5209487761308	0
5.73405124624625	0	22.6142211464924	0
5.74109986486486	0	22.5532484649116	0
5.74814848348348	0	22.7302186466129	0
5.7551971021021	0	23.1211583240595	0
5.76224572072072	0	23.6127624917519	0
5.76929433933934	0	24.076366505638	0
5.77634295795796	0	24.5154529489582	0
5.78339157657658	0	24.4255939722038	0
5.7904401951952	0	23.4887802295153	0
5.79748881381381	0	23.3896237672487	0
5.80453743243243	0	23.7817830158921	0
5.81158605105105	0	24.1235574304892	0
5.81863466966967	0	24.4049775303837	0
5.82568328828829	0	24.6254223191583	0
5.83273190690691	0	24.7850083111565	0
5.83978052552553	0	24.7613967249383	0
5.84682914414414	0	24.6269609477996	0
5.85387776276276	0	24.3568131188759	0
5.86092638138138	0	24.0410772281694	0
5.867975	0	23.7344545088822	0
5.87502361861862	0.37225872933514	24.0206595108917	0
5.88207223723724	1.01030489033932	23.2538855194976	0
5.88912085585586	1.70002032144075	22.8939903486903	0
5.89616947447447	2.44140502264019	23.0982368901852	0
5.90321809309309	3.23445899393674	22.1757002228334	0
5.91026671171171	4.07918223533086	22.310877523552	0
5.91731533033033	4.97557474682249	22.0680172040495	0
5.92436394894895	5.92363652841196	21.7722408311855	0
5.93141256756757	6.9233675800986	21.9345518983075	0
5.93846118618619	7.97476790188234	21.4947902672995	0
5.9455098048048	9.07783749376456	21.887763648269	0
5.95255842342342	10.2325763557438	22.9437063316383	0.57492416286398
5.95960704204204	11.4389844878199	23.9886617719999	2.36874309356036
5.96665566066066	12.6970618899951	24.8617351122082	4.205937456293
5.97370427927928	14.0068085622669	26.2533104534551	5.79181472188863
5.9807528978979	15.368224504636	28.2228680358802	6.77378524946399
5.98780151651652	16.7813097171022	30.1646677383612	6.99622977990891
5.99485013513513	18.2460641996678	32.1220082576102	7.40640210483528
6.00189875375375	19.7624879523288	34.2174389902763	7.07790717627238
6.00894737237237	21.3305809750876	36.2558839025927	6.81096420756869
6.01599599099099	22.9503432679454	39.0536549525654	7.27561246025026
6.02304460960961	24.6217748308999	41.5002586773362	8.00307435374508
6.03009322822823	26.3448756639516	45.1501458984037	7.62238173101927
6.03714184684685	28.1196457671002	47.6528042912795	7.27078612828308
6.04419046546547	29.9460851403485	50.5276942167335	5.58960029163334
6.05123908408408	31.8241937836934	54.5146409019601	5.78691424934098
6.0582877027027	33.7539716971332	58.2577549432615	3.42993387821541
6.06533632132132	35.7354188806746	62.2099084186104	2.7300717097585
6.07238493993994	37.7685353343115	66.6774259627859	2.26372933394938
6.07943355855856	39.8533210580435	71.1244979950179	0.722338874762641
6.08648217717718	41.9897760518781	75.1582805327572	0
6.0935307957958	44.1779003158077	79.977580145903	0
6.10057941441441	46.4176938498346	84.9004749338628	0
6.10762803303303	48.7091566539567	89.8058091477339	0
6.11467665165165	51.0522887281821	94.5941552473686	0
6.12172527027027	53.4470900725018	99.5358191451	0
6.12877388888889	55.8935606869148	105.781123153852	0
6.13582250750751	58.604032650581	109.331105667868	0
6.14287112612613	62.3280818644644	107.685596635784	2.02037990644989
6.14991974474474	64.7675920123251	105.92032224619	13.7073835628468
6.15696836336336	65.5150731320845	103.814782666987	14.8768929343103
6.16401698198198	64.5632694032768	107.636367072471	16.0679170313573
6.1710656006006	61.6699201209314	107.323274141299	15.7804783090766
6.17811421921922	56.5415891293547	110.719383044889	12.3302302559431
6.18516283783784	49.1533928667316	111.727376675658	3.43694054632019
6.19221145645646	39.3872961782424	104.98690335603	0
6.19926007507507	27.1599181725123	91.4816853157121	0
6.20630869369369	12.7231192011429	72.7240053266946	0
6.21335731231231	0	46.5120922579762	0
6.22040593093093	0	34.7981253384765	0
6.22745454954955	0	33.2111668460547	0
6.23450316816817	0	44.1016951375286	0
6.24155178678679	0	67.6574714533356	0
6.2486004054054	30.9148136787648	120.309957141979	0
6.25564902402402	60.9452428793838	179.056329554857	0
6.26269764264264	49.7821790375691	158.93717954575	0
6.26974626126126	21.673630517423	140.067611373706	0
6.27679487987988	7.66543388400064	176.874275328311	0
6.2838434984985	0	45.814255223252	0
6.29089211711712	0	21.9478084473406	0
6.29794073573574	0	43.9841128634661	0
6.30498935435435	0	85.9005311748122	0
6.31203797297297	89.5297091938948	239.667291866043	0
6.31908659159159	190.369653097323	409.747911721507	19.6788701569785
6.32613521021021	189.549849242816	316.700785338001	24.3750736137473
6.33318382882883	114.546630692702	235.882098110874	4.95518797228842
6.34023244744745	31.4979795061959	125.172802074984	0
6.34728106606607	0	60.7130595856534	0
6.35432968468468	0	43.3881860355802	0
6.3613783033033	0	37.2320072013566	0
6.36842692192192	0	43.8753189235486	0
6.37547554054054	0	73.7714690334239	0
6.38252415915916	9.88955133034748	112.157326618972	0
6.38957277777778	50.2027533466999	206.305134986372	0
6.3966213963964	81.0821358590611	331.699312545726	0
6.40367001501501	65.4878221172255	217.007831240198	0
6.41071863363363	105.877876490417	254.180656371254	0
6.41776725225225	168.375250930334	358.900230738161	0
6.42481587087087	154.580579262457	342.651630395952	0
6.43186448948949	91.460998958129	233.434732205724	0
6.43891310810811	29.4456865083203	151.363251042081	0
6.44596172672673	0	99.0867540461104	0
6.45301034534535	0	85.9793780585256	0
6.46005896396396	0	81.1447423934128	0
6.46710758258258	0	94.3415725002158	0
6.4741562012012	30.9481791253586	134.521492216607	0
6.48120481981982	94.0948046535903	251.88723803171	0
6.48825343843844	131.921113884126	270.49949597909	0
6.49530205705706	117.410452305591	187.833455005147	0
6.50235067567568	65.7315068152737	190.341930035391	0
6.50939929429429	35.6786908933807	137.79997062478	0
6.51644791291291	18.9519120841153	98.4901354535364	0
6.52349653153153	6.84331340982496	66.7571275724229	0
6.53054515015015	0	59.2970381771327	0
6.53759376876877	0	56.3008854509704	0
6.54464238738739	0	62.5581457817891	0
6.55169100600601	4.45373182585092	69.495585041503	0
6.55873962462463	11.6944113217937	72.1361598376153	0
6.56578824324324	16.2952158909905	71.9480829437704	0
6.57283686186186	17.5341352214036	101.542097882761	0
6.57988548048048	15.3579370727177	103.345742029503	0
6.5869340990991	14.5676174528189	95.4905026395833	0
6.59398271771772	13.8031110661644	88.0548520516289	0
6.60103133633634	13.0644179127527	81.2321479505805	0
6.60807995495496	12.3515379925863	73.7754337655239	0
6.61512857357357	11.664471305663	66.5929711706985	0
6.62217719219219	11.0032178519837	61.4584075031516	0
6.62922581081081	10.3677776315494	55.1153574462966	0
6.63627442942943	9.75815064435818	50.168721219272	0
6.64332304804805	9.17433689041097	45.6620158510886	0
6.65037166666667	8.61633636970769	40.9408502930453	0
6.65742028528529	8.08414908224896	36.6692020817584	0
6.6644689039039	7.57777502803389	32.8860611865875	0
6.67151752252252	7.0972142070627	30.435960360933	0
6.67856614114114	6.64246661933558	27.2187536049104	0
6.68561475975976	6.21353226485278	26.819102352791	0
6.69266337837838	5.81041114361328	25.4284841277266	0
6.699711996997	5.43310325561864	25.9566462550004	0
6.70676061561562	5.08160860086735	26.3371193413999	0
6.71380923423423	4.75592717936065	27.7905277523248	0
6.72085785285285	4.45605899109693	27.7160934035472	0
6.72790647147147	4.18200403607816	29.7689208376168	0
6.73495509009009	3.93376231430299	31.6984710709892	0
6.74200370870871	3.71133382577185	34.3186598144172	0
6.74905232732733	3.51471857048482	36.3309444392456	0
6.75610094594595	3.34391654844158	37.6935733971421	0
6.76314956456456	3.19892775964263	38.9630121390438	0
6.77019818318318	3.07975220408727	40.8802897515651	0
6.7772468018018	2.98638988177631	42.2566656992783	0
6.78429542042042	2.91884079270906	41.5363571714308	0
6.79134403903904	2.87710493688591	40.3910395907546	0
6.79839265765766	2.86109861662498	38.8131316452484	0
6.80544127627628	2.86292135053719	40.1608312782464	0
6.8124898948949	2.86830128038836	41.8639633806979	0
6.81953851351351	2.87573899229285	42.2926134155364	0
6.82658713213213	2.88523448625029	40.3099603306072	0
6.83363575075075	2.89678776226067	39.4930435818878	0
6.84068436936937	2.91039882032385	39.7705885190732	0
6.84773298798799	2.92606766044058	38.7005968145318	0
6.85478160660661	2.94379428260994	39.3566456606503	0
6.86183022522523	2.96357868683211	38.0612414711733	0
6.86887884384384	2.98542087310808	39.2252878812768	0
6.87592746246246	3.00932084143619	40.5402242812827	0
6.88297608108108	3.03527859181776	38.5169422046693	0
6.8900246996997	3.06329412425252	38.2438954644882	0
6.89707331831832	3.09336743873981	36.5704891931928	0
6.90412193693694	3.12549853528044	38.1724241084539	0
6.91117055555556	3.15968741387398	39.6409738447796	0
6.91821917417417	3.19593407452067	39.0851579116214	0
6.92526779279279	3.23423851722017	38.1389579237906	0
6.93231641141141	3.27460074197276	39.0345355517606	0
6.93936503003003	3.31702074877856	41.0958058876229	0
6.94641364864865	3.3614985376371	46.9543606729959	0
6.95346226726727	3.40803410854867	48.3628388186503	0
6.96051088588589	3.45662746151358	50.9040167646684	0
6.9675595045045	3.50727859653103	54.6973839251753	0
6.97460812312312	3.5599875136021	58.0106030967522	0
6.98165674174174	3.6147542127255	64.5128265279839	0
6.98870536036036	3.67157869390236	71.677297007699	0
6.99575397897898	3.577320935886	77.0758219686954	0
7.0028025975976	0	36.473935359536	0
7.00985121621622	0	15.1420254715553	0
7.01689983483483	0	12.2522127225368	0
7.02394845345345	0	15.8777705322349	0
7.03099707207207	4.06412015458282	25.9822681242373	0
7.03804569069069	6.01968555442599	35.4533410653626	0
