phys	rec.rate	upper	lower
0.00497686486486486	7.7143106259736	268.933107359221	0
0.0149305945945946	7.71431062597358	268.933107359222	0
0.0248843243243243	7.71431062597361	268.933107359221	0
0.0348380540540541	7.71431062597358	268.933107359221	0
0.0447917837837838	7.71431062597356	268.933107359221	0
0.0547455135135135	7.71431062597363	268.933107359222	0
0.0646992432432432	7.71431062597359	268.933107359221	0
0.074652972972973	7.71431062597359	268.933107359221	0
0.0846067027027027	7.71431062597359	268.933107359221	0
0.0945604324324324	7.71431062597359	268.933107359222	0
0.104514162162162	7.71431062597359	268.933107359221	0
0.114467891891892	7.71431062597359	268.933107359221	0
0.124421621621622	7.7143106259736	268.933107359221	0
0.134375351351351	7.71431062597359	268.933107359221	0
0.144329081081081	7.71431062597361	268.933107359221	0
0.154282810810811	7.71431062597357	268.933107359221	0
0.164236540540541	7.71431062597358	268.933107359221	0
0.17419027027027	7.7143106259736	268.933107359221	0
0.184144	7.55355971077724	266.153514565288	0
0.19409772972973	5.92372062898288	249.521927419137	0
0.204051459459459	4.03574103646367	246.042901632114	0
0.214005189189189	2.26767172724851	223.364594627214	0
0.223958918918919	0.619512701337332	207.735336331545	0
0.233912648648649	0	183.517842765908	0
0.243866378378378	0	152.727155916788	0
0.253820108108108	0	129.983287256332	0
0.263773837837838	0	110.251941609744	0
0.273727567567568	0	91.625070253569	0
0.283681297297297	0	71.7603198409279	0
0.293635027027027	0	71.760319840928	0
0.303588756756757	0	71.7603198409279	0
0.313542486486486	0	75.8651293663294	0
0.323496216216216	0	75.8651293663302	0
0.333449945945946	0	80.2536983043166	0
0.343403675675676	0	80.4489873245545	0
0.353357405405405	0	89.0838886289971	0
0.363311135135135	0	91.7049767563053	0
0.373264864864865	0	92.2382863314451	0
0.383218594594595	0	96.1253023343957	0
0.393172324324324	0	97.9725482398383	0
0.403126054054054	0	97.9884002570285	0
0.413079783783784	0	97.9623447443143	0
0.423033513513513	0	95.329429683529	0
0.432987243243243	0	91.7049767563055	0
0.442940972972973	0	96.1108397303221	0
0.452894702702703	0	97.1350562072402	0
0.462848432432432	0	97.9856997440201	0
0.472802162162162	0	90.5085088635093	0
0.482755891891892	1.42394738011088	78.6482739665348	0
0.492709621621622	3.8149419050569	71.7603198409279	0
0.502663351351351	6.03909989562716	68.1697393594201	0
0.512617081081081	8.09642135182158	58.2953516738322	0
0.522570810810811	9.9869062736402	50.4305774600315	0
0.532524540540541	11.7105546610831	47.1446390252155	0
0.54247827027027	13.2673665141501	51.6469998782308	0
0.552432	14.6573418328413	63.5240339652545	0
0.56238572972973	15.8804806171568	72.1855981396782	0
0.57233945945946	16.9367828670964	75.7650795729435	0
0.582293189189189	17.8262485826603	76.2941638062553	0
0.592246918918919	18.5488777638484	75.7650795729435	0
0.602200648648649	19.0784139328497	69.5189078977305	0
0.612154378378378	19.2077397369998	63.0264538369975	0
0.622108108108108	18.9421391331354	58.1223909672672	0
0.632061837837838	18.4160114887665	51.546026893463	0
0.642015567567568	17.9172544041129	46.0173574665452	0
0.651969297297297	17.4905176980659	39.7460926060435	0
0.661923027027027	17.1358013706253	34.9610186539804	0
0.671876756756757	16.8531054217912	30.210352436782	0
0.681830486486486	16.6424298515636	27.2452189465715	0.2633812307745
0.691784216216216	16.5037746599424	25.2395297320565	1.61674184307424
0.701737945945946	16.4371398469277	25.8594861303756	4.4049930985374
0.711691675675676	16.4425254125195	25.9131411109128	3.21316135847874
0.721645405405405	16.5199313567178	26.6264147680703	2.01495307924357
0.731599135135135	16.6693576795225	27.9369627959754	1.50542819297613
0.741552864864865	16.8908043809337	28.7598134019337	0.387990346104556
0.751506594594595	17.1842714609514	30.9262550695812	0.0541467917379533
0.761460324324324	17.5497589195756	34.1618659691921	0.372255319997795
0.771414054054054	17.9872667568062	36.382235539961	0.219493895665517
0.781367783783784	18.4967949726433	38.5078186357995	0.614022821538866
0.791321513513513	19.0783435670868	42.0840950652814	1.51583462349777
0.801275243243243	19.731912540137	45.9739660128719	2.08034137373827
0.811228972972973	20.4575018917935	53.4016394048139	3.41852461372552
0.821182702702703	21.2551116220564	55.8542894724511	4.18051257080677
0.831136432432432	21.9358112955195	59.0953475275456	5.11647227720993
0.841090162162162	21.8511337554381	52.4606370509349	4.94853793945228
0.851043891891892	21.4861464009976	45.4525978134581	5.94474473163686
0.860997621621622	20.9801697051659	38.3946860350767	6.34758280868794
0.870951351351351	20.3332036679428	35.9018251056295	6.77638632812277
0.880905081081081	19.5452482893282	33.8568039012344	6.79109502562164
0.890858810810811	18.6163035693225	30.7346487046961	5.534808674302
0.90081254054054	17.5463695079253	29.4981812476423	4.03774762551025
0.91076627027027	16.3358269550804	28.522750972854	1.13148819167285
0.92072	15.009714447447	28.75597461983	0
0.93067372972973	13.6081547177583	28.3240817518455	0
0.940627459459459	12.1347573403316	27.3632114810041	0
0.950581189189189	10.6010910988357	25.9740589913688	0
0.960534918918919	9.0661139638387	25.926111905523	0
0.970488648648649	7.54855997106019	25.1591292975511	0
0.980442378378378	6.05370236770583	27.5647098150578	0
0.990396108108108	4.66413931923378	32.1840326866215	0
1.00034983783784	3.71321125098061	35.269261885957	0
1.01030356756757	3.74174803088534	37.4099810037398	0
1.0202572972973	4.65986010692129	39.9580714578135	0
1.03021102702703	5.88682044909007	43.4010774428055	0
1.04016475675676	7.24845776291627	43.2811045840724	0
1.05011848648649	8.74473777066014	44.2545158441136	0
1.06007221621622	10.3756604723216	46.2216849686545	0
1.07002594594595	12.1412258679009	46.3084794074058	0
1.07997967567568	14.0414339573978	46.4441136142401	0
1.08993340540541	16.0762847408122	45.4552296348233	0
1.09988713513514	18.2457782181446	48.3920610564887	0
1.10984086486486	20.5499143893945	47.9057557521798	1.95188290732619
1.11979459459459	22.9886932545618	48.6023217229015	5.11549845597266
1.12974832432432	25.5621053215407	55.1881255283276	7.86240778506095
1.13970205405405	28.1751258806927	66.2213710144243	9.66164716343881
1.14965578378378	30.3779401098317	74.6313271979857	10.7141628454328
1.15960951351351	31.9342130563371	81.2076488183419	11.8415053230374
1.16956324324324	32.833351097181	80.9516996144529	10.6886190342661
1.17951697297297	33.075354232364	77.7100318390479	6.17556733326345
1.1894707027027	32.6602224618857	68.6470357460674	0
1.19942443243243	31.5879557857457	59.2473247976665	0
1.20937816216216	29.8585542039449	55.976151166128	0
1.21933189189189	27.4720177164827	57.4276046149579	0
1.22928562162162	24.5228182736468	57.8497015908858	0
1.23923935135135	21.7642559089047	57.0045092599202	0
1.24919308108108	19.5567934302557	55.3173764609459	0
1.25914681081081	18.3990729521773	53.5649397144907	0
1.26910054054054	18.5697394339443	49.7885822233673	0
1.27905427027027	18.7983076389296	47.6626779811099	0
1.289008	19.0448934821363	44.8803380421066	0
1.29896172972973	19.309496963565	43.1065650224484	0
1.30891545945946	19.5921180832156	40.6905804861902	0
1.31886918918919	19.8927568410876	39.4798280809028	0
1.32882291891892	20.2114132371816	38.2049354209899	0
1.33877664864865	20.5480872714974	36.7211401394931	0
1.34873037837838	20.9027789440348	35.8029320064655	1.26437936256259
1.35868410810811	21.2754882547942	35.0548142353414	7.00830414576863
1.36863783783784	21.6662152037752	35.1516261842555	9.47937768838765
1.37859156756757	22.074959790978	34.7866066824945	9.39187033106517
1.3885452972973	22.5017220164027	34.6257173480654	9.1290779622849
1.39849902702703	22.9465018800491	35.0555017007832	8.27008339170373
1.40845275675676	23.4092993819173	37.2908983079897	8.00616116412333
1.41840648648649	23.8901145220072	41.3313680572494	8.13775977790046
1.42836021621622	24.3889473003185	45.0151106168689	8.42395956773601
1.43831394594595	24.9057977168524	48.6817513072914	8.64331539061181
1.44826767567568	25.4406657716076	51.7647573605595	9.16664443361477
1.45822140540541	25.9935514645846	54.6984665469613	9.87299864720026
1.46817513513514	26.5644547957834	57.3164219006707	10.6817731984783
1.47812886486486	27.1533757652037	59.4070745786424	11.0746806611866
1.48808259459459	27.7603143728459	61.0848274681494	11.3261301517797
1.49803632432432	28.3852706187105	62.2291461144911	12.1653636263694
1.50799005405405	29.028244502796	63.3509509440934	12.7830969903091
1.51794378378378	29.6892360251038	64.3837102926172	12.6017298784789
1.52789751351351	30.3682451856334	64.4180837934873	12.4571171397743
1.53785124324324	31.0652719843844	64.1046894468154	12.4989605774048
1.54780497297297	31.7803164213571	63.2614274574411	12.3785746031281
1.5577587027027	32.5133784965522	62.1606561567144	11.5878870061956
1.56771243243243	33.2644582099687	61.3873798967591	10.9194340922004
1.57766616216216	34.0243127927243	61.5843506633329	10.798163543797
1.58761989189189	34.6743745674262	59.7044651021548	10.5485135688113
1.59757362162162	35.1325137092869	59.118186941414	10.0430599202925
1.60752735135135	35.396276447116	57.4573217300687	10.3526192830583
1.61748108108108	35.3674850011443	55.7944554315227	9.77702886029406
1.62743481081081	34.855241546969	57.877770859806	9.75706691306464
1.63738854054054	33.8363001863982	60.3707311068083	9.25952488100673
1.64734227027027	32.1405692399151	58.1308798089967	9.06459545089048
1.657296	30.3009714038005	52.6006610659348	7.32307763856107
1.66724972972973	28.6517071589078	48.4173466775115	5.97459062049578
1.67720345945946	27.1927765052378	46.2643646524682	4.43332009279161
1.68715718918919	25.9241794427893	42.5271590225752	3.75870167155895
1.69711091891892	24.8459159715633	40.4641742393082	2.1039164214411
1.70706464864865	23.9579860915587	37.7919586981854	4.81189084507055
1.71701837837838	23.2603898027764	36.4548256705803	4.57514487812421
1.72697210810811	22.7531271052157	35.320439295766	4.87552852370076
1.73692583783784	22.4361979988779	34.9107689247161	4.37973288340789
1.74687956756757	22.3096024837617	34.8666997113358	4.26834276772493
1.7568332972973	22.3733405598672	34.5037938305082	4.99718902785787
1.76678702702703	22.6274122271951	34.595218501935	6.01544303422485
1.77674075675676	23.0718174857449	34.1254340006629	7.85169280106724
1.78669448648649	23.7065563355165	34.4547688722456	9.55085150859265
1.79664821621622	24.5316287765103	34.8438327790993	11.9090919095947
1.80660194594595	25.5470348087263	36.5062569047586	13.6624299482497
1.81655567567568	26.7527744321642	39.4114283734614	14.572509463081
1.82650940540541	28.1488476468239	44.5819461479015	15.2988431309312
1.83646313513514	29.7352544527058	49.1276509712274	15.8411734287992
1.84641686486486	31.51199484981	53.8800133831807	15.4213425560987
1.85637059459459	33.4790688381353	60.4362757320855	14.0469819864786
1.86632432432432	35.6364764176833	66.1836313116387	12.6522776827677
1.87627805405405	37.9842175884536	76.1096290010364	11.9947396919757
1.88623178378378	40.4795957040745	86.3404050155019	11.6956676121736
1.89618551351351	42.4371238711073	83.3563970660112	13.2818677143747
1.90613924324324	43.8935700925204	81.7888238127852	18.1615264104075
1.91609297297297	45.2273974024682	80.3207882229635	20.7339906203902
1.9260467027027	46.44340316147	80.1962062811491	20.6874548425289
1.93600043243243	47.529377831478	85.4033544203168	20.3994397062796
1.94595416216216	48.4003988137628	85.5171489036444	18.4397007709498
1.95590789189189	49.0203876694001	88.9428460940765	16.3694306009126
1.96586162162162	49.3892126597624	92.7591927062929	14.2160227202508
1.97581535135135	49.5067359487567	93.0097862393232	10.6700554746709
1.98576908108108	49.3573527819501	93.2345177455589	2.98959868288818
1.99572281081081	48.911317243367	92.1339056629504	0
2.00567654054054	48.1652887097326	92.507162210939	0
2.01563027027027	47.1192671810459	93.4066429987165	0
2.025584	45.7732526573076	91.3463610373495	0
2.03553772972973	44.1272451385181	90.2185728978171	0
2.04549145945946	42.1812446246775	85.4092112430977	0
2.05544518918919	39.9352511157845	81.7496130704659	0
2.06539891891892	37.38926461184	76.1592435319527	0
2.07535264864865	34.5432851128438	69.913312709959	0
2.08530637837838	31.3973126187961	62.5092280974461	0
2.09526010810811	27.9513471296971	53.7985112462987	0
2.10521383783784	24.2053886455461	45.5592887873959	0
2.11516756756757	20.1594371663438	36.0908245700206	0
2.1251212972973	15.8134926920896	29.3152259715958	0
2.13507502702703	11.1675552227837	26.4920983767029	0
2.14502875675676	6.22162475842658	28.1316387507482	0
2.15498248648649	0.975701299017619	29.8456370744979	0
2.16493621621622	0	35.8682774642291	0
2.17488994594595	0	50.7501935498833	0
2.18484367567568	0	64.4377805170344	0
2.19479740540541	0	77.646945450159	0
2.20475113513513	0	94.1581839111204	0
2.21470486486486	0	110.558943282347	0
2.22465859459459	0	122.09646671127	0
2.23461232432432	0	143.847016235125	0
2.24456605405405	73.6446498504753	239.806059054881	0
2.25451978378378	60.4977492398921	188.051657309804	2.68734270145734
2.26447351351351	41.833278149047	113.670654005183	9.50695015863519
2.27442724324324	27.4690099897088	82.9898481264538	0
2.28438097297297	17.3275216138128	68.0192629258093	0
2.2943347027027	11.3875119402565	55.6511627978364	0
2.30428843243243	8.59781526268691	45.2836165582437	0
2.31424216216216	7.44770800672549	41.0616943278856	0
2.32419589189189	7.82017058233353	39.1966984339894	0
2.33414962162162	9.46450967986863	38.478255031589	0
2.34410335135135	11.3055467922961	40.808348260492	0
2.35405708108108	13.0550978234969	42.0418303363142	0
2.36401081081081	14.7131594004597	44.9893187567158	0
2.37396454054054	16.2797315231843	44.6055972076278	0
2.38391827027027	17.7548141916707	43.071072792179	0
2.393872	19.1384074059188	56.2487516427713	0
2.40382572972973	20.4305111659286	82.4275059345078	0
2.41377945945946	20.91736236346	109.606175599376	0
2.42373318918919	11.9557102702851	107.054108557278	0
2.43368691891892	10.4579696547221	105.54623459966	0
2.44364064864865	13.6936815337103	97.7561093827572	0
2.45359437837838	18.3602636383052	103.300958551088	0
2.46354810810811	24.3854628398017	101.025805097753	0
2.47350183783784	30.5526855056731	94.1318121867838	0
2.48345556756757	35.850880132283	92.1801664487509	0
2.4934092972973	40.2493438681407	92.1167794026403	1.08042989700884
2.50336302702703	43.7480767132465	91.538990331423	6.04216471126233
2.51331675675676	46.3470786676	95.6859428267063	6.76252391620281
2.52327048648649	48.0463497312019	96.8605672398351	9.42022196966593
2.53322421621622	48.8458899040514	95.2154306305648	9.56727469533745
2.54317794594595	48.7456991861488	92.3284512871826	9.48397458772122
2.55313167567568	47.7457775774945	85.6916716718883	5.44091456658981
2.56308540540541	45.8461250780878	81.9966682559209	0
2.57303913513513	43.0467416879291	83.1055138466268	0
2.58299286486487	39.347627407018	93.0199640081673	0
2.59294659459459	34.5251402937939	93.1098263045028	0
2.60290032432432	28.8184323036105	91.2203685910912	0
2.61285405405405	24.2374700415431	84.1350489064058	0
2.62280778378378	20.5831237884873	75.4170797794204	0
2.63276151351351	17.8112114970284	68.7445456636764	0
2.64271524324324	15.9261250713465	58.7842060357778	0
2.65266897297297	14.9742920500848	51.8095546702761	0
2.6626227027027	14.797358451424	50.1684400490357	0
2.67257643243243	15.2060295373289	48.9262402284787	0
2.68253016216216	16.1925217198979	48.0239252003721	0
2.69248389189189	17.7568349991323	48.0782590684027	0
2.70243762162162	19.8989693750319	46.9303569088875	0
2.71239135135135	22.6189248475953	47.4972355931187	0
2.72234508108108	25.9167014168248	50.1120301949351	0
2.73229881081081	29.7922990827182	56.307698058348	0
2.74225254054054	34.243319749545	62.1512013224162	0.933381656155026
2.75220627027027	39.1395684278367	65.153395011442	4.73050234111299
2.76216	43.6982390702596	66.8242223673999	15.246276147648
2.77211372972973	47.4343671769746	67.9704177447173	21.3660842955365
2.78206745945946	50.3383420260971	71.0732753357124	24.9902793218848
2.79202118918919	52.4101636176331	71.9782393130012	27.4530045111496
2.80197491891892	53.6498319515812	73.3125798614633	27.6738564934611
2.81192864864865	54.0573470279379	74.1007743487504	27.4539228047759
2.82188237837838	53.6327088467089	73.9280229818671	27.4575746027307
2.83183610810811	52.3759174078884	72.0011078314125	26.9714431639943
2.84178983783784	50.2869727114801	70.2812510009409	25.5679125561308
2.85174356756757	47.3658747574846	68.2908634184513	23.6863171766121
2.8616972972973	43.6126235458985	64.1929127890028	20.423468628338
2.87165102702703	39.0272190767243	61.2949577267679	16.1948624751803
2.88160475675676	33.5422797837945	55.9841007142364	13.8068779735666
2.89155848648649	27.6932470409302	48.2203133196977	8.46636539176752
2.90151221621622	22.1638975083336	41.9752308671452	3.00941609393429
2.91146594594595	16.9689058058468	35.7169908180487	0
2.92141967567568	12.1082719334694	32.3802065100939	0
2.93137340540541	7.58199589120083	28.1491779646195	0
2.94132713513514	3.39007767904145	25.1183527458019	0
2.95128086486486	0	22.0192966396294	0
2.96123459459459	0	19.316970562201	0
2.97118832432432	0	18.2801453913953	0
2.98114205405405	0	18.7948503692968	0
2.99109578378378	0	16.6836158249628	0
3.00104951351351	0	14.8734187235982	0
3.01100324324324	0	14.36142267152	0
3.02095697297297	0	14.5225956052964	0
3.0309107027027	0	15.9949793803004	0
3.04086443243243	5.43872611463434	19.2258400189293	0
3.05081816216216	12.4373960602303	25.3867510018043	0
3.06077189189189	18.7243872916495	34.5424484561779	2.1845608807918
3.07072562162162	24.1380181942419	43.6821440916518	7.25794834076109
3.08067935135135	28.6782887680094	49.2035975495052	11.0373684135585
3.09063308108108	32.3451990129499	51.7550529622636	14.5115515364597
3.10058681081081	35.1387489290647	52.3520051589143	16.6193982666954
3.11054054054054	37.0589385163552	55.3660252686817	18.3284926261635
3.12049427027027	38.1291100300282	60.8154130885693	17.241068663344
3.130448	38.4994867755564	63.6340690727766	15.6178565343314
3.14040172972973	38.3017095273168	67.5926707149612	14.0666029683292
3.15035545945946	38.4182896112235	71.0684322962048	0.83966595946504
3.16030918918919	39.665814499833	76.1255649818048	0
3.17026291891892	41.7491844844317	79.2058586163	0
3.18021664864865	43.136895912047	84.8284232231441	0
3.19017037837838	43.7434367009342	89.7641945727158	0
3.20012410810811	43.568806851096	90.3794690597379	0
3.21007783783784	42.61300636253	90.2331958835579	0
3.22003156756757	40.8760352352375	87.4851629112066	0
3.2299852972973	38.3578934692193	81.7601653548498	0
3.23993902702703	35.0585810644727	71.5980106769599	0
3.24989275675676	30.9780980210008	62.0859206535086	0
3.25984648648649	26.1164443388008	48.9386302340017	0
3.26980021621622	20.4736200178753	48.6757739327492	0
3.27975394594595	14.049625058222	54.328785356265	0
3.28970767567568	6.84445945984243	67.1381404189639	0
3.29966140540541	0	79.6284335754133	0
3.30961513513514	0	103.195930242923	0
3.31956886486486	0	123.738911438775	0
3.32952259459459	0	152.795100107038	0
3.33947632432432	0	139.162221546408	0
3.34943005405405	0	101.921063363645	0
3.35938378378378	0	85.2063492400866	0
3.36933751351351	11.3925428271005	99.7631344244742	0
3.37929124324324	11.6886743420247	120.572748454618	0
3.38924497297297	67.9746908092058	140.624583626085	0
3.3991987027027	145.573886987252	489.848898198092	37.1952371294584
3.40915243243243	187.831205856811	441.764239620247	79.3178402135569
3.41910616216216	213.066016849557	333.17311409423	0
3.42905989189189	304.36124527747	638.909718603229	149.894485834648
3.43901362162162	320.647203193088	640.375198799338	160.379857323177
3.44896735135135	105.231244097913	264.158137065072	0
3.45892108108108	0	143.318246406105	0
3.46887481081081	13.4313612408521	220.788688368896	0
3.47882854054054	59.8053918474041	179.746705959926	0
3.48878227027027	88.6284016439509	149.462865672944	42.7606832528581
3.498736	107.123409710533	203.395895206107	40.4639038204633
3.50868972972973	115.290535637833	254.791249086408	37.4995420527681
3.51864345945946	113.129779425848	264.556067763552	27.8796154352308
3.52859718918919	100.78337994181	237.217060808998	19.5123827807287
3.53855091891892	84.6530264344144	193.247881596782	0
3.54850464864865	70.0065208949828	146.595453314908	0
3.55845837837838	56.3329087249486	124.348966509226	0
3.56841210810811	43.6342484838527	108.24416991128	0
3.57836583783784	33.0492908846533	97.1419084444182	0
3.58831956756757	27.6052447058695	81.8824307827315	0
3.5982732972973	27.7995680008786	80.4888394889478	0
3.60822702702703	33.6322607696828	132.051357837876	0
3.61818075675676	45.1033230122803	208.824824688936	0
3.62813448648649	57.3279659080608	272.149940630611	0
3.63808821621622	49.7431919293856	169.296663250512	0
3.64804194594595	46.4482446751687	158.002281392423	0
3.65799567567568	31.4147250527365	133.402098179507	0
3.66794940540541	3.83555354968856	79.9346249832552	0
3.67790313513513	0	39.7363846916915	0
3.68785686486487	0	33.7320731426811	0
3.69781059459459	0	34.2754064687582	0
3.70776432432432	0	36.0823629594357	0
3.71771805405405	10.4852249541674	58.4338590077031	0
3.72767178378378	17.3283011123195	65.8850120739974	0
3.73762551351351	18.8180351383718	66.0767173718669	0
3.74757924324324	17.4527196143354	59.0490923895978	0
3.75753297297297	13.9514824531619	47.2059995415484	0
3.7674867027027	9.94331322130715	44.3192939727197	0
3.77744043243243	6.03059314098578	40.3783857402866	0
3.78739416216216	2.24221786767928	32.3873056941646	0
3.79734789189189	0	26.1749122168798	0
3.80730162162162	0	20.0177846827851	0
3.81725535135135	0	15.6270531315099	0
3.82720908108108	0	14.7785278150542	0
3.83716281081081	0	15.6980366611024	0
3.84711654054054	0	16.7272096825528	0
3.85707027027027	0	17.2125036100857	0
3.867024	0	16.9771434885793	0
3.87697772972973	0	18.350625490046	0
3.88693145945946	0	20.0717416732671	0
3.89688518918919	3.10152436643397	23.8443790774037	0
3.90683891891892	7.0434023993758	27.0670330376676	0
3.91679264864865	11.6262960070328	28.9132782374721	0
3.92674637837838	16.8502051894044	33.6962054094005	0
3.93670010810811	22.667571930914	46.749840871192	6.65080431678973
3.94665383783784	28.8404086825631	57.1586883395459	12.4847174491565
3.95660756756757	35.2944261093012	69.4949082858685	16.5906104058389
3.9665612972973	42.0295994909759	78.3671246428509	19.9413374269266
3.97651502702703	49.045928827582	95.4025234112254	18.9250950125153
3.98646875675676	56.3434141191254	121.883478297333	17.7369446201582
3.99642248648649	62.4342631175443	130.199892451091	24.4707130194616
4.00637621621622	63.1855985881052	129.014902693369	27.8370333017546
4.01632994594595	59.7517549668417	105.904607476731	31.5584778686426
4.02628367567568	55.2124548157734	87.9816484791845	32.7807179708905
4.03623740540541	49.8966875893283	72.4074221152965	32.4555321642478
4.04619113513514	43.8044532875046	63.8266610666275	28.2546320499873
4.05614486486486	36.9357519103042	58.3287465455255	14.2939318543956
4.06609859459459	29.2905834577259	47.4213791786521	1.26664726630649
4.07605232432432	20.868947929769	34.1011664397893	0
4.08600605405405	11.6708453264354	28.9976645023066	0
4.09595978378378	1.69627564772313	23.1236991100765	0
4.10591351351351	0	17.7288000084424	0
4.11586724324324	0	14.1484281278115	0
4.12582097297297	0	12.214166702267	0
4.1357747027027	0	11.8184825532202	0
4.14572843243243	0	11.947562977061	0
4.15568216216216	0	15.8259365504721	0
4.16563589189189	1.20147540231366	25.2593220895556	0
4.17558962162162	15.0159643155535	44.2319363397426	0
4.18554335135135	31.3544077075389	72.8659765036008	5.48577982959759
4.19549708108108	47.1786426110702	95.8231003868131	9.23391389130044
4.20545081081081	55.9330360595975	103.86204536502	12.1717066386888
4.21540454054054	54.5443296139591	98.4165255697342	15.6754162135335
4.22535827027027	46.6365419741393	87.4874942051934	0
4.235312	40.5364369759723	76.5298133461046	0
4.24526572972973	35.8015712253794	64.1981918239281	0
4.25521945945946	31.1273507888234	59.0620358348318	0
4.26517318918919	26.4776514880417	54.9233304556604	0
4.27512691891892	21.852473323033	49.7292471433227	0
4.28508064864865	17.2518162937978	43.9420288207513	0
4.29503437837838	12.6756804003353	37.3421518149789	0
4.30498810810811	8.12406564264604	28.3004690666683	0
4.31494183783784	3.59697202072992	24.0594157625997	0
4.32489556756757	0	20.7411469880512	0
4.3348492972973	0	19.5588820778055	0
4.34480302702703	0	19.227288501012	0
4.35475675675676	0	23.5999103151359	0
4.36471048648649	0	31.5947786920273	0
4.37466421621622	0	30.947269176257	0
4.38461794594595	0	6.41265436511697	0
4.39457167567568	0	0	0
4.4045254054054	0	0	0
4.41447913513514	0	10.037271259322	0
4.42443286486487	2.15520275001406	25.9603214795234	0
4.43438659459459	18.6696048406419	44.0471089388559	0
4.44434032432432	32.8408112337977	57.369676424389	9.91918856835512
4.45429405405405	44.1455154789834	72.2868067553443	15.2002454293558
4.46424778378378	51.6683457069561	95.3340773233828	20.841641248553
4.47420151351351	50.0434079008819	98.2874608187332	24.1035735093993
4.48415524324324	37.2652101277966	69.7378137595797	8.5853560175069
4.49410897297297	25.6396774256443	48.9035968286329	0
4.5040627027027	20.5636890831659	40.4591765650912	0
4.51401643243243	17.6259873361647	38.6002519146209	0
4.52397016216216	14.8528064263668	40.736820858483	0
4.53392389189189	12.2367551321932	43.4655359584512	0
4.54387762162162	9.79486323639472	61.8568811509988	0
4.55383135135135	7.4590593006892	50.1490808091648	0
4.56378508108108	3.37658077915234	38.3264338627852	0
4.57373881081081	0	62.9123406816946	0
4.58369254054054	0	85.9354644317241	0
4.59364627027027	0	66.1162824493917	0
4.6036	0	62.4230614594199	0
4.61355372972973	0	58.0599200177427	0
4.62350745945946	0	55.0202134332263	0
4.63346118918919	0	51.8864985624736	0
4.64341491891892	0	48.468849586499	0
4.65336864864865	0	45.0007576083499	0
4.66332237837838	0	41.7620237539572	0
4.67327610810811	0	38.6148033062746	0
4.68322983783784	0	35.5590962652927	0
4.69318356756757	0	32.0763731404306	0
4.7031372972973	0.276874412317187	29.720146276564	0
4.71309102702703	1.18773477295315	26.9405700632242	0
4.72304475675676	2.0758990630442	24.8955850767332	0
4.73299848648649	2.94136728259073	24.0995377832861	0
4.74295221621622	3.78413943159212	22.9301535633542	0
4.75290594594595	4.60421551004901	22.0926747424238	0
4.76285967567568	5.40159551796081	21.5236978204004	0
4.7728134054054	6.17627945532816	22.4154279408296	0
4.78276713513513	6.92826732215027	23.4891801041047	0
4.79272086486487	7.65755911842783	24.2439782658107	0
4.80267459459459	8.3641548441607	24.9975964335317	0
4.81262832432432	9.04805449934837	25.8693799165478	0
4.82258205405405	9.70925808399178	26.4420262628063	0
4.83253578378378	10.34776559809	27.8213442299484	0
4.84248951351351	10.9635770416432	28.2806503366928	0
4.85244324324324	11.5566924146524	29.5705047890222	0
4.86239697297297	12.1271117171159	30.8839579680368	0
4.8723507027027	12.6748349490355	31.3755148131537	0
4.88230443243243	13.1998621104093	31.5626794791835	0
4.89225816216216	13.7021932012388	32.5645282284428	0
4.90221189189189	14.1818282215239	34.1533917286661	0
4.91216562162162	14.6387671712635	34.5388098318648	0
4.92211935135135	15.0730100504587	34.7832455990748	0
4.93207308108108	15.4845568591087	36.6817564599616	0
4.94202681081081	15.8734075972143	37.1744476300908	0
4.95198054054054	16.2395622647752	38.1808328190462	0
4.96193427027027	16.5830208617911	39.6811812525925	0
4.971888	16.9037833882617	40.5185152896334	0
4.98184172972973	17.2018498441881	42.1175425874556	0
4.99179545945946	17.4772202295698	43.2194509052566	0
5.00174918918919	17.7298945444063	44.0355889126572	0
5.01170291891892	17.9598727886984	45.0521916227382	0
5.02165664864865	18.1671549624449	46.6859604331084	0
5.03161037837838	18.3517410656474	49.5293909237756	0
5.04156410810811	18.513631098305	51.4831705181736	0
5.05151783783784	18.6528250604175	54.4293746920708	0
5.06147156756757	18.7693229519853	57.2888745506694	0
5.0714252972973	18.8631247730085	59.3476301906409	0
5.08137902702703	18.9342305234862	60.5285978162619	0
5.09133275675676	18.9826402034201	61.9171242365403	0
5.10128648648649	19.008353812809	67.006002773009	0
5.11124021621622	19.0119668071207	69.7852728009642	0
5.12119394594595	19.1697506745582	72.0049479173234	0
5.13114767567568	19.865033546954	74.7475539370943	0
5.14110140540541	20.8591675676699	75.1758841589016	0
5.15105513513513	22.0095114736825	76.1900872518963	0
5.16100886486486	23.314654926728	76.973001758516	0
5.1709625945946	24.7007571709122	79.8727132559996	0
5.18091632432432	26.0199915151519	81.3055425492291	0
5.19087005405405	27.2547404924184	82.2356506455617	0
5.20082378378378	28.4050041027078	83.6647231916067	0
5.21077751351351	29.4707823460209	84.9068574387189	0
5.22073124324324	30.4520752223602	85.9315647097202	0
5.23068497297297	31.348882731723	86.7747581796859	0
5.2406387027027	32.1612048741094	87.4978154966999	0
5.25059243243243	32.8890416495209	89.0816915502407	0
5.26054616216216	33.5323930579566	89.8033994962962	0
5.27049989189189	34.0912590994177	91.7353651334364	0
5.28045362162162	34.5656397739009	92.616711257674	0
5.29040735135135	34.955535081411	93.1042758268033	0
5.30036108108108	35.2609450219444	93.666565427334	0
5.31031481081081	35.481869595501	94.0021429983646	0
5.32026854054054	35.6183088020851	93.2621212637604	0
5.33022227027027	35.6702626416907	92.598788772291	0
5.340176	35.6377311143218	91.0715037209225	0
5.35012972972973	35.5207142199749	91.8602707532364	0
5.36008345945946	35.3192119586569	90.6339504165853	0
5.37003718918919	35.0332243303601	88.8627410879786	0
5.37999091891892	34.6627513350888	87.6048799571881	0
5.38994464864865	34.2077929728403	85.7290955278454	0
5.39989837837838	33.6683492436188	83.5639374197623	0
5.40985210810811	33.0444201474189	81.1341249798838	0
5.41980583783784	32.3360056842461	79.0871159767618	0
5.42975956756757	31.5431058540959	77.5130487279012	0
5.4397132972973	30.6657206569716	74.8742823384825	0
5.44966702702703	29.7038500928683	72.4465826999605	0
5.45962075675676	28.6574941617934	70.3684897327162	0
5.46957448648649	27.5266528637414	67.7088981096736	0
5.47952821621622	26.3113261987128	64.7890485135594	0
5.48948194594595	25.0115141667088	60.9838390552051	0
5.49943567567568	23.6272167677307	57.8909487345474	0
5.50938940540541	22.158434001776	53.5561789900812	0
5.51934313513513	20.6051658688449	49.1228517431084	1.07667080638944
5.52929686486486	18.9674123689398	45.4915175354778	2.59755279609119
5.53925059459459	17.2451735020579	42.3491735589365	2.6651386541498
5.54920432432432	15.4384492682002	38.0228081848878	0.724045104048792
5.55915805405405	13.5472396673677	33.6374204758275	0
5.56911178378378	11.5715446995596	29.3968167580883	0
5.57906551351351	9.51136436477516	24.8848037357486	0
5.58901924324324	7.3666986630153	22.5416358822113	0
5.59897297297297	5.1375475942803	22.6922687864036	0
5.6089267027027	2.8239111585693	23.8935513457769	0
5.61888043243243	0.425789355882571	25.8138794983906	0
5.62883416216216	0	27.9845216926252	0
5.63878789189189	0	30.1793893736412	0
5.64874162162162	0	32.635122665348	0
5.65869535135135	0	35.1546858299311	0
5.66864908108108	0	37.2964105650614	0
5.67860281081081	0	39.4641962884351	0
5.68855654054054	0	42.2101161006351	0
5.69851027027027	0	45.5145718040161	0
5.708464	0	48.8874490718928	0
5.71841772972973	0	52.2350938602971	0
5.72837145945946	0	55.2800788215338	0
5.73832518918919	0	59.2099041023986	0
5.74827891891892	0	63.5833932321159	0
5.75823264864865	0	67.3924694769896	0
5.76818637837838	0	70.9065626763751	0
5.77814010810811	0	74.4972542186399	0
5.78809383783784	0	78.1645441037769	0
5.79804756756757	0	78.466310907142	0
5.8080012972973	0	50.8418277582806	0
5.81795502702703	0	23.5366037066638	0
5.82790875675676	0	5.73092486727021	0
5.83786248648649	0	2.25249227132856	0
5.84781621621622	0	91.4565236940295	0
5.85776994594595	5.87006902460705	279.937057288653	0
5.86772367567568	22.284381767656	293.734774027142	0
5.87767740540541	21.193350812135	165.809940384967	0
5.88763113513513	18.2359809860124	108.694872947746	0
5.89758486486486	14.0289478519063	97.6633643756383	0
5.90753859459459	8.57225140981762	78.3872634232917	0
5.91749232432432	1.86589165974402	91.3471678957303	0
5.92744605405405	0	117.26983883996	0
5.93739978378378	1.47950375754345	123.11332748676	0
5.94735351351351	0	116.991559274565	0
5.95730724324324	0	37.6511042296732	0
5.96726097297297	0	0	0
5.9772147027027	0	28.8716250601829	0
5.98716843243243	0	111.929055708934	0
5.99712216216216	0	228.392943485836	0
6.00707589189189	0	0	0
6.01702962162162	0	0	0
6.02698335135135	0	4.65189175608074	0
6.03693708108108	0	6.67641121103597	0
6.04689081081081	0	5.40429330563486	0
6.05684454054054	0	4.8283899984261	0
6.06679827027027	0	9.85755699420543	0
6.076752	0	27.5132615490271	0
6.08670572972973	0	44.1490782811824	0
6.09665945945946	0	57.1967974843703	0
6.10661318918919	0	63.4407515123857	0
6.11656691891892	0	68.7306604528848	0
6.12652064864865	0	70.4915224310786	0
6.13647437837838	0	69.6376440999333	0
6.14642810810811	0	68.4230232652206	0
6.15638183783784	0	67.2156262924513	0
6.16633556756757	0	66.015453181623	0
6.1762892972973	0	64.8225039327347	0
6.18624302702703	0	64.2041537864204	0
6.19619675675676	0.0945916738611955	63.6972980905065	0
6.20615048648649	1.49397185738626	63.9556271330603	0
6.21610421621622	2.86441049122029	62.835386553914	0
6.22605794594595	4.20590757536324	62.1135301837217	0
6.23601167567567	5.51846310981465	61.5645406084374	0
6.24596540540541	6.8020770945758	61.0050175633066	0
6.25591913513514	8.05674952964525	60.434961048334	0
6.26587286486486	9.28248041502394	59.8543710635135	0
6.27582659459459	10.4792697507112	59.2559253367474	0
6.28578032432432	11.6471175367078	58.6344810089325	0
6.29573405405405	12.7860237730131	57.3902349370242	0
6.30568778378378	13.8959884596271	55.688172516519	0
6.31564151351351	14.9770115965505	54.0068334228861	0
6.32559524324324	16.0290931837827	52.3675450342931	0
6.33554897297297	17.0522332213234	51.5657027420135	0
6.3455027027027	18.0464317091734	51.1548685398193	0
6.35545643243243	19.0116886473329	50.6917342094377	0
6.36541016216216	19.9480040357998	50.3399446185338	0
6.37536389189189	20.855377874576	50.1683944012288	0
6.38531762162162	21.7338101636626	49.7256988000477	0
6.39527135135135	22.583300903057	49.7281319855011	0
6.40522508108108	23.40385009276	49.411096419522	0
6.41517881081081	24.1954577327719	49.0997272645165	0
6.42513254054054	24.9581238230935	48.7634360539893	0
6.43508627027027	25.6918483637235	48.3837489024462	0
6.44504	26.396631354663	47.2025658060341	0
6.45499372972973	27.0724727959113	47.5533825904899	0
6.46494745945946	27.7193726874682	48.2675203826994	0.277134267774202
6.47490118918919	28.3373310293328	48.7352452926304	0.426192093123539
6.48485491891892	28.9263478215091	49.4016800461439	0.793266953118364
6.49480864864865	29.4864230639924	50.8247910104202	1.20648979179224
6.50476237837838	30.0175567567852	51.3953743889071	1.23049994143695
6.51471610810811	30.5197488998853	53.9510524294805	1.52441240646399
6.52466983783784	30.9929994932971	54.8857667085809	1.82688623885159
6.53462356756757	31.437308537016	54.4022268415402	2.13965498788221
6.5445772972973	31.8526760310432	55.7123180797758	1.93995564623149
6.55453102702703	32.2391019753819	57.107048735211	1.97143003980043
6.56448475675676	32.5965863700281	58.8989525599081	2.19970663590967
6.57443848648649	32.9251292149815	60.9264697887374	1.75339777807949
6.58439221621622	33.2247305102468	62.3331054551202	1.41815916587662
6.59434594594595	33.4953902558197	63.8974031930811	1.01978680016014
6.60429967567568	33.7371084517017	64.6528337910363	1.10602622357787
6.6142534054054	33.9498850978909	66.5505440775829	1.46171870810137
6.62420713513514	34.1337201943912	68.361158564506	1.42540312348813
6.63416086486486	34.2886137412008	70.0846772518104	1.60773360657895
6.64411459459459	34.414565738316	71.6095172843193	1.19034266017487
6.65406832432432	34.511576185744	72.3792292550445	0.903202754466178
6.66402205405405	34.5796450834792	73.0541111363846	1.0109604690162
6.67397578378378	34.6187724315236	73.6428665157854	0.990401148297152
6.68392951351351	34.6289582298755	73.9969703890353	0.992646691047824
6.69388324324324	34.6102024785387	74.2073127329311	1.00225469636638
6.70383697297297	34.5625051775095	74.8951204899103	1.02982529342312
6.7137907027027	34.4858663267881	75.1923274991507	1.07152899604313
6.72374443243243	34.3802859263789	75.3695637446571	1.16425076859657
6.73369816216216	34.2457639762753	75.7795153229288	1.78104996525341
6.74365189189189	34.0823004764816	75.9486032907011	1.38481209485933
6.75360562162162	33.8898954269977	76.5093849921549	1.439959767835
6.76355935135135	33.6685488278224	77.0909747964219	0.981345438864586
6.77351308108108	33.418260678956	76.9059690822072	0.219539911856107
6.78346681081081	33.1390309803969	77.0817743424149	0
6.79342054054054	32.8308597321493	77.1627645965041	0
6.80337427027027	32.4937469342098	77.1662834093781	0
6.813328	32.1276925865783	76.6872973619785	0
6.82328172972973	31.732696689255	75.8526522727999	0
6.83323545945946	31.308759242243	75.0216383408707	0
6.84318918918919	30.8558802455392	75.0847735644045	0
6.85314291891892	30.3740596991432	75.065301776397	0
6.86309664864865	29.8632976030572	74.9982234185045	0
6.87305037837838	29.3235939572801	74.861574691	0
6.88300410810811	28.7549487618104	73.4628119573317	0
6.89295783783784	28.1573620166518	73.4711049486044	0
6.90291156756757	27.5308337218012	72.841451843564	0
6.9128652972973	26.8753638772593	72.0603545192586	0
6.92281902702703	26.1909524830255	70.8422153626663	0
6.93277275675676	25.4775995391028	69.6713042553221	0
6.94272648648649	24.7353050454872	69.0139960159854	0
6.95268021621622	23.9640690021805	68.3932030939923	0
6.96263394594595	23.1638914091842	67.6911856541823	0
6.97258767567568	22.3347722664961	66.5642708942853	0
6.9825414054054	21.4767115741166	65.8171226386251	0
6.99249513513513	20.5897093320451	65.2032137238247	0
7.00244886486487	19.6737655402845	64.2535561347748	0
7.01240259459459	18.7288801988317	64.1522593928104	0
7.02235632432432	17.755053307688	63.4775133650621	0
7.03231005405405	16.7522848668532	62.7341021782918	0
7.04226378378378	15.7205748763277	61.8493697294737	0
7.05221751351351	14.6599233361098	60.6486332992532	0
7.06217124324324	13.5703302462028	59.0147746212486	0
7.07212497297297	12.4517956066035	58.7368089188204	0
7.0820787027027	11.3043194173133	57.8415220347721	0
7.09203243243243	10.1279016783316	55.5630746632437	0
7.10198616216216	8.92254238965965	54.2827458435175	0
7.11193989189189	7.6882415512962	54.1462181366586	0
7.12189362162162	6.42499916324186	53.6222342165915	0
7.13184735135135	5.13281522549584	52.3290019592944	0
7.14180108108108	3.81168973805939	50.5202902940881	0
7.15175481081081	2.46162270093166	49.6184648795735	0
7.16170854054054	1.08261411411284	48.2777307743449	0
7.17166227027027	0	48.1504572219596	0
7.181616	0	48.3157539687608	0
7.19156972972973	0	49.0447938707407	0
7.20152345945946	0	50.4052564719715	0
7.21147718918919	0	50.5295114065157	0
7.22143091891892	0	51.6383564209443	0
7.23138464864865	0	53.5240589993855	0
7.24133837837838	0	55.0477114710827	0
7.25129210810811	0	55.0854105099201	0
7.26124583783784	0	54.9541755353967	0
7.27119956756757	0	54.5847268217241	0
7.2811532972973	0	55.5441029669342	0
7.29110702702703	0	54.3147863058933	0
7.30106075675676	0	52.1428145081031	0
7.31101448648649	0	52.8099961873425	0
7.32096821621622	0	50.3131323803006	0
7.33092194594595	0	18.8161725577385	0
7.34087567567568	0	8.96980671993009	0
7.35082940540541	0	8.53073238349516	0
7.36078313513513	0	7.51411092239975	0
7.37073686486487	0	12.6053533027271	0
7.38069059459459	0	19.1741433993158	0
7.39064432432432	0	25.0414263826486	0
7.40059805405405	0.921796684938273	25.9017406348974	0
7.41055178378378	2.07868371809118	27.5746754476672	0
7.42050551351351	1.65022511048756	31.5237059129607	0
7.43045924324324	0	40.0731780707552	0
7.44041297297297	0	41.950640394537	0
7.4503667027027	2.30480423138307	45.0171311765906	0
7.46032043243243	18.9476338716014	78.1341179727622	0
7.47027416216216	31.5668144740258	131.53692802698	0
7.48022789189189	24.5686113388302	96.5688156823943	0
7.49018162162162	16.2868415310454	61.9777369852235	0
7.50013535135135	10.4369772032271	34.9644497496912	0
7.51008908108108	7.0190183553767	33.9304975148156	0
7.52004281081081	6.03296498749289	38.4240014687796	0
7.52999654054054	7.47881709957592	42.5402867173316	0
7.53995027027027	11.1388513605178	47.3390695785209	0
7.549904	16.0544323428878	52.6074754782282	0
7.55985772972973	21.4446231160545	59.1820115323429	0
7.56981145945946	27.06135485928	65.1447356557493	0
7.57976518918919	32.6609385346829	65.2915916759142	0
7.58971891891892	37.7052941698758	68.697778056052	0
7.59967264864865	42.1221020772657	72.2930663644779	0
7.60962637837838	45.9113622568592	75.7070058548513	0
7.61958010810811	49.0730747086483	79.2480662322696	0
7.62953383783784	51.6072394326393	81.4792860490774	0
7.63948756756757	53.5138564288237	83.272225709665	0
7.6494412972973	54.7929256972142	86.1735847918318	0
7.65939502702703	55.4444472378009	87.2690717221329	0
7.66934875675676	55.4684210505844	88.1481503725856	0
7.67930248648649	54.8648471355701	87.6675613611439	0
7.68925621621622	53.6337254927557	85.774238500721	0.505519424382222
7.69920994594595	51.7750561221375	83.1172966200626	3.22708166491682
7.70916367567568	49.2888390237187	79.1164105580945	6.68449053223322
7.71911740540541	46.1750741975007	73.4802222082676	9.70091685405407
7.72907113513513	42.4337616434824	66.9663024535767	13.6858299397616
7.73902486486486	38.0649013616598	62.3850120145939	17.0661896289772
7.7489785945946	33.0684933520386	56.7857167062642	14.2234292626667
7.75893232432432	27.4445376146168	51.8235429612759	4.13690260172216
7.76888605405405	21.1930341493923	48.8025898941265	0
7.77883978378378	14.3139829563689	51.0613612147937	0
7.78879351351351	6.80738403554384	57.4024648092609	0
7.79874724324324	0	63.9050310477627	0
7.80870097297297	0	71.1780999200425	0
7.8186547027027	0	78.9335105062473	0
7.82860843243243	0	87.1550476462148	0
7.83856216216216	0	95.3398148233684	0
7.84851589189189	0	104.24176167361	0
7.85846962162162	14.2765065045652	117.559168820078	0
7.86842335135135	41.5396354247572	134.277129080952	0
7.87837708108108	80.4614860486634	138.403865470667	12.7533761804173
7.88833081081081	97.2645333898667	163.760977557426	41.0231960369883
7.89828454054054	90.9426862808495	140.884004400438	53.9734843504908
7.90823827027027	71.4081844119783	114.99045873856	19.2221949880132
7.918192	58.4497825270741	94.941639013548	18.5620315522542
7.92814572972973	49.5594176751669	84.4628099402048	18.2496074674283
7.93809945945946	38.8898934889649	73.9855024281559	13.4048550285565
7.94805318918919	27.2045088495341	59.5877822312472	0
7.95800691891892	20.4780351967345	53.3289234296552	0
7.96796064864865	19.5749320529257	44.6539510073878	0
7.97791437837838	19.5318597343162	37.1445972456252	0
7.98786810810811	19.5617422732379	33.3293582114955	2.80521539091286
7.99782183783784	19.6645796696885	31.8449483653779	8.10566385310027
8.00777556756757	19.8403719236688	31.0044814300437	3.2332356306277
8.0177292972973	20.0891190351784	31.8077711231819	0.514447468681245
8.02768302702703	20.4108210042187	35.328699426666	0
8.03763675675676	20.8054778307876	38.5661648180161	0
8.04759048648649	21.2730895148864	40.9203069434784	0
8.05754421621622	21.8136560565159	41.6480681497476	1.03155204132729
8.06749794594595	22.4236595696517	41.5933441518822	4.16677702933258
8.07745167567568	23.0020391922372	39.5277601298428	7.53091485005445
8.08740540540541	23.3783467239585	37.980314156523	9.1066200786953
8.09735913513514	23.5120319315359	36.3789051090096	8.18661385386236
8.10731286486486	23.4028221143626	34.6450954742906	8.5262750595051
8.11726659459459	23.0507172724397	33.0135196817127	8.03609556766121
8.12722032432432	22.4557174057692	31.5798003623697	8.61990656950627
8.13717405405405	21.6178225143483	29.3010128330438	9.3995398304248
8.14712778378378	20.5370325981773	28.0119334243358	9.91505582137483
8.15708151351351	19.2133476572574	26.8142314598479	9.3531418552955
8.16703524324324	17.6467676915891	26.7808696113086	6.64050983009959
8.17698897297297	15.8372927011693	25.5829392846616	3.19941145694344
8.1869427027027	13.7849226860017	26.6896235973857	0.123848378437559
8.19689643243243	11.4842804280592	25.9617295095815	0
8.20685016216216	8.9260892124926	21.2429640393914	0
8.21680389189189	6.41217634899606	16.6226880352221	0
8.22675762162162	4.05299901138687	12.7580743442798	0
8.23671135135135	1.84858276447994	9.23035548241187	0
8.24666508108108	0	14.3434056282837	0
8.25661881081081	0	21.8503405707407	0
8.26657254054054	0	13.7846429129142	0
8.27652627027027	0	4.06039843162943	0
8.28648	0	0	0
8.29643372972973	0	0	0
8.30638745945946	0	0	0
8.31634118918919	0	2.98448231590918	0
8.32629491891892	0	7.16072228867297	0
8.33624864864865	1.38327365149559	11.275791459733	0
8.34620237837838	6.6941170662143	19.4051083022995	0
8.35615610810811	13.0263653728424	28.4790341176728	0
8.36610983783784	19.8287824183707	35.1523365916989	4.95083378858575
8.37606356756757	26.2598005954824	40.7073341957485	9.39776528907458
8.3860172972973	31.6772304067854	41.0882882381866	16.5369662961548
8.39597102702703	35.5069576344016	46.1082811895597	21.9778115189685
8.40592475675676	37.6118905753969	51.7832625758064	24.333457702764
8.41587848648649	37.9920301246549	53.6006438881291	25.557411858171
8.42583221621622	36.6473762821753	50.8938121216512	25.0345489118471
8.43578594594594	33.5948512701897	45.3122312284262	22.9329753569413
8.44573967567568	29.6111089794213	40.4626527294896	20.1517283704816
8.45569340540541	25.7798220430493	37.5289339097073	15.1346960189022
8.46564713513514	22.1814647550935	35.4657164641705	9.35329477457029
8.47560086486486	18.8160371155522	33.426860284927	3.0713749990297
8.48555459459459	15.8549437061911	30.4186683975293	0
8.49550832432432	14.0741418029301	27.2851134787994	0
8.50546205405405	12.7885817542153	24.3947005998456	0
8.51541578378378	11.6305384248496	22.094275947051	0
8.52536951351351	10.5994812338199	20.1313388855396	0
8.53532324324324	9.69541018112639	18.5979512198678	0
8.54527697297297	8.91832526677029	17.4728573780996	0
8.5552307027027	8.26822649075039	16.3227428318837	0
8.56518443243243	7.74511385306702	15.9667279411208	0
8.57513816216216	7.34898735372059	15.6217328820156	0
8.58509189189189	7.07984699271006	16.0925573902191	0
8.59504562162162	6.93769277003662	16.9920011143154	0
8.60499935135135	6.92252468569985	17.6814501175515	0
8.61495308108108	7.03434273969919	17.7501505664851	0
8.62490681081081	7.27314693203529	19.5224782762171	0
8.63486054054054	7.63893726270765	22.0159194540184	0
8.64481427027027	8.1317137317174	24.6940400298491	0
8.654768	8.75147633906278	29.7137403100592	0
8.66472172972973	9.49822508474511	35.5074262752326	0
8.67467545945946	9.94425161337762	36.0004067581394	0
8.68462918918919	9.52371295624194	29.5457667211263	0
8.69458291891892	8.98345260265065	24.8537359501137	0
8.70453664864865	8.34802098506076	21.4716981711804	0
8.71449037837838	7.61784034382018	18.0360045954548	0
8.72444410810811	7.03372246583155	16.9214220962299	0
8.73439783783784	7.23875265832189	18.3548905905909	0
8.74435156756757	8.33912714987509	23.2152996349522	0
8.7543052972973	10.3009086245654	30.4905833179002	0
8.76425902702703	12.8588310048677	34.8694882075532	0
8.77421275675676	15.0727789799766	34.137997202597	0
8.78416648648649	16.1677497580277	35.2054288296664	0.789520965252278
8.79412021621622	15.5281958302838	35.067864519484	0
8.80407394594595	13.4020248593753	27.4208541950138	0
8.81402767567567	11.490519402307	26.5775033149854	0
8.82398140540541	9.97213621050916	25.7948027048243	0
8.83393513513514	8.84687568677966	23.7018246832934	0
8.84388886486487	8.12935526472299	23.2863175055943	0
8.85384259459459	7.87283460845729	22.4028182205812	0
8.86379632432432	8.08944030161643	23.2016495050064	0
8.87375005405405	8.71197819929468	31.4039716536475	0
8.88370378378378	8.53582423713807	37.8746029752183	0
8.89365751351351	5.10192201381322	38.2220607087032	0
8.90361124324324	0	31.3535839926851	0
8.91356497297297	0	27.675424120411	0
8.9235187027027	0	26.872228373238	0
8.93347243243243	0.251242141751675	26.3151086469468	0
8.94342616216216	4.12177831082654	26.4383645118311	0
8.95337989189189	8.19159067202677	32.1184935262547	0
8.96333362162162	12.4037127938173	34.7117008803661	0
8.97328735135135	16.2560262375956	38.5848443462615	0
8.98324108108108	19.3192302200644	45.9765671198512	0
8.99319481081081	21.5795001388681	51.6602235938924	0
9.00314854054054	23.0368359940075	53.7282624005415	0
9.01310227027027	23.6912377854847	52.9197601696515	0
9.023056	23.5427055132957	49.4121113273849	0
9.03300972972973	22.6414780953617	46.611461578907	0.0593796366137651
9.04296345945946	21.3861709149237	43.8837364825427	1.42311576455431
9.05291718918919	19.9667238790527	41.1116222561701	2.36027601149381
9.06287091891892	18.3843030213297	37.2374867429177	0.359556295730239
9.07282464864865	16.6424948552296	33.2378368437745	0
9.08277837837838	14.895222098648	31.3070346796157	0
9.09273210810811	13.3512518079652	30.8859321432001	0
9.10268583783784	12.0254597406528	30.4526275483187	0
9.11263956756757	10.9178458967116	30.0546230341772	0
9.1225932972973	10.0284102761403	29.062158588802	0
9.13254702702703	9.35715287893962	28.6710337063105	0
9.14250075675676	8.90407370510857	29.1212111251459	0
9.15245448648649	8.66917275464938	29.970253537102	0
9.16240821621622	8.65245002755987	30.6520076288835	0
9.17236194594595	8.85390552384051	31.8779653360319	0
9.18231567567567	9.27353924349206	33.3769812021121	0
9.1922694054054	9.91135118651414	34.0752640863752	0
9.20222313513514	10.7673413529062	34.9681317657377	0
9.21217686486487	11.8415097426691	36.1539891064879	0
9.22213059459459	13.1338563558023	38.849564201884	0
9.23208432432432	14.6443811923063	42.444501930369	0
9.24203805405405	16.37308425218	47.9426088815419	0
9.25199178378378	18.3199655354239	56.3078206910953	0
9.26194551351351	20.4862341473858	63.3812154336188	0
9.27189924324324	22.9081879518714	54.1594572273953	0
9.28185297297297	26.0570441117526	48.6452909387242	0
9.2918067027027	29.9290603068191	48.3419003151733	5.16340359841092
9.30176043243243	33.6780868477002	47.3128465146601	14.5190698786571
9.31171416216216	37.1895953914836	49.3688663374343	20.6888462319729
9.32166789189189	40.4635859381658	54.5717108988527	22.8951416685773
9.33162162162162	43.5000584877486	60.0061664599071	28.1180733666476
9.34157535135135	46.2990130402305	64.7796711513641	31.6818581231965
9.35152908108108	48.8604495956101	68.3586358680653	34.1511074494289
9.36148281081081	51.0279798751516	78.2040783214965	31.0108586522228
9.37143654054054	51.8243227284319	84.4179724861249	30.4135408331162
9.38139027027027	50.3324748573061	90.1019680971444	25.0629533642322
9.391344	45.5196047763114	74.6186059733213	26.0598535809916
9.40129772972973	40.7148257947454	58.1847166663851	25.6115245982363
9.41125145945946	36.280369146328	45.4799359162719	25.5338186507724
9.42120518918919	32.2162348310626	43.9299916158298	19.8971163357695
9.43115891891892	28.5224228489432	41.1650335946845	12.9675421131232
9.44111264864865	25.1989331999747	40.6246268806097	7.87384818503046
9.45106637837838	22.2458397218447	42.0185222934473	5.01015538004447
9.46102010810811	19.7022075226275	40.7045489145104	1.94073563194917
9.47097383783784	17.6543558189135	41.5339978752704	1.08970597170212
9.48092756756757	16.0707515005842	43.3394398495686	0.41778553975622
9.4908812972973	14.8264738519456	43.6746779065773	0
9.50083502702703	13.7728502967833	44.596761600352	0
9.51078875675676	12.88611769063	44.0802317772713	0
9.52074248648649	12.0686355737496	44.2577085625293	0
9.53069621621622	11.2799222310269	44.7018582450127	0
9.54064994594595	10.5198679108093	45.5933742810132	0
9.55060367567567	9.78847261309734	47.058702056969	0
9.5605574054054	9.0857363378904	47.943235499271	0
9.57051113513513	8.41165908518905	49.0938533558114	0
9.58046486486487	7.76624085499224	48.9279782251917	0
9.5904185945946	7.14948164730169	48.4450537899667	0
9.60037232432432	6.5613814621162	47.8113147955523	0
9.61032605405405	6.00194029943534	47.1685431866448	0
9.62027978378378	5.47115815926024	46.641294064699	0
9.63023351351351	4.96903504159057	45.6774306858507	0
9.64018724324324	4.49557094642597	44.3999725880355	0
9.65014097297297	4.05076587376633	42.6295683938245	0
9.6600947027027	3.63461982361243	40.1686536005866	0
9.67004843243243	3.24713279596345	37.1752730793934	0
9.68000216216216	2.88830479082009	34.0487217894176	0
9.68995589189189	2.55813580818178	30.3169598769762	0
9.69990962162162	2.25662584804901	26.2079859877974	0
9.70986335135135	1.98377491042109	21.8607111378474	0
9.71981708108108	1.73958299529869	17.1162194270701	0
9.72977081081081	1.52405010268155	13.5452188723744	0
9.73972454054054	1.33717623256961	13.2541553869229	0
9.74967827027027	1.17896138496304	13.4105537244626	0
9.759632	1.04940555986158	14.0513192086608	0
9.76958572972973	0.948508757265654	14.2137694164654	0
9.77953945945946	0.876270977174718	14.8297657975694	0
9.78949318918919	0.832692219589234	16.5187758795994	0
9.79944691891892	0.817772484509105	21.2273818269825	0
9.80940064864865	0.831511771934092	26.6838302505203	0
9.81935437837838	0.873910081864168	31.7119602215615	0
9.82930810810811	0.944967414299881	37.6049667808295	0
9.83926183783784	1.04468376924078	44.9156058140838	0
9.84921556756757	1.17305914668692	51.9612462856308	0
9.8591692972973	1.47052707504159	57.3511433477463	0
9.86912302702703	2.81421698243574	64.4784470433922	0
9.87907675675676	5.53609414567487	71.9667884275138	0
9.88903048648649	10.1320460798488	79.3462735901911	0
9.89898421621622	17.6388193128382	87.7837118188997	0
9.90893794594595	28.1816890856147	96.1443224055494	0
9.91889167567568	41.7606553981787	106.194117285271	0
9.9288454054054	58.3757182505323	190.313283179016	0
9.93879913513513	78.020110131898	286.534425912483	0
