phys	rec.rate	upper	lower
0.0157088888888889	0.305579311373614	4.8526881723262	0
0.0471266666666667	0.305579311373614	4.85268817232622	0
0.0785444444444444	0.306702070866186	4.85268817232622	0
0.109962222222222	0.319367666055526	4.85519789825081	0
0.14138	0.358223305996765	4.89952771437239	0
0.172797777777778	0.449630307224182	4.96842312999583	0
0.204215555555556	0.605601533366653	5.05612524556371	0
0.235633333333333	0.830010739634833	5.18133447712429	0
0.267051111111111	1.14626594289264	5.35290189064213	0
0.298468888888889	1.57941547133155	5.57150373736147	0
0.329886666666667	2.14529025317943	5.79829785609895	0.0823226857294182
0.361304444444444	2.84451171760507	6.07130560818928	0.540693801149854
0.392722222222222	3.67702351511347	6.40317724628779	0.99459799023463
0.42414	4.62770239114627	6.92795993387036	1.48926461113867
0.455557777777778	5.62977717163169	7.92931279943885	2.08341137735807
0.486975555555556	6.61215737210013	9.28406574038683	2.72177100379532
0.518393333333333	7.49512969149989	10.4534824110655	3.43250100683095
0.549811111111111	8.24101943351007	11.5504425793893	4.07764526866149
0.581228888888889	8.89620062413006	12.6559359787139	4.72438458237189
0.612646666666667	9.46246855199334	13.4567257931858	5.34129528779879
0.644064444444445	9.93982321709993	14.1152153224752	5.92735729917827
0.675482222222222	10.3282646194498	14.617162667649	6.53180073067745
0.7069	10.627792759043	14.8771925276473	7.09405188725612
0.738317777777778	10.8384076358795	15.0553391591744	7.61970650419397
0.769735555555556	10.9601092499593	15.0123869822214	8.09323035607176
0.801153333333333	10.9928976012823	14.8120943922526	8.4998427815454
0.832571111111111	10.9399942546895	14.4934924530485	8.82454546329452
0.863988888888889	10.8562087822683	14.1877687811807	9.10809530531375
0.895406666666667	10.7873897796208	13.9161512080559	9.35568922443368
0.926824444444445	10.734948692582	13.6434343875385	9.49664988644533
0.958242222222222	10.6988855211516	13.4020245198513	9.27908150410781
0.98966	10.6792002653297	13.1880580112283	8.87876027949257
1.02107777777778	10.6758929251164	12.9827941849921	8.55086604977561
1.05249555555556	10.6889635005116	12.9436124754841	8.21103403496014
1.08391333333333	10.7184119915151	12.817037626845	7.9301159217999
1.11533111111111	10.7642383981275	12.9802997209157	7.73827408561855
1.14674888888889	10.8264427203481	13.2060594986688	7.64366987773507
1.17816666666667	10.9050249581774	13.414439663159	7.58450675957581
1.20958444444444	10.9999851116151	13.6813538513503	7.62630820992421
1.24100222222222	11.1113231806615	13.9047122430976	7.75410430436448
1.27242	11.2390391653162	14.1357380402992	7.94539456277612
1.30383777777778	11.3831330655795	14.3339016836644	8.11005020625427
1.33525555555556	11.5436048814514	14.5329850173853	8.4571449115849
1.36667333333333	11.7204546129317	14.7506188661537	8.88294559303878
1.39809111111111	11.9136822600206	14.9158506061734	9.24433800436837
1.42950888888889	12.1232878227179	15.0685417040608	9.63241756580733
1.46092666666667	12.3492713010239	15.1886855558934	9.86704273248603
1.49234444444444	12.5916316742314	15.4033355466243	10.0895841963477
1.52376222222222	12.8412466443446	15.5471270501364	10.2501861617682
1.55518	13.0667549898067	15.6974914537156	10.4081472284012
1.58659777777778	13.2614225308481	15.7760253227943	10.5091175502547
1.61801555555556	13.4252492674685	15.8620938274207	10.6032799676317
1.64943333333333	13.5582351996682	15.8751573366264	10.6665821955806
1.68085111111111	13.6603803274469	15.8950155558328	10.628496902067
1.71226888888889	13.7316846508049	15.941978384333	10.5359896045289
1.74368666666667	13.7721481697419	15.9661239087052	10.4517036091258
1.77510444444444	13.7817708842581	15.9825097155137	10.4197318397716
1.80652222222222	13.7588668280908	16.0477946241755	10.4026194542391
1.83794	13.6666047541902	15.9082153231039	10.3426392305559
1.86935777777778	13.4696780080468	15.5883940724016	10.263709636016
1.90077555555556	13.1977060572963	15.2415018162454	10.2424961347494
1.93219333333333	12.9004462749919	14.7295472420776	10.1672777859744
1.96361111111111	12.5823664647945	14.3844183971493	10.0203600970374
1.99502888888889	12.2434666267045	14.1112967301905	9.87033256320452
2.02644666666667	11.8837467607215	13.7305757656727	9.78802819763874
2.05786444444444	11.5032068668458	13.2854459087205	9.61327211517281
2.08928222222222	11.102737667083	13.037766802641	9.23931175974334
2.1207	10.6922669377082	12.765465913514	8.82833743090462
2.15211777777778	10.2780026614464	12.4458735898141	8.42732537506558
2.18353555555556	9.86213130112573	12.1580627606013	7.9970789114323
2.21495333333333	9.47427292414211	11.8341263835527	7.45103077965891
2.24637111111111	9.13640172111956	11.5868827979174	6.92585934822865
2.27778888888889	8.84903665929396	11.3691446746569	6.59504272511881
2.30920666666667	8.60529509573772	11.1698553800946	6.23470366501507
2.34062444444444	8.38099463983716	10.8626045548365	5.92187901478067
2.37204222222222	8.17082709491754	10.6525763546942	5.70297318731765
2.40346	7.97479246097871	10.4074249504137	5.49003228521058
2.43487777777778	7.79289073802092	10.209359168664	5.27075127861882
2.46629555555556	7.62512192604395	10.0063381316421	5.13632794361951
2.49771333333333	7.47148602504793	9.89760067347093	4.96615825279827
2.52913111111111	7.33198303503279	9.75201861303011	4.90548907896964
2.56054888888889	7.20661295599858	9.57618479870143	4.85331053981313
2.59196666666667	7.09537578794529	9.46628217998077	4.8464083258562
2.62338444444444	6.99827153087287	9.32070060709162	4.87089643267328
2.65480222222222	6.91530018478142	9.16431811075988	4.94115034747788
2.68622	6.84646174967082	8.99898714727806	5.03747964538144
2.71763777777778	6.79175622554114	8.82297025260739	5.13762642571217
2.74905555555556	6.75118361239242	8.63034586119386	5.24126536031622
2.78047333333333	6.72474391022454	8.46872430663892	5.33014661952327
2.81189111111111	6.71243711903763	8.34442936421416	5.39774450487776
2.84330888888889	6.71426323883154	8.45739462275209	5.35523715350798
2.87472666666667	6.73022226960645	8.64393534887269	5.20225878865448
2.90614444444444	6.76031421136226	8.97361870249919	5.01596234953067
2.93756222222222	6.8045390640989	9.36001894424833	4.65435828155279
2.96898	6.86289682781657	9.75201901862224	4.28543738873522
3.00039777777778	6.93538750251502	10.3258211089055	3.79493762525733
3.03181555555556	7.00952102029692	10.9484371366423	3.22166050325983
3.06323333333333	6.96040298681253	10.9799977741097	2.69427291785336
3.09465111111111	6.80114499880319	10.7767056514961	2.15006409397708
3.12606888888889	6.6771362624479	10.6466938858178	2.13133396904514
3.15748666666667	6.60258302674971	10.6607492103054	2.09532896863603
3.18890444444444	6.56752768201909	10.5775851899064	2.66779828400296
3.22032222222222	6.51454477472281	10.3580358835287	3.08754495431371
3.25174	6.42309238291683	10.0530546484767	3.29137783846764
3.28315777777778	6.29314458134887	9.64269475331291	3.30390276474348
3.31457555555556	6.12470137001874	9.20436396273529	3.26700813430923
3.34599333333333	5.91776274892656	8.5040185734838	3.14314440448613
3.37741111111111	5.67236538594629	7.99777153831364	3.02694359183874
3.40882888888889	5.40927500217266	7.73523014046346	2.82742080630404
3.44024666666667	5.18388830349508	7.54281884192014	2.63424455313125
3.47166444444444	5.0053429819846	7.42816825661238	2.41291374317194
3.50308222222222	4.87363903764131	7.28795699705482	2.26162832608454
3.5345	4.7887764704651	7.1407383634265	2.15475178571979
3.56591777777778	4.75075528045603	7.21063778093768	2.16502003239275
3.59733555555556	4.75957546761416	7.19249888631025	2.08009614610644
3.62875333333333	4.81523703193933	7.35246204135328	2.07194223843527
3.66017111111111	4.91632833059603	7.35293943207419	2.19306692855391
3.69158888888889	5.05312365622777	7.46816835399869	2.41040541314613
3.72300666666667	5.22152605048754	7.59595050608305	2.60045270884187
3.75442444444445	5.42152118479715	7.66674449986777	2.7717799857643
3.78584222222222	5.65310905915647	7.87749482327506	3.00166098892512
3.81726	5.91628967356566	8.22804454008308	3.04562691461301
3.84867777777778	6.21106302802455	8.84422950266708	3.12480718061491
3.88009555555556	6.52805136808781	9.99212319287959	3.31231994872637
3.91151333333333	6.77059310959234	10.7986300615595	3.27063271988413
3.94293111111111	6.88173162458589	11.3527524023794	3.22708234383723
3.97434888888889	6.86073340873457	11.2742031623376	3.01944631752536
4.00576666666667	6.7084302756671	10.9863082931089	2.93815408740066
4.03718444444444	6.47547166289124	10.3976253068881	2.94335785317859
4.06860222222222	6.24008370950434	9.74515062612033	2.93099904355086
4.10002	6.00889550777355	9.22904489384882	2.89421615967502
4.13143777777778	5.78190705769874	8.71317562951775	2.75376235101732
4.16285555555556	5.55911835928006	8.32428583747343	2.69932231930876
4.19427333333333	5.34052941251746	8.09252957124253	2.50667827743438
4.22569111111111	5.12614021741093	7.8327572863563	2.41821624374382
4.25710888888889	4.9159507739606	7.59265494953589	2.41079635491513
4.28852666666667	4.70996108216616	7.45832748629659	2.28893799475037
4.31994444444445	4.50817114202788	7.30185078796073	2.27471826386687
4.35136222222222	4.3105809535457	7.14795308510509	2.03961253653025
4.38278	4.1171905167196	6.9699133374821	1.92678491270205
4.41419777777778	3.9279998315496	6.76257472219085	1.8268465290368
4.44561555555556	3.74300889803561	6.50130862433591	1.68852320952058
4.47703333333333	3.56221771617776	6.29628920461655	1.49073564463186
4.50845111111111	3.38562628597596	6.10931404922834	1.3894525970095
4.53986888888889	3.21323460743025	5.94700951131659	1.18737911708251
4.57128666666667	3.045308130805	5.87231092011739	1.09003347521651
4.60270444444444	2.88439201398116	5.62198693367554	0.91494185600663
4.63412222222222	2.73190338574357	5.37737731070554	0.808566323181944
4.66554	2.58785754469356	5.27294627411696	0.623040164998783
4.69695777777778	2.45225449083106	5.14040718930576	0.443281764594887
4.72837555555556	2.32509422415616	5.03939939014357	0.286874398671659
4.75979333333333	2.20637674466875	4.92610878101273	0.174655498292439
4.79121111111111	2.09610205236891	4.6978776692298	0.0343187764208238
4.82262888888889	1.99427014725663	4.65248597415704	0
4.85404666666667	1.9008810293319	4.56961939804042	0
4.88546444444444	1.81593469859474	4.55209088631231	0
4.91688222222222	1.73943115504509	4.47718116664061	0
4.9483	1.67137039868301	4.45621070416039	0
4.97971777777778	1.61175242950848	4.4310127376906	0
5.01113555555556	1.56057724752151	4.36911794791944	0
5.04255333333333	1.51784485272205	4.26812504521903	0
5.07397111111111	1.48355524511019	4.2119979466306	0
5.10538888888889	1.45770842468586	4.15851081831377	0
5.13680666666667	1.44030439144907	4.16739934127358	0
5.16822444444445	1.43134314539987	4.08384399837696	0
5.19964222222222	1.43082468653816	4.08921574267322	0
5.23106	1.43874901486404	4.0490224373448	0
5.26247777777778	1.45511613037747	4.05338551360127	0
5.29389555555556	1.47992603307843	4.05374052270168	0
5.32531333333333	1.51317872296699	3.99489221703503	0
5.35673111111111	1.55487420004302	3.96990176735476	0
5.38814888888889	1.60501246430666	3.99350324893531	0
5.41956666666667	1.66359351575782	4.00229785264278	0
5.45098444444444	1.73061735439655	4.01138384447603	0
5.48240222222222	1.80608398022286	3.96766994626719	0
5.51382	1.88999339323665	4.05697122301435	0
5.54523777777778	1.98234559343802	4.15335755948762	0
5.57665555555556	2.08314058082695	4.37946570810741	0
5.60807333333333	2.19168692662872	4.65172850852898	0
5.63949111111111	2.29670674166975	4.90499834739599	0
5.67090888888889	2.38901543479026	5.13277528049074	0
5.70232666666667	2.46834577702936	5.36762026500559	0
5.73374444444445	2.53469776838703	5.58149089150139	0
5.76516222222222	2.58807140886322	5.71503058703927	0
5.79658	2.62846669845803	5.85573875966243	0
5.82799777777778	2.65588363717134	5.91723440257267	0
5.85941555555556	2.67032222500324	5.95907046101594	0
5.89083333333333	2.6717824619537	5.98373520184324	0
5.92225111111111	2.6602643480227	5.99596979098473	0
5.95366888888889	2.63576788321032	5.98744971149802	0
5.98508666666667	2.5982930675164	6.01789124744333	0
6.01650444444445	2.54783990094111	6.01732116324989	0
6.04792222222222	2.48440838348434	5.97263088488815	0
6.07934	2.40799851514616	5.92093823353509	0
6.11075777777778	2.31861029592656	5.8587659744521	0
6.14217555555556	2.21628481612295	5.7418451924762	0
6.17359333333333	2.10643478513648	5.65235795343291	0
6.20501111111111	1.99981832317644	5.55783891185381	0
6.23642888888889	1.89770648420495	5.46490570592318	0
6.26784666666667	1.80009926822196	5.38094291501024	0
6.29926444444444	1.70699667522755	5.32499944333403	0
6.33068222222222	1.61839870522166	5.24707889134949	0
6.3621	1.5343053582043	5.17575877572301	0
6.39351777777778	1.45471663417547	5.1027170981696	0
6.42493555555556	1.37963253313524	5.03612576968476	0
6.45635333333333	1.30905305508345	4.96909602986414	0
6.48777111111111	1.24297820002027	4.89090232956359	0
6.51918888888889	1.18140796794561	4.80081743662737	0
6.55060666666667	1.12434235885947	4.71103751256676	0
6.58202444444445	1.07178137276191	4.62199326876699	0
6.61344222222222	1.02372500965286	4.53368470523035	0
6.64486	0.980173269532331	4.44611182195474	0
6.67627777777778	0.94112615240037	4.36561556797892	0
6.70769555555556	0.906583658256932	4.29188536887374	0
6.73911333333333	0.876545787102051	4.20564550090974	0
6.77053111111111	0.851012538935691	4.11971477677012	0
6.80194888888889	0.829983913757867	4.03453867249912	0
6.83336666666667	0.8134599115686	3.96141304499235	0
6.86478444444445	0.801440532367843	3.88876039351871	0
6.89620222222222	0.793925776155639	3.81665431974716	0
6.92762	0.790915642931979	3.73994130737087	0
6.95903777777778	0.792410132696861	3.65812896814626	0
6.99045555555556	0.798409245450256	3.57701098809078	0
7.02187333333333	0.808912981192213	3.49664376142255	0
7.05329111111111	0.823921339922707	3.43304940919977	0
7.08470888888889	0.843434321641722	3.35620517380224	0
7.11612666666667	0.867077796529723	3.28006903533621	0
7.14754444444445	0.891655337196777	3.20888563690176	0
7.17896222222222	0.915546168311942	3.13450213234549	0
7.21038	0.938737624701081	3.06077103547437	0
7.24179777777778	0.96122970636425	2.98437875457214	0
7.27321555555556	0.983022413301411	2.90988984902235	0
7.30463333333333	1.00411574551263	2.8433720582896	0
7.33605111111111	1.02450970299783	2.7733816294683	0
7.36746888888889	1.04420428575705	2.69978459747242	0
7.39888666666667	1.0631994937903	2.66084545072496	0
7.43030444444445	1.08149532709755	2.61455925594168	0
7.46172222222222	1.09909178567882	2.58398895350803	0
7.49314	1.11598886953413	2.54508648595059	0
7.52455777777778	1.1321865786634	2.49613768134671	0
7.55597555555556	1.14768491306671	2.47658118920569	0
7.58739333333333	1.16248387274406	2.47961097016193	0
7.61881111111111	1.1765834576954	2.48455566688327	0
7.65022888888889	1.18998366792077	2.48961535416558	0
7.68164666666667	1.20268450342014	2.49205355322857	0
7.71306444444444	1.21468596419353	2.47884964369765	0
7.74448222222222	1.22598805024095	2.4757139082057	0
7.7759	1.23659076156235	2.46745245623474	0
7.80731777777778	1.2464940981578	2.46491948880335	0
7.83873555555556	1.25569806002726	2.43336295994072	0
7.87015333333333	1.26420264717071	2.40617021872119	0
7.90157111111111	1.2720078595882	2.4366784521445	0
7.93298888888889	1.27911369727969	2.46948804663816	0
7.96440666666667	1.28552016024521	2.51165416732473	0
7.99582444444444	1.29122724848474	2.56114006624085	0
8.02724222222222	1.29623496199828	2.5926169793537	0
8.05866	1.30054330078582	2.62933423757458	0
8.09007777777778	1.30415226484742	2.65796336102738	0
8.12149555555555	1.307061854183	2.68641618031064	0
8.15291333333333	1.30927206879261	2.69510737882776	0
8.18433111111111	1.31078290867621	2.71162563213874	0
8.21574888888889	1.31159437383384	2.71942044125387	0
8.24716666666667	1.3117064642655	2.72169810421422	0
8.27858444444444	1.31111917997117	2.71847468132176	0
8.31000222222222	1.30983252095084	2.72140234948241	0
8.34142	1.30784648720455	2.71061127362963	0
8.37283777777778	1.30516107873227	2.69169415092479	0
8.40425555555556	1.30177629553395	2.6779282520924	0
8.43567333333333	1.2976921376097	2.64995934119427	0
8.46709111111111	1.29290860495945	2.62725950751657	0
8.49850888888889	1.28742569758323	2.60367460308042	0
8.52992666666667	1.2812471762745	2.57990338132937	0
8.56134444444444	1.27464066130563	2.54318940510632	0
8.59276222222222	1.26804708784765	2.51688884811946	0
8.62418	1.2615076124347	2.48932282413787	0
8.65559777777778	1.25502223506686	2.45713112004648	0
8.68701555555556	1.24859095574393	2.42622362011527	0
8.71843333333333	1.24221377446615	2.39399632501576	0
8.74985111111111	1.23589069123337	2.36267066097921	0
8.78126888888889	1.22962170604561	2.3315859790254	0
8.81268666666667	1.22340681890292	2.30059984904829	0
8.84410444444444	1.21724602980523	2.28519539036583	0
8.87552222222222	1.21113933875263	2.2608099740463	0
8.90694	1.20508674574502	2.23040573537292	0
8.93835777777778	1.19908825078249	2.2027924936843	0
8.96977555555556	1.193143853865	2.17174737815752	0
9.00119333333333	1.18725355499249	2.14023660583373	0
9.03261111111111	1.18141735416506	2.11060987961331	0
9.06402888888889	1.17563525138266	2.09035964821405	0
9.09544666666667	1.1699072466453	2.06265887772615	0
9.12686444444445	1.16423333995298	2.03866365795051	0
9.15828222222222	1.15861353130571	2.01376228905217	0
9.1897	1.15304782070346	2.00129873607213	0
9.22111777777778	1.14753620814625	1.99149698016005	0
9.25253555555556	1.14207869363408	1.97465034606997	0
9.28395333333333	1.13667527716698	1.959942952164	0
9.31537111111111	1.13132595874486	1.96133339510396	0
9.34678888888889	1.12603073836783	1.9512475407434	0
9.37820666666667	1.12078961603579	1.9414482283428	0
9.40962444444445	1.11560259174883	1.93119262193861	0
9.44104222222222	1.11046966550689	1.91144978943199	0
9.47246	1.10539083730998	1.90586035883982	0
9.50387777777778	1.10036610715813	1.90161901246476	0
9.53529555555556	1.09539547505131	1.89117885299343	0
9.56671333333333	1.09047894098953	1.88457428206395	0
9.59813111111111	1.08561650497279	1.88776646785616	0
9.62954888888889	1.08080816700107	1.90280143531174	0
9.66096666666667	1.0760539270744	1.91518961304435	0
9.69238444444445	1.07135378519278	1.93079309876681	0
9.72380222222222	1.06670774135617	1.93990307117077	0
9.75522	1.06211579556463	1.95607418940692	0
9.78663777777778	1.05757794781812	1.97273022476051	0
9.81805555555556	1.05309419811663	1.98359478476182	0
9.84947333333334	1.04866454646021	1.99898570196171	0
9.88089111111111	1.04428899284879	2.01226960111485	0
9.91230888888889	1.03996753728246	2.02360157468276	0
9.94372666666667	1.03570017976112	2.03431828714897	0
9.97514444444445	1.03148692028483	2.04664616146502	0
10.0065622222222	1.02732775885359	2.06178754450915	0
10.03798	1.02322269546737	2.07409871506424	0
10.0693977777778	1.0191717301262	2.08423642102252	0
10.1008155555556	1.01517486283007	2.09249202966086	0
10.1322333333333	1.01123209357899	2.0929018331081	0
10.1636511111111	1.00734342237292	2.09839679989179	0
10.1950688888889	1.00350884921192	2.10851813802028	0
10.2264866666667	0.99972837409593	2.11894487744777	0
10.2579044444444	0.99600199702498	2.1242710533413	0
10.2893222222222	0.99232971799909	2.12874431624507	0
10.32074	0.98871153701823	2.13262652215444	0
10.3521577777778	0.985147454082402	2.13313990978667	0
10.3835755555556	0.981637469191608	2.12648707907026	0
10.4149933333333	0.978181582345864	2.11945365869839	0
10.4464111111111	0.974779793545146	2.1196609781116	0
10.4778288888889	0.97143210278948	2.12279309466811	0
10.5092466666667	0.968138510078868	2.12573706562443	0
10.5406644444444	0.96489901541326	2.12812548469897	0
10.5720822222222	0.961713618792697	2.12995835189167	0
10.6035	0.958582320217184	2.13123566720239	0
10.6349177777778	0.955505119686694	2.13195743063169	0
10.6663355555556	0.952482017201245	2.13212364217912	0
10.6977533333333	0.949513012760859	2.12873192919425	0
10.7291711111111	0.946598106365497	2.12434780853558	0
10.7605888888889	0.943737298015165	2.11922919525576	0
10.7920066666667	0.940930587709868	2.11347375062005	0
10.8234244444444	0.938177975449654	2.10708147463076	0
10.8548422222222	0.93547946123441	2.10190351096683	0
10.88626	0.932835045064238	2.09309417709424	0
10.9176777777778	0.93024472693911	2.08423451490738	0
10.9490955555556	0.927708506859013	2.07527857787665	0
10.9805133333333	0.925226384823957	2.06568539748373	0
11.0119311111111	0.922798360833937	2.05513794493128	0
11.0433488888889	0.920424434888932	2.04475199906145	0
11.0747666666667	0.918104606989009	2.03349581754459	0
11.1061844444444	0.915838877134113	2.0214172392043	0
11.1376022222222	0.913627245324249	2.0193880014282	0
11.16902	0.911469711559414	2.02491213950353	0
11.2004377777778	0.909366275839607	2.02109353807367	0
11.2318555555556	0.907316938164875	2.00462211500509	0
11.2632733333333	0.905321698535151	1.98745922332462	0
11.2946911111111	0.903380556950473	1.97667232914818	0
11.3261088888889	0.901493513410864	1.98169532245594	0
11.3575266666667	0.899660567916229	1.97349487071456	0
11.3889444444444	0.897881720466697	1.96832702417433	0
11.4203622222222	0.896156971062153	1.96489954969141	0
11.45178	0.894486319702706	1.95874258621475	0
11.4831977777778	0.892869766388237	1.95467314064429	0
11.5146155555556	0.891307311118834	1.94759515751309	0
11.5460333333333	0.889798953894473	1.94110489854036	0
11.5774511111111	0.888344694715121	1.92842620415307	0
11.6088688888889	0.886944533580837	1.91191853210405	0
11.6402866666667	0.885598470491595	1.90279230723338	0
11.6717044444444	0.884306505447374	1.89071454006424	0
11.7031222222222	0.883068638448208	1.88004969330097	0
11.73454	0.881884869494063	1.86475249797118	0
11.7659577777778	0.880755198584972	1.85324154581172	0
11.7973755555556	0.879679625720899	1.84752849033592	0
11.8287933333333	0.87865815090188	1.84170023082337	0
11.8602111111111	0.877690774127899	1.82192300022537	0
11.8916288888889	0.876776862849337	1.82274293333889	0
11.9230466666667	0.87589048901012	1.82379949018053	0
11.9544644444444	0.874997176169231	1.82197641765864	0
11.9858822222222	0.874094538464801	1.79942476684803	0
12.0173	0.873182575896778	1.77703037551839	0
12.0487177777778	0.872261288465177	1.76574154747565	0
12.0801355555556	0.871330676169959	1.75713828693171	0
12.1115533333333	0.870390739011176	1.7611317550874	0
12.1429711111111	0.869441476988797	1.76279682692733	0
12.1743888888889	0.868482890102842	1.74564516019994	0
12.2058066666667	0.867514978353298	1.73421390721495	0
12.2372244444444	0.866537741740156	1.73152619149199	0
12.2686422222222	0.865551180263454	1.72915206619979	0
12.30006	0.864555293923163	1.714513908856	0
12.3314777777778	0.863550082719243	1.7104512172776	0
12.3628955555556	0.862535546651794	1.69363186569579	0
12.3943133333333	0.861511685720715	1.68024798175647	0
12.4257311111111	0.860478499926055	1.67009631997182	0
12.4571488888889	0.859435989267835	1.66063374226154	0
12.4885666666667	0.858384153746008	1.64637091850524	0
12.5199844444444	0.857322993360607	1.64366679889418	0
12.5514022222222	0.856252508111597	1.63398840702905	0
12.58282	0.855172697999035	1.6254948889838	0
12.6142377777778	0.854083563022858	1.62182019295211	0
12.6456555555556	0.852985103183106	1.61796371286881	0
12.6770733333333	0.8518773184798	1.61401610100243	0
12.7084911111111	0.850760208912854	1.61027155305485	0
12.7399088888889	0.849633774482342	1.60635110051491	0
12.7713266666667	0.848498015188231	1.60225474338307	0
12.8027444444444	0.847352931030551	1.59798248166017	0
12.8341622222222	0.846198522009277	1.59559239859914	0
12.86558	0.845034788124443	1.59931422834646	0
12.8969977777778	0.843861729375998	1.60282134791335	0
12.9284155555556	0.842679345763957	1.59514530974396	0
12.9598333333333	0.84148763728835	1.58689483550652	0
12.9912511111111	0.840286603949149	1.57841887682311	0
13.0226688888889	0.839076245746365	1.56967949561895	0
13.0540866666667	0.837856562679998	1.5607034213524	0
13.0855044444444	0.836627554750028	1.55149971223408	0
13.1169222222222	0.835389221956482	1.54686214076116	0
13.14834	0.83414156429935	1.54614276838195	0
13.1797577777778	0.832884581778632	1.54530949722131	0
13.2111755555556	0.831618274394322	1.54436232728034	0
13.2425933333333	0.830342642146449	1.54305203217377	0
13.2740111111111	0.82905768503496	1.53580061336717	0
13.3054288888889	0.827763403059925	1.52830064804935	0
13.3368466666667	0.826459796221258	1.5204714622812	0
13.3682644444444	0.825146864519009	1.51245394673317	0
13.3996822222222	0.823824607953194	1.50424810140485	0
13.4311	0.822493026523783	1.49585392629629	0
13.4625177777778	0.821152120230793	1.48727142140837	0
13.4939355555556	0.819801889074217	1.47842000985196	0
13.5253533333333	0.81844233305406	1.46766644676507	0
13.5567711111111	0.81707345217031	1.46058550576622	0
13.5881888888889	0.815695246422964	1.45152694543808	0
13.6196066666667	0.814307715812032	1.44643175230496	0
13.6510244444444	0.812910860337533	1.44292171324023	0
13.6824422222222	0.81150467999942	1.43473173585448	0
13.71386	0.810089174797751	1.43102538246217	0
13.7452777777778	0.808664344732467	1.4271273314278	0
13.7766955555556	0.807230189803626	1.42303392546212	0
13.8081133333333	0.805786710011167	1.40975487963261	0
13.8395311111111	0.80433390535516	1.39142142061079	0
13.8709488888889	0.802871775835542	1.37940121899971	0
13.9023666666667	0.801400321452344	1.37656704524748	0
13.9337844444444	0.799919542205547	1.37351851049691	0
13.9652022222222	0.798429438095167	1.36689271052182	0
13.99662	0.796930009121207	1.3602418256765	0
14.0280377777778	0.795421255283692	1.34266446289339	0
14.0594555555556	0.793903176582546	1.32396859850838	0
14.0908733333333	0.792375772987217	1.30910824396453	0
14.1222911111111	0.790817156543682	1.29775897259243	0
14.1537088888889	0.789142694883135	1.28816175195437	0
14.1851266666667	0.787331935596254	1.28361705171308	0
14.2165444444444	0.785384878683067	1.27491135738031	0
14.2479622222222	0.783301524143481	1.26582093277825	0
14.27938	0.781081871977605	1.24651904835675	0
14.3107977777778	0.778725922185336	1.22747032235844	0
14.3422155555556	0.776233674766792	1.21717859982126	0
14.3736333333333	0.773605129721866	1.21083071905199	0
14.4050511111111	0.770840287050604	1.20447804143918	0
14.4364688888889	0.76793914675302	1.19781214290226	0
14.4678866666667	0.764901708829076	1.19389454788023	0
14.4993044444444	0.76172797327882	1.18979668709856	0
14.5307222222222	0.758417940102212	1.18390474539915	0
14.56214	0.754971609299235	1.18836478663842	0
14.5935577777778	0.751388980869953	1.18526654309259	0
14.6249755555556	0.747670054814321	1.17533833107812	0
14.6563933333333	0.74381483113235	1.16662831201388	0
14.6878111111111	0.739823309824033	1.1656171229849	0
14.7192288888889	0.735695490889385	1.17456218590577	0
14.7506466666667	0.731431374328403	1.17491984302129	0
14.7820644444444	0.727030960141055	1.16068604612441	0
14.8134822222222	0.722494248327386	1.15056809811172	0
14.8449	0.717821238887396	1.14167424999734	0
14.8763177777778	0.713011931821038	1.13813769302501	0
14.9077355555556	0.708066327128353	1.13366267703197	0
14.9391533333333	0.702984424809309	1.12849667054946	0
14.9705711111111	0.697766224863966	1.12278304971368	0
15.0019888888889	0.692411727292233	1.11614800134532	0
15.0334066666667	0.686920932094195	1.11039553393737	0
15.0648244444444	0.68129383926981	1.10565919295429	0
15.0962422222222	0.675530448819073	1.10003564191968	0
15.12766	0.669630760742006	1.08988299738189	0
15.1590777777778	0.663594775038615	1.07907619804507	0
15.1904955555556	0.657422491708867	1.06811917581437	0
15.2219133333333	0.651113910752774	1.05703449717051	0
15.2533311111111	0.644669032170346	1.04585092000627	0
15.2847488888889	0.63808785596158	1.0345684443214	0
15.3161666666667	0.631370382126489	1.0231870701168	0
15.3475844444444	0.624516610665036	1.01170679739187	0
15.3790022222222	0.61752654157725	1.0060934569826	0
15.41042	0.610400174863111	1.0025381697435	0
15.4418377777778	0.603137510522679	0.993745388821488	0
15.4732555555556	0.595738548555881	0.990844596738515	0
15.5046733333333	0.588203288962718	0.977513347539751	0
15.5360911111111	0.580531731743228	0.962598567699168	0
15.5675088888889	0.572723876897411	0.955653680580183	0
15.5989266666667	0.564779724425258	0.94770511213169	0
15.6303444444444	0.556699274326753	0.938765262412978	0
15.6617622222222	0.548482526601921	0.940787113934628	0
15.69318	0.540129750356773	0.92909569691803	0
15.7245977777778	0.531683785748974	0.916317415740666	0
15.7560155555556	0.523234031684964	0.921058125116573	0
15.7874333333333	0.514791680738896	0.912614495758229	0
15.8188511111111	0.506356732910854	0.903626813511057	0
15.8502688888889	0.497929188200751	0.895262757314342	0
15.8816866666667	0.48950904660869	0.88588576489938	0
15.9131044444444	0.48109630813455	0.877180358015693	0
15.9445222222222	0.472690972778397	0.878342699121847	0
15.97594	0.464293040540243	0.877975703367762	0
16.0073577777778	0.455902511420093	0.874749867370389	0
16.0387755555556	0.447519385417884	0.88028748472474	0
16.0701933333333	0.43914366253369	0.871330002521614	0
16.1016111111111	0.430775342767429	0.872389783062726	0
16.1330288888889	0.422414426119197	0.879106062385266	0
16.1644466666667	0.414060912588932	0.885193588346102	0
16.1958644444444	0.405714802176629	0.874375227245376	0
16.2272822222222	0.397376094882348	0.863606144081396	0
16.2587	0.389044790706014	0.871067611893851	0
16.2901177777778	0.380720889647687	0.873014970065507	0
16.3215355555556	0.372404391707288	0.877816849176617	0
16.3529533333333	0.364095296884922	0.88180744551989	0
16.3843711111111	0.355793605180534	0.876133417515657	0
16.4157888888889	0.347499316594114	0.847175256368811	0
16.4472066666667	0.339212431125692	0.840600121560102	0
16.4786244444444	0.33093294877521	0.844602796748841	0
16.5100422222222	0.32266086954275	0.848385811720079	0
16.54146	0.314396193428265	0.851586400857763	0
16.5728777777778	0.306138920431743	0.84276981309153	0
16.6042955555556	0.297889050553222	0.841501496329653	0
16.6357133333333	0.289646583792676	0.836087772336554	0
16.6671311111111	0.281411520150109	0.830603963481419	0
16.6985488888889	0.273183859625534	0.825381654660372	0
16.7299666666667	0.264963602218907	0.823515114629822	0
16.7613844444444	0.256750747930308	0.816233598952941	0
16.7928022222222	0.248545296759653	0.808437037951975	0
16.82422	0.24034724870701	0.802631873515847	0
16.8556377777778	0.232156603772319	0.79671783177312	0
16.8870555555556	0.223973361955629	0.791060307018947	0
16.9184733333333	0.215797523256911	0.782885815191677	0
16.9498911111111	0.207629087676183	0.769436499192483	0
16.9813088888889	0.19946805521342	0.759314827147483	0
17.0127266666667	0.191314425868652	0.767241761768085	0
17.0441444444444	0.183168199641871	0.761114935255082	0
17.0755622222222	0.175029376533044	0.747936094991404	0
17.10698	0.166897956542239	0.748944240697571	0
17.1383977777778	0.158773939669379	0.743204509648672	0
17.1698155555556	0.150657325914531	0.736819596098174	0
17.2012333333333	0.142548115277639	0.730193726380367	0
17.2326511111111	0.134446307758735	0.724898717751244	0
17.2640688888889	0.126351903357812	0.717464121373579	0
17.2954866666667	0.118264902074873	0.717116734787319	0
17.3269044444444	0.11018530390993	0.725388311192416	0
17.3583222222222	0.102113108862944	0.711274985664698	0
17.38974	0.0940483169339518	0.699604965851972	0
17.4211577777778	0.0859909281229285	0.698018684000397	0
17.4525755555556	0.0779409424299268	0.696409744110678	0
17.4839933333333	0.0698983598548556	0.714496102886918	0
17.5154111111111	0.061863180397782	0.741630629815456	0
17.5468288888889	0.0538354040586899	0.759074837790998	0
17.5782466666667	0.0458150308376136	0.766857153006126	0
17.6096644444444	0.0378040502971169	0.758501185639324	0
17.6410822222222	0.0299214883904791	0.744405757249375	0
17.6725	0.0223516356343313	0.746375619342617	0
17.7039177777778	0.0151103216576702	0.766987559431599	0
17.7353355555556	0.00819754646046428	0.786770127932455	0
17.7667533333333	0.00161331004273592	0.798586264292905	0
17.7981711111111	0	0.794905225844996	0
17.8295888888889	0	0.804155423432805	0
17.8610066666667	0	0.809142989013924	0
17.8924244444444	0	0.803821084136236	0
17.9238422222222	0	0.797913388334631	0
17.95526	0	0.809917263490653	0
17.9866777777778	0	0.814568495839272	0
18.0180955555556	0	0.804567088446797	0
18.0495133333333	0	0.799882967599548	0
18.0809311111111	0	0.811154183231812	0
18.1123488888889	0	0.82193748631409	0
18.1437666666667	0	0.832232876847148	0
18.1751844444444	0	0.842040354831092	0
18.2066022222222	0	0.851359920264632	0
18.23802	0	0.860191573149772	0
18.2694377777778	0	0.86853531348469	0
18.3008555555556	0	0.876391141271037	0
18.3322733333333	0	0.883693844487228	0
18.3636911111111	0	0.884484834006361	0
18.3951088888889	0	0.88642045471737	0
18.4265266666667	0	0.902792618175292	0
18.4579444444444	0	0.908351591959139	0
18.4893622222222	0	0.919834101341085	0
18.52078	0	0.928181412784888	0
18.5521977777778	0	0.922876866022884	0
18.5836155555556	0	0.925137526618663	0
18.6150333333333	0	0.928114228910757	0
18.6464511111111	0	0.930603018651942	0
18.6778688888889	0	0.938375704450491	0
18.7092866666667	0	0.947857227858125	0
18.7407044444444	0	0.949361525887376	0
18.7721222222222	0	0.950039099657794	0
18.80354	0	0.950643164448411	0
18.8349577777778	0	0.951173720260986	0
18.8663755555556	0	0.951630767094604	0
18.8977933333333	0	0.952052474180598	0
18.9292111111111	0	0.960085420680164	0
18.9606288888889	0	0.975426627697238	0
18.9920466666667	0.00108833774381718	0.990537592539285	0
19.0234644444444	0.00764565250521167	0.991073027399021	0
19.0548822222222	0.0145315060460359	0.98777065191064	0
19.0863	0.0217458983663792	0.983870784747808	0
19.1177177777778	0.0292888294661594	0.972835464950262	0
19.1491355555556	0.0371602993454609	0.975304874453025	0
19.1805533333333	0.0453603080041959	0.970949081280929	0
19.2119711111111	0.0538888554424435	0.965142124494013	0
19.2433888888889	0.0627459416601355	0.958807969474791	0
19.2748066666667	0.071931566657335	0.953520471871169	0
19.3062244444444	0.081445730433974	0.961882923976511	0
19.3376422222222	0.0912884329901478	0.986384173981489	0
19.36906	0.101459674325749	0.984706440681813	0
19.4004777777778	0.111959454440847	0.973918930644388	0
19.4318955555556	0.122787773335411	0.961767631165646	0
19.4633133333333	0.13394463100948	0.985864826198596	0
19.4947311111111	0.14543002746298	0.986690981602218	0
19.5261488888889	0.157243962696007	0.995752907876437	0
19.5575666666667	0.169386436708486	1.01153143268488	0
19.5889844444444	0.18185744950045	1.03070026614738	0
19.6204022222222	0.194657001071857	1.05150248003003	0
19.65182	0.207785091422796	1.04915587228001	0
19.6832377777778	0.221241720553185	1.07852908795744	0
19.7146555555556	0.23502688846305	1.10073467824103	0
19.7460733333333	0.249140595152405	1.11899947061149	0
19.7774911111111	0.263582840621201	1.14015998971365	0
19.8089088888889	0.278353624869523	1.17616520139503	0
19.8403266666667	0.293452947897293	1.19305323221262	0
19.8717444444444	0.30888080970455	1.20339420953573	0
19.9031622222222	0.324637210291287	1.22969871344328	0
19.93458	0.34072214965748	1.22698017270578	0
19.9659977777778	0.357135627803193	1.27688203387938	0
19.9974155555556	0.373877644728326	1.30998591164558	0
20.0288333333333	0.390948200432992	1.30421201055826	0
20.0602511111111	0.408347294917075	1.34399485513573	0.0248656939206313
20.0916688888889	0.426074928180701	1.38414638826877	0.0456276555060216
20.1230866666667	0.444131100223761	1.4219276238084	0.0897116432026222
20.1545044444444	0.462515811046323	1.45052952749137	0.11962840642577
20.1859222222222	0.481229060648349	1.47909666718571	0.113555108077462
20.21734	0.500270849029826	1.50779099766882	0.133472699978276
20.2487577777778	0.519641176190832	1.54169412424225	0.126390166791759
20.2801755555556	0.539340042131283	1.56821868187411	0.120033921035202
20.3115933333333	0.559367446851236	1.61326762248125	0.105878853519505
20.3430111111111	0.579723390350618	1.64481409093631	0.0946740522272418
20.3744288888889	0.600407872629523	1.67497310047894	0.0789261243459742
20.4058466666667	0.62142089368791	1.71937162824155	0.0679731239929697
20.4372644444444	0.642762453525711	1.76081675276546	0.0558147283930028
20.4686822222222	0.66443255214307	1.79873332256324	0.0511512850555538
20.5001	0.686431189539844	1.83596831405975	0.052027384400448
20.5315177777778	0.708758365716153	1.86479194698404	0.048221619274122
20.5629355555556	0.731414080671932	1.91096450407378	0.0209424212323618
20.5943533333333	0.754398334407098	1.94843724688825	0.0253000227775908
20.6257711111111	0.777711126921842	1.97567461091125	0.0371620868712979
20.6571888888889	0.801352458216029	2.0270380709119	0.0244752600654374
20.6886066666667	0.825322328289668	2.060410345849	0.00249063373867286
20.7200244444444	0.849620737142824	2.09400665357929	0
20.7514422222222	0.874247684775413	2.12782699410305	0
20.78286	0.899203171187543	2.17660008643484	0
20.8142777777778	0.92448719637912	2.23157824303578	0
20.8456955555556	0.950099760350148	2.292715707171	0
20.8771133333333	0.976040863100682	2.33152874039086	0
20.9085311111111	1.00231050463066	2.39349577713119	0
20.9399488888889	1.02890868494019	2.47577449368242	0
20.9713666666667	1.05583540402912	2.52627703430623	0
21.0027844444444	1.08309066189756	2.58359251271879	0
21.0342022222222	1.11067445854545	2.61167798646503	0
21.06562	1.1385867939729	2.65018125614247	0
21.0970377777778	1.16682766817973	2.7007100236186	0
21.1284555555556	1.19539708116605	2.73750460004729	0
21.1598733333333	1.22429503293195	2.81406549674023	0
21.1912911111111	1.2535215234772	2.86992566527962	0
21.2227088888889	1.28309537726115	2.90468255621118	0
21.2541266666667	1.31400162195577	2.97721999538215	0
21.2855444444444	1.34768932700111	3.0801564987319	0
21.3169622222222	1.38427448212114	3.12282664980884	0
21.34838	1.42375708731577	3.17103242196903	0
21.3797977777778	1.46613714258513	3.19156434511269	0
21.4112155555556	1.51141464792912	3.1845931432028	0
21.4426333333333	1.55958960334784	3.18719942336577	0
21.4740511111111	1.61066200884114	3.254313819958	0
21.5054688888889	1.66463186440916	3.30182940597817	0
21.5368866666667	1.72149917005184	3.27728573076856	0
21.5683044444444	1.78126392576913	3.29839072484032	0
21.5997222222222	1.84392613156121	3.34952837097438	0
21.63114	1.90948578742783	3.4325190575409	0
21.6625577777778	1.97794289336918	3.4929850092446	0
21.6939755555556	2.04929744938519	3.62004333531101	0
21.7253933333333	2.12354945547586	3.68660472709099	0
21.7568111111111	2.2006989116412	3.78754757900866	0
21.7882288888889	2.28074535952918	3.96510187527402	0
21.8196466666667	2.36216973502683	4.06479106433929	0
21.8510644444444	2.44006876036115	4.19444044301089	0
21.8824822222222	2.51345497850758	4.25685685415875	0
21.9139	2.58169540429458	4.35187703288703	0
21.9453177777778	2.63630323310967	4.31676780394313	0
21.9767355555556	2.67121485423761	4.41286031387586	0
22.0081533333333	2.68629915943188	4.47210261015735	0
22.0395711111111	2.6815561486926	4.50816154766697	0
22.0709888888889	2.65698582201954	4.41010327479671	0
22.1024066666667	2.61258817941288	4.31035946980928	0
22.1338244444444	2.54836322087261	4.36264518719668	0
22.1652422222222	2.46431094639864	4.46946890446243	0
22.19666	2.36424609955541	4.58539220001826	0
22.2280777777778	2.26435060696116	4.60181479214098	0
22.2594955555556	2.16891447557985	4.63219289154611	0
22.2909133333333	2.07793773575575	4.6777646050947	0
22.3223311111111	1.99142038748899	4.77394505747425	0
22.3537488888889	1.90936243077962	4.81568195480358	0
22.3851666666667	1.83176386562756	4.81716513086212	0
22.4165844444444	1.75862657698374	4.87595235249657	0
22.4480022222222	1.69238027974417	4.93872041319809	0
22.47942	1.64022201497544	4.98370221033251	0
22.5108377777778	1.60347807391547	5.01946947917613	0
22.5422555555556	1.58214845656413	5.04415525542018	0
22.5736733333333	1.57623316292154	5.08720650793181	0
22.6050911111111	1.58573219298764	5.14355100525978	0
22.6365088888889	1.61064554676242	5.16169823006559	0
22.6679266666667	1.6509732242459	5.20135860872229	0
22.6993444444444	1.70671522543811	5.23629095414006	0
22.7307622222222	1.77787155033897	5.27759643185066	0
22.76218	1.86444219894851	5.32349287133441	0
22.7935977777778	1.96642717126681	5.39606938907319	0
22.8250155555556	2.08382646729383	5.45574272906901	0
22.8564333333333	2.21664008702944	5.49932388449028	0
22.8878511111111	2.36486803047381	5.50189624541462	0
22.9192688888889	2.52851029762692	5.52534199338145	0
22.9506866666667	2.70756688848865	5.54610810987904	0
22.9821044444444	2.90203780305909	5.60926960080767	0
23.0135222222222	3.11192304133829	5.9104098962375	0
23.04494	3.33722260332633	6.20133510041183	0
23.0763577777778	3.57793648902265	6.69929328726922	0
23.1077755555556	3.83406469842798	7.14544746032367	0.13649906051921
23.1391933333333	4.10560723154189	7.62487853916747	0.277687605409465
23.1706111111111	4.38970999568503	8.17534346415453	0.433752042030004
23.2020288888889	4.66147281469048	8.76522127086049	0.595927227040793
23.2334466666667	4.90804969504488	9.29935193420325	0.799917139046541
23.2648644444444	5.12933372162744	9.86623579714232	0.945841558830064
23.2962822222222	5.32532489443806	10.2579198670456	1.11990202503825
23.3277	5.4960232134773	10.5953318391711	1.30482751636144
23.3591177777778	5.64142867874478	10.9162510623985	1.52569521071266
23.3905355555556	5.76154129024042	11.0926810323932	1.72956323011169
23.4219533333333	5.85636104796444	11.2453094091098	1.92939486700328
23.4533711111111	5.92588795191666	11.2555964895202	2.12586895858368
23.4847888888889	5.97012200209755	11.229721305216	2.26942245387673
23.5162066666667	5.98906319850624	11.2081178564357	2.27455828547243
23.5476244444444	5.98271154114346	11.1544386135398	2.18559898722927
23.5790422222222	5.95106703000907	11.0911741143902	2.01160652593421
23.61046	5.89412966510286	10.8827836143758	1.82650158433387
23.6418777777778	5.81189944642524	10.5544629013618	1.59264730282114
23.6732955555556	5.70437637397533	10.1846675050355	1.35615332692663
23.7047133333333	5.57160257216022	9.91914465785743	1.07183823398013
23.7361311111111	5.42590286362345	9.55414354547588	0.819140211226474
23.7675488888889	5.29666590287553	9.16898748852765	0.652214557578002
23.7989666666667	5.18817866574344	8.9659019101745	0.458872932983417
23.8303844444444	5.10044115222723	8.78989008818295	0.413604340156675
23.8618022222222	5.03345336232694	8.70141253050397	0.37002194736608
23.89322	4.98721529604252	8.63002851633386	0.308683043685439
23.9246377777778	4.96172695337399	8.56632402151337	0.359710418132457
23.9560555555556	4.9569883343212	8.52481916856906	0.358445093751958
23.9874733333333	4.97299943888461	8.54934032040123	0.427525707570448
24.0188911111111	5.00976026706378	8.60650161400139	0.52974437653946
24.0503088888889	5.06727081885865	8.67741346845878	0.755249070865485
24.0817266666667	5.14553109426962	8.86188371643618	0.814262707730924
24.1131444444444	5.24454109329642	9.21344339673399	1.06975559932255
24.1445622222222	5.36430081593914	9.62591571936991	1.17683441849764
24.17598	5.50481026219763	10.0772787911657	1.38740751135106
24.2073977777778	5.66606943207207	10.4250299696799	1.51161656517053
24.2388155555556	5.84807832556263	10.8724137236384	1.53173128967952
24.2702333333333	6.05083694266889	11.3329965122048	1.5195235734444
24.3016511111111	6.27434528339088	11.7296939149898	1.52120319671498
24.3330688888889	6.5186033477289	12.1912603310225	1.5263017724573
24.3644866666667	6.78361113568274	12.6954918191546	1.39196674156381
24.3959044444444	7.06936864725244	13.2468587868564	1.47115579534262
24.4273222222222	7.37581908326362	13.7586148996078	1.52145700124947
24.45874	7.67719952520821	14.2417085761768	1.55173319109389
24.4901577777778	7.9071125775549	14.6370006226717	1.49429780989859
24.5215755555556	8.0550068621115	14.6874630732489	1.55415554800802
24.5529933333333	8.12088237887749	14.4845382762321	1.6173428668701
24.5844111111111	8.10604509161184	14.1884057627649	1.69901210492909
24.6158288888889	8.0346754446245	13.6457937848023	1.67439548299778
24.6472466666667	7.92808834568989	13.3995774943614	1.5935008380487
24.6786644444444	7.78701379128098	13.0729807819746	1.61568474996477
24.7100822222222	7.61145178139711	12.7916114482611	1.66752574161808
24.7415	7.40352225101586	12.5533895516868	1.73946042990331
24.7729177777778	7.19750956034502	12.2226383436257	1.75503041194019
24.8043355555556	7.02118186886094	11.9358607032437	1.73719745112134
24.8357533333333	6.87533769065607	11.6872746428522	1.85779287558006
24.8671711111111	6.7599770257305	11.4919110579387	1.86920074899688
24.8985888888889	6.67509987408402	11.3429116404518	1.90835921032427
24.9300066666667	6.62070623571646	11.1852191945825	1.86963187394252
24.9614244444444	6.59679611062858	11.0693700003957	1.79401013920097
24.9928422222222	6.60336949881985	11.0270525852338	1.7421269908601
25.02426	6.64042640028988	10.94560279977	1.69491752253817
25.0556777777778	6.70796681503964	11.1090562829637	1.78009066012053
25.0870955555556	6.80599074306828	11.1627134579481	1.9078610533763
25.1185133333333	6.93449818437652	11.352065594696	2.03798255756671
25.1499311111111	7.09348913896346	11.5404777335711	2.1268914601906
25.1813488888889	7.28296360682994	11.6150989632064	2.29795883088155
25.2127666666667	7.50292158797572	11.7545036529822	2.56166545185507
25.2441844444444	7.75336308240031	11.8303493936038	2.86901972706447
25.2756022222222	8.03428809010433	12.030211256861	3.33350932632976
25.30702	8.34569661108748	12.2048811124042	3.85748428307404
25.3384377777778	8.6875886453502	12.4108165047663	4.35107803224735
25.3698555555556	9.05996419289158	12.6558021140643	4.9359401313425
25.4012733333333	9.46282325371258	13.1822738814593	5.71839681086464
25.4326911111111	9.89616582781275	13.818743588499	6.52007394873205
25.4641088888889	10.3599919151918	14.4750655144946	7.16274672854384
25.4955266666667	10.8543015158508	15.2016324226561	7.99460440307579
25.5269444444444	11.379094629788	16.1428194317634	8.52074273913448
25.5583622222222	11.9343712570051	16.9813437480436	9.02202575178547
25.58978	12.520131397501	17.7611558653817	9.51777013629289
25.6211977777778	13.1363750512763	18.6340266112703	9.73486272373919
25.6526155555556	13.7831022183312	19.7368732871089	9.94967168141294
25.6840333333333	14.4603128986643	21.142347220163	10.1762283965273
25.7154511111111	15.1666243081203	22.5584703842751	10.3367662992382
25.7468688888889	15.8391270649312	23.7148064853248	10.4965746092772
25.7782866666667	16.3903705865647	24.5089338332931	10.6232456140583
25.8097044444444	16.8138963130903	25.130420872563	10.7926894549975
25.8411222222222	17.1097042445095	25.3302017186154	10.9439239530067
25.87254	17.2777943808228	25.096316381967	11.0902207386328
25.9039577777778	17.3181667220283	24.4740238292984	11.2385682020982
25.9353755555556	17.2390525039494	23.4744835620414	11.403815257946
25.9667933333333	17.0883128811561	22.9154784305786	11.5563711931815
25.9982111111111	16.8832015628833	22.1518583423564	11.7498860572396
26.0296288888889	16.6262906451843	21.4856855485941	11.928053421748
26.0610466666667	16.3571198416043	20.9334474318827	11.9654376077986
26.0924644444444	16.1068586983276	20.5147481934701	12.0588144061048
26.1238822222222	15.8763524392793	20.1338547167773	12.1313728390436
26.1553	15.6656010644582	19.7593344910932	12.187093061426
26.1867177777778	15.4746045738662	19.369198942805	12.134562650708
26.2181355555556	15.3033629675014	18.9019625249214	12.1488072501012
26.2495533333333	15.1503807021834	18.6559667334319	12.1312112112237
26.2809711111111	14.9988322780188	18.5873863128142	12.0957986713519
26.3123888888889	14.8381227456831	18.4395303610199	12.1043037153572
26.3438066666667	14.6680868537145	18.2580905881804	12.1046735415303
26.3752244444444	14.4887246021142	17.890245833501	11.9824418909573
26.4066422222222	14.3000359908817	17.6700655061534	11.8489647295787
26.43806	14.1020210200163	17.3375137493042	11.638993663375
26.4694777777778	13.8946796895192	17.0470222972688	11.3826929884585
26.5008955555556	13.6780119993895	16.7052873811655	11.1832097560701
26.5323133333333	13.4520179496283	16.3661374545072	10.9459258060123
26.5637311111111	13.216697540234	16.0042351972431	10.7903629135811
26.5951488888889	12.9720507712076	15.6692838064147	10.5076184281347
26.6265666666667	12.7180776425495	15.5171296376396	10.2186994053469
26.6579844444444	12.4547781542584	15.4525889540193	9.89586951097077
26.6894022222222	12.1773195357279	15.5733758640036	9.53364031904955
26.72082	11.8437180949612	15.3891712158889	9.13245240108617
26.7522377777778	11.4323902695904	14.8871539690208	8.62977102714479
26.7836555555556	10.9431586825288	13.919159827332	7.99017341210086
26.8150733333333	10.3809466499775	12.7841196976769	7.30760023219
26.8464911111111	9.8232228904732	11.8368016944495	6.58979319543838
26.8779088888889	9.33162898432342	11.3089042784677	5.99327405948518
26.9093266666667	8.90787090308008	11.0189064581214	5.33414537185085
26.9407444444444	8.55194864674234	10.866104851394	5.03709672230633
26.9721622222222	8.26386221531067	10.6592904822961	4.99935058212767
27.00358	8.04361160878453	10.5837070161015	4.98462014715087
27.0349977777778	7.88563874060874	10.4430883865037	5.06124981148159
27.0664155555556	7.73399051267497	10.2765334108793	5.08461015807135
27.0978333333333	7.60557129265951	10.2011858173038	4.9807307960822
27.1292511111111	7.53084080497676	10.1345115818504	4.78173612548032
27.1606688888889	7.51014228541038	9.98258758226343	4.68233696257667
27.1920866666667	7.54347573396024	9.98929245503455	4.7899260764659
27.2235044444444	7.63084115062628	10.0169138548715	4.99863349311968
27.2549222222222	7.77223853540867	10.120492639915	5.12534580719155
27.28634	7.96766788830762	10.1931567569614	5.27800205438768
27.3177577777778	8.21710928124254	10.4114830337307	5.51116902997139
27.3491755555556	8.5009255004549	10.8386717739578	5.70239096372958
27.3805933333333	8.76376976004105	11.1555655722763	5.9879285196271
27.4120111111111	9.02291587473835	11.4098324714242	6.16875435552544
27.4434288888889	9.30735116885132	11.7410888518531	6.33709596317596
27.4748466666667	9.6184725973408	11.9994686399081	6.49850148103983
27.5062644444444	9.95628016020768	12.2823191749341	6.87252157511111
27.5376822222222	10.3207738574507	12.712193231092	7.31808729567432
27.5691	10.711953689071	13.1751213619101	7.79937931052017
27.6005177777778	11.129819655068	14.0174424013691	8.24508892437906
27.6319355555556	11.5368649012641	14.9003124784897	8.51789324416944
27.6633533333333	11.7952834690651	15.5831311268617	8.36806433592737
27.6947711111111	11.9508879279361	15.8401236747383	8.19029699742517
27.7261888888889	12.1132665291571	16.0633597862245	8.06495448062789
27.7576066666667	12.3116989723186	16.2147718770997	7.99858397882417
27.7890244444444	12.5461877761234	16.3487859080477	8.09443738492772
27.8204422222222	12.8167329405717	16.4784176634513	8.60203791028698
27.85186	13.1233344656635	16.4375730455372	9.30120987123389
27.8832777777778	13.4659923513983	16.54707342965	10.1956935953497
27.9146955555556	13.8447065977765	17.1055215831675	10.9200129354385
27.9461133333333	14.2594772047984	17.6665362840064	11.4034592980777
27.9775311111111	14.6928997539555	19.092264843816	11.5032421007032
28.0089488888889	14.9724786251989	20.7006694464515	11.4055290411907
28.0403666666667	14.9996269494121	21.2550406758176	11.1971293208351
28.0717844444444	14.7731883295081	21.2401020443622	10.9131330269834
28.1032022222222	14.2931627654882	20.355369144649	10.5868679079313
28.13462	13.5604632914586	18.8610831290785	10.1537932636985
28.1660377777778	12.6518136382445	16.9302104443501	9.54028610510293
28.1974555555556	11.6909800114485	15.4127127148038	8.77724177854157
28.2288733333333	10.6888741851349	14.0284260513832	8.01483973560745
28.2602911111111	9.65782541371803	12.6693611718361	7.11495983725194
28.2917088888889	8.68895680790052	11.5238086886141	6.1348993337983
28.3231266666667	7.84301007362096	10.6564023368736	5.25209040422028
28.3545444444444	7.12685608863074	9.90227075293022	4.50744671875997
28.3859622222222	6.5404950648994	9.42819570264868	3.82705604577608
28.41738	6.08392700242688	9.08795565737108	3.45649050009033
28.4487977777778	5.75632748253555	8.75885968192386	3.31732201475371
28.4802155555556	5.52275598692963	8.543611495846	3.14941955922753
28.5116333333333	5.33571527320415	8.35283532595859	3.00858738933551
28.5430511111111	5.18248084977696	8.1656372519563	2.75502849451855
28.5744688888889	5.05301227868092	8.04641326498822	2.5825892328674
28.6058866666667	4.94681873307996	7.85954032211581	2.49484693493683
28.6373044444444	4.86390021297376	7.73403694306091	2.34239704090854
28.6687222222222	4.80425671836278	7.71391037726139	2.26859114163399
28.70014	4.76788824924714	7.60898288370282	2.16358572988859
28.7315577777778	4.75495920685081	7.60743782191894	2.17651726228585
28.7629755555556	4.77032203965478	7.62740182959634	2.1887074322984
28.7943933333333	4.81951145482893	7.68401326881847	2.26897580870092
28.8258111111111	4.90282904605484	7.7348323997326	2.31976965229704
28.8572288888889	5.0202748133324	7.74719889333905	2.4386576883112
28.8886466666667	5.17184875666174	7.8217773698238	2.64167510080174
28.9200644444444	5.35755087604303	7.94441233372369	2.9102283876723
28.9514822222222	5.57738117147579	8.07464187276862	3.18416181451374
28.9829	5.83133964296045	8.21496783034783	3.62543289357122
29.0143177777778	6.11942629049681	8.34154852310302	4.01055359740239
29.0457355555556	6.44164111408507	8.44805058945065	4.52441727471464
29.0771533333333	6.79798411372502	8.56963676037792	4.99154264962588
29.1085711111111	7.18845528941654	8.7788956404101	5.37486881036143
29.1399888888889	7.61305464116022	9.6086426979912	5.62075016079574
29.1714066666667	8.07178216895531	10.7160179000041	5.75559269156064
29.2028244444444	8.56424394359505	11.8248870903931	5.97626687470055
29.2342422222222	9.03030184105666	12.9590109613173	6.01719537526365
29.26566	9.3521508744371	13.1671416108339	6.12878508542184
29.2970777777778	9.56991922837881	13.5274268147555	6.12338075101259
29.3284955555556	9.71213501949573	13.569589977608	6.09211769293407
29.3599133333333	9.77903278699385	13.5646412379517	6.08604000870841
29.3913311111111	9.77061253087345	13.4362751338448	6.01387916158944
29.4227488888889	9.68687425113416	13.1477237500956	5.94201377634419
29.4541666666667	9.52781794777661	12.8151324755707	5.84184430368462
29.4855844444444	9.29344362080013	12.312578870968	5.79136274183531
29.5170022222222	8.9837512702049	11.8236380884742	5.66294011772367
29.54842	8.60487716889767	11.3303766898148	5.59151435095687
29.5798377777778	8.19891152831671	10.9909931106478	5.46908187742089
29.6112555555556	7.7835148859737	10.6183923761323	5.27819477970061
29.6426733333333	7.35874776261011	10.0796940347231	5.07526100667816
29.6740911111111	6.92461015822615	9.57394648048364	4.88535302113425
29.7055088888889	6.48110207282168	9.02981908142146	4.71293398122653
29.7369266666667	6.03062445577402	8.43170677318739	4.47719795468415
29.7683444444444	5.58389897769325	7.75667390737522	4.2317067758998
29.7997622222222	5.14395519373064	7.14921965456262	3.86913874172108
29.83118	4.72066926580408	6.72714387346918	3.55140029033639
29.8625977777778	4.33705876415992	6.32641195317847	3.14145997509171
29.8940155555556	3.99639636468545	6.06968761590203	2.73281394924495
29.9254333333333	3.69868206738032	5.86832680214464	2.37738069563106
29.9568511111111	3.4439158722444	5.70932302326517	2.08841137257821
29.9882688888889	3.23209777927807	5.59836276404803	1.85987625601542
30.0196866666667	3.063227788481	5.47676611870314	1.72516673774739
30.0511044444444	2.93730589985334	5.39600592962326	1.65026626265477
30.0825222222222	2.85379446588931	5.38125730073508	1.56171574404804
30.11394	2.80339092938654	5.37463046053378	1.49590088194184
30.1453577777778	2.77823089958165	5.34633154925496	1.44739796352648
30.1767755555556	2.77806690782216	5.32118666659028	1.41532173879363
30.2081933333333	2.80289895410806	5.33893192539748	1.41339509655608
30.2396111111111	2.85272703843926	5.32311247516609	1.48072800419122
30.2710288888889	2.92755116081581	5.31470015030596	1.51725610748324
30.3024466666667	3.02737132123761	5.32836414160198	1.57212618246044
30.3338644444444	3.15218751970481	5.3600688220573	1.6596429631509
30.3652822222222	3.30199975621731	5.36840493461492	1.79231401920554
30.3967	3.47680803077508	5.44452815070469	1.9344231950229
30.4281177777778	3.67731941059171	5.53117121940135	2.08932965854277
30.4595355555556	3.91372626690457	5.70184224924402	2.21493890798333
30.4909533333333	4.19368115142553	5.93877400292902	2.41061137592969
30.5223711111111	4.51737005192235	6.14527905661757	2.6298663805033
30.5537888888889	4.88473518095077	6.36883616623153	2.97951303991811
30.5852066666667	5.28970935593263	6.73137949971822	3.31264219928432
30.6166244444444	5.7209766372709	7.09678080080124	3.87131663017183
30.6480422222222	6.17729984051258	7.53601876646793	4.4695870443208
30.67946	6.65867896565719	7.98529956742437	5.07508714429739
30.7108777777778	7.16511401270499	8.48214693708277	5.43591928286749
30.7422955555556	7.68694245016902	9.28489937864762	5.78286588445542
30.7737133333333	8.14510946888679	10.3633076141059	5.91974231882813
30.8051311111111	8.50095402027634	11.259058752628	6.03885087521472
30.8365488888889	8.75421281218838	11.6281570370264	6.14463407693689
30.8679666666667	8.9048858446232	11.8921687175649	6.23346981755641
30.8993844444444	8.95343896186534	11.7575990773816	6.28664394581137
30.9308022222222	8.91500841122443	11.4574554218375	6.38601532579343
30.96222	8.80825452007614	11.1999811252361	6.47585949862941
30.9936377777778	8.65168529726259	10.8901899688214	6.59213438892121
31.0250555555556	8.46333559443084	10.7334552866787	6.6091687867968
31.0564733333333	8.24403436083266	10.8565122010689	6.6011416502335
31.0878911111111	7.99378159646751	10.7401704880198	6.58901971198623
31.1193088888889	7.71293749000708	10.7322760411755	6.38571475482924
31.1507266666667	7.42718560779908	10.6847992649764	5.8981092724589
31.1821444444444	7.17840100196323	10.7287410118541	5.32417273883348
31.2135622222222	6.97338012243283	10.7288690491533	4.93963461967265
31.24498	6.80878395108634	10.7288690491533	4.54798982742066
31.2763977777778	6.6737789226223	10.8518996844585	4.25306473744948
31.3078155555556	6.56813985180083	10.8518996844573	4.00460553620913
31.3392333333333	6.49186673862212	10.8518996844612	3.85250162130973
31.3706511111111	6.44496707410417	10.8934015401671	3.63533796889862
