phys	rec.rate	upper	lower
0.00906883383383383	11.370907238671	39.6771398506699	0
0.0272065015015015	11.370907238671	39.6771398506691	0
0.0453441691691692	11.370907238671	39.6771398506699	0
0.0634818368368368	11.370907238671	39.6771398506691	0
0.0816195045045045	11.370907238671	39.6771398506699	0
0.0997571721721722	11.370907238671	39.6771398506699	0
0.11789483983984	11.370907238671	39.6771398506699	0
0.136032507507508	11.3709072386711	39.6771398506691	0
0.154170175175175	11.370907238671	39.6771398506699	0
0.172307842842843	11.370907238671	39.6771398506691	0
0.190445510510511	11.370907238671	39.6771398506699	0
0.208583178178178	11.370907238671	39.6771398506691	0
0.226720845845846	11.370907238671	39.6771398506699	0
0.244858513513514	11.370907238671	39.6771398506695	0
0.262996181181181	11.370907238671	39.6771398506695	0
0.281133848848849	11.370907238671	39.6771398506695	0
0.299271516516517	11.370907238671	39.6771398506699	0
0.317409184184184	11.370907238671	39.6771398506691	0
0.335546851851852	11.370907238671	39.6771398506699	0
0.35368451951952	11.370907238671	39.6771398506695	0
0.371822187187187	11.370907238671	39.6771398506699	0
0.389959854854855	11.370907238671	39.6771398506691	0
0.408097522522523	11.370907238671	39.6771398506699	0
0.42623519019019	11.370907238671	39.6771398506695	0
0.444372857857858	11.3709072386711	39.6771398506695	0
0.462510525525526	11.370907238671	39.6771398506695	0
0.480648193193193	11.370907238671	39.6771398506699	0
0.498785860860861	11.370907238671	39.6771398506691	0
0.516923528528529	11.3710326659533	39.6771398506699	0
0.535061196196196	11.3733855879199	39.6771398506695	0
0.553198863863864	11.3795714582271	39.6771398506695	0
0.571336531531532	11.3896250706057	39.6771398506695	0
0.589474199199199	11.4035464250554	39.6771398506699	0
0.607611866866867	11.4213355215763	39.6771398506691	0
0.625749534534535	11.4429923601686	39.6771398506699	0
0.643887202202202	11.468516940832	39.6771398506695	0
0.66202486986987	11.4979092635667	39.6771398506699	0
0.680162537537538	11.5311693283726	39.6771398506691	0
0.698300205205205	11.5682971352497	39.6771398506699	0
0.716437872872873	11.6092926841981	39.6771398506691	0
0.734575540540541	11.6541559752176	39.6771398506699	0
0.752713208208208	11.7028870083085	39.6771398506695	0
0.770850875875876	11.7554857834705	39.6771398506699	0
0.788988543543544	11.8119523007038	39.6771398506691	0
0.807126211211211	11.8722865600084	39.6771398506695	0
0.825263878878879	11.9364885613841	39.6771398506699	0
0.843401546546547	12.0045583048311	39.6771398506695	0
0.861539214214214	12.0764957903493	39.6771398506695	0
0.879676881881882	12.1523010179387	39.6771398506695	0
0.89781454954955	12.2319739875994	39.6771398506695	0
0.915952217217217	12.3155146993313	39.6771398506695	0
0.934089884884885	12.4029231531345	39.6771398506699	0
0.952227552552553	12.4941993490088	39.6771398506695	0
0.97036522022022	12.5893432869545	39.6771398506695	0
0.988502887887888	12.6883549669713	39.6771398506695	0
1.00664055555556	12.7912343890594	39.6771398506699	0
1.02477822322322	12.8979815532187	39.6771398506695	0
1.04291589089089	13.0085964594492	39.6771398506696	0
1.06105355855856	13.123079107751	39.6771398506695	0
1.07919122622623	13.241429498124	39.6771398506695	0
1.09732889389389	13.3636476305682	39.6771398506697	0.205206200372194
1.11546656156156	13.4897335050837	39.6771398506695	0.207421746881203
1.13360422922923	13.6196871216704	39.6771398506695	0.248684149411031
1.1517418968969	13.7535084803283	39.6771398506697	0.272123257163099
1.16987956456456	13.8911975810574	39.6771398506695	1.43000519048539
1.18801723223223	14.0327544238579	39.6771398506695	1.70968448457355
1.2061548998999	14.1781790087295	39.6771398506697	2.63300717319665
1.22429256756757	14.3274713356723	39.6771398506695	3.18663441826472
1.24243023523524	14.4806314046864	39.6771398506697	3.18663441826472
1.2605679029029	14.6376592157717	39.6771398506695	3.18663441826481
1.27870557057057	14.7985547689283	39.6771398506695	3.12620190142207
1.29684323823824	14.9633180641561	39.6771398506697	3.0366056652456
1.31498090590591	15.1319491014551	39.6771398506697	2.75487682324652
1.33311857357357	15.3044478808253	39.6771398506695	2.33946865220896
1.35125624124124	15.4808144022668	39.6771398506695	1.72339057372284
1.36939390890891	15.6610486657795	39.6771398506697	1.70628528555571
1.38753157657658	15.8451506713634	39.6771398506695	1.68881140113957
1.40566924424424	16.0331204190186	39.6771398506696	1.29943080136692
1.42380691191191	16.224957908745	39.6771398506696	0.717538680711102
1.44194457957958	16.4206631405427	39.6771398506696	0.272123257163099
1.46008224724725	16.6202361144116	39.6771398506695	0.272123257163004
1.47821991491491	16.8236768303516	39.6771398506696	0.22248287610129
1.49635758258258	17.030985288363	39.6771398506696	0.206009843852717
1.51449525025025	17.2421614884456	39.6771398506696	0.205206200372194
1.53263291791792	17.4572054305993	39.6771398506695	0.120183595625794
1.55077058558559	17.6762481104229	40.6161809944984	0
1.56890825325325	17.9131331376714	40.894597568273	0
1.58704592092092	18.1936787377384	40.8945975682729	0
1.60518358858859	18.520703604904	40.9154457170062	0.209724821459745
1.62332125625626	18.8942077391681	40.9440860876047	0.248684149411222
1.64145892392392	19.3141911405308	42.2624002451681	1.63320965003932
1.65959659159159	19.7806538089921	42.9912530921734	3.2462361278367
1.67773425925926	20.2935957445519	43.9561816234029	4.21328494631952
1.69587192692693	20.8530169472102	45.835013146501	4.42177856901369
1.71400959459459	21.4589174169672	46.4274383840417	4.25169940657603
1.73214726226226	22.1112971538227	46.4761133816504	3.90594703342498
1.75028492992993	22.8101561577767	47.9374608304904	3.44315143303173
1.7684225975976	23.5554944288296	49.6990382069252	3.04443236864194
1.78656026526527	24.3473119669807	50.4393486216856	2.68880214691938
1.80469793293293	25.1859047789389	52.2560820196763	2.46923081793297
1.8228356006006	26.1072529129014	53.830094120319	1.99956746723809
1.84097326826827	27.181318857199	57.1623828692697	1.71962481440858
1.85911093593594	28.416152255739	63.8961292647761	1.35322996584885
1.8772486036036	29.8117530325522	66.8076196795186	0.876484524438839
1.89538627127127	30.1928294144803	69.9245740699618	0.578437493152194
1.91352393893894	26.5336522005082	59.4401131314705	0.248002566562564
1.93166160660661	22.2360429248204	48.491771679408	0.247084476869679
1.94979927427427	18.2744732298396	38.3465052096713	0
1.96793694194194	14.651468509319	29.992298149766	0
1.98607460960961	11.3670287632587	23.3038751208167	0
2.00421227727728	8.42115399165847	18.2714343126004	0
2.02234994494494	5.81384419451858	14.5796205517658	0
2.04048761261261	3.54509937183887	12.9796860769346	0
2.05862528028028	1.61491952361938	11.2864126392909	0
2.07676294794795	0.0233046498601077	9.95007461474063	0
2.09490061561562	0	9.17847638494377	0
2.11303828328328	0	9.42453347591052	0
2.13117595095095	0	9.64616232583815	0
2.14931361861862	0	9.72154290761023	0
2.16745128628629	0	9.7257369189169	0
2.18558895395395	0	10.7055244957664	0
2.20372662162162	0	11.8453890126348	0
2.22186428928929	0	12.2269281099139	0
2.24000195695696	0.934194636736313	13.6043659204328	0
2.25813962462462	2.7282295075792	15.5269920745097	0
2.27627729229229	4.86082935288228	17.3380480190347	0
2.29441495995996	7.33199417264559	20.1279997991512	0
2.31255262762763	10.1417239668691	23.6013652351079	0
2.3306902952953	13.2155182360774	27.8012963560738	0
2.34882796296296	15.4157786235306	31.2469261066661	0
2.36696563063063	14.8048756940168	29.7990799771616	0
2.3851032982983	13.5634999257353	27.9441550179537	0
2.40324096596597	12.5749372809585	26.0240047944008	0
2.42137863363363	11.7163635351687	24.2435435844692	0
2.4395163013013	10.8837130285502	22.3723231585612	0
2.45765396896897	10.0736961747237	20.7627599822456	0
2.47579163663664	9.28631297368944	19.1014657888216	0
2.4939293043043	8.52156342544731	17.5814049176155	0
2.51206697197197	7.77944752999735	15.9549643592473	0
2.53020463963964	7.05996528733956	14.6656731092396	0
2.54834230730731	6.36311669747394	13.4446379153936	0
2.56647997497497	5.68890176040042	12.1897666608025	0
2.58461764264264	5.0373204761191	10.9172401439884	0
2.60275531031031	4.40837284462992	9.54958015244781	0
2.62089297797798	3.80205886593291	8.32544427395835	0
2.63903064564565	3.21837854002805	7.19255971045696	0
2.65716831331331	2.65733186691537	6.17544056001876	0
2.67530598098098	2.11891884659481	5.06079852249058	0
2.69344364864865	1.60313947906643	3.95999024458294	0
2.71158131631632	1.1099937643302	3.28122925493222	0
2.72971898398398	0.639481702386136	3.14912267308843	0
2.74785665165165	0.191603293234217	2.79373238771605	0
2.76599431931932	0	2.71462007966456	0
2.78413198698699	0	2.80697126983042	0
2.80226965465465	0	2.82613406407094	0
2.82040732232232	0	2.74221845950071	0
2.83854498998999	0	2.72129316589009	0
2.85668265765766	0	2.64842137147929	0
2.87482032532533	0	2.74171299990081	0
2.89295799299299	0	2.7072726805454	0
2.91109566066066	0	2.54705915564624	0
2.92923332832833	0	2.61501319434155	0
2.947370995996	0	2.76429310108757	0
2.96550866366366	0	2.87780684747066	0
2.98364633133133	0	2.9693831245301	0
3.001783998999	0	3.01837219413303	0
3.01992166666667	0	3.0369856329438	0
3.03805933433433	0	3.03986448985839	0
3.056197002002	0	3.00428485951135	0
3.07433466966967	0	3.04221360818586	0
3.09247233733734	0	3.06204752585956	0
3.110610005005	0	3.0026612966018	0
3.12874767267267	0	3.11801297686689	0
3.14688534034034	0	3.02284992685974	0
3.16502300800801	0	3.15380104194717	0
3.18316067567568	0	3.14928405072295	0
3.20129834334334	0	3.10396051181134	0
3.21943601101101	0	3.23332480291164	0
3.23757367867868	0	3.32447590838972	0
3.25571134634635	0	3.4461846696281	0
3.27384901401401	0	3.57981959173606	0
3.29198668168168	0	3.90388094462429	0
3.31012434934935	0	4.18518864410793	0
3.32826201701702	0	4.3102547841195	0
3.34639968468468	0	4.43783582121855	0
3.36453735235235	0	4.62123061722122	0
3.38267502002002	0	5.12277573730876	0
3.40081268768769	0	5.50014579270829	0
3.41895035535536	0	5.91834386505781	0
3.43708802302302	0.0930571681772845	6.47715588751847	0
3.45522569069069	0.67173889843507	7.05067584892283	0
3.47336335835836	1.32159779782321	7.71329654241526	0
3.49150102602603	2.04263386634165	8.47428553836268	0
3.50963869369369	2.83484710399045	9.1329735112999	0
3.52777636136136	3.69823751076957	9.99685419390117	0
3.54591402902903	4.63280508667902	11.1628891400397	0
3.5640516966967	5.63854983171878	12.0902752160007	0
3.58218936436436	6.71547174588894	13.1431395131433	0
3.60032703203203	7.86079949207608	14.1950630013463	0
3.6184646996997	8.93770411703081	15.4284289220402	0.262995293231441
3.63660236736737	9.23919323415335	16.4326687069009	0.332710640342373
3.65474003503503	8.76984636337999	16.2075304067668	0.338984600525426
3.6728777027027	8.0125361975569	15.7968950586459	0.345200056484151
3.69101537037037	7.31369722271435	15.3972094395136	0.351357008216108
3.70915303803804	6.68280709931645	15.0710195434095	0.35745545572281
3.72729070570571	6.11986582736293	14.7207804921936	0.363495399003302
3.74542837337337	5.62487340685398	14.3599358085291	0.369476838057771
3.76356604104104	5.19782983778963	13.9609642406828	0.290852306880566
3.78170370870871	4.83873512016972	13.6428798382377	0
3.79984137637638	4.54758925399437	13.3958829539975	0
3.81797904404404	4.32439223926361	13.1182029808146	0
3.83611671171171	4.16884916697136	12.7301195015733	0
3.85425437937938	4.0577746600217	12.4766610651857	0
3.87239204704705	3.95165825310153	12.2018674911598	0
3.89052971471471	3.84664630010652	11.8301547837175	0
3.90866738238238	3.74273880103684	11.5356280965177	0
3.92680505005005	3.63993575589239	11.2362535022945	0
3.94494271771772	3.53823716467324	10.9087529743425	0
3.96308038538539	3.43764302737932	10.6666170307637	0
3.98121805305305	3.33815334401074	10.3844309834171	0
3.99935572072072	3.23976811456735	10.1048013367088	0
4.01749338838839	3.14248733904924	9.87643841883798	0
4.03563105605606	3.0463110174565	9.7123958210553	0
4.05376872372372	2.9512391497889	9.43151201379785	0
4.07190639139139	2.85727173604659	9.26434236693641	0
4.09004405905906	2.76440877622962	9.02369306857432	0
4.10818172672673	2.67265027033784	8.8122083637464	0
4.12631939439439	2.5819962183714	8.58717031397831	0
4.14445706206206	2.49244662033016	8.36367048023666	0
4.16259472972973	2.40400147621422	8.14210504333149	0
4.1807323973974	2.31666078602357	7.89189549570264	0
4.19887006506506	2.23042454975816	7.70549212520924	0
4.21700773273273	2.14529276741803	7.49903156257143	0
4.2351454004004	2.06126543900313	7.3544040854934	0
4.25328306806807	1.97834256451363	7.13434818126364	0
4.27142073573574	1.89652414394922	7.00193061746038	0
4.2895584034034	1.8158101773102	6.88307851234931	0
4.30769607107107	1.73620066459639	6.76489611515086	0
4.32583373873874	1.65769560580787	6.62949083511878	0
4.34397140640641	1.58029500094459	6.46665166812341	0
4.36210907407407	1.50399885000666	6.30496846113904	0
4.38024674174174	1.42880715299392	6.14444121416511	0
4.39838440940941	1.35471990990646	5.98506992720232	0
4.41652207707708	1.28173712074429	5.82685460025076	0
4.43465974474474	1.20985878550741	5.6688757542159	0
4.45279741241241	1.13908490419574	5.5119576039594	0
4.47093508008008	1.06941547680939	5.35620620241698	0
4.48907274774775	1.00085050334827	5.20162154959141	0
4.50721041541542	0.933389983812439	5.07281810574003	0
4.52534808308308	0.867033918201893	4.96750878231984	0
4.54348575075075	0.801782306516581	4.86286465471665	0
4.56162341841842	0.737635148756544	4.75888572293109	0
4.57976108608609	0.674592444921812	4.6555719869642	0
4.59789875375375	0.612654195012322	4.52112886025571	0
4.61603642142142	0.551820399028088	4.37552852707351	0
4.63417408908909	0.492091056969114	4.23106437067267	0
4.65231175675676	0.433466168835471	4.08773639105475	0
4.67044942442442	0.375945734627031	3.94554458821801	0
4.68858709209209	0.319529754343896	3.80448896216299	0
4.70672475975976	0.264218227986014	3.66456951288937	0
4.72486242742743	0.210011155553413	3.52578624039846	0
4.74300009509509	0.156908537046073	3.38813914468887	0
4.76113776276276	0.104910372463995	3.25162822576087	0
4.77927543043043	0.0540166618071917	3.17864349268097	0
4.7974130980981	0.00422740507566404	3.12193881792289	0
4.81555076576577	0	3.06552747189943	0
4.83368843343343	0	3.00940945461089	0
4.8518261011011	0	2.95358476605749	0
4.86996376876877	0	2.89805340623834	0
4.88810143643644	0	2.84281537515497	0
4.9062391041041	0	2.78761452120735	0
4.92437677177177	0	2.73255339729418	0
4.94251443943944	0	2.67779054638607	0
4.96065210710711	0	2.62479653816611	0
4.97878977477477	0	2.57395282730487	0
4.99692744244244	0	2.57043886020282	0
5.01506511011011	0	2.55822481053059	0
5.03320277777778	0	2.4650990124371	0
5.05134044544545	0	2.37147853122827	0
5.06947811311311	0	2.27957345557402	0
5.08761578078078	0	2.19393494543941	0
5.10575344844845	0	2.20470241674293	0
5.12389111611612	0	2.15025271724461	0
5.14202878378378	0	2.09919304911823	0
5.16016645145145	0	2.03941432323898	0
5.17830411911912	0	2.00855888908531	0
5.19644178678679	0	1.92527013361766	0
5.21457945445445	0	1.81779651645291	0
5.23271712212212	0	1.81743886780703	0
5.25085478978979	0	1.72465311998792	0
5.26899245745746	0	1.6593416653161	0
5.28713012512512	0	1.59307292032748	0
5.30526779279279	0	1.50311344383948	0
5.32340546046046	0	1.44415643412123	0
5.34154312812813	0	1.36448131737838	0
5.3596807957958	0	1.31084996640536	0
5.37781846346346	0	1.23040270468584	0
5.39595613113113	0	1.16102854944134	0
5.4140937987988	0	1.13486691887033	0
5.43223146646647	0	1.12307261706374	0
5.45036913413413	0	1.10019679541598	0
5.4685068018018	0	1.09516936561518	0
5.48664446946947	0	1.10860513588856	0
5.50478213713714	0	1.11074534118769	0
5.5229198048048	0	1.10952104827202	0
5.54105747247247	0	1.07737129783698	0
5.55919514014014	0	1.06497276175951	0
5.57733280780781	0	1.05143395301629	0
5.59547047547548	0	1.05633136490797	0
5.61360814314314	0	1.0627459419341	0
5.63174581081081	0	1.06864653536108	0
5.64988347847848	0	1.07405723178018	0
5.66802114614615	0	1.0789780311894	0
5.68615881381381	0	1.07762783397614	0
5.70429648148148	0	1.06166489794323	0
5.72243414914915	0	1.05609921798948	0
5.74057181681682	0	1.04487826938088	0
5.75870948448448	0	1.03315603218936	0
5.77684715215215	0	1.02093250641485	0
5.79498481981982	0	1.01851972754406	0
5.81312248748749	0	1.02399695369836	0
5.83126015515515	0	0.999392851960979	0
5.84939782282282	0	1.00217200820134	0
5.86753549049049	0	1.00306185968086	0
5.88567315815816	0	0.98251665260766	0
5.90381082582583	0	0.980019795253686	0
5.92194849349349	0	0.9877134864047	0
5.94008616116116	0	0.996992235521458	0
5.95822382882883	0	1.00723488804607	0
5.9763614964965	0	1.01506574752031	0
5.99449916416416	0	1.0032533434407	0
6.01263683183183	0	0.966145504460732	0
6.0307744994995	0	0.955604607085023	0
6.04891216716717	0	0.9520295724928	0
6.06704983483483	0	0.947547889618449	0
6.0851875025025	0	0.93772372619419	0
6.10332517017017	0	0.916830514749947	0
6.12146283783784	0	0.902692316029402	0
6.13960050550551	0	0.859417744830312	0
6.15773817317317	0	0.867591518299286	0
6.17587584084084	0	0.86501459060826	0
6.19401350850851	0	0.854537314323919	0
6.21215117617618	0	0.854356913668955	0
6.23028884384384	0	0.853877442985742	0
6.24842651151151	0	0.8528883577444	0
6.26656417917918	0	0.851683491212209	0
6.28470184684685	0	0.850262843389289	0
6.30283951451451	0	0.843176770096786	0
6.32097718218218	0	0.843221100246298	0
6.33911484984985	0	0.844113543821678	0
6.35725251751752	0	0.842990264361425	0
6.37539018518518	0	0.848611198102287	0
6.39352785285285	0	0.85464605779458	0
6.41166552052052	0	0.888202928462589	0
6.42980318818819	0	0.909950859237743	0
6.44794085585586	0	0.922349747830571	0
6.46607852352352	0	0.93877679579454	0
6.48421619119119	0	0.973340604740713	0
6.50235385885886	0	1.01435748861183	0
6.52049152652653	0	1.033360334695	0
6.53862919419419	0	1.04554105924571	0
6.55676686186186	0	1.0768718409097	0
6.57490452952953	0	1.10023638304649	0
6.5930421971972	0	1.13031472647452	0
6.61117986486486	0	1.15025436535236	0
6.62931753253253	0	1.17701096455538	0
6.6474552002002	0	1.18110378025779	0
6.66559286786787	0	1.19692878407878	0
6.68373053553554	0	1.19455714807955	0
6.7018682032032	0	1.21614450139828	0
6.72000587087087	0	1.21196074504675	0
6.73814353853854	0	1.21275907826604	0
6.75628120620621	0	1.22350444618265	0
6.77441887387387	0	1.22181990228714	0
6.79255654154154	0	1.21259709239369	0
6.81069420920921	0	1.19028434284033	0
6.82883187687688	0	1.19706602190574	0
6.84696954454454	0	1.19587605467974	0
6.86510721221221	0	1.18751102491022	0
6.88324487987988	0	1.18114178225045	0
6.90138254754755	0	1.17802465592851	0
6.91952021521521	0	1.17998460147831	0
6.93765788288288	0	1.18107518503422	0
6.95579555055055	0	1.17472124923915	0
6.97393321821822	0	1.16385040693164	0
6.99207088588589	0	1.16691721517808	0
7.01020855355355	0	1.17925323798689	0
7.02834622122122	0	1.17868512851691	0
7.04648388888889	0	1.1814410991938	0
7.06462155655656	0	1.18638045859794	0
7.08275922422422	0	1.19127129301142	0
7.10089689189189	0	1.17417884029505	0
7.11903455955956	0	1.17637344260959	0
7.13717222722723	0	1.20659859446581	0
7.15530989489489	0	1.21044096526108	0
7.17344756256256	0	1.20711121695653	0
7.19158523023023	0	1.2035587651686	0
7.2097228978979	0	1.21218114974073	0
7.22786056556557	0	1.21112604548251	0
7.24599823323323	0	1.2095235295951	0
7.2641359009009	0	1.20863287346461	0
7.28227356856857	0	1.23224102316575	0
7.30041123623624	0	1.23228161637595	0
7.3185489039039	0	1.2172640071198	0
7.33668657157157	0	1.22554999326366	0
7.35482423923924	0	1.23015736380023	0
7.37296190690691	0	1.23282729472934	0
7.39109957457457	0	1.23272248269023	0
7.40923724224224	0	1.21650356863339	0
7.42737490990991	0	1.22298334324174	0
7.44551257757758	0	1.21183331040816	0
7.46365024524524	0	1.21269010275768	0
7.48178791291291	0	1.2141320602176	0
7.49992558058058	0	1.22902544569165	0
7.51806324824825	0	1.24300137192994	0
7.53620091591592	0	1.25605983893096	0
7.55433858358358	0	1.26817108861756	0
7.57247625125125	0	1.27263067543496	0
7.59061391891892	0	1.26445691368254	0
7.60875158658659	0	1.27506514771561	0
7.62688925425425	0	1.28750055909798	0
7.64502692192192	0	1.30219488323718	0
7.66316458958959	0	1.32355524352045	0
7.68130225725726	0	1.33038092787684	0
7.69943992492493	0	1.33998776942984	0
7.71757759259259	0	1.34980901517093	0
7.73571526026026	0	1.35422836983053	0
7.75385292792793	0	1.35399106800694	0
7.7719905955956	0	1.36093042348912	0
7.79012826326326	0	1.36161388579264	0
7.80826593093093	0	1.36587008496543	0
7.8264035985986	0	1.36773263678935	0
7.84454126626627	0	1.35517548997694	0
7.86267893393393	0	1.351213997351	0
7.8808166016016	0	1.33861858285048	0
7.89895426926927	0	1.3370618029679	0
7.91709193693694	0	1.32636638644073	0
7.9352296046046	0	1.3136010408628	0
7.95336727227227	0	1.3102988737611	0
7.97150493993994	0	1.30077165618673	0
7.98964260760761	0	1.29096380084115	0
8.00778027527528	0	1.28654737683336	0
8.02591794294294	0	1.29099435343965	0
8.04405561061061	0	1.27465434537764	0
8.06219327827828	0	1.28765130787281	0
8.08033094594595	0	1.30666493926088	0
8.09846861361361	0	1.30311430341778	0
8.11660628128128	0	1.30119177939807	0
8.13474394894895	0	1.29775963172534	0
8.15288161661662	0	1.30973195970568	0
8.17101928428428	0	1.30559733143877	0
8.18915695195195	0	1.30464330077453	0
8.20729461961962	0	1.31213867057221	0
8.22543228728729	0	1.32796990286405	0
8.24356995495495	0	1.34687668049184	0
8.26170762262262	0	1.36562122247033	0
8.27984529029029	0	1.38403649400188	0
8.29798295795796	0	1.40215018922523	0
8.31612062562563	0	1.43249055076454	0
8.33425829329329	0	1.45290600233361	0
8.35239596096096	0	1.47296810671414	0
8.37053362862863	0	1.49666847295071	0
8.38867129629629	0	1.52832214620436	0
8.40680896396396	0	1.5692497202311	0
8.42494663163163	0	1.5909055631882	0
8.4430842992993	0	1.61205388061163	0
8.46122196696697	0	1.67939571331712	0
8.47935963463463	0	1.7249593651818	0
8.4974973023023	0	1.79669231805356	0
8.51563496996997	0	1.83269611502616	0
8.53377263763764	0	1.90925124133546	0
8.55191030530531	0	1.9268333652264	0
8.57004797297297	0	1.95459410893721	0
8.58818564064064	0	2.01676364142083	0
8.60632330830831	0	2.05682279526173	0
8.62446097597597	0	2.12352369743971	0
8.64259864364364	0	2.14468210496037	0
8.66073631131131	0	2.19204300246948	0
8.67887397897898	0	2.2397214034394	0
8.69701164664665	0	2.28566607283962	0
8.71514931431431	0	2.34371551134288	0
8.73328698198198	0	2.40251542743791	0
8.75142464964965	0	2.43705891225183	0
8.76956231731732	0	2.4868127005364	0
8.78769998498499	0	2.53182634539834	0
8.80583765265265	0	2.55900972560431	0
8.82397532032032	0	2.632327782832	0
8.84211298798799	0	2.69065658779167	0
8.86025065565565	0	2.7421611202349	0
8.87838832332332	0	2.79375798930172	0
8.89652599099099	0	2.83257408534796	0
8.91466365865866	0	2.92301050539399	0
8.93280132632633	0	3.07044519125499	0
8.95093899399399	0.00770701909514919	3.13503723816661	0
8.96907666166166	0.0283030357028859	3.22835779675772	0
8.98721432932933	0.0536476266748478	3.36842453906947	0
9.005351996997	0.0837407920110358	3.50888394454151	0
9.02348966466467	0.118582531711491	3.60247611101788	0
9.04162733233233	0.158172845776167	3.68844938753644	0
9.059765	0.202511734205076	3.77634421412401	0
9.07790266766767	0.251599196998215	3.82742772428217	0
9.09604033533533	0.305435234155619	3.98067815488981	0
9.114178003003	0.364019845677227	4.0148585332936	0
9.13231567067067	0.427353031563101	4.03372394135961	0
9.15045333833834	0.495434791813189	4.1664404769172	0
9.16859100600601	0.568265126427541	4.25018517473186	0
9.18672867367367	0.645844035406097	4.40004338158274	0
9.20486634134134	0.728171518748897	4.55015367280614	0
9.22300400900901	0.815247576455968	4.68928253609494	0
9.24114167667668	0.907072208527235	4.84847100577307	0
9.25927934434434	1.00364541496276	5.00946958558107	0
9.27741701201201	1.10496719576251	5.17227827551881	0
9.29555467967968	1.21103755092652	5.31382864676896	0
9.31369234734735	1.32185648045478	5.421561610212	0
9.33183001501502	1.43742398434719	5.5913975079124	0
9.34996768268268	1.55774006260393	5.76310350773217	0
9.36810535035035	1.68280471522483	5.93667960967471	0
9.38624301801802	1.81261794221007	6.11163789183336	0
9.40438068568568	1.94717974355942	6.24495851426251	0
9.42251835335335	2.08649011927316	6.35021704978672	0
9.44065602102102	2.23054906935096	6.46903908830364	0
9.45879368868869	2.38069109224638	6.62916628302006	0
9.47693135635636	2.54748306513394	7.03066382974775	0
9.49506902402402	2.73595136174183	7.57688298657741	0
9.51320669169169	2.91683756282307	8.00566639183953	0
9.53134435935936	2.86516056489266	7.90958624648029	0
9.54948202702703	2.60018191589151	7.16518487159051	0
9.5676196946947	2.32738084631436	6.40316422253283	0
9.58575736236236	2.06599712631353	5.78809751470657	0
9.60389503003003	1.81603075588953	5.27363763537845	0
9.6220326976977	1.57748173504183	4.67877571951024	0
9.64017036536536	1.35035006377083	4.25552743352204	0
9.65830803303303	1.13463574207635	3.81701238687107	0
9.6764457007007	0.930338769958418	3.66909081823539	0
9.69458336836837	0.737459147417038	3.3558591629852	0
9.71272103603604	0.555996874452202	3.14455425335261	0
9.7308587037037	0.385951951063942	2.96110744549899	0
9.74899637137137	0.227324377252204	2.65264536312451	0
9.76713403903904	0.0801141530170491	2.44047518843993	0
9.78527170670671	0	2.3366142659122	0
9.80340937437438	0	2.26627769474215	0
9.82154704204204	0	2.17462222852828	0
9.83968470970971	0	2.10834400848509	0
9.85782237737738	0	2.05127325216045	0
9.87596004504504	0	2.02290589069135	0
9.89409771271271	0	2.04887653838064	0
9.91223538038038	0	2.07345763207838	0
9.93037304804805	0	2.09643263835867	0
9.94851071571572	0	2.11211009524595	0
9.96664838338338	0	2.08441374541955	0
9.98478605105105	0	2.06019602541897	0
10.0029237187187	0	2.09030988705184	0
10.0210613863864	0	2.07791375243295	0
10.0391990540541	0	2.15770969637283	0
10.0573367217217	0	2.27342736037162	0
10.0754743893894	0	2.35580952272605	0
10.0936120570571	0	2.3954845475756	0
10.1117497247247	0	2.47044594461077	0
10.1298873923924	0	2.65803397595934	0
10.1480250600601	0	2.6985784749384	0
10.1661627277277	0.0482931078956893	2.88847623217886	0
10.1843003953954	0.230342506732861	2.98668919474102	0
10.2024380630631	0.430148460390265	3.10922441094884	0
10.2205757307307	0.647710968867857	3.25131753915209	0
10.2387133983984	0.883030032165739	3.40338414837241	0
10.2568510660661	1.13610565028383	3.70172374556044	0
10.2749887337337	1.40693782322204	4.1442411023893	0
10.2931264014014	1.69552655098073	4.56594576334402	0
10.3112640690691	2.00187183355931	5.38802602332969	0
10.3294017367367	2.32597367095853	6.15516554822355	0.211562158332257
10.3475394044044	2.66783206317758	7.00222742880338	0.370167717620688
10.3656770720721	3.02744701021717	7.9886842981309	0.496083297417521
10.3838147397397	3.4048185120768	8.94123804432949	0.781748529856299
10.4019524074074	3.79994656875675	10.0907606363311	0.959423654831296
10.4200900750751	4.21283118025668	11.2722560702675	1.06410759778109
10.4382277427427	4.64347234657734	12.3614977469387	1.13821071324864
10.4563654104104	5.0918700677176	13.5389994944792	1.14023507577445
10.4745030780781	5.5580243436789	15.0373607301335	1.16516087980351
10.4926407457457	6.0419351744597	16.447193101144	1.15825465137166
10.5107784134134	6.54360256006095	17.9246223576894	1.17181455114727
10.5289160810811	7.06302650048246	19.7637002136171	1.22485584119701
10.5470537487487	7.58041296621328	21.2697714250583	1.2538358416496
10.5651914164164	7.56785905060453	19.8198428888158	1.29671909912773
10.5833290840841	6.98086935887982	16.0702962209667	1.35336953885207
10.6014667517518	6.4724401433579	15.6631673603184	1.53217856609799
10.6196044194194	6.08486189180201	14.6231883614156	1.6154592162253
10.6377420870871	5.81813460421008	14.0070451981167	1.24027672231124
10.6558797547548	5.67225828058292	12.8039691821033	0.786975129187705
10.6740174224224	5.64723292092161	12.6899781228431	0.582433955148041
10.6921550900901	5.74224616498357	14.8232418949912	0.37880006134994
10.7102927577578	5.6218719010699	15.2515152536683	0.568066600836262
10.7284304254254	5.22164251699568	13.6666661588003	0.679459582821151
10.7465680930931	4.84125897282874	12.3836158774175	0.851751219853546
10.7647057607608	4.48147103239685	11.1833799792533	1.11832899569304
10.7828434284284	4.14227869569983	9.71636114157958	1.42280721537587
10.8009810960961	3.82368196273755	8.82501926741942	1.2682993375102
10.8191187637638	3.52568083351073	8.225992105096	1.21066835590674
10.8372564314314	3.24827530801815	7.5609451804424	1.01011961622287
10.8553940990991	2.99146538626098	6.92238923733654	0.866998160522293
10.8735317667668	2.7552510682385	6.46288134393672	0.264328117978751
10.8916694344344	2.53963235395109	6.01684210239545	0
10.9098071021021	2.3446092433985	5.58574210879159	0
10.9279447697698	2.17018173658092	5.10123943669921	0
10.9460824374374	2.01634983349805	4.7403182487238	0
10.9642201051051	1.88311353415046	4.65191802994597	0
10.9823577727728	1.77047283853747	4.48127090391337	0
11.0004954404404	1.67842774665957	4.334985378131	0
11.0186331081081	1.6069782585166	3.8936000458879	0
11.0367707757758	1.55612437410848	3.69391110196225	0
11.0549084434434	1.52586605549857	3.55868561451731	0
11.0730461111111	1.51264762161353	3.42929793574003	0
11.0911837787788	1.50317456485053	3.32355896766199	0
11.1093214464464	1.49434035311672	3.24318019823297	0
11.1274591141141	1.48614498641204	3.12344498175801	0
11.1455967817818	1.47858846473644	3.0986133940028	0
11.1637344494494	1.47167078809016	3.06060203081619	0
11.1818721171171	1.46539195647272	3.01194110289754	0
11.2000097847848	1.45975196988476	2.89590245343475	0
11.2181474524525	1.45475082832571	2.80624992886596	0
11.2362851201201	1.4503885317959	2.79795847561887	0
11.2544227877878	1.44666508029525	2.87789539358226	0
11.2725604554555	1.4435804738237	2.87929019869702	0
11.2906981231231	1.44113471238124	2.8427593670598	0
11.3088357907908	1.43932779596806	2.82159805757942	0
11.3269734584585	1.43815972458388	2.81825548966143	0
11.3451111261261	1.43763049822901	2.88159584434537	0
11.3632487937938	1.43774011690311	2.95608501353047	0
11.3813864614615	1.43848858060647	2.91039909843815	0
11.3995241291291	1.43987588933892	2.93018980289072	0
11.4176617967968	1.44190204310056	2.96662686527492	0
11.4357994644645	1.44456704189123	2.98462262434445	0
11.4539371321321	1.44787088571125	3.07322582784225	0
11.4720747997998	1.45181357456016	3.0815916240139	0
11.4902124674675	1.45639510843847	3.11962994681485	0
11.5083501351351	1.46161548734573	3.08570958008755	0
11.5264878028028	1.46747471128218	3.10241645328187	0
11.5446254704705	1.47397278024789	3.13149711105326	0
11.5627631381381	1.48110969424255	3.14519950497445	0
11.5809008058058	1.48888545326647	3.10162243584229	0
11.5990384734735	1.49730005731953	3.21691478369976	0
11.6171761411411	1.5063535064017	3.18490477652893	0
11.6353138088088	1.51604658287654	3.20288063950488	0
11.6534514764765	1.52865970426457	3.20909458693288	0
11.6715891441441	1.55148060541299	3.26131158371336	0
11.6897268118118	1.58596201980857	3.33481381442998	0.0453047393532368
11.7078644794795	1.63210394745078	3.3686738301702	0.284676477550742
11.7260021471471	1.68990638834006	3.38995338758534	0.652566565029834
11.7441398148148	1.75936934247624	3.38848101870733	0.891531414674993
11.7622774824825	1.84049280985935	3.4641410557413	1.04065362019618
11.7804151501502	1.93327679048935	3.54354403442867	1.04794043479883
11.7985528178178	2.03772128436635	3.62212742281377	1.10392311045565
11.8166904854855	2.15382629149	3.70270411526145	1.24285661399572
11.8348281531532	2.28159181186093	3.75625131238206	1.36701844491893
11.8529658208208	2.42101784547845	3.79199231319259	1.34926216777534
11.8711034884885	2.57210439234309	3.9301028446763	1.43296494717578
11.8892411561562	2.7348514524546	3.98677119376668	1.53501740148458
11.9073788238238	2.90925799597305	4.09639999926295	1.57593492387909
11.9255164914915	3.09253279523018	4.17394900739388	1.63336843879605
11.9436541591592	3.27580782313899	4.25154634547657	1.66196129667181
11.9617918268268	3.45594540984054	4.30243890911983	1.70270601184224
11.9799294944945	3.61384578615448	4.37569481425419	1.74197442096758
11.9980671621622	3.7355636416919	4.45233066519854	1.75081814513833
12.0162048298298	3.8207814193343	4.53201915115273	1.7446391836294
12.0343424974975	3.86949911908251	4.62268980468163	1.77888410298888
12.0524801651652	3.88171674093535	4.64150587812266	1.78071696958159
12.0706178328328	3.85743428489406	4.58813504283883	1.75901322232572
12.0887555005005	3.79665175095748	4.47242666679375	1.78870334691854
12.1068931681682	3.70176010273877	4.30427832114469	1.72258261523404
12.1250308358358	3.59182320738263	4.20380471704339	1.71383636889858
12.1431685035035	3.47596286324215	4.13768968083974	1.72217397661407
12.1613061711712	3.35423602436005	4.06850414686992	1.75304462782016
12.1794438388388	3.22664269073725	3.975761798207	1.74796217897513
12.1975815065065	3.09318286237236	3.85998946064008	1.73251561016414
12.2157191741742	2.95385653926674	3.77468582091644	1.71464435756035
12.2338568418418	2.80866372141929	3.67192637673223	1.68298676577339
12.2519945095095	2.65763806512993	3.56713908629575	1.59640295637306
12.2701321771772	2.50645928544078	3.51153948336209	1.48130743632124
12.2882698448448	2.36715003416275	3.49898725060133	1.37438662902407
12.3064075125125	2.24124092581289	3.49080156010411	1.27886835692967
12.3245451801802	2.12873196039169	3.44330602283881	1.19269800237769
12.3426828478478	2.02962313789843	3.3945697760568	1.07032138993272
12.3608205155155	1.94391445833395	3.33430316625012	0.957341894780613
12.3789581831832	1.87160592169754	3.29497148159206	0.853890660055493
12.3970958508508	1.8126975279895	3.27919900899922	0.778038797101656
12.4152335185185	1.76718927721007	3.30860800189304	0.746098675663004
12.4333711861862	1.73508116935869	3.26884592041398	0.741689272553568
12.4515088538539	1.71637320443588	3.25280893790455	0.765094097545521
12.4696465215215	1.71106538244136	3.32663029787537	0.813730574664474
12.4877841891892	1.71915770337513	3.3907437665656	0.915868873514498
12.5059218568569	1.74065016723739	3.44618561473357	1.0417547269236
12.5240595245245	1.77554277402797	3.55673999519799	1.03104605655934
12.5421971921922	1.82383552374677	3.62548440258585	0.957682184283227
12.5603348598599	1.88552841639421	3.74128666398601	0.88975036542725
12.5784725275275	1.96062145196972	3.81683189908486	0.818549074474237
12.5966101951952	2.04911474969749	3.98490949742423	0.718760097396441
12.6147478628629	2.1551165173027	4.16416298408174	0.652563278961074
12.6328855305305	2.29357028164615	4.33729571523478	0.580744985006901
12.6510231981982	2.46787278790835	4.49621620634972	0.519076781209588
12.6691608658659	2.67802403608923	4.6795498544655	0.504227744788714
12.6872985335335	2.92296786630776	4.90977302329284	0.466192214439159
12.7054362012012	3.15964251286387	5.18440144254856	0.442933547596508
12.7235738688689	3.33092171989691	5.41801083346556	0.435439086514694
12.7417115365365	3.43286580555461	5.55774630557635	0.445552969648103
12.7598492042042	3.4654747698367	5.74473944785661	0.431609332095397
12.7779868718719	3.42874861274319	5.88482485987	0.434559439935776
12.7961245395395	3.32268733427409	6.05181648476044	0.434082100364696
12.8142622072072	3.15300566307051	6.06499204644152	0.407783896406472
12.8323998748749	2.9715775069716	6.09256359097032	0.288718392462204
12.8505375425425	2.80604507150975	6.13144361497341	0.192968999005335
12.8686752102102	2.656666154273	6.13891360160481	0.107886460773254
12.8868128778779	2.52344075526111	6.14240651633976	0.00423391175385039
12.9049505455455	2.40636887447461	6.17763505441392	0
12.9230882132132	2.30545051191268	6.17268487930203	0
12.9412258808809	2.22068566757625	6.19680463113274	0
12.9593635485485	2.15207434146447	6.21009227584042	0
12.9775012162162	2.09961653357796	6.21951165580806	0
12.9956388838839	2.06331224391638	6.21535655802032	0
13.0137765515516	2.04316147247986	6.20244042675769	0
13.0319142192192	2.03916421926816	6.20629970312457	0
13.0500518868869	2.05132048428193	6.18832871491051	0
13.0681895545546	2.07963026752025	6.16269627739447	0
13.0863272222222	2.12409356898407	6.13507788575513	0
13.1044648898899	2.18471038867252	6.12108523804882	0
13.1226025575576	2.26148072658618	6.08052712944397	0
13.1407402252252	2.3544045827248	6.05931450957584	0
13.1588778928929	2.46348195708862	6.04410461407105	0
13.1770155605606	2.58871284967713	6.02866567803759	0
13.1951532282282	2.73009726049114	6.02406426121242	0
13.2132908958959	2.88763518952969	6.03208398423629	0
13.2314285635636	3.0613266367938	6.0202694922526	0
13.2495662312312	3.2501809005721	6.10689785921667	0
13.2677038988989	3.43915332325011	6.33969379126943	0
13.2858415665666	3.61654850796787	6.59082894909667	0
13.3039792342342	3.78205894992384	6.85898288857434	0
13.3221169019019	3.93568464911898	7.12756253084144	0
13.3402545695696	4.07742560555283	7.3727452340093	0.00121128902127817
13.3583922372372	4.20728181922535	7.59141908783849	0.0907762917231987
13.3765299049049	4.32525329013684	7.76804987970627	0.191908143340814
13.3946675725726	4.43134001828703	7.92095895343927	0.272812231153651
13.4128052402402	4.52554200367576	8.04675757043302	0.371294397828203
13.4309429079079	4.6078592463039	8.11711264736142	0.458836705823677
13.4490805755756	4.67829174617018	8.17882195919173	0.566528982264481
13.4672182432432	4.73683950327547	8.23337159332132	0.621271889515081
13.4853559109109	4.78350251761983	8.27656892780189	0.722427783343369
13.5034935785786	4.81828078920262	8.31250149574687	0.811815823944481
13.5216312462462	4.84117431802439	8.343025252329	0.927477184880452
13.5397689139139	4.85218310408492	8.32579997815545	1.01037749887475
13.5579065815816	4.85130714738395	8.2641477069891	1.12502662710978
13.5760442492493	4.83854644792228	8.1582677537645	1.2250260385224
13.5941819169169	4.81390100569895	8.00194581226588	1.35879157992052
13.6123195845846	4.77737082071479	7.81114960226675	1.44746569063679
13.6304572522523	4.72895589296911	7.57272410108801	1.60870460355214
13.6485949199199	4.66865622246238	7.4932936599229	1.57903558957563
13.6667325875876	4.59647180919441	7.68538314450125	1.36821133473158
13.6848702552553	4.51240265316514	7.85083930734805	1.09922984011396
13.7030079229229	4.41644875437479	8.0644043219136	0.847841152890307
13.7211455905906	4.30861011282317	8.16919890590573	0.580678204921356
13.7392832582583	4.18888672851037	8.34719640833056	0.296024523833616
13.7574209259259	4.05727860143618	8.33375251582615	0.00436634081407603
13.7755585935936	3.91378573160125	8.40673304717581	0
13.7936962612613	3.75840811900428	8.50799114077747	0
13.8118339289289	3.59114576364707	8.60077215996335	0
13.8299715965966	3.4119986655279	8.68925075376842	0
13.8481092642643	3.22096682464793	8.76584041275306	0
13.8662469319319	3.0185679015068	8.84225647000929	0
13.8843845995996	2.82841339135715	8.99452150289642	0
13.9025222672673	2.68336092524513	9.17159482792741	0
13.9206599349349	2.58584092449756	9.32809103345925	0
13.9387976026026	2.53585338911325	9.45184169647463	0
13.9569352702703	2.53339831909315	9.40399858286764	0
13.9750729379379	2.57847571443654	9.37010345831725	0
13.9932106056056	2.67108557514395	9.35113075761792	0
14.0113482732733	2.81122790121508	9.45863811318029	0
14.0294859409409	2.99890269265012	9.72856563148018	0
14.0476236086086	3.23410994944869	9.86903511752034	0
14.0657612762763	3.51684967161159	9.93208214327909	0
14.0838989439439	3.84712185913764	10.1133174762368	0
14.1020366116116	4.22492651202824	10.365836590822	0
14.1201742792793	4.65026363028209	10.7016996372641	0
14.1383119469469	5.12313321389976	11.0722165576047	0
14.1564496146146	5.64353526288153	11.4345847387605	0
14.1745872822823	6.21146884470009	11.8342335720899	0
14.1927249499499	6.79347941618876	12.2138649185334	0
14.2108626176176	7.26771786104746	12.3689287426724	0
14.2290002852853	7.60645087411521	12.3459463991789	0
14.247137952953	7.8096784553931	12.4778578658669	0
14.2652756206206	7.87740060488041	13.0995814528375	0
14.2834132882883	7.80961732257671	13.6325229207649	0
14.301550955956	7.62600764010169	13.9540066805058	0
14.3196886236236	7.41973421123438	14.2106421672663	0
14.3378262912913	7.2183385557168	14.3534163024148	0
14.355963958959	7.02182479678993	14.3941718431873	0
14.3741016266266	6.83019293445341	14.4381123562534	0
14.3922392942943	6.64344296870748	14.3551550124955	0
14.410376961962	6.46157489955223	14.1672846720838	0
14.4285146296296	6.28458872698695	13.9020117462052	0
14.4466522972973	6.11248445101302	13.4970965245277	0
14.464789964965	5.94526207162884	13.1804712321852	0
14.4829276326326	5.78292158883579	12.8484207546398	0
14.5010653003003	5.62546300263312	12.3810239831709	0
14.519202967968	5.47288631302081	11.8579256200935	0
14.5373406356356	5.3251915199993	12.3603686956894	0
14.5554783033033	5.18237862356815	12.7812701945687	0
14.573615970971	5.04444762372737	13.3933464519416	0
14.5917536386386	4.89908051932377	13.8588319600478	0
14.6098913063063	4.68212837017054	14.4496597574516	0
14.628028973974	4.37277561193915	14.6418829910383	0
14.6461666416416	3.97101135785157	14.369515152795	0
14.6643043093093	3.47683560790629	13.2649646757528	0
14.682441976977	2.89024836210468	12.1447782598385	0
14.7005796446446	2.21124962044571	11.3216856296193	0
14.7187173123123	1.43983938293008	11.9739056375174	0
14.73685497998	0.576017649557362	12.696212685956	0
14.7549926476476	0	13.2845637246056	0
14.7731303153153	0	13.5140150923037	0
14.791267982983	0	14.1609459728999	0
14.8094056506506	0	14.558725813347	0
14.8275433183183	0	14.791608962274	0
14.845680985986	0	14.9196138736346	0
14.8638186536537	0	14.8331078599077	0
14.8819563213213	0	15.1007898831283	0
14.900093988989	0	14.9219218903289	0
14.9182316566567	0	16.7513390040002	0
14.9363693243243	0	16.9441779523143	0
14.954506991992	0	17.6310631388393	0
14.9726446596597	0	19.0344847081354	0
14.9907823273273	0.625379549310058	20.6176471652612	0
15.008919994995	1.95312878287006	22.6434466508227	0
15.0270576626627	3.45977631717656	24.8190365585741	0
15.0451953303303	5.14532215222978	26.5829299591637	0
15.063332997998	7.00976628802905	29.1199974954286	0
15.0814706656657	9.05310872457513	32.0669543838636	0
15.0996083333333	11.2753494618675	35.3388210808498	0
15.117746001001	13.6764884999067	40.6442887280034	0
15.1358836686687	16.2565258386924	43.8201135772578	0
15.1540213363363	19.0154614782233	47.2796194613535	0
15.172159004004	21.9532954185037	53.6320590433778	0
15.1902966716717	25.0700276595272	59.9359131939899	0
15.2084343393393	28.3656582012985	65.3959386086114	0
15.226572007007	31.8401870438171	72.4652246576891	0
15.2447096746747	35.3061679733709	81.1833841014181	0
15.2628473423423	38.2396764467569	92.5310765285657	0
15.28098501001	43.8131790783693	100.849782424685	1.31131126048676
15.2991226776777	53.1147265903164	110.734604346471	4.56794056547945
15.3172603453453	65.8245762618769	141.503764385022	3.69059403427145
15.335398013013	73.1833388958749	152.310118015209	3.31524864412393
15.3535356806807	72.9780387792829	131.213887299307	3.41870909212777
15.3716733483483	70.3038994525507	141.437049574121	3.2910933750535
15.389811016016	65.280216706218	137.088658282254	2.49789772342225
15.4079486836837	58.9121459096799	123.886414118415	2.03177441499344
15.4260863513514	52.6953187426604	110.290351182039	1.13003762079546
15.444224019019	46.7513696168693	97.0955469250478	0.81377925541218
15.4623616866867	41.0802985323127	85.1241189367658	0.812840477241395
15.4804993543544	35.6821054889843	73.4797538304385	0.518666766745351
15.498637022022	30.5567904868855	63.1741049163126	0.367285747800467
15.5167746896897	25.7043535260216	53.05061064747	0.165582425132476
15.5349123573574	21.1247946063849	45.0699536968261	0.0227322111270867
15.553050025025	16.8181137279828	37.8416644077766	0
15.5711876926927	12.7843108908091	32.3657575873821	0
15.5893253603604	9.02338609486736	27.7522688005717	0
15.607463028028	5.53533934015647	24.8521248032671	0
15.6256006956957	2.32017062667663	23.2257107409576	0
15.6437383633634	0	21.4128689150625	0
15.661876031031	0	20.0475254282653	0
15.6800136986987	0	18.1475758787968	0
15.6981513663664	0	16.6813862630576	0
15.716289034034	0	16.3851678904297	0
15.7344267017017	0	16.3284636856614	0
15.7525643693694	0	15.9288866418987	0
15.770702037037	0	16.2985641749439	0
15.7888397047047	0	16.6669721382946	0
15.8069773723724	0	16.5802004368148	0
15.82511504004	0	17.0964315015	0
15.8432527077077	0	17.5590867264904	0
15.8613903753754	0	17.9086931293725	0
15.879528043043	0	18.5995282675045	0
15.8976657107107	0	19.5236894388533	0
15.9158033783784	0	20.4088171735331	0
15.933941046046	0	21.4238683959555	0
15.9520787137137	0	22.7196287062641	0
15.9702163813814	0	24.6660744937381	0
15.9883540490491	0	26.3388014951899	0
16.0064917167167	0	28.4494854756133	0
16.0246293843844	0.624603361559007	30.203493250632	0
16.0427670520521	3.68562959639203	32.1691962964057	0
16.0609047197197	7.01953387245535	34.252898430654	0
16.0790423873874	10.62480165307	36.6339391861628	0
16.0971800550551	14.4745516695437	39.4863100598792	0
16.1153177227227	18.5456952214458	42.641328894419	0
16.1334553903904	22.8374817898414	46.0325021407386	0
16.1515930580581	27.3499113747323	48.8893348434879	0
16.1697307257257	32.082983976115	51.8972255115802	0
16.1878683933934	37.0366995939938	55.0481458837867	0
16.2060060610611	42.2110582283652	60.2411619771684	0
16.2241437287287	47.6083971264669	67.5016986389295	0
16.2422813963964	53.5242738685243	77.5718863215827	0
16.2604190640641	60.1381408093213	86.8463321401784	0
16.2785567317317	63.5576104295484	97.3792062473184	0
16.2966943993994	60.9033063986193	100.713287869464	0
16.3148320670671	53.2256465223055	91.355113792676	0
16.3329697347347	46.9362423665124	82.9177922651757	0
16.3511074024024	41.3807500672102	74.1698698940578	0
16.3692450700701	36.0939101349082	65.9631842142939	0
16.3873827377377	31.0757225695051	59.5496663145162	0
16.4055204054054	26.3261873709979	53.20071961707	0
16.4236580730731	21.8453045393884	47.0993881129817	0
16.4417957407407	17.6330740746733	43.4842758138161	0
16.4599334084084	13.6894959768568	40.5916076679724	0
16.4780710760761	10.014570245935	37.2258353770691	0
16.4962087437437	6.60829688191091	33.9584106354365	0
16.5143464114114	3.4706758847822	31.2607790097843	0
16.5324840790791	0.601707254551023	28.2735563243629	0
16.5506217467467	0	25.9648978189809	0
16.5687594144144	0	23.6146945613684	0
16.5868970820821	0	21.5516289526753	0
16.6050347497497	0	19.7721495800347	0
16.6231724174174	0	17.9470529341133	0
16.6413100850851	0	16.0003337360755	0
16.6594477527528	0	14.6136887845903	0
16.6775854204204	0	13.3811684371114	0
16.6957230880881	0	12.1424347602134	0
16.7138607557558	0	10.9390259242654	0
16.7319984234234	0	10.2501517544433	0
16.7501360910911	0	9.77516112826038	0
16.7682737587588	0	9.20850544898906	0
16.7864114264264	0	10.7225288879496	0
16.8045490940941	0	10.9502843519728	0
16.8226867617618	0	12.2162632494037	0
16.8408244294294	0	12.9764079584467	0
16.8589620970971	0	14.4541247278943	0
16.8770997647648	0	17.0078206360935	0
16.8952374324324	0	19.5042859916749	0
16.9133751001001	2.41206277277817	25.5341549231976	0
16.9315127677678	5.45344621426914	31.6170153914767	0
16.9496504354354	8.7634820226571	38.4244816951006	0
16.9677881031031	12.342170197941	44.5498922009189	0
16.9859257707708	16.1895107401221	52.767366084955	0
17.0040634384384	20.3055036491994	62.347894115975	0
17.0222011061061	24.6901489251734	71.8342069154372	0
17.0403387737738	29.3434465680424	82.4796439804932	0
17.0584764414414	34.2653965778104	92.6294840659959	0
17.0766141091091	39.4559792537989	103.086289254764	0
17.0947517767768	44.8590790431639	110.398907133747	0
17.1128894444444	50.2608342967744	123.056527486203	0
17.1310271121121	51.1292128599923	129.031517613291	0
17.1491647797798	44.9104025364934	110.738147768013	0
17.1673024474474	38.9346380464942	96.4545237810716	0
17.1854401151151	33.7260461699996	85.4911203001232	0
17.2035777827828	29.2289270127795	76.9565831911509	0
17.2217154504504	25.1112568288032	66.8891814902812	0
17.2398531181181	21.250518970527	58.7863008822181	0
17.2579907857858	17.6465192710379	52.2772374839541	0
17.2761284534535	14.2992577303335	44.9962057197101	0
17.2942661211211	11.2087343484164	40.3811807462298	0
17.3124037887888	8.37494912528315	36.2012393192005	0
17.3305414564565	5.79790206093728	32.7423877251304	0
17.3486791241241	3.4775931553762	29.3470339088724	0
17.3668167917918	1.41402240860125	26.1014896389877	0
17.3849544594595	0	23.9086741258796	0
17.4030921271271	0	21.4570073407552	0
17.4212297947948	0	20.8895549105696	0
17.4393674624625	0	20.057291372807	0
17.4575051301301	0	18.780011400194	0
17.4756427977978	0	18.0547798174349	0
17.4937804654655	0	18.2938671936071	0
17.5119181331331	0	18.9874524465129	0
17.5300558008008	0	19.7193161545311	0
17.5481934684685	0	20.8630452303809	0
17.5663311361361	0	22.6095358777934	0
17.5844688038038	0	23.8038044498277	0
17.6026064714715	0	24.8287643280319	0
17.6207441391391	0	26.2216975398837	0
17.6388818068068	1.26904026126706	27.8339830973328	0
17.6570194744745	3.31328005506429	30.386455411778	0
17.6751571421421	5.61425800764736	34.6071654078443	0
17.6932948098098	8.17197411901588	37.2494265932078	0
17.7114324774775	10.9864283891702	41.9567755719869	0
17.7295701451451	14.0576208181103	46.6265788256373	0
17.7477078128128	17.3855514058367	53.7457059253007	0
17.7658454804805	20.6854398411727	62.1792939155009	0
17.7839831481481	22.7414807803335	60.1290996085134	0
17.8021208158158	24.2979716716358	56.28941408519	0
17.8202584834835	25.4822103005796	54.5072465636411	0
17.8383961511512	26.2941966671624	51.3774849562875	0
17.8565338188188	26.7339307713867	50.5414939630856	0
17.8746714864865	26.8014126132487	52.1640040211835	0
17.8928091541542	26.4966421927528	55.1873529732566	0
17.9109468218218	25.8196195098951	58.2842121518675	0
17.9290844894895	24.7703445646785	62.5817167993942	0
17.9472221571572	23.5421558149319	67.2716672126513	0
17.9653598248248	23.7796611448965	72.5244786390931	0
17.9834974924925	26.3137542054563	80.0568141004824	0
18.0016351601602	31.3310264235174	95.3214272321585	0
18.0197728278278	40.1741850883007	112.996483070975	0
18.0379104954955	53.4493770066567	137.769146753439	4.21818823020651
18.0560481631632	71.1595556352636	165.271259275876	3.92387323504922
18.0741858308308	92.4199322856405	206.547369985165	3.77154963316003
18.0923234984985	109.347996633093	265.828240666249	3.77154963315999
18.1104611661662	117.806821289607	299.313542608935	3.77154963316081
