phys	rec.rate	upper	lower
0.0207687552552553	3.56516202391048	4.08625513797375	2.83048291072929
0.0623062657657658	3.55875765527382	4.0821210130667	2.85203025240373
0.103843776276276	3.5393930217678	4.04499546521906	2.90361842317221
0.145381286786787	3.52630009831308	4.04499546521905	2.95569389188699
0.186918797297297	3.52620337275911	4.04499546521905	3.04923769991357
0.228456307807808	3.53910992662017	4.07756040755964	3.12563370992685
0.269993818318318	3.56540847869862	4.08662782756307	3.18510608070984
0.311531328828829	3.62058825012353	4.14372854651669	3.20044401816314
0.353068839339339	3.72497436324258	4.2489129434562	3.35974707339915
0.39460634984985	3.87919940657858	4.43805805539343	3.61835940517032
0.43614386036036	4.0820973482836	4.66450006839802	3.79392799061161
0.477681370870871	4.33358214366838	4.97046393748488	4.01912727483643
0.519218881381381	4.63365379273293	5.26496503840712	4.31649454085777
0.560756391891892	4.98231229547723	5.58760998754498	4.68074210065135
0.602293902402402	5.37955765190131	6.04542187142776	5.11822354229315
0.643831412912913	5.82538986200514	6.3964304157026	5.61210889976368
0.685368923423423	6.31658848494961	6.86134857093773	6.09502481834953
0.726906433933934	6.82294644855353	7.29424679925395	6.50291685298108
0.768443944444444	7.31895979775445	7.7563177853855	6.88725426301214
0.809981454954955	7.80333889736691	8.18672812395477	7.28363661158943
0.851518965465465	8.27608374739089	8.60777642422073	7.69747213517044
0.893056475975976	8.73719434782642	9.08763061648949	8.12751649709186
0.934593986486487	9.18667069867346	9.50355529537579	8.55198423351242
0.976131496996997	9.62451279993202	9.9580739724051	8.96851033745457
1.01766900750751	10.0412647639913	10.4222564176777	9.43724601437821
1.05920651801802	10.3982870226356	10.7770619277169	9.81299414916955
1.10074402852853	10.6969204964965	11.055872784498	10.1226253314378
1.14228153903904	10.9397328944476	11.2482050007588	10.4091030252934
1.18381904954955	11.1292566440304	11.4169774688704	10.639781816475
1.22535656006006	11.2657122842923	11.554934841284	10.7262380273169
1.26689407057057	11.3490998152333	11.6173588591456	10.8827667823319
1.30843158108108	11.3794192368533	11.6477742547535	10.9494255368258
1.34996909159159	11.356617519153	11.6072463877944	10.8942416771129
1.3915066021021	11.2791868195443	11.5306213706714	10.7823282643221
1.43304411261261	11.1454386380193	11.3858640097515	10.5289970049009
1.47458162312312	10.9542199724122	11.1869844788659	10.3085375932318
1.51611913363363	10.7023415749815	10.9538830404065	10.0409835027016
1.55765664414414	10.3892083269243	10.6433827316065	9.7263152287582
1.59919415465465	10.0148202282405	10.2582364347889	9.38473031901258
1.64073166516517	9.57917727893023	9.79477169011337	8.98028828521822
1.68226917567568	9.08229435793861	9.2917115564661	8.57232089850853
1.72380668618619	8.52952239847602	8.77677667904726	8.12203789162392
1.7653441966967	7.94788449555463	8.28579325134557	7.5880705079182
1.80688170720721	7.38569625713851	7.78110547558634	7.06659511290571
1.84841921771772	6.85237422628912	7.3102399446031	6.56838215074676
1.88995672822823	6.34795171813242	6.84799716198982	6.09974517897402
1.93149423873874	5.87453828540502	6.44062366821153	5.6091843019221
1.97303174924925	5.43544530883161	6.08347826941327	5.15925779968671
2.01456925975976	5.03096255344166	5.69862735930392	4.77375740212506
2.05610677027027	4.66109001923518	5.35046861315773	4.41404355055444
2.09764428078078	4.32577591702581	5.03499978110409	4.11066562209937
2.13918179129129	4.02395023991842	4.75096368163759	3.82937993967148
2.1807193018018	3.75460624670672	4.43507634928066	3.57169223045838
2.22225681231231	3.51770481607754	4.16532163831675	3.33126247782974
2.26379432282282	3.31324594803089	3.91651419688751	3.13613230791424
2.30533183333333	3.14122964256674	3.7567866562324	2.95504778282968
2.34686934384384	3.00165589968513	3.59496464898188	2.80862030352208
2.38840685435435	2.89452471938603	3.45084810943104	2.70199665775068
2.42994436486486	2.81983613695077	3.35133578292466	2.62499894374698
2.47148187537538	2.77911931637977	3.26385012108145	2.58487966214863
2.51301938588589	2.77797666362407	3.19109768422741	2.57017840138039
2.5545568963964	2.81765345896619	3.16015522205897	2.5978113214872
2.59609440690691	2.89402174082184	3.1861554427104	2.65161483336784
2.63763191741742	2.99504844450893	3.27299364170847	2.6833570516604
2.67916942792793	3.09219890884925	3.30510324205384	2.74865268699911
2.72070693843844	3.17920674383505	3.34108174992537	2.81268711064318
2.76224444894895	3.25665730620703	3.40429559386869	2.84542870516224
2.80378195945946	3.32455059596516	3.48105698639671	2.85921514758219
2.84531946996997	3.38288661310945	3.55395538458559	2.86550209457735
2.88685698048048	3.43166535763992	3.61470440604757	2.89599345187144
2.92839449099099	3.47088682955651	3.65529673979045	2.91781546327
2.9699320015015	3.50055102885929	3.68136644198063	2.94670765876015
3.01146951201201	3.52065795554822	3.69969048602902	3.03248420353861
3.05300702252252	3.53120760962332	3.73888946354986	3.08062323768991
3.09454453303303	3.53208170936426	3.81139249652578	3.13271005152073
3.13608204354354	3.52062565272999	3.78417669213534	3.18426464082775
3.17761955405405	3.50734210056309	3.73312632674354	3.26026004623331
3.21915706456456	3.49954232327646	3.7041002076205	3.29899685650504
3.26069457507507	3.49726524665583	3.71677726268392	3.33578158434271
3.30223208558559	3.50051087070125	3.74686449510443	3.34924572312737
3.3437695960961	3.50927919541268	3.77551564203928	3.35880807464042
3.38530710660661	3.52357022079014	3.79729326951353	3.36798944845263
3.42684461711712	3.54338394683364	3.82174696074809	3.38679121595852
3.46838212762763	3.56872037354312	3.84761035317543	3.3978738571173
3.50991963813814	3.59957950091868	3.87524566953916	3.39486473610514
3.55145714864865	3.63596472370693	3.90286732162164	3.40946932508563
3.59299465915916	3.68030346464584	3.94677504664572	3.46204680951445
3.63453216966967	3.73260836507796	3.97752313176845	3.52891220472415
3.67606968018018	3.79020926546433	4.00607057499595	3.58493359199313
3.71760719069069	3.8531003516276	4.03733141751053	3.65637023913399
3.7591447012012	3.92207374078078	4.08618385302998	3.7242051824609
3.80068221171171	3.99898793389821	4.14152440750097	3.80203026457764
3.84221972222222	4.08410467412861	4.20630870111212	3.90956279763202
3.88375723273273	4.17655037871258	4.29596000854119	4.02214378791852
3.92529474324324	4.26580645691501	4.39573361435989	4.11763867498277
3.96683225375375	4.3438749143977	4.4972633833633	4.18704632103425
4.00836976426426	4.41054499589449	4.58629535947832	4.25395021864814
4.04990727477477	4.46581104147025	4.70125590975324	4.29775014170174
4.09144478528528	4.50778513344259	4.82796251949906	4.32625182970955
4.1329822957958	4.53556240993022	4.89431015290238	4.38262817553591
4.17451980630631	4.55430626235296	4.92159435383585	4.40069995514631
4.21605731681682	4.56637034806424	5.001077204821	4.40570780102323
4.25759482732733	4.5727528780946	5.00845440139429	4.36396504227921
4.29913233783784	4.57346252664489	4.87280305657793	4.31840931915386
4.34066984834835	4.56849929371513	4.78472732843242	4.24730224500142
4.38220735885886	4.55784234593687	4.76177320699122	4.18657711725451
4.42374486936937	4.54132585585924	4.71597917719597	4.13170784233098
4.46528237987988	4.51887059237535	4.67996110596969	4.04844753732776
4.50681989039039	4.49047606369134	4.6718332374876	3.99412253024262
4.5483574009009	4.45614226980729	4.64808335485526	3.91252404547069
4.58989491141141	4.4158692107231	4.60769683317173	3.84278488699263
4.63143242192192	4.36965688643887	4.55620512393982	3.79323287277494
4.67296993243243	4.31750529695453	4.48715073238584	3.73813342495847
4.71450744294294	4.25941444227011	4.41781130346103	3.67385319888213
4.75604495345345	4.19538432238557	4.36115742860931	3.60913414740216
4.79758246396396	4.12541493730102	4.32113964268119	3.58443561689599
4.83911997447447	4.04950126469385	4.28225556755705	3.54845107337792
4.88065748498498	3.96386009252818	4.20440604694955	3.5283065833073
4.9221949954955	3.87656940467454	4.14127844928765	3.48746001341497
4.96373250600601	3.79984337815885	4.08684213225475	3.4194496780707
5.00527001651652	3.73387113493301	4.05485825241701	3.36194017182936
5.04680752702703	3.67931746515754	4.06260157006807	3.33082327570963
5.08834503753754	3.64572147773013	4.09647903099758	3.3251222332016
5.12988254804805	3.64022310629827	4.14749839261166	3.33644835016617
5.17142005855856	3.66299464681159	4.22413750992488	3.36589719005156
5.21295756906907	3.71403609927022	4.33879123559272	3.39726670162874
5.25449507957958	3.79334746367408	4.4847779914162	3.47730869052512
5.29603259009009	3.90092874002321	4.63803351853122	3.59225981855947
5.3375701006006	4.03677992831751	4.76802527667811	3.74709304227793
5.37910761111111	4.2009010285572	4.95176919772184	3.92392157701348
5.42064512162162	4.39457987413954	5.16324133905141	4.07328049959538
5.46218263213213	4.62309077170031	5.36976902165408	4.23873130552958
5.50372014264264	4.88778377151955	5.62906415293254	4.45848752680332
5.54525765315315	5.18865887423841	5.89372594605422	4.76951949139311
5.58679516366366	5.52571607985695	6.17270743168196	5.16113815204957
5.62833267417417	5.89895538837508	6.45434227028947	5.58592021357237
5.66987018468468	6.30814096640817	6.7649129213506	5.90922293505893
5.7114076951952	6.74444353601293	7.13386517111117	6.24780525771252
5.75294520570571	7.18822922806288	7.58092747666426	6.57754464677737
5.79448271621622	7.60376947867025	8.00454500501281	6.85898063774835
5.83602022672673	7.98190565816879	8.37052199889388	7.15837996538544
5.87755773723724	8.32260763073386	8.71611353183477	7.47849612937306
5.91909524774775	8.61378861589476	9.04246392826477	7.7610779177603
5.96063275825826	8.84293005902345	9.23949071295998	8.03271956260699
6.00217026876877	9.02728670576526	9.45196414503947	8.2924242892415
6.04370777927928	9.16802772636393	9.58190848441996	8.50050867011857
6.08524528978979	9.26515312081984	9.62484105436421	8.68659723553444
6.1267828003003	9.32316006271899	9.57239818384942	8.84664539345733
6.16832031081081	9.36191225415598	9.61100678772034	8.94504737131089
6.20985782132132	9.38689222295689	9.67393909357715	9.0366575669862
6.25139533183183	9.3981001483468	9.71255156327108	9.10894948388798
6.29293284234234	9.39553603032545	9.75251667182352	9.1572941451077
6.33447035285285	9.37919986889323	9.75149223539671	9.13850830192404
6.37600786336336	9.34909166404968	9.74238522982419	9.10296103791717
6.41754537387387	9.30521141579519	9.70198522591585	9.05711330696244
6.45908288438438	9.24755956436121	9.66490962213603	8.98689562922386
6.5006203948949	9.18040970530048	9.5981105980597	8.83266083363405
6.54215790540541	9.11851714409067	9.50936410778879	8.73024046083081
6.58369541591592	9.06597682161647	9.43183709555988	8.7424474317522
6.62523292642643	9.02012597017173	9.381998729957	8.7594486182129
6.66677043693694	8.97453008212917	9.30408318845097	8.75047438129166
6.70830794744745	8.92892226299468	9.24038279074268	8.73717327333508
6.74984545795796	8.88330251276873	9.17677371572931	8.71028054576221
6.79138296846847	8.83767083145081	9.08719017234379	8.68324226922919
6.83292047897898	8.79216546741516	9.00011032725017	8.64780706019861
6.87445798948949	8.7495418043265	8.92470923246527	8.6089153438326
6.9159955	8.71233826976194	8.88447170883344	8.57037054621676
6.95753301051051	8.68064962936891	8.85057484755615	8.54532885519587
6.99907052102102	8.65447588314756	8.84181106941646	8.51552273959346
7.04060803153153	8.63381703109751	8.83417920285191	8.48713521853456
7.08214554204204	8.61867307321895	8.81448381644281	8.45842633068003
7.12368305255255	8.60931011218308	8.81727423573423	8.44440971592719
7.16522056306306	8.60932786312867	8.82690384279829	8.41936285477955
7.20675807357357	8.62131417150346	8.83114021242392	8.43681359457759
7.24829558408408	8.6451217760714	8.84686446139689	8.49300379233613
7.28983309459459	8.67731828014962	8.87404311228855	8.54355304451885
7.33137060510511	8.71505300792955	8.89329277595722	8.5864500822809
7.37290811561562	8.75823950794635	8.92682887662418	8.62803436820978
7.41444562612613	8.8068777801996	8.96440850776144	8.68579645729693
7.45598313663664	8.86096782468969	9.00607224282317	8.74910845585367
7.49752064714715	8.92050964141633	9.06093131436344	8.80361277625542
7.53905815765766	8.98533436926686	9.12548525681532	8.85020101184325
7.58059566816817	9.04980994219793	9.20962840609632	8.89703822137233
7.62213317867868	9.10711670710327	9.26529854093877	8.94378594047981
7.66367068918919	9.15646472839782	9.30101171588627	8.97285376171899
7.7052081996997	9.19694240402373	9.33802761270676	8.99670265164871
7.74674571021021	9.22841628593424	9.36819926763758	9.0127932184674
7.78828322072072	9.25088637412948	9.38528105367802	9.02137627107096
7.82982073123123	9.2643526686092	9.41233000059555	9.03294740188968
7.87135824174174	9.26837185916093	9.45878716538541	9.0268613499201
7.91289575225225	9.25567513647461	9.48336109633033	9.02308101061418
7.95443326276276	9.21802163293904	9.42954396099327	8.98565039750138
7.99597077327327	9.15858427576779	9.31456590372041	8.89155694300452
8.03750828378378	9.08923255074001	9.23893696386635	8.80503044838876
8.0790457942943	9.01040001865824	9.15887068840354	8.73657959360674
8.1205833048048	8.92208667952297	9.06979269554058	8.64754201049198
8.16212081531532	8.82429253333376	8.96231491306068	8.54551007598175
8.20365832582582	8.71701758009074	8.85365123100028	8.43550748532841
8.24519583633634	8.60072007626869	8.72613256997596	8.30996844771073
8.28673334684685	8.48052582069655	8.61706485403647	8.21653567899816
8.32827085735736	8.35964857891256	8.51643056539435	8.11796731783373
8.36980836786787	8.23855294800798	8.40481536155151	8.00586376378802
8.41134587837838	8.12251971712558	8.29888074298944	7.8927087242514
8.45288338888889	8.01518545367669	8.21163422958476	7.7808858957114
8.4944208993994	7.91662197088958	8.14162296945981	7.67958087726036
8.53595840990991	7.82682926876411	8.05400056089376	7.58856219104739
8.57749592042042	7.74626193069532	8.02157015648873	7.48141223274932
8.61903343093093	7.67963056170566	8.02149086473703	7.42434793221231
8.66057094144144	7.629722223256	8.01377591002117	7.36980011886666
8.70210845195195	7.59694273425298	8.0529892411493	7.31164051367082
8.74364596246246	7.58298147381217	8.1019381262329	7.30269583182875
8.78518347297297	7.58832099914916	8.14794831004517	7.32872806237489
8.82672098348348	7.61314187540491	8.19793368988398	7.37021603834676
8.868258493994	7.65921612310819	8.26600596848155	7.39361705417468
8.9097960045045	7.72754886063405	8.36285403890846	7.46607526515646
8.95133351501502	7.81815160057243	8.43195907737547	7.57671762070453
8.99287102552552	7.93079204670246	8.53165290567958	7.68267686422903
9.03440853603604	8.06169150952629	8.61328082288107	7.76841551539909
9.07594604654655	8.20777803046878	8.75172010137988	7.89693774389306
9.11748355705706	8.36896256193211	8.86206341671737	8.07977928310355
9.15902106756757	8.54524478362595	8.99815550907407	8.3130277832791
9.20055857807808	8.7330197972115	9.12505657788408	8.54952649857858
9.24209608858859	8.91974896863348	9.23778320220788	8.69699191297858
9.2836335990991	9.10270791514232	9.36408559887489	8.84648491568516
9.32517110960961	9.28189663673837	9.52897827389852	9.00189030381947
9.36670862012012	9.4573151334213	9.68865581423178	9.15514858385534
9.40824613063063	9.6289634051914	9.84886273040977	9.3180588607312
9.44978364114114	9.79684145204834	10.0207285135812	9.47197230721958
9.49132115165165	9.96094927399252	10.1828821783133	9.60420312485475
9.53285866216216	10.1212868710235	10.3325293449253	9.70562279239814
9.57439617267267	10.2776981033264	10.4684556471593	9.82740406573148
9.61593368318318	10.4254834137291	10.6107097386676	9.95714437076325
9.65747119369369	10.5592300441041	10.7612903469248	10.0659519031293
9.6990087042042	10.678638321213	10.8934257372993	10.1871371951422
9.74054621471472	10.7837082450558	11.0052839190484	10.2633497913513
9.78208372522522	10.8744398156322	11.0871305424468	10.3620946072596
9.82362123573574	10.9508330329424	11.154240474643	10.4549356392432
9.86515874624624	11.0128878969865	11.1896365877459	10.5542861312652
9.90669625675676	11.059905260534	11.247181441823	10.6303046338612
9.94823376726727	11.0872527945895	11.346420404647	10.6766907580278
9.98977127777778	11.0930465169381	11.3898927758214	10.699796513118
10.0313087882883	11.0772809624429	11.3721288822426	10.7161931443225
10.0728462987988	11.0399561311035	11.3135498783522	10.7262310302263
10.1143838093093	10.9782898634408	11.2791809819993	10.7120704344539
10.1559213198198	10.8856282147107	11.1763616105227	10.6407998125845
10.1974588303303	10.7690882190461	11.0647124763652	10.5444212618414
10.2389963408408	10.6295219266104	10.8646991616505	10.4154969022311
10.2805338513514	10.4696625664367	10.6433029508187	10.2580124169261
10.3220713618619	10.2936959173018	10.4288533695056	10.0799560435382
10.3636088723724	10.1022996100508	10.2295842099679	9.89882840010629
10.4051463828829	9.89547364468353	10.0298680228062	9.68278152088952
10.4466838933934	9.67321802119957	9.80897571473656	9.4532699963138
10.4882214039039	9.43553273959976	9.57346966114154	9.2129341161472
10.5297589144144	9.18241779988339	9.32222405900736	8.96385924661164
10.5712964249249	8.91387320205093	9.0537232226859	8.69634459431179
10.6128339354354	8.62989894610196	8.76481901092016	8.42227610126547
10.6543714459459	8.33049864699022	8.46606697684594	8.12225680201076
10.6959089564565	8.01656322928115	8.16228009230547	7.8168089482
10.737446466967	7.69014542086932	7.84033501017115	7.49476855736696
10.7789839774775	7.35153332368906	7.49389648889656	7.15145047223425
10.820521487988	7.0007269377408	7.13927673290147	6.78771877695988
10.8620589984985	6.63772651728077	6.79321059775434	6.41618079661973
10.903596509009	6.26406423920974	6.44006748963145	6.02244553889166
10.9451340195195	5.88519683643175	6.1032606310047	5.62476423933291
10.98667153003	5.50770676492386	5.77390658975602	5.25717696209387
11.0282090405405	5.13635916975247	5.44379879276071	4.87303984604606
11.0697465510511	4.77131162352861	5.09793326649052	4.51029675745659
11.1112840615616	4.41284098877497	4.74527006744986	4.14719329327742
11.1528215720721	4.07055783957258	4.42297398235675	3.76192613798258
11.1943590825826	3.75631807136949	4.12237521136029	3.44453654887102
11.2358965930931	3.47486935640507	3.80847664253607	3.19774271945342
11.2774341036036	3.23234648177288	3.62778028352089	2.94956664938225
11.3189716141141	3.02283207381443	3.47969797541702	2.76023126554452
11.3605091246246	2.84613588998259	3.32458548996882	2.60730031323023
11.4020466351351	2.70225793027734	3.22861191706038	2.50508363649626
11.4435841456456	2.59125075895271	3.14684411184749	2.40626871024046
11.4851216561562	2.51458464564775	3.10014817929184	2.29285180927086
11.5266591666667	2.47389158214364	3.05225326682839	2.23453412504058
11.5681966771772	2.46925658758087	3.02172646479883	2.22354282013916
11.6097341876877	2.50067966195938	3.01683663781887	2.16814713385939
11.6512716981982	2.56524516456578	3.06306410708542	2.17261406577474
11.6928092087087	2.64098179609635	3.16873037272365	2.21856410075079
11.7343467192192	2.71808758216684	3.2252242053262	2.31512075600323
11.7758842297297	2.79645047442454	3.25972957917885	2.38941041302909
11.8174217402402	2.8741095565051	3.26914741771538	2.45218376635466
11.8589592507508	2.94894322184595	3.31728876776315	2.53622634079774
11.9004967612613	3.02084560670283	3.41239691560228	2.54737681967994
11.9420342717718	3.08981671107584	3.48440014295048	2.5828718370489
11.9835717822823	3.15585653496507	3.52381370755884	2.63093696802472
12.0251092927928	3.21896507837041	3.60359335058412	2.70782264430359
12.0666468033033	3.2791423412918	3.61466802453111	2.77867424050847
12.1081843138138	3.33638832372933	3.63593879886825	2.84033113453401
12.1497218243243	3.39070302568312	3.66195473947215	2.8865007589237
12.1912593348348	3.44208644715289	3.69780415186934	2.94976126185905
12.2327968453453	3.49053858813876	3.81376754539454	3.00693527662989
12.2743343558559	3.53605944864088	3.93821817510129	3.04125217908739
12.3158718663664	3.57864902865906	4.05964403307718	3.05423419824038
12.3574093768769	3.61830732819348	4.22227561741024	2.98754851761779
12.3989468873874	3.6554610523535	4.32278921826215	2.93635914486368
12.4404843978979	3.7052422814926	4.44605675737877	3.01516494900391
12.4820219084084	3.77071991058274	4.51485235558345	3.15065854369429
12.5235594189189	3.84538839764925	4.6001563090858	3.29681401087714
12.5650969294294	3.92923637948459	4.67679537981746	3.44774576926394
12.6066344399399	4.02226385608894	4.79237036774508	3.5214000075501
12.6481719504505	4.1244708274624	4.89040259781412	3.62367354617424
12.689709460961	4.2358572936047	4.97041159976106	3.7911976499692
12.7312469714715	4.35642325451603	5.05590528940441	3.96063283382982
12.772784481982	4.48616871019626	5.14006217524765	4.13688793039984
12.8143219924925	4.62373883720938	5.22453508439914	4.28331237437021
12.855859503003	4.75992091114036	5.38399339089057	4.4319502607996
12.8973970135135	4.8908793602313	5.59552090938048	4.55896759184747
12.938934524024	5.01660156290646	5.75538846608972	4.62940841660789
12.9804720345345	5.1370875191661	5.87025280637196	4.69391008525207
13.022009545045	5.25233722900996	5.99699571941872	4.73040908421544
13.0635470555556	5.36235069243817	6.08308901447468	4.7226050881243
13.1050845660661	5.46712790945073	6.29231447229543	4.74142750352602
13.1466220765766	5.56242575698146	6.54293694134095	4.75707937937969
13.1881595870871	5.62206279564035	6.57095240456154	4.75211800305571
13.2296970975976	5.6564533725023	6.43422763123086	4.71449681433945
13.2712346081081	5.67953621865344	6.29619103230043	4.70869444933059
13.3127721186186	5.69153947095192	6.22918051438814	4.68159386408542
13.3543096291291	5.69246312939763	6.17192505109705	4.67142933564047
13.3958471396396	5.68230719399077	6.1112378708632	4.6442089759698
13.4373846501502	5.66107166473143	6.08058796009294	4.61647961868666
13.4789221606607	5.62875654161946	6.06388546446487	4.60453436887677
13.5204596711712	5.58536182465464	6.02378430570901	4.58256022696607
13.5619971816817	5.53088751383739	5.96269606828051	4.51782426699779
13.6035346921922	5.46533360916746	5.8751460507713	4.42554841989964
13.6450722027027	5.38870011064502	5.77345694383948	4.34817105559319
13.6866097132132	5.30098701826975	5.66514638111086	4.29711238016729
13.7281472237237	5.20219433204194	5.54752060681622	4.25008401491873
13.7696847342342	5.09244867182969	5.45463697706204	4.20166642068217
13.8112222447447	4.97534958530755	5.34450492308974	4.1597705514198
13.8527597552553	4.85492571323124	5.23852300329342	4.09700703456201
13.8942972657658	4.73138983544342	5.11502902201259	4.00022112616323
13.9358347762763	4.60474195194404	4.98789312381986	3.89555599083078
13.9773722867868	4.47498206273345	4.86429571603317	3.8077137724073
14.0189097972973	4.34211016781126	4.74931513353264	3.70462677132581
14.0604473078078	4.20612626717756	4.64938410176059	3.63187440715395
14.1019848183183	4.06703036083268	4.53737323972221	3.52263969175978
14.1435223288288	3.92482244877609	4.42624421359015	3.41015985788051
14.1850598393393	3.7800318139593	4.32210563198744	3.28206603437876
14.2265973498499	3.63681867249608	4.21655466568624	3.12559857797085
14.2681348603604	3.49714952010394	4.12268872656707	2.94455861350411
14.3096723708709	3.36103603753385	4.00275920179979	2.76804354708633
14.3512098813814	3.22847822478605	3.93098714417443	2.63573227064364
14.3927473918919	3.09947608186046	3.83714756073636	2.52669369952588
14.4342849024024	2.97402960875705	3.73224327859051	2.42872088065875
14.4758224129129	2.85213880547578	3.6362055194451	2.34421252546038
14.5173599234234	2.73380565986018	3.54397600588973	2.28310734996517
14.5588974339339	2.61942085613434	3.4810687761083	2.22518063407435
14.6004349444444	2.50984142978784	3.40566548973936	2.1512293198141
14.641972454955	2.40518110892786	3.32935204590899	2.07455359507132
14.6835099654655	2.30543989355452	3.25411564926526	1.97629267827466
14.725047475976	2.21061778366772	3.17973427013915	1.89104890379206
14.7665849864865	2.12071477926754	3.11501828107588	1.78630931692182
14.808122496997	2.03573088035388	3.05757463835714	1.69110104764779
14.8496600075075	1.95566608692685	2.99149701618218	1.60973525022592
14.891197518018	1.88052039898637	2.91662037948283	1.52089311432124
14.9327350285285	1.81029381653252	2.84444622195087	1.44017502171381
14.974272539039	1.74498633956515	2.79184073421529	1.36906401063459
15.0158100495496	1.68459796808445	2.73570431009507	1.30866484661121
15.0573475600601	1.62912870209027	2.66568597369983	1.25314015431212
15.0988850705706	1.57857854158274	2.61445231348358	1.19657769912452
15.1404225810811	1.53294748656171	2.55357750060152	1.12125790851305
15.1819600915916	1.4922355370273	2.49316612603738	1.01108659749693
15.2234976021021	1.45644269297949	2.43319105247203	0.869691698239071
15.2650351126126	1.42593138944977	2.35937898228524	0.731814603389538
15.3065726231231	1.40279697305043	2.31599333287785	0.682054273286181
15.3481101336336	1.38488816718371	2.25534653456359	0.702110260439213
15.3896476441441	1.36800691474327	2.19835984857799	0.721282705672805
15.4311851546547	1.35183163480304	2.13778836732441	0.661087606226891
15.4727226651652	1.33636232736305	2.0786428358988	0.61687631417457
15.5142601756757	1.32159899242329	2.03503528727553	0.619429115938524
15.5557976861862	1.30754162998384	1.98628514623342	0.648810026233489
15.5973351966967	1.29419024004465	1.96019948282077	0.677345024407503
15.6388727072072	1.28150308931417	1.91892785120672	0.697832099603199
15.6804102177177	1.26906198054762	1.87247297623926	0.711829623838478
15.7219477282282	1.25662583442559	1.83421862987117	0.71967456884957
15.7634852387387	1.24419174656243	1.79202651571648	0.727660218017229
15.8050227492492	1.23175971695816	1.74585064870623	0.733339308411251
15.8465602597598	1.21932974561282	1.69858810047361	0.760356340096254
15.8880977702703	1.20690183252633	1.65947863290837	0.773287869562563
15.9296352807808	1.19447597769873	1.6208594113919	0.786528143471061
15.9711727912913	1.18205218113001	1.58449675385854	0.797195866717748
16.0127103018018	1.16963044282021	1.54499833403439	0.801497043934132
16.0542478123123	1.15721076276928	1.50456928173443	0.801787472880131
16.0957853228228	1.14479314097724	1.46448320438548	0.791681228429083
16.1373228333333	1.13237757744404	1.42495505781688	0.799780579025306
16.1788603438438	1.11996407216978	1.38596381262527	0.798664799020954
16.2203978543544	1.10755262515444	1.3474468152981	0.798453607888526
16.2619353648649	1.09514323639789	1.31267181960429	0.79660111076886
16.3034728753754	1.08273590590032	1.28188593441833	0.797207765033105
16.3450103858859	1.0703306336616	1.25145312019291	0.805840364023938
16.3865478963964	1.05792741968176	1.2196112551005	0.795118586873555
16.4280854069069	1.04552626396079	1.19211998302104	0.783729206225621
16.4696229174174	1.03312716649874	1.16462577567585	0.750960507756766
16.5111604279279	1.02073012729557	1.14750485426668	0.726100440019145
16.5526979384384	1.00833514635131	1.13693549020819	0.687831239174669
16.594235448949	0.995942223665879	1.12762591709355	0.667618937296365
16.6357729594595	0.983551359239369	1.11885395527574	0.650189221412281
16.67731046997	0.971162553071753	1.11306430103877	0.631258520734599
16.7188479804805	0.958775805163034	1.10361814794719	0.604999467427838
16.760385490991	0.946391115513159	1.09942814671463	0.578772805476719
16.8019230015015	0.9340084841222	1.09704025814799	0.549394245413599
16.843460512012	0.921627910990158	1.09010086798283	0.542517339242009
16.8849980225225	0.909249396116931	1.08419986536022	0.513465575100597
16.926535533033	0.896872939502639	1.07653123621086	0.485217942282783
16.9680730435435	0.884498541147227	1.07107540424348	0.457774440787778
17.0096105540541	0.87212620105072	1.06347029506629	0.431200108697051
17.0511480645646	0.859755919213065	1.05371209629036	0.405841322264673
17.0926855750751	0.847387695634329	1.04518868884789	0.390358204681286
17.1342230855856	0.835021530314423	1.03538858515595	0.357555539635956
17.1757605960961	0.822657423253498	1.02848623825853	0.325371422473974
17.2172981066066	0.810295374451393	1.01424837281105	0.293944177722853
17.2588356171171	0.797935383908197	1.00292642164726	0.263343016980242
17.3003731276276	0.785577451623888	0.992825830052424	0.235684544349669
17.3419106381381	0.773221577598425	0.985748707995491	0.215065791344848
17.3834481486486	0.760867761831916	0.979613611362531	0.195305657180877
17.4249856591592	0.748516004324221	0.976021457256339	0.17660749210216
17.4665231696697	0.736166305075512	0.965273689630915	0.158939661309486
17.5080606801802	0.723818664085614	0.955175727749271	0.14544370299626
17.5495981906907	0.711473081354604	0.939752512254747	0.141668570154182
17.5911357012012	0.699129556882507	0.92615754671101	0.11965293661363
17.6326732117117	0.686788090669323	0.919091969371902	0.106628364729878
17.6742107222222	0.674448682714945	0.914024377033715	0.0997376616175539
17.7157482327327	0.662111333019531	0.908344707780832	0.0842915711429235
17.7572857432432	0.649776041582977	0.902639743629342	0.0695705371707952
17.7988232537538	0.637442808405297	0.896342854256088	0.0555745597028375
17.8403607642643	0.625111633486543	0.88606589346102	0.0423036387383959
17.8818982747748	0.612782516826619	0.871922140675227	0.0297577742781032
17.9234357852853	0.600455458425633	0.863703248050402	0.0198182014557324
17.9649732957958	0.588130458283505	0.852097567766727	0.0136511629722331
18.0065108063063	0.575807516400274	0.839673943840247	0.0186771501506671
18.0480483168168	0.56348663277595	0.829056756078153	0.0063323134513498
18.0895858273273	0.551167807410453	0.814910713610035	0.0207615403971182
18.1311233378378	0.538851040303928	0.808678272976779	0.0158337159390235
18.1726608483484	0.526536331456222	0.794490933487737	0.0117100228014286
18.2141983588589	0.514223680867423	0.787828838803384	0.00865113721520309
18.2557358693694	0.501913088537523	0.764296383913416	0.00622708840049182
18.2972733798799	0.489604554466521	0.74238238639042	0.000691293472151365
18.3388108903904	0.477298078654364	0.726443991005111	0
18.3803484009009	0.464993661101113	0.705189533089679	0
18.4218859114114	0.452691301806775	0.693922380672135	0
18.4634234219219	0.440391000771307	0.670586003023551	0
18.5049609324324	0.428092757994695	0.655999389440931	0
18.5464984429429	0.415796573477035	0.638882911495989	0
18.5880359534535	0.403502447218198	0.628986486895157	0
18.629573463964	0.391210379218289	0.621082589628821	0
18.6711109744745	0.378920369477251	0.613015807722644	0
18.712648484985	0.366633966091025	0.604786141176089	0
18.7541859954955	0.354475107715946	0.604468762240851	0
18.795723506006	0.342656268545672	0.599730298068318	0
18.8372610165165	0.33119833309876	0.600527092362682	6.72764151035756e-05
18.878798527027	0.32010130137528	0.59883811600328	0
18.9203360375375	0.30936517337514	0.581553544212866	0.00379648708899192
18.961873548048	0.298989949098411	0.573831094796372	0.00401274441209908
19.0034110585586	0.288975628545064	0.563692265377038	0.00712372929459353
19.0449485690691	0.279322211715095	0.556593197460263	0.00773876923250844
19.0864860795796	0.270029698608508	0.551281279257297	0.0183674501837899
19.1280235900901	0.26109808922533	0.545187775870134	0.0245957167096821
19.1695611006006	0.252527383565491	0.535998016382721	0.0228171188933587
19.2110986111111	0.244317581629066	0.530164585064655	0.0176662174263062
19.2526361216216	0.236468683416059	0.524269986185257	0.0176821377390086
19.2941736321321	0.228980688926385	0.517137799751181	0.0187776522577923
19.3357111426426	0.221853598160086	0.515363895407095	0.0222789675719903
19.3772486531532	0.215087411117231	0.506266753329395	0.0247271434594677
19.4187861636637	0.208682127797735	0.500147984592151	0.0227082679199983
19.4603236741742	0.202637748201598	0.493971491535078	0.0207304078569283
19.5018611846847	0.196954272328875	0.48773727415764	0.0157731054006442
19.5433986951952	0.191631700179536	0.483061327106019	0.0170219277501798
19.5849362057057	0.186670031753568	0.483821672095654	0.019206972247925
19.6264737162162	0.182069267050996	0.481406134048575	0.00863496015905277
19.6680112267267	0.177829406071789	0.485138570599984	0.00536247683373719
19.7095487372372	0.173950448815986	0.489102140090857	0
19.7510862477477	0.170432395283588	0.485626390353223	0
19.7926237582583	0.167275245474556	0.470791252221261	0
19.8341612687688	0.164478999388871	0.469270987046992	0
19.8756987792793	0.162043657026621	0.474065175414492	0
19.9172362897898	0.159969218387745	0.479687604914853	0
19.9587738003003	0.158255683472241	0.485044810870276	0
20.0003113108108	0.156903052280139	0.484862103531825	0
20.0418488213213	0.155911324811408	0.498236512147432	0
20.0833863318318	0.15528050106608	0.522208994383162	0
20.1249238423423	0.155110205676869	0.536936740025984	0
20.1664613528528	0.15592401800804	0.524416286307036	0
20.2079988633634	0.15787128316096	0.485828544577624	0
20.2495363738739	0.160437786963195	0.478416931686649	0
20.2910738843844	0.163105289137776	0.462643088341294	0
20.3326113948949	0.165850947714866	0.474296373589113	0
20.3741489054054	0.168667933541828	0.467365551142483	0
20.4156864159159	0.171264366530808	0.471219620590246	0
20.4572239264264	0.173245064516205	0.46985475496367	0
20.4987614369369	0.174581941474315	0.50184683545144	0
20.5402989474474	0.175274997405127	0.49232298363587	0
20.581836457958	0.175330112270159	0.483160151760141	0
20.6233739684685	0.175001094631561	0.471892907454599	0
20.664911478979	0.174633034782893	0.459193736686637	0
20.7064489894895	0.174250610920513	0.445458426231249	0
20.7479865	0.173853823044467	0.437595638134477	0
20.7895240105105	0.173442671154663	0.417193236944034	0
20.831061521021	0.173017155251225	0.406253118052103	0
20.8725990315315	0.172577275334078	0.396394102968967	0
20.914136542042	0.172123031403219	0.381256995668517	0
20.9556740525526	0.171654423458685	0.365212671402555	0
20.9972115630631	0.171171451500455	0.353494192799698	0
21.0387490735736	0.170674115528527	0.358407991071919	0
21.0802865840841	0.170162415542898	0.353920519083233	0
21.1218240945946	0.169636351543564	0.343689376551511	0
21.1633616051051	0.169095923530582	0.333540491358265	0
21.2048991156156	0.168541131503856	0.323261058468727	0
21.2464366261261	0.16797197546345	0.311084264053051	0.00627957891810472
21.2879741366366	0.167388455409373	0.297056908803481	0.0131952988491322
21.3295116471471	0.166790571341583	0.284726688472359	0.0159578131124106
21.3710491576577	0.166178323260082	0.279056434194408	0.0200236982933683
21.4125866681682	0.165551711164902	0.271361635932095	0.0309607229432499
21.4541241786787	0.164910735056042	0.26583875779499	0.0342430460706405
21.4956616891892	0.164255394933463	0.254055202112673	0.0332997876321615
21.5371991996997	0.163585690797184	0.244239988978725	0.0340301595432783
21.5787367102102	0.162901622647266	0.241429393468994	0.0298373775248577
21.6202742207207	0.162203190483602	0.232157471326445	0.0300971465250653
21.6618117312312	0.161490394306247	0.233640013878607	0.0314642278963216
21.7033492417417	0.160763234115225	0.235457433785775	0.03434330178172
21.7448867522522	0.160021709910449	0.235305022385519	0.0282321359606612
21.7864242627628	0.159265821692053	0.23743977042761	0.0285175502781164
21.8279617732733	0.158495569459945	0.236860603198687	0.0268199915538011
21.8694992837838	0.157710953214095	0.24100272885934	0.0221722669147536
21.9110367942943	0.156911972954586	0.243913237934414	0.0205593370619242
21.9525743048048	0.156098628681398	0.246825142268681	0.0212931235246002
21.9941118153153	0.155270920394488	0.251227895978633	0.0200316532932086
22.0356493258258	0.154428848093888	0.255522491264536	0.0240998999556495
22.0771868363363	0.153572411779618	0.256501448666149	0.0183039943404346
22.1187243468468	0.152701611451613	0.259829351494545	0.0160881322858192
22.1602618573574	0.151816447109928	0.260095653056722	0.0128999121556611
22.2017993678679	0.150916918754565	0.262239490399099	0.00913142421567825
22.2433368783784	0.150003026385497	0.264883468758048	0.0134120413524722
22.2848743888889	0.149074770002743	0.262927252948499	0.0137677958092651
22.3264118993994	0.148132149606277	0.26272213771814	0.0142254612895719
22.3679494099099	0.14717516519613	0.258652343916163	0.0170195409618247
22.4094869204204	0.146203816772285	0.260288065490901	0.0150600918865958
22.4510244309309	0.145218104334753	0.262177258534729	0.0158874529578457
22.4925619414414	0.14421802788349	0.263791202599178	0.0155032453768074
22.534099451952	0.143203587418589	0.262651990738147	0.00915679552049135
22.5756369624625	0.142174782939975	0.263415254665037	0.00308092046600332
22.617174472973	0.141131614447629	0.264621043155778	0.000197430753271948
22.6587119834835	0.140074081941635	0.265845544970973	0
22.700249493994	0.139002185421934	0.266225758406428	0
22.7417870045045	0.137915924888515	0.267166570643475	0
22.783324515015	0.136815300341442	0.269971127860995	0
22.8248620255255	0.135700311780631	0.270258304638373	0
22.866399536036	0.134570959206152	0.26851781153074	0
22.9079370465465	0.133427242618004	0.270043727094378	0
22.9494745570571	0.132269162016093	0.272485252029251	0
22.9910120675676	0.131096717400538	0.272628270215186	0
23.0325495780781	0.129909908771285	0.277209080148563	0
23.0740870885886	0.128708736128324	0.284201204501675	0
23.1156245990991	0.127493199471672	0.2863772931414	0
23.1571621096096	0.126263298801331	0.285417756460777	0
23.1986996201201	0.125019034117285	0.290055204902431	0
23.2402371306306	0.123760405419541	0.297734459225795	0
23.2817746411411	0.122487412708132	0.29689077225251	0
23.3233121516516	0.121200055983	0.298492998139817	0
23.3648496621622	0.119898335244214	0.304358685289781	0
23.4063871726727	0.118582250491663	0.307688316479759	0
23.4479246831832	0.117251801725483	0.312782175514433	0
23.4894621936937	0.115906988945565	0.319212405821239	0
23.5309997042042	0.114547812151988	0.330042823155883	0
23.5725372147147	0.113174271344678	0.34276654553148	0
23.6140747252252	0.111786366523719	0.346947931576324	0
23.6556122357357	0.110384097689035	0.353064884544851	0
23.6971497462462	0.108967464840659	0.350116151738664	0
23.7386872567568	0.107536467978576	0.34947205824154	0
23.7802247672673	0.106091083740676	0.355214069030392	0
23.8217622777778	0.104582695043383	0.365755059743913	0
23.8632997882883	0.102860306742891	0.370856511746071	0
23.9048372987988	0.100894690981071	0.369058086924402	0
23.9463748093093	0.0986901212693962	0.360472887794931	0
23.9879123198198	0.0963673352267687	0.351568499523516	0
24.0294498303303	0.0940610383357505	0.353771216749902	0
24.0709873408408	0.0917783081792567	0.342266151545972	0
24.1125248513514	0.089519144757315	0.328893256380141	0
24.1540623618619	0.0872835480698839	0.315717650649603	0
24.1955998723724	0.0850715181170211	0.302739334355508	0
24.2371373828829	0.0828830548987091	0.289958307497372	0
24.2786748933934	0.080718158414912	0.277374570075666	0
24.3202124039039	0.0785768286656626	0.264988122089949	0
24.3617499144144	0.0764590656509436	0.252798963540701	0
24.4032874249249	0.0743648693707816	0.24080709442799	0
24.4448249354354	0.0722942398251238	0.235114715217533	0
24.4863624459459	0.0702471770140456	0.226528495776818	0
24.5278999564565	0.0682236809375093	0.22051756407484	0
24.569437466967	0.0662237515954969	0.212631175565796	0
24.6109749774775	0.06424738898803	0.206109609548421	0
24.652512487988	0.0622945931150682	0.202212783026887	0
24.6940499984985	0.060365363976697	0.190531671029544	0
24.735587509009	0.058459701572831	0.187411289625345	0
24.7771250195195	0.0565776059035672	0.183852050724627	0
24.81866253003	0.0547190769687677	0.180243334385177	0
24.8602000405405	0.0528841147685313	0.175645046306747	0
24.901737551051	0.0510727193028424	0.172918352030874	0
24.9432750615616	0.0492848905716995	0.162362872849347	0
24.9848125720721	0.047520628575095	0.159118797887796	0
25.0263500825826	0.0457799333130066	0.156497361492119	0
25.0678875930931	0.0440628047854942	0.148444073562618	0
25.1094251036036	0.0423692429924862	0.141696505424131	0
25.1509626141141	0.0406992479340388	0.137998445351895	0
25.1925001246246	0.0390528196101415	0.136459385292321	0
25.2340376351351	0.0374299580207663	0.135924054616185	0
25.2755751456456	0.0358306631659173	0.133247647014883	0
25.3171126561562	0.0342549350456479	0.13388491686643	0
25.3586501666667	0.0327027736598925	0.127197645523481	0
25.4001876771772	0.0311741790086865	0.119778403547161	0
25.4417251876877	0.0296691510920191	0.122726890040298	0
25.4832626981982	0.0281876899098601	0.128683050455513	0
25.5248002087087	0.026729795462291	0.131448153145824	0
25.5663377192192	0.025295467749255	0.130206509850931	0
25.6078752297297	0.0238847067707155	0.12561811010387	0
25.6494127402402	0.0224975125267615	0.125991827845331	0
25.6909502507507	0.0211338850173382	0.122375377202154	0
25.7324877612613	0.0197938242424368	0.124049384360626	0
25.7740252717718	0.0184773302020935	0.122615335600302	0
25.8155627822823	0.0171844028962813	0.121699593972528	0
25.8571002927928	0.0159150423250159	0.117644122372945	0
25.8986378033033	0.014669248488258	0.115087168407501	0
25.9401753138138	0.013447021386103	0.112470405550043	0
25.9817128243243	0.0122483610184288	0.11067130055192	0
26.0232503348348	0.0110732673853435	0.11242589004698	0
26.0647878453453	0.00992174048675171	0.111671642111205	0
26.1063253558559	0.00879378032272607	0.110737506992605	0
26.1478628663664	0.00768938689325506	0.108169497578166	0
26.1894003768769	0.00660856019828915	0.106789763925852	0
26.2309378873874	0.00555130023786866	0.104031602897949	0
26.2724753978979	0.00451760701201381	0.102631816196879	0
26.3140129084084	0.00350748052069207	0.10409629443397	0
26.3555504189189	0.00252092076389298	0.104749132806606	0
26.3970879294294	0.00155792774164537	0.104271905788341	0
26.4386254399399	0.000618501453918725	0.104163571975216	0
26.4801629504504	0	0.105542080765056	0
26.521700460961	0	0.106058630310845	0
26.5632379714715	0	0.106483414284806	0
26.604775481982	0	0.10459193324797	0
26.6463129924925	0	0.103507018661939	0
26.687850503003	0	0.102037872290527	0
26.7293880135135	0	0.100425845778548	0
26.770925524024	0	0.104000402440146	0
26.8124630345345	0	0.102980572974271	0
26.854000545045	0	0.100977535213635	0
26.8955380555556	0	0.101117274539156	0
26.9370755660661	0	0.104139162947362	0
26.9786130765766	0	0.102541511427589	0
27.0201505870871	0	0.102969291566912	0
27.0616880975976	0	0.102110005832571	0
27.1032256081081	0	0.106787510937882	0
27.1447631186186	0	0.10828292067057	0
27.1863006291291	0	0.107542767384115	0
27.2278381396396	0	0.100909822243383	0
27.2693756501501	0	0.101270978868184	0
27.3109131606607	0	0.0966903721092676	0
27.3524506711712	0	0.0937385898711856	0
27.3939881816817	0	0.0987843595648739	0
27.4355256921922	0	0.0952086454495863	0
27.4770632027027	0	0.0933471028733229	0
27.5186007132132	0	0.0986803760147505	0
27.5601382237237	0	0.10250662709617	0
27.6016757342342	0	0.109022456963251	0
27.6432132447447	0	0.114001272454834	0
27.6847507552553	0	0.116028230890918	0
27.7262882657658	0	0.123013662438749	0
27.7678257762763	0	0.132145538142954	0
27.8093632867868	0	0.133910913309661	0
27.8509007972973	0	0.135672413925261	0
27.8924383078078	0	0.138451986536257	0
27.9339758183183	0	0.142654132576326	0
27.9755133288288	0	0.14652976557403	0
28.0170508393393	0	0.148441934988406	0
28.0585883498498	0	0.148084468942309	0
28.1001258603604	0	0.147704746455514	0
28.1416633708709	0	0.152659350924179	0
28.1832008813814	0	0.150104269201535	0
28.2247383918919	0	0.15188222918478	0
28.2662759024024	0	0.150356452427765	0
28.3078134129129	0	0.155671979676219	0
28.3493509234234	0	0.157664319423008	0
28.3908884339339	0	0.161544836207055	0
28.4324259444444	0	0.165420957919214	0
28.473963454955	0	0.16772809335197	0
28.5155009654655	0.00110893948889891	0.17291712657894	0
28.557038475976	0.00326506285495461	0.176760584977695	0
28.5985759864865	0.00556443418838017	0.180211395171392	0
28.640113496997	0.00800705348916319	0.181819271549479	0
28.6816510075075	0.0105929207572831	0.183247094785986	0
28.723188518018	0.0133220359927408	0.185918578717448	0
28.7647260285285	0.0161943991955691	0.189953010279189	0
28.806263539039	0.0192100103657388	0.193915906026296	0
28.8478010495495	0.0223688695032474	0.197837587885463	0
28.8893385600601	0.0256709766081244	0.202307869644318	0
28.9308760705706	0.0291163316803379	0.207812894263002	0
28.9724135810811	0.03270575755584	0.215326603312123	0
29.0139510915916	0.0364583461275064	0.226151742216905	0
29.0554886021021	0.0403932823424921	0.228801587307733	0
29.0970261126126	0.0445114076475851	0.232440890322032	0
29.1385636231231	0.048812722042863	0.255728850464767	0
29.1801011336336	0.0532972255282857	0.264865662467752	0
29.2216386441441	0.0579649181038666	0.27005677100118	0
29.2631761546547	0.0628157997696128	0.276611670996694	0
29.3047136651652	0.0678498705254952	0.280269050804782	0
29.3462511756757	0.0730671303715805	0.285854255543855	0
29.3877886861862	0.0784675793077831	0.290553215489342	0
29.4293261966967	0.0840512173341259	0.298997054000685	0
29.4708637072072	0.0898180444506688	0.304947778506079	0
29.5124012177177	0.0957680606573662	0.306861837308013	0
29.5539387282282	0.101901265954166	0.310091786873183	0.00231396343545446
29.5954762387387	0.108217660341178	0.319333485960961	0.00948784345810378
29.6370137492492	0.114717243818353	0.333225842897244	0.0178751987170048
29.6785512597598	0.121400016385647	0.348830279506001	0.0263821108026389
29.7200887702703	0.128265978043121	0.358159330810603	0.0333322981282614
29.7616262807808	0.135315128790748	0.361768298342805	0.038836958786329
29.8031637912913	0.142547468628513	0.367309434283688	0.0477438425434138
29.8447013018018	0.14996299755647	0.375314587930529	0.052737213401541
29.8862388123123	0.157561715574563	0.378043369666212	0.0611692660673402
29.9277763228228	0.165343622682792	0.378182848729769	0.0710725959636775
29.9693138333333	0.173308718881234	0.382072414992623	0.0820805176395778
30.0108513438438	0.181457004169794	0.386012305887501	0.0893147655933734
30.0523888543544	0.189788478548515	0.391458877689719	0.0978940174978392
30.0939263648649	0.198303142017389	0.402430312905274	0.104829135907131
30.1354638753754	0.207000994576421	0.415727399044731	0.108264411097569
30.1770013858859	0.215877107751115	0.428028034109944	0.114904643397895
30.2185388963964	0.224881048679572	0.434756746392295	0.117854894772428
30.2600764069069	0.233983266758802	0.441380116582639	0.119770739519753
30.3016139174174	0.243183387810889	0.448321020555184	0.128099354118814
30.3431514279279	0.252481411835678	0.465555848956322	0.128877424767109
30.3846889384384	0.261877338833272	0.480811459089007	0.131791393002187
30.4262264489489	0.271371168803634	0.497102259391887	0.133243537142998
30.4677639594595	0.280962901746736	0.507682886754366	0.136970819881464
30.50930146997	0.290652537662641	0.524686839566136	0.139469235440642
30.5508389804805	0.300440076551273	0.53657593611436	0.138753472925737
30.592376490991	0.310325518412704	0.543991667928119	0.14581580229001
30.6339140015015	0.320308863246899	0.550873456020682	0.148404056136081
30.675451512012	0.330390111053868	0.55960564050491	0.1527351711651
30.7169890225225	0.340569261833582	0.573527892927243	0.15365805994823
30.758526533033	0.350846315586081	0.595485561229206	0.156218720738047
30.8000640435435	0.361221272311356	0.616331877526589	0.156950521352616
30.8416015540541	0.371694132009383	0.630450211773802	0.161068086209326
30.8831390645646	0.382264894680171	0.643450446761152	0.154997452677557
30.9246765750751	0.39292355789746	0.66462587428042	0.153079735567165
30.9662140855856	0.403408704829127	0.675921272607165	0.155054566996776
31.0077515960961	0.41344020916919	0.69428897804161	0.160230141240779
31.0492891066066	0.423004320990801	0.706830979143333	0.163951611678842
31.0908266171171	0.432101040294019	0.716766990560312	0.151773854227833
31.1323641276276	0.440730367078787	0.725880794931306	0.146890161323296
31.1739016381381	0.448892301345118	0.732499044070648	0.145605044507741
31.2154391486486	0.456586843093077	0.736786364573296	0.119429796531525
31.2569766591592	0.46383024507187	0.731978902195827	0.0966899811288533
31.2985141696697	0.470796706114785	0.740928727519446	0.0981823195318711
31.3400516801802	0.477591987867752	0.755989782705232	0.099970764645358
31.3815891906907	0.484217577944437	0.76036616263995	0.101914436730364
31.4231267012012	0.490673476344879	0.755711461574464	0.1038021521858
31.4646642117117	0.496959683069095	0.761048727931482	0.0960960760761655
31.5062017222222	0.50307619811707	0.773947052606944	0.0548847133169981
31.5477392327327	0.50902302148876	0.784375060856568	0.0242409737650074
31.5892767432432	0.514800153184263	0.791957168699983	0.00473975789022149
31.6308142537538	0.520407593203494	0.800811686931563	0
31.6723517642643	0.525845341546487	0.804284114808122	0
31.7138892747748	0.53111339821322	0.811275288184668	0
31.7554267852853	0.536211763203727	0.819432121245942	0
31.7969642957958	0.541140436518003	0.825961615245884	0
31.8385018063063	0.545899418155973	0.834787934720004	0
31.8800393168168	0.550488708117777	0.842780626893568	0
31.9215768273273	0.554908306403284	0.849851881487521	0
31.9631143378378	0.559158213012615	0.859538541762951	0
32.0046518483483	0.563238427945635	0.865283171590612	0
32.0461893588589	0.567148951202417	0.868638077275935	0
32.0877268693694	0.570889782783	0.871473263034837	0
32.1292643798799	0.574460922687306	0.875917828685998	0
32.1708018903904	0.577862370915351	0.877351259838204	0
32.2123394009009	0.581094127467179	0.88114850471553	0
32.2538769114114	0.584156192342795	0.883241595285696	0
32.2954144219219	0.587048565542082	0.881834773716007	0
32.3369519324324	0.589771247065206	0.884515941372282	0
32.3784894429429	0.592324236912028	0.888745942880889	0
32.4200269534535	0.594707535082655	0.891482618988406	0
32.461564463964	0.59692114157702	0.890872145182276	0
32.5031019744745	0.598965056395128	0.890287086793149	0
32.544639484985	0.600839279537023	0.889190370332311	0
32.5861769954955	0.602543811002638	0.887817717137008	0
32.627714506006	0.604078650792036	0.887631704729049	0
32.6692520165165	0.605443798905197	0.886035236445886	0
32.710789527027	0.606639255342077	0.882100852934386	0
32.7523270375375	0.607665020102731	0.87470291445592	0
32.793864548048	0.608521093187168	0.869455790893143	0
32.8354020585586	0.6092074745953	0.86385908112097	0
32.8769395690691	0.60972416432727	0.859104959171378	0
32.9184770795796	0.610071162382928	0.853070963746519	0
32.9600145900901	0.610248468762395	0.843907063497873	0
33.0015521006006	0.610256083465567	0.837636963911021	0
33.0430896111111	0.610094006492537	0.830704411708757	0
33.0846271216216	0.609762237843259	0.822557224683743	0.0116739732106678
33.1261646321321	0.609260777517692	0.811642831160908	0.014843829077305
33.1677021426426	0.608589625515956	0.799632662960034	0.0131950486174705
33.2092396531531	0.607748781837895	0.790706618868209	0.0111262767532614
33.2507771636637	0.606738246483674	0.781471926750485	0.00145918765691911
33.2923146741742	0.605558019453112	0.770267052486593	0
33.3338521846847	0.604208100746413	0.762943712329569	0
33.3753896951952	0.602688490363363	0.753663837559652	0
33.4169272057057	0.600999188304186	0.743066399699489	0
33.4584647162162	0.59914019456868	0.73186371482777	0.00670202664671128
33.5000022267267	0.597111509156947	0.725132242497426	0.0215874844258924
33.5415397372372	0.594913132068992	0.717265531235072	0.0212165369258027
33.5830772477477	0.592545063304794	0.71432165660042	0.0200990148253746
33.6246147582583	0.590007302864294	0.713318656217317	0.0280705258474727
33.6661522687688	0.587299850747657	0.718129500476779	0.014885804137766
33.7076897792793	0.584422706954668	0.722031802795731	0.0312511783438997
33.7492272897898	0.581375871485471	0.726505745912722	0.038381450371894
33.7907648003003	0.578159344340081	0.730938854740783	0.04913653764719
33.8323023108108	0.574773125518375	0.735330636155946	0.070582014031806
33.8738398213213	0.571217215020504	0.741601060354014	0.0870840634296899
33.9153773318318	0.567491612846314	0.746211396334737	0.105598462950377
33.9569148423423	0.563596318995912	0.751013765791359	0.129532889996136
33.9984523528529	0.559531333469265	0.765903325964015	0.134915465986866
34.0399898633634	0.555296656266382	0.771416277804355	0.101553545486909
34.0815273738739	0.550892287387243	0.771286870592029	0.110161037078225
34.1230648843844	0.546318226831884	0.780862487451755	0.111945964174109
34.1646023948949	0.541574474600234	0.785475168510457	0.102309472522874
34.2061399054054	0.536661030692394	0.790855673522413	0.0845507779750412
34.2476774159159	0.531577895108276	0.795785575161574	0.0787563143959277
34.2892149264264	0.526325067847917	0.800531124222417	0.0573087059082751
34.3307524369369	0.520902548911354	0.806444392579773	0.0306733665467635
34.3722899474474	0.515310338298479	0.812829153075529	0.00842950382635318
34.413827457958	0.509548436009397	0.819232924430077	0
34.4553649684685	0.503616842044103	0.825655706638234	0
34.496902478979	0.497515556402513	0.83401070206426	0
34.5384399894895	0.491244579084724	0.839064246595513	0
34.5799775	0.484803910090646	0.845292510536307	0
34.6215150105105	0.478185541362806	0.851771159959871	0
34.663052521021	0.471196261225734	0.869818544011107	0
34.7045900315315	0.463637706204955	0.863247813458248	0
34.746127542042	0.455500837659465	0.874806406122612	0
34.7876650525526	0.446785655589348	0.869627950351572	0
34.8292025630631	0.437492159994466	0.865935601272718	0
34.8707400735736	0.427620350874935	0.872439016593393	0
34.9122775840841	0.417170228230718	0.853474860752793	0
34.9538150945946	0.406141792061713	0.841058941523189	0
34.9953526051051	0.394535042368148	0.849644745809891	0
35.0368901156156	0.382349979149781	0.867676328618624	0
35.0784276261261	0.369827904282941	0.89158575636207	0
35.1199651366366	0.358585096814857	0.919394672411663	0
35.1615026471471	0.349285397329489	0.958151721657088	0
35.2030401576577	0.341930837852111	0.997955786251803	0
35.2445776681682	0.336521418382764	1.03835004825194	0
35.2861151786787	0.333057138921392	1.081783821054	0
35.3276526891892	0.331537999468017	1.12113158352981	0
35.3691901996997	0.331964000022622	1.16166378902056	0
35.4107277102102	0.334335140585253	1.19218883250911	0
35.4522652207207	0.338651421155851	1.22305254993931	0
35.4938027312312	0.344912841734464	1.2542912989758	0
35.5353402417417	0.353119402321053	1.2857063156571	0
35.5768777522523	0.36327110291567	1.32448069429799	0
35.6184152627628	0.375367943518267	1.36777605041298	0
35.6599527732733	0.38940992412884	1.40866652233584	0
35.7014902837838	0.405397044747419	1.45710685750608	0
35.7430277942943	0.423329305374	1.5029571898002	0
35.7845653048048	0.443206706008592	1.54948560609161	0
35.8261028153153	0.46502924665113	1.5966921063827	0
35.8676403258258	0.488796927301746	1.64454048854243	0
35.9091778363363	0.514509747960297	1.69264688398059	0.00669195155247154
35.9507153468468	0.542167708626839	1.72990150410612	0.0842601342235569
35.9922528573574	0.571770809301386	1.78166476010142	0.159151373342784
36.0337903678679	0.603319049983985	1.83911693150726	0.221576864180879
36.0753278783784	0.636812430674477	1.89327177221377	0.283480184080803
36.1168653888889	0.672250951373036	1.94529031957424	0.316333123738902
36.1584028993994	0.70963461207959	1.99796668228376	0.316693547118051
36.1999404099099	0.748963412794083	2.05087505694426	0.308807036083922
36.2414779204204	0.790237353516651	2.10092213012019	0.296542783082466
36.2830154309309	0.833456434247154	2.14936786261134	0.285364590562437
36.3245529414414	0.878620654985685	2.21432820514495	0.273105818104061
36.3660904519519	0.925730015732244	2.26537135434631	0.259259968569547
36.4076279624625	0.974784516486687	2.3155231101869	0.247273328175895
36.449165472973	1.02599162302315	2.36617867028657	0.236254813577239
36.4907029834835	1.09019904063717	2.417338034644	0.285291859987153
36.532240493994	1.18261107470476	2.46901102325928	0.437776333623357
36.5737780045045	1.29660137623336	2.52110240823329	0.543375864146009
36.615315515015	1.42742841267786	2.63650126287868	0.666084441488009
36.6568530255255	1.57502775441608	2.77400823938453	0.817193216611671
36.698390536036	1.73939940144807	2.86499312594745	0.977538215301053
36.7399280465465	1.92054335377366	3.0092413824849	1.16536411683019
36.7814655570571	2.1184596113931	3.16140906162293	1.39382884420269
36.8230030675676	2.33314817430625	3.30888854996676	1.62992566738843
36.8645405780781	2.56460904251288	3.45246079109139	1.90708753710057
36.9060780885886	2.81284221601354	3.66887110270758	2.17915355636053
36.9476155990991	3.07784769480767	3.84763784169732	2.40706799480198
36.9891531096096	3.35958943287529	4.07647811421076	2.51721537482304
37.0306906201201	3.65743198604264	4.42059377949554	2.68871270062303
37.0722281306306	3.97083185594336	4.78008881440444	2.93897818802955
37.1137656411411	4.29976826230582	5.11652765296776	3.16650311182822
37.1553031516517	4.64014331084136	5.34761120110237	3.53178776411738
37.1968406621622	4.97564999162438	5.55500383397648	3.98799898969946
37.2383781726727	5.30055520593424	5.78202315244309	4.48508053361388
37.2799156831832	5.61479017557749	6.03965082373745	4.83895991237247
37.3214531936937	5.9183549005539	6.30342655726453	5.04629354457715
37.3629907042042	6.2112493808648	6.63972521232015	5.31800682223712
37.4045282147147	6.49347361650897	6.96880065358645	5.55708557233912
37.4460657252252	6.76502760748683	7.26918919553941	5.78284170592597
37.4876032357357	7.02591135379858	7.55629802415433	6.0824135198931
37.5291407462462	7.27612485544353	7.79568762042501	6.38556053779354
37.5706782567568	7.51566811242282	8.04974661066368	6.70664821265874
37.6122157672673	7.74454112473536	8.4178523557295	6.98103225757874
37.6537532777778	7.96209642083483	8.75853206686379	7.2387601536531
37.6952907882883	8.15289320557047	8.96597639267703	7.5085034149716
37.7368282987988	8.33192349945774	8.9383146568842	7.71688074181669
37.7783658093093	8.51429738828016	9.15016165225121	7.92321756529227
37.8199033198198	8.70006114141828	9.36300767361416	8.13596921835276
37.8614408303303	8.88921475887162	9.53851603742497	8.36504695154769
37.9029783408408	9.08175824064167	9.70104190908892	8.63166977896126
37.9445158513513	9.27769158672746	9.98269671736363	8.8757192797009
37.9860533618619	9.48082469806723	10.2491519707845	9.10623744537681
38.0275908723724	9.71171818755062	10.5116591532427	9.33978559622293
38.0691283828829	9.98510376286496	10.8641675920023	9.63716201841843
38.1106658933934	10.3077716466924	11.2202835561146	9.96113352614475
38.1522034039039	10.6799292731751	11.5634417057507	10.3404127908366
38.1937409144144	11.1015766423124	11.9848202359652	10.7446581409255
38.2352784249249	11.572713754106	12.3863684597253	11.195284385312
38.2768159354354	12.093340608554	12.9493910906125	11.6796738021725
38.3183534459459	12.664968170125	13.4858140853876	12.081619711732
38.3598909564565	13.3073287320722	14.0945379421649	12.700026680682
38.401428466967	14.0330363077186	14.7571951533225	13.4642841163256
38.4429659774775	14.8300727710014	15.4886351135302	14.3779594304995
38.484503487988	15.6609868754212	16.2570604290306	15.1423467217946
38.5260409984985	16.5021555249609	16.9728379858405	15.8592321417254
38.567578509009	17.3423269282477	17.6512305474342	16.5722722332711
38.6091160195195	18.1087931006185	18.4363768952041	17.27764655828
38.65065353003	18.739020094563	19.1638963923164	17.7540500546275
38.6921910405405	19.2254785697827	19.7107649177446	18.1170412243626
38.7337285510511	19.5681685262723	20.1082045284261	18.4461428926145
38.7752660615616	19.7554209410511	20.3576482092068	18.6200086370951
38.8168035720721	19.7522067260704	20.3252296280867	18.7249102809005
38.8583410825826	19.609612027432	20.1958543419616	18.5071212815972
38.8998785930931	19.3774772896088	19.9613067512129	18.2249656499004
38.9414161036036	19.0599978426017	19.5926220727108	17.8604771615373
38.9829536141141	18.6578831439445	19.1072151015281	17.5390426188184
39.0244911246246	18.1963855561977	18.6811700924027	17.1472085553194
39.0660286351351	17.7070222735812	18.2783827665723	16.726219625927
39.1075661456456	17.1917750418132	17.8318069277528	16.3483196491888
39.1491036561562	16.6506438608948	17.2717181175235	15.852715305938
39.1906411666667	16.083628730824	16.7030334009617	15.3881628899751
39.2321786771772	15.4907296516008	16.0903626215495	14.8728817240674
39.2737161876877	14.8790445893016	15.5692151797618	14.3757383995079
39.3152536981982	14.2807633951303	15.0783035217629	13.874934325359
39.3567912087087	13.7056505237374	14.6277139576638	13.3024082448255
39.3983287192192	13.1712711229413	14.133865426101	12.7559632879758
39.4398662297297	12.6968731904436	13.7098507487917	12.2699337441763
39.4814037402402	12.2837207018576	13.3927804301525	11.8951164886992
39.5229412507507	11.935331546906	13.0731011123778	11.534553235072
39.5644787612613	11.6540910332582	12.8737679880152	11.2216611014188
39.6060162717718	11.4400444530418	12.7229696652412	11.0124282450573
39.6475537822823	11.2931693240577	12.4191346980234	10.9438659340958
39.6890912927928	11.2094253582814	12.2411820383663	10.9047178211202
39.7306288033033	11.1801309627893	12.1296675446924	10.8268100555597
39.7721663138138	11.2041613699598	12.1672871817297	10.7907299312914
39.8137038243243	11.2815165797957	12.1680093762342	10.8020796153819
39.8552413348348	11.4121965922941	12.2011378438098	11.0129393478618
39.8967788453453	11.5937787469271	12.311356816936	11.2157973924472
39.9383163558559	11.8137166483657	12.4042859668139	11.4027460770523
39.9798538663664	12.0679610679678	12.5850301678019	11.6337130735077
40.0213913768769	12.3513825035717	12.8161389024703	11.8245332825885
40.0629288873874	12.641284850657	13.0400977252917	12.0872307112832
40.1044663978979	12.9313905394688	13.3175973461165	12.3122216766519
40.1460039084084	13.2216993517542	13.5817132749158	12.5897764369849
40.1875414189189	13.5122112875103	13.8361005777664	12.8534545540535
40.2290789294294	13.8014084696311	14.0966514230171	13.1591549371489
40.2706164399399	14.0682144261615	14.3626974216996	13.4438585888546
40.3121539504505	14.2934823573702	14.5917782735269	13.5985712726256
40.353691460961	14.4726046131095	14.7763893006285	13.7404687555793
40.3952289714715	14.6053645282473	14.8969187929677	13.8767097576968
40.436766481982	14.6917621027829	14.9556592731798	14.0342839678939
40.4783039924925	14.7311763961969	14.9980732294947	14.0476606632907
40.519841503003	14.7170163191422	15.0398269078702	14.0178680647451
40.5613790135135	14.6453096662536	14.966816237984	13.993505264704
40.602916524024	14.5163876720918	14.8210690929761	13.8685852210759
40.6444540345345	14.333527104235	14.6652911811252	13.6956564065164
40.685991545045	14.1050571948411	14.5318394494164	13.4968480691221
40.7275290555556	13.8439346282213	14.2984682177767	13.2494214474696
40.7690665660661	13.5673112008513	14.0451387449173	12.9878048615821
40.8106040765766	13.2775091621539	13.87709379377	12.6943873137435
40.8521415870871	12.9745285121261	13.7859244758161	12.4222636360089
40.8936790975976	12.6604282217377	13.7115169098666	12.1765925152925
40.9352166081081	12.3503841067753	13.7111233739359	11.9515194938461
40.9767541186186	12.050981596419	13.7102566873438	11.6556060794063
41.0182916291291	11.7622348838711	13.6619848394889	11.3756624861715
41.0598291396396	11.4849301031031	13.6619848394859	11.1147372355997
41.1013666501501	11.2319845632463	13.6619848394886	10.8078881400806
41.1429041606607	11.0024668625445	13.6619848394897	10.4967581836928
41.1844416711712	10.7937405244564	13.6619848394886	10.2132657248933
41.2259791816817	10.6109438002147	13.6619848394886	9.95897514876916
41.2675166921922	10.4711341152864	13.6619848394893	9.73944529465876
41.3090542027027	10.3501672504773	13.6619848394863	9.5563793061676
41.3505917132132	10.2447390586044	13.6619848394885	9.40480773984856
41.3921292237237	10.1548495396687	13.6619848394886	9.23511698595474
41.4336667342342	10.0804986936686	13.6619848394897	8.98853908498161
41.4752042447447	10.0216865206058	13.6619848394859	8.72125898599834
