phys	rec.rate	upper	lower
0.0147211701701702	2.48166720038492	12.475867676423	0
0.0441635105105105	2.48436520673149	12.475867676423	0
0.0736058508508508	2.48989930891376	12.475867676423	0
0.103048191191191	2.49826950693182	12.475867676423	0
0.132490531531532	2.50947580078567	12.4758676764231	0
0.161932871871872	2.5235181904753	12.475867676423	0
0.191375212212212	2.54039667600072	12.4758676764231	0
0.220817552552553	2.56011125736193	12.4758676764229	0
0.250259892892893	2.58266193455893	12.4758676764231	0
0.279702233233233	2.60804870759171	12.475867676423	0
0.309144573573574	2.63627157646028	12.475867676423	0
0.338586913913914	2.66733054116464	12.475867676423	0
0.368029254254254	2.70122560170479	12.475867676423	0
0.397471594594595	2.73795675808073	12.4758676764231	0
0.426913934934935	2.77752401029244	12.4758676764229	0
0.456356275275275	2.81992735833996	12.475867676423	0
0.485798615615616	2.86516680222325	12.4758676764231	0
0.515240955955956	2.91324234194234	12.475867676423	0
0.544683296296296	2.96415397749721	12.475867676423	0
0.574125636636637	3.01790170888787	12.475867676423	0
0.603567976976977	3.07448553611432	12.4758676764231	0
0.633010317317317	3.13390545917656	12.475867676423	0
0.662452657657658	3.19616147807458	12.475867676423	0
0.691894997997998	3.26125359280839	12.475867676423	0
0.721337338338338	3.32918180337799	12.475867676423	0
0.750779678678679	3.39994610978338	12.4758676764231	0
0.780222019019019	3.47354651202455	12.475867676423	0
0.809664359359359	3.54998301010152	12.475867676423	0
0.8391066996997	3.62925560401427	12.475867676423	0
0.86854904004004	3.7113642937628	12.475867676423	0
0.89799138038038	3.79598621172993	12.475867676423	0
0.927433720720721	3.86852042842574	12.475867676423	0
0.956876061061061	3.90872229988011	12.475867676423	0
0.986318401401401	3.91510235185363	12.475867676423	0
1.01576074174174	3.88806497933894	12.475867676423	0
1.04520308208208	3.85379524154466	12.475867676423	0
1.07464542242242	3.85402426251441	12.475867676423	0
1.10408776276276	3.89247890180082	12.475867676423	0
1.1335301031031	3.96915915940387	12.475867676423	0
1.16297244344344	4.08406503532359	12.475867676423	0
1.19241478378378	4.23719652955993	12.475867676423	0
1.22185712412412	4.42855364211296	12.475867676423	0
1.25129946446446	4.65813637298262	12.475867676423	0.0825856524770722
1.2807418048048	4.92594472216891	12.5303852815301	0.40081944087659
1.31018414514515	5.23197868967188	12.6393024681153	0.889090545128652
1.33962648548549	5.57623827549149	12.7389679903993	1.45392195292262
1.36906882582583	5.95872347962776	12.7389679903993	2.36168590228774
1.39851116616617	6.37943430208067	12.7389679903993	3.20189885625416
1.42795350650651	6.83837074285022	12.9186533192376	4.03008527804178
1.45739584684685	7.33553280193644	13.2765843135799	4.81771598357939
1.48683818718719	7.87092047933929	14.0934734058192	5.0691017351423
1.51628052752753	8.43542071043725	15.3054495599093	5.26863661167039
1.54572286786787	8.98810929555124	16.8680006149931	5.43571230182817
1.57516520820821	9.51750336290096	18.0972633508748	5.50759009943864
1.60460754854855	10.0236023255527	19.2435119986404	5.52474646196227
1.63404988888889	10.5064061835064	20.6246539945942	5.57147402563853
1.66349222922923	10.9267025273106	24.1029057684882	5.60113398943849
1.69293456956957	10.8741236327777	23.8778685890486	5.61773952288615
1.72237690990991	10.2933670111601	20.5540033649026	5.57309328028249
1.75181925025025	9.61569149792188	16.7838647112209	5.53630670403528
1.78126159059059	9.01390554754363	14.0157998182743	5.43801760572335
1.81070393093093	8.4891403479734	12.052233941485	5.186155880603
1.84014627127127	8.04139589921121	11.1381478920497	4.28602641553301
1.86958861161161	7.67067220125713	10.8895231276563	3.18727094020016
1.89903095195195	7.3769692541111	10.7524834543526	2.36484560403287
1.92847329229229	7.16028705777305	10.6864881012701	1.89690029591503
1.95791563263263	7.02062561224319	10.6122550654657	1.596812054657
1.98735797297297	6.95798491752131	10.6717714517952	1.67162103409634
2.01680031331331	6.97236497360753	10.8743034542983	1.93979768907501
2.04624265365365	7.03918121523362	11.6351332461122	2.05444091238561
2.07568499399399	7.01189942366156	12.3338578716322	2.48836073368795
2.10512733433433	6.88507406944436	12.6902446655214	2.65521641917868
2.13456967467467	6.66831843608215	12.5716842755863	2.66421720924002
2.16401201501502	6.36440876304076	11.9917951264361	2.7378491048461
2.19345435535536	6.02578782763398	11.2592409996421	2.68842800548806
2.2228966956957	5.69924772853088	10.7869111183406	2.63948133211015
2.25233903603604	5.38642996266039	10.1630998544212	2.59615753875422
2.28178137637638	5.08733453002244	9.67680918537055	2.5265121067148
2.31122371671672	4.80196143061708	8.96134783666687	2.41997108265478
2.34066605705706	4.53031066444424	8.41594717973799	2.29560635410503
2.3701083973974	4.27238223150402	7.88349471075837	1.9328408692299
2.39955073773774	4.02817613179636	7.3806818773487	1.37033870626493
2.42899307807808	3.79769236532126	6.95960446475622	0.809301651577091
2.45843541841842	3.58093093207872	6.52294378151573	0.386265993887882
2.48787775875876	3.37789183206876	6.26195519979479	0
2.5173200990991	3.18857506529138	6.00333398364161	0
2.54676243943944	3.01298063174654	5.73974506770393	0
2.57620477977978	2.85110853143431	5.49119793012986	0
2.60564712012012	2.70295472503948	5.24878573494379	0
2.63508946046046	2.56608069952718	4.9730455978152	0
2.6645318008008	2.4339198907389	4.73096475973706	0
2.69397414114114	2.30537817438762	4.46918330706767	0
2.72341648148148	2.18045555047333	4.22215483017851	0
2.75285882182182	2.05915201899606	4.01184837865148	0
2.78230116216216	1.94146757995579	3.89747995545535	0
2.8117435025025	1.82740223335254	3.69751534188558	0.00137752983683622
2.84118584284284	1.71695597918631	3.52016948511285	0.0141352299803233
2.87062818318318	1.61012881745707	3.30977591419085	0.0303281427581398
2.90007052352352	1.50692074816485	3.15777363373815	0
2.92951286386386	1.40733177130963	3.03295736634144	0
2.9589552042042	1.31136188689143	2.9730214613971	0
2.98839754454454	1.21901109491024	2.82647671727109	0
3.01783988488488	1.13027939536605	2.72119080512665	0
3.04728222522523	1.04516678825887	2.6443353975492	0
3.07672456556557	0.963673273588704	2.57088221604115	0
3.10616690590591	0.88579885135555	2.49967140313189	0
3.13560924624625	0.811543521559396	2.36513042754435	0
3.16505158658659	0.740907284200264	2.29275405533922	0
3.19449392692693	0.673890139278132	2.22181528593597	0
3.22393626726727	0.610492086793012	2.15351716169288	0
3.25337860760761	0.5507131267449	2.09458057155965	0
3.28282094794795	0.4945532591338	2.01551900913908	0
3.31226328828829	0.442012483959718	1.95716006837452	0
3.34170562862863	0.393090801222619	1.90499395541458	0
3.37114796896897	0.347788210922559	1.86842412582525	0
3.40059030930931	0.306104713059493	1.84170467689223	0
3.43003264964965	0.268040307633439	1.79708764615505	0
3.45947498998999	0.233594994644399	1.74490477054299	0
3.48891733033033	0.20276877409236	1.69260627781222	0
3.51835967067067	0.175561645977338	1.66036035755081	0
3.54780201101101	0.151973610299323	1.62577334509484	0
3.57724435135135	0.132004667058314	1.61412703466758	0
3.60668669169169	0.115654816254319	1.60246420110831	0
3.63612903203203	0.102924057887329	1.61091306775969	0
3.66557137237237	0.0938123919573539	1.60532347954981	0
3.69501371271271	0.0883198184643858	1.59478879353653	0
3.72445605305305	0.0864463374084287	1.57823414781619	0
3.75389839339339	0.0881919487894772	1.54281142227603	0
3.78334073373373	0.0935566526075344	1.5253080627767	0
3.81278307407407	0.102540448862608	1.49798383247084	0
3.84222541441441	0.115107548848429	1.47192629262299	0
3.87166775475475	0.130387888931997	1.45610153580159	0
3.90111009509509	0.14748450984891	1.44151636653071	0
3.93055243543544	0.166356242203693	1.42851510823592	0
3.95999477577578	0.187003085996351	1.43263782458981	0
3.98943711611612	0.20942504122688	1.44316153639064	0
4.01887945645646	0.233622107895275	1.44858132493169	0
4.0483217967968	0.259594286001552	1.46742036296419	0
4.07776413713714	0.287341575545688	1.48067234290332	0
4.10720647747748	0.316863976527699	1.49274360293686	0
4.13664881781782	0.348161488947583	1.52324381806857	0
4.16609115815816	0.381234112805345	1.57918080515617	0
4.1955334984985	0.416081848100965	1.63322581797675	0
4.22497583883884	0.452704694834466	1.66945946762272	0
4.25441817917918	0.491102653005828	1.69772298839039	0
4.28386051951952	0.531275722615072	1.71443564967742	0
4.31330285985986	0.573223903662186	1.76466579058812	0
4.3427452002002	0.616947196147164	1.79588344158107	0
4.37218754054054	0.662445600070018	1.89754412142506	0
4.40162988088088	0.709719115430751	1.95244324593829	0
4.43107222122122	0.758767742229342	2.00140433258344	0
4.46051456156156	0.809591480465804	2.06418952919956	0
4.4899569019019	0.86219033014015	2.11092131150169	0
4.51939924224224	0.916564291252356	2.1528543858242	0
4.54884158258258	0.972713363802423	2.22676173551578	0
4.57828392292292	1.0306375477904	2.27806702688661	0
4.60772626326326	1.09033684321621	2.30322843444413	0
4.6371686036036	1.15181125007991	2.34549834399645	0
4.66661094394394	1.21506076838148	2.37361737654911	0
4.69605328428428	1.2800853981209	2.40045314582031	0
4.72549562462462	1.34688513929823	2.42899889522468	0
4.75493796496496	1.4154599919134	2.50074272766987	0
4.78438030530531	1.48580995596644	2.58296147602896	0.0202277550002482
4.81382264564565	1.55793503145736	2.68306000417217	0.138963234614927
4.84326498598599	1.63183521838616	2.78547022465751	0.243913942586914
4.87270732632633	1.70751051675283	2.90011636193384	0.372590167936346
4.90214966666667	1.78496092655736	3.0202452468578	0.497049805879762
4.93159200700701	1.86418644779978	3.14031597883833	0.550209815496439
4.96103434734735	1.94532087079503	3.2975271814566	0.590280059712416
4.99047668768769	2.02939188906508	3.40525217876805	0.597358489615692
5.01991902802803	2.11687579226686	3.61038041943252	0.659288338965237
5.04936136836837	2.20777518416102	3.73825318036638	0.760682891406621
5.07880370870871	2.3020900647476	3.89045724052855	0.881190801737891
5.10824604904905	2.39982043402657	3.99837559988596	0.987020597894509
5.13768838938939	2.50096629199797	4.16221836480033	1.01622250591465
5.16713072972973	2.60552763866175	4.27607261851191	1.04677010419587
5.19657307007007	2.71350447401794	4.45955959687249	1.07866339273927
5.22601541041041	2.82489679806653	4.7197563515594	1.11888177199409
5.25545775075075	2.9397046108075	4.98057707151856	1.20004142917121
5.28490009109109	3.0579279122409	5.23451939453421	1.23031953073282
5.31434243143143	3.17956670236669	5.50725973573358	1.23267505265909
5.34378477177177	3.3046209811849	5.78401950578702	1.27556096474615
5.37322711211211	3.43309074869547	6.08302120052441	1.30174304974714
5.40266945245245	3.56493601424215	6.36210003764413	1.33094967878136
5.43211179279279	3.69083073220958	6.63735284345039	1.37133854316936
5.46155413313313	3.78953453132725	6.84386185995395	1.41210867701843
5.49099647347347	3.8581051659676	7.01147086210807	1.47011971445549
5.52043881381381	3.89654263613058	7.06545487387498	1.4906284162436
5.54988115415415	3.9049199291089	7.02813395213123	1.52235327588559
5.57932349449449	3.88562103037392	6.92435577274076	1.56439968579835
5.60876583483484	3.84150341840999	6.78039076665889	1.58602818947966
5.63820817517518	3.77273575450125	6.59850375319991	1.60555697343498
5.66765051551552	3.67931803864778	6.35598577924188	1.58237287986306
5.69709285585586	3.56129142921173	6.13110545176707	1.56350991695334
5.7265351961962	3.42710288721399	5.94015947298575	1.64565257922496
5.75597753653654	3.29546367813553	5.74417242659553	1.64117151064597
5.78541987687688	3.16888476449903	5.53703617788848	1.636658978374
5.81486221721722	3.04736614630451	5.37376776233477	1.59396369148209
5.84430455755756	2.93090782355193	5.20012655685004	1.59971092152421
5.8737468978979	2.81950979624133	5.01818248584385	1.57418117787401
5.90318923823824	2.7131720643727	4.83911355736085	1.54852605004385
5.93263157857858	2.61189462794602	4.69581091904011	1.53636984825963
5.96207391891892	2.51567748696129	4.52812375287749	1.49389536966285
5.99151625925926	2.42452064141858	4.37175397394369	1.24701819484811
6.0209585995996	2.3384240913178	4.20107352118997	1.00273346053329
6.05040093993994	2.25738783665899	4.05373016945586	0.797436716637187
6.07984328028028	2.18141187744214	3.89546047617314	0.620066407023418
6.10928562062062	2.11049621366727	3.75135185156058	0.464866714200973
6.13872796096096	2.04464084533435	3.59645620594141	0.320917303714873
6.1681703013013	1.98384577244339	3.44424939320141	0.207079382885623
6.19761264164164	1.92811099499442	3.29473141334025	0.113308101126951
6.22705498198198	1.87743651298737	3.17798432668571	0.0428148062649842
6.25649732232232	1.83182232642234	3.0946887158823	0
6.28593966266266	1.79126843529925	3.02975241227416	0
6.315382003003	1.75577483961814	2.96708727240544	0
6.34482434334334	1.72534153937896	2.92424294897068	0
6.37426668368368	1.69996853458177	2.88943426907189	0.00591673984610724
6.40370902402402	1.67913403653676	2.85207645504939	0.0646178241600957
6.43315136436436	1.65950243118817	2.83447429586957	0.135967128525401
6.4625937047047	1.63976062284522	2.82861700563776	0.200633342384754
6.49203604504504	1.61990545176328	2.81246656448669	0.247378126981653
6.52147838538539	1.5999369179423	2.77390472719638	0.228034628868414
6.55092072572573	1.5798550213823	2.71245912061955	0.142384099793014
6.58036306606607	1.55965976208327	2.65086946668125	0.0830464715780263
6.60980540640641	1.5393511400452	2.6377891574141	0.024023900071959
6.63924774674675	1.51892915526809	2.62217915048945	0
6.66869008708709	1.49839380775199	2.58547818815035	0
6.69813242742743	1.47774509749683	2.5484882158543	0
6.72757476776777	1.45698302450265	2.5117109037792	0
6.75701710810811	1.43610758876944	2.47392804453859	0
6.78645944844845	1.4151187902972	2.39681703636683	0
6.81590178878879	1.39401662908591	2.34295946091233	0
6.84534412912913	1.37280110513564	2.30474795765525	0
6.87478646946947	1.35147221844631	2.27340457299636	0
6.90422880980981	1.33002996901795	2.22050447070142	0
6.93367115015015	1.30847435685059	2.14935599811074	0
6.96311349049049	1.28680538194416	2.07779221120406	0
6.99255583083083	1.2650233725422	2.04106741359383	0.000120254719806425
7.02199817117117	1.24324466166305	1.99733834982675	0.0133841966793544
7.05144051151151	1.22175671833546	1.95875059417292	0.0254231638489427
7.08088285185185	1.20060316904092	1.93028308149584	0.0073115163387891
7.11032519219219	1.17978401377945	1.90309874375211	0
7.13976753253253	1.15929925255098	1.8762812534699	0
7.16920987287287	1.13914888535559	1.84996668337097	0
7.19865221321321	1.11933291219322	1.824059654206	0
7.22809455355355	1.0998513330639	1.79822052869539	0
7.25753689389389	1.08070414796761	1.77257005627019	0
7.28697923423423	1.06189135690438	1.7502510828745	0
7.31642157457457	1.04341295987418	1.72498055557421	0
7.34586391491491	1.02526895687701	1.69989832683605	0
7.37530625525526	1.00745934791289	1.67445859121213	0
7.4047485955956	0.989984132981849	1.64828157535979	0
7.43419093593594	0.972843312083776	1.62594404416002	0
7.46363327627628	0.95603688521882	1.60727265351763	0
7.49307561661662	0.939564852386853	1.58930813787638	0
7.52251795695696	0.923427213587933	1.5680378728535	0
7.5519602972973	0.907623968822093	1.553766380297	0
7.58140263763764	0.892155118089255	1.55436138089011	0
7.61084497797798	0.87702066138948	1.5461133937148	0
7.64028731831832	0.862220598722729	1.53710924798889	0
7.66972965865866	0.847754930089039	1.53237523258403	0
7.699171998999	0.833623655488362	1.52409789581148	0
7.72861433933934	0.819826774920783	1.51089342816091	0
7.75805667967968	0.806364288386171	1.49971803105773	0
7.78749902002002	0.793236195884644	1.48665894125214	0
7.81694136036036	0.780442497416167	1.47171615874404	0
7.8463837007007	0.767983192980707	1.45488968353399	0
7.87582604104104	0.755858282578308	1.4364841111637	0
7.90526838138138	0.744067766208931	1.41567314190186	0
7.93471072172172	0.732611643872625	1.39236960203756	0
7.96415306206206	0.721489915569311	1.36748159937978	0
7.9935954024024	0.710702581299107	1.34261980770397	0
8.02303774274274	0.700249641061882	1.31450227706224	0
8.05248008308308	0.690131094857732	1.28699804920078	0
8.08192242342342	0.680346942686598	1.25489877965975	0
8.11136476376376	0.670890298353712	1.22475430040249	0
8.14080710410411	0.661650258555966	1.1916999536477	0
8.17024944444444	0.652537239187756	1.1577127690348	0
8.19969178478479	0.643548678901403	1.12982704526024	0
8.22913412512512	0.634684577696812	1.10570381558804	0
8.25857646546547	0.625944935574071	1.08582714407351	0
8.28801880580581	0.617329752533127	1.06215494429438	0
8.31746114614615	0.608839028573992	1.04138842013077	0
8.34690348648649	0.600472763696685	1.03059857459134	0
8.37634582682683	0.592230957901188	1.02067837425547	0
8.40578816716717	0.584113611187504	1.01037151079208	0
8.43523050750751	0.576120723555617	1.01196967336341	0
8.46467284784785	0.568252295005579	1.01210342179486	0
8.49411518818819	0.56050832553731	0.998778512530233	0
8.52355752852853	0.552888815150898	0.983818208957306	0
8.55299986886887	0.545393763846276	0.987525556069672	0
8.58244220920921	0.538023171623465	0.978424678089784	0
8.61188454954955	0.530777038482469	0.957722818050199	0
8.64132688988989	0.523655364423305	0.946139959894519	0
8.67076923023023	0.516658149445927	0.946151672854746	0
8.70021157057057	0.509785393550376	0.944375631971575	0
8.72965391091091	0.503037096736646	0.932684100019353	0
8.75909625125125	0.496413259004712	0.923533089053242	0
8.78853859159159	0.489913880354621	0.906513564810487	0
8.81798093193193	0.483538960786297	0.899115209422746	0
8.84742327227227	0.477288500299837	0.890217198257531	0
8.87686561261261	0.471162498895148	0.891394420544226	0
8.90630795295295	0.465160956572302	0.885212484626072	0
8.93575029329329	0.459283873331255	0.876852079017646	0
8.96519263363363	0.453531249172028	0.872345532431678	0
8.99463497397397	0.447903084094606	0.867136949827849	0
9.02407731431432	0.442399378099005	0.871624833668983	0
9.05351965465465	0.437020131185229	0.875742994913261	0
9.082961994995	0.431765343353235	0.879491433559965	0
9.11240433533533	0.426635014603083	0.882856673885929	0
9.14184667567568	0.421629144934735	0.885711513770849	0
9.17128901601601	0.416747734348202	0.888201208623787	0
9.20073135635636	0.411990782843465	0.887168748453801	0
9.2301736966967	0.407358290420566	0.8886738713626	0
9.25961603703704	0.402850257079476	0.889782911308716	0
9.28905837737738	0.398466682820185	0.885535092051761	0
9.31850071771772	0.39420756764273	0.88613799487209	0
9.34794305805806	0.390072911547068	0.886417027498391	0
9.3773853983984	0.386062714533224	0.886256979185004	0
9.40682773873874	0.382176976601204	0.881787011964252	0
9.43627007907908	0.378415697750997	0.873984398982924	0
9.46571241941942	0.374778877982578	0.868577895092425	0
9.49515475975976	0.371266517295996	0.866889238227289	0
9.5245971001001	0.367878615691236	0.864862577314296	0
9.55403944044044	0.364615173168253	0.86249791235284	0
9.58348178078078	0.361476189727129	0.859792815237628	0
9.61292412112112	0.358461665367783	0.854336590248368	0
9.64236646146146	0.355571600090281	0.848471397243743	0
9.6718088018018	0.352805993894556	0.845103655901454	0
9.70125114214214	0.35016484678068	0.844399136994453	0
9.73069348248248	0.34764815874858	0.840486146419525	0
9.76013582282282	0.345255929798329	0.835555339719453	0
9.78957816316316	0.342988159929877	0.828472182580638	0
9.8190205035035	0.340844849143236	0.82600574553404	0
9.84846284384384	0.338825997438419	0.825126915982344	0
9.87790518418418	0.336931604815395	0.821220532921879	0
9.90734752452452	0.335161671274202	0.816432115045371	0
9.93678986486486	0.333516196814819	0.808525741610316	0
9.96623220520521	0.331995181437252	0.804187162011113	0
9.99567454554554	0.330598625141491	0.795937509335949	0
10.0251168858859	0.329326527927542	0.787316800630287	0
10.0545592262262	0.32817888979542	0.781848869867164	0
10.0840015665666	0.327155710745099	0.773021088546917	0
10.1134439069069	0.326256990776599	0.763967622715277	0
10.1428862472472	0.325482729889908	0.757112870384131	0
10.1723285875876	0.324832928085025	0.748429508964046	0
10.2017709279279	0.32430758536197	0.743914434590276	0
10.2312132682683	0.323906701720724	0.73765208894848	0
10.2606556086086	0.32363027716128	0.726778245436289	0
10.2900979489489	0.323478311683667	0.715343469505744	0
10.3195402892893	0.323450805287848	0.703522246830654	0
10.3489826296296	0.323547445844982	0.698254073947475	0
10.37842496997	0.323745421383573	0.701540304840783	0
10.4078673103103	0.324006800508383	0.695888050354964	0
10.4373096506507	0.324327999893115	0.689535935492135	0
10.466751990991	0.324709019537792	0.682475702370144	0
10.4961943313313	0.325149859442404	0.681798258894808	0
10.5256366716717	0.325650519606953	0.676153260999208	0
10.555079012012	0.326211000031444	0.662082180171554	0
10.5845213523524	0.326831300715862	0.660940661821126	0
10.6139636926927	0.327511421660229	0.664234280695957	0
10.643406033033	0.328251362864518	0.664754294856401	0
10.6728483733734	0.329051124328758	0.669436191856497	0
10.7022907137137	0.329910706052928	0.671719067796427	0
10.7317330540541	0.330830108037046	0.66731550637721	0
10.7611753943944	0.331809330281096	0.664236058382274	0
10.7906177347347	0.332848372785063	0.662496912974942	0
10.8200600750751	0.333947235549004	0.662571547783744	0
10.8495024154154	0.335105918572846	0.66560038019042	0
10.8789447557558	0.336324421856647	0.656985180389358	0
10.9083870960961	0.337602745400382	0.654770678726762	6.13745086530326e-05
10.9378294364364	0.338940889204048	0.652952554182071	0.00511213226560828
10.9672717767768	0.34033885326766	0.651118622195508	0.0226620693731026
10.9967141171171	0.341796637591194	0.649268882767539	0.0220189510168875
11.0261564574575	0.343314242174687	0.647360912121622	0.0215858525809867
11.0555987977978	0.344891667018098	0.645339066244929	0.0213627740652553
11.0850411381381	0.34652891212146	0.647871882889878	0.0213497154704265
11.1144834784785	0.34822597748475	0.657330213816581	0.0215466767953176
11.1439258188188	0.349982863107978	0.662147612927538	0.0219536580408518
11.1733681591592	0.351799568991144	0.662774027178958	0.0228854556769159
11.2028104994995	0.353676095134247	0.660956456534417	0.0303010096776448
11.2322528398398	0.35561244153729	0.658155336867162	0.0306893023670729
11.2616951801802	0.357608608200273	0.664589690750786	0.0370290775711074
11.2911375205205	0.359664595123181	0.671037288197232	0.0417691837077531
11.3205798608609	0.361780402306042	0.677340406036169	0.0426970627628719
11.3500222012012	0.363956029748829	0.683614367497224	0.043190982561673
11.3794645415415	0.366191477451548	0.687089393442301	0.0438726774647973
11.4089068818819	0.368486745414226	0.696190250277075	0.044962923355677
11.4383492222222	0.370841833636818	0.703133853007417	0.0475130039056153
11.4677915625626	0.373256742119354	0.7097294522563	0.048407608528375
11.4972339029029	0.375731470861838	0.716187139084349	0.0532357181053137
11.5266762432432	0.378266019864247	0.716636526162958	0.0564095802278287
11.5561185835836	0.380860389126596	0.71582257519886	0.0597919561163445
11.5855609239239	0.383514578648882	0.714833830289909	0.0633818728092083
11.6150032642643	0.386228588431113	0.713624388292141	0.0672970816798104
11.6444456046046	0.389002418473266	0.712031882529173	0.0711677722117812
11.6738879449449	0.391836068775367	0.72662698047105	0.0757028851863991
11.7033302852853	0.394729539337396	0.730033784943731	0.0801196995922175
11.7327726256256	0.397682830159392	0.728952391880507	0.0847439204922667
11.762214965966	0.400695941241277	0.735537998203989	0.0895755478866887
11.7916573063063	0.403768872583128	0.742074134161453	0.0905832714533683
11.8210996466466	0.406901624184925	0.742351560376862	0.0914575874803163
11.850541986987	0.410094196046632	0.745334708966209	0.0951271826066722
11.8799843273273	0.413346588168302	0.759900474766761	0.100726900197977
11.9094266676677	0.416658800549896	0.768416528022388	0.106535574518311
11.938869008008	0.42003083319142	0.763781650530746	0.11255320556858
11.9683113483483	0.423462686092894	0.762450809036687	0.118126527735731
11.9977536886887	0.426954359254311	0.75928133788677	0.120542322418765
12.027196029029	0.430505852675644	0.76253923645063	0.123102451561777
12.0566383693694	0.434117166356918	0.761494686104817	0.124288322976451
12.0860807097097	0.437788300298159	0.767685856028236	0.128655713226445
12.1155230500501	0.441519254499299	0.767485182865949	0.133563132198565
12.1449653903904	0.445310028960396	0.763452515697075	0.138993466576916
12.1744077307307	0.449160623681425	0.761574891501304	0.144656505062032
12.2038500710711	0.453071038662392	0.758694778813073	0.150503167940158
12.2332924114114	0.45704127390329	0.754743393313518	0.156533455211315
12.2627347517518	0.46107132940415	0.753646098261979	0.163268766835548
12.2921770920921	0.465161205164907	0.750603520351319	0.17056299572682
12.3216194324324	0.469310901185634	0.746364296074952	0.178053032254973
12.3510617727728	0.47352041746629	0.741442150345505	0.185028651765528
12.3805041131131	0.477789754006864	0.751244469568811	0.189312683224441
12.4099464534535	0.482118910807407	0.757615823809161	0.196334817580558
12.4393887937938	0.486507887867873	0.771548033655949	0.203549372320227
12.4688311341341	0.490956685188266	0.785204960994502	0.211029891459058
12.4982734744745	0.495465302768608	0.794439090213317	0.218693848689338
12.5277158148148	0.50003374060889	0.802030048188334	0.226578272286222
12.5571581551552	0.504661998709079	0.803704835366226	0.235052758220638
12.5866004954955	0.509350077069239	0.809547705737088	0.242889308630417
12.6160428358358	0.514097975689345	0.815406202208135	0.254838410181113
12.6454851761762	0.518905739597265	0.821633566711821	0.268347380251142
12.6749275165165	0.52379744723108	0.827799155821283	0.278203294879781
12.7043698568569	0.52883678081697	0.841134451243065	0.293242002041462
12.7338121971972	0.534034147629545	0.85427745853921	0.303473345480596
12.7632545375375	0.539389547668691	0.856570033928953	0.313930210722935
12.7926968778779	0.544902980934496	0.858877722411734	0.324690887538352
12.8221392182182	0.550574447426892	0.864832464675459	0.335643750169659
12.8515815585586	0.556403947145926	0.876213325146979	0.342318442863914
12.8810238988989	0.562391480091586	0.887244436318306	0.346051801182553
12.9104662392392	0.568537046263861	0.900955146154391	0.360155189592893
12.9399085795796	0.574840645662767	0.914868264766891	0.370363497647162
12.9693509199199	0.581302278288284	0.928647942072492	0.386860911637591
12.9987932602603	0.587921944140429	0.942294178072218	0.400648057384879
13.0282356006006	0.594699643219185	0.952727109737101	0.405790934326707
13.0576779409409	0.601635375524585	0.95584429479855	0.412089076198835
13.0871202812813	0.608729141056582	0.95705893534151	0.426883480688757
13.1165626216216	0.615980939815225	0.956599371986225	0.43386289250061
13.146004961962	0.623390771800472	0.956118985317498	0.445963366161939
13.1754473023023	0.63095863701234	0.956882948589737	0.461685299603451
13.2048896426426	0.638684535450853	0.965360662765043	0.466000836678157
13.234331982983	0.646568467115954	0.973583436625063	0.474189931315713
13.2637743233233	0.654610432007719	0.981551270169535	0.484719181932124
13.2932166636637	0.66281043012606	0.989264163398944	0.494886984113484
13.322659004004	0.671168461471072	0.996722116312484	0.508571558930781
13.3521013443443	0.679684526042657	1.00385446144594	0.520595191915663
13.3815436846847	0.6883586238409	1.00719520442274	0.530439625963278
13.410986025025	0.697190754865739	1.01582227029029	0.543908081982297
13.4404283653654	0.706180919117204	1.02026335022916	0.555682636681046
13.4698707057057	0.715329116595329	1.01913085806384	0.559655421281846
13.499313046046	0.724635347300037	1.01799222291169	0.563702507009625
13.5287553863864	0.734099611231375	1.01684744477373	0.567823893864154
13.5581977267267	0.743721908389325	1.01721559452095	0.575100654725349
13.5876400670671	0.753502238773937	1.02296277862972	0.583845175585172
13.6170824074074	0.763440602385114	1.02839482223218	0.592834541311865
13.6465247477477	0.773536999222972	1.03356161361623	0.595005930487922
13.6759670880881	0.783791429287397	1.04026371924598	0.611190206208982
13.7054094284284	0.794203892578494	1.04546885935478	0.620547767712622
13.7348517687688	0.804774389096152	1.0528116086524	0.630025148586034
13.7642941091091	0.815502918840493	1.06243946533625	0.636227286714448
13.7937364494495	0.826389481811432	1.072341982308	0.645540667249219
13.8231787897898	0.83743407800899	1.0811432455109	0.648491324440093
13.8526211301301	0.848636707433175	1.08548453001415	0.64633437764288
13.8820634704705	0.859997370083972	1.09307464614174	0.64973657460936
13.9115058108108	0.87151606596141	1.10631515394416	0.658530062824139
13.9409481511512	0.883192795065453	1.12026831196778	0.661342988997562
13.9703904914915	0.895027557396129	1.1311842331623	0.663661226117011
13.9998328318318	0.907020352953413	1.14294551902615	0.670991042090444
14.0292751721722	0.919171181737323	1.15787334980262	0.679776448195149
14.0587175125125	0.931480043747875	1.16623421962392	0.688659807400437
14.0881598528529	0.943946938985027	1.17862842078894	0.697641119706086
14.1176021931932	0.956571867448828	1.19239235285998	0.703979315543393
14.1470445335335	0.96935482913919	1.21021420822568	0.705023812638859
14.1764868738739	0.982295824056257	1.22806065571197	0.70608861452858
14.2059292142142	0.995360812097546	1.24602955563518	0.70720117891727
14.2353715545546	1.0082904320366	1.25868041355852	0.70898010483637
14.2648138948949	1.02096532023144	1.27198733501229	0.714190300838642
14.2942562352352	1.03338484352311	1.28463129381136	0.716584075159382
14.3236985755756	1.04554900191152	1.29888745592206	0.720721784270035
14.3531409159159	1.05745779539673	1.31320945877737	0.722780544401288
14.3825832562563	1.06911122397873	1.32667417178288	0.724293241803525
14.4120255965966	1.08050928765749	1.33928159493937	0.727808089819315
14.4414679369369	1.09165198643306	1.34985899948997	0.737613933824125
14.4709102772773	1.10253932030538	1.36192457170349	0.750858135940805
14.5003526176176	1.11317128927451	1.37028776599444	0.764249977371174
14.529794957958	1.1235478933404	1.37973013025295	0.767059989461847
14.5592372982983	1.13366913250308	1.38832312843841	0.77854260133583
14.5886796386386	1.14353500676253	1.39606676055101	0.778619865795545
14.618121978979	1.15314551611877	1.40295222176231	0.789704996492194
14.6475643193193	1.16250066057182	1.40900592655749	0.812654348525775
14.6770066596597	1.17160044012161	1.4142357480307	0.82106885498133
14.706449	1.18044485476822	1.41899736549998	0.824109414302929
14.7358913403403	1.18903390451157	1.42278171005831	0.829905634773343
14.7653336806807	1.19736758935175	1.42756333497268	0.836058909757431
14.794776021021	1.20544590928871	1.43084712568414	0.842261305733866
14.8242183613614	1.21326886432233	1.43724240264198	0.848651109941356
14.8536607017017	1.22083645445287	1.44174199561867	0.85505519739328
14.883103042042	1.2281486796802	1.44479797905445	0.861551637746518
14.9125453823824	1.23520554000418	1.44964371377919	0.867977683671784
14.9419877227227	1.24200703542509	1.45365784209337	0.868518890378785
14.9714300630631	1.24855316594271	1.46750860716997	0.875115070153773
15.0008724034034	1.25484363762642	1.48717745744349	0.883162025827475
15.0303147437437	1.2608009132236	1.50635012219659	0.887224361412347
15.0597570840841	1.26624384515928	1.52171886589262	0.892196477841493
15.0891994244244	1.2711466077078	1.53657831832936	0.896560928180918
15.1186417647648	1.27550920086918	1.5483186322718	0.893613770541508
15.1480841051051	1.27933162464361	1.55631327882567	0.895910914963133
15.1775264454454	1.28261387903091	1.56077782609495	0.894886825220108
15.2069687857858	1.28535596403111	1.56333968679774	0.895466830807961
15.2364111261261	1.28755787964423	1.56158982118957	0.89671728286117
15.2658534664665	1.28921962587026	1.55648848908911	0.896569682180542
15.2952958068068	1.29034120270929	1.5495754610528	0.897216920692022
15.3247381471471	1.2909226101612	1.55649325138335	0.896431685242043
15.3541804874875	1.29096384822595	1.56357394237469	0.89821198492097
15.3836228278278	1.29046491690376	1.55222860703764	0.902887480482487
15.4130651681682	1.28942581619445	1.55903872807688	0.909281927145054
15.4425075085085	1.28784654609793	1.58127879554013	0.908021660020409
15.4719498488488	1.28572710661454	1.58330190406957	0.907494654562696
15.5013921891892	1.28306749774397	1.5954043738223	0.91185160220177
15.5308345295295	1.27986771948632	1.60765803343146	0.912721922142932
15.5602768698699	1.27612777184154	1.61943085729298	0.91355756322854
15.5897192102102	1.27184765480981	1.64189402036475	0.914307193585932
15.6191615505506	1.2670273683909	1.66033299407307	0.910527552889935
15.6486038908909	1.26166691258498	1.68124411437269	0.900049920727492
15.6780462312312	1.25576628739188	1.71668112195205	0.893775338265398
15.7074885715716	1.24944043022528	1.72810019020223	0.889471923533756
15.7369309119119	1.24370876551385	1.71691293864758	0.884201786960127
15.7663732522523	1.23910437138531	1.72941230758736	0.854913995460632
15.7958155925926	1.23563190358461	1.7477743786735	0.865478024244585
15.8252579329329	1.23329136211157	1.7449379690562	0.870586617263048
15.8547002732733	1.23208274696626	1.74358130755941	0.850731830552027
15.8841426136136	1.23200605814859	1.76159227141676	0.838258720976137
15.913584953954	1.23306129565876	1.78061584027019	0.834539878717831
15.9430272942943	1.2352484594966	1.79918099637934	0.83590346242698
15.9724696346346	1.23856754966208	1.799794943578	0.836109926474584
16.001911974975	1.24301856615539	1.7850743464575	0.836897799439076
16.0313543153153	1.24860150897639	1.79358265231581	0.83979089230517
16.0607966556557	1.25531637812516	1.80210201509506	0.855205613742076
16.090238995996	1.26316317360156	1.81041428316566	0.864567246552751
16.1196813363363	1.27214189540568	1.81895494559805	0.884162217824226
16.1491236766767	1.28225254353754	1.81011095074152	0.905970698756686
16.178566017017	1.29349511799721	1.81676556009412	0.929987747367174
16.2080083573574	1.30586961878446	1.82546169497032	0.967442731596856
16.2374506976977	1.31937604589947	1.83394046549542	1.00696243531829
16.266893038038	1.33401439934223	1.84220187166921	1.01913165525808
16.2963353783784	1.3497846791127	1.85035783093037	0.964786936919915
16.3257777187187	1.36668688521092	1.85852397047694	0.897617888620011
16.3552200590591	1.38472101763677	1.88204433861891	0.847668403684916
16.3846623993994	1.40388707639041	1.9095822441375	0.817493837272764
16.4141047397397	1.42418506147174	1.94118129087433	0.807245352899132
16.4435470800801	1.44561497288087	1.97968270246479	0.827000763122984
16.4729894204204	1.4681768106176	1.99314554124314	0.788460600372288
16.5024317607608	1.49187057468207	2.03082871290145	0.753658000578362
16.5318741011011	1.51669626507429	2.05647710827398	0.769271349462715
16.5613164414414	1.54265388179427	2.06609571565073	0.788083432142982
16.5907587817818	1.56974299564875	2.07512455302175	0.771659705465891
16.6202011221221	1.59753133940273	2.12533325754572	0.771930482979844
16.6496434624625	1.62477384140203	2.16336610191808	0.74239480723025
16.6790858028028	1.65124768577411	2.1885231441337	0.746937547454559
16.7085281431431	1.67695287251916	2.23273070504846	0.742758697428659
16.7379704834835	1.70188940163696	2.27681608692582	0.72526291973432
16.7674128238238	1.72605727312757	2.29939535560901	0.706056052625525
16.7968551641642	1.7494564869911	2.31179477000889	0.710563972742193
16.8262975045045	1.77208704322748	2.31286941083294	0.709929538041389
16.8557398448448	1.79394894183675	2.3579249849531	0.719353866599508
16.8851821851852	1.81504218281873	2.38719042782151	0.700154257704739
16.9146245255255	1.8353667661737	2.41395326821866	0.6209790995495
16.9440668658659	1.8549226919014	2.4318500524855	0.592926027198911
16.9735092062062	1.87370996000211	2.45965232196922	0.610345485369446
17.0029515465465	1.8917285704755	2.49024096236002	0.717947029455441
17.0323938868869	1.90897852332178	2.52111918134455	0.833819523096035
17.0618362272272	1.92545981854095	2.54817821339765	0.918035520017196
17.0912785675676	1.94117370192321	2.57382676535303	0.839955045006181
17.1207209079079	1.95660787941639	2.61976003229191	0.645395655832151
17.1501632482482	1.97298874105355	2.64337970775449	0.563763172416334
17.1796055885886	1.99050601136496	2.68780020429835	0.392922446115326
17.2090479289289	2.00915969035049	2.74002405520727	0.411770344268416
17.2384902692693	2.02894977801036	2.77400751687631	0.418694938834551
17.2679326096096	2.04987627434419	2.81878931475462	0.487181290269576
17.2973749499499	2.07193917935226	2.85406307574453	0.595679908362955
17.3268172902903	2.09513849303451	2.89482316476076	0.584441831231298
17.3562596306306	2.1194742153909	2.93290585674208	0.59423652132344
17.385701970971	2.1449463464216	2.96806607855639	0.630541534224912
17.4151443113113	2.17155488612626	3.01143952498002	0.578547540565351
17.4445866516517	2.1992998345052	3.05389026395703	0.546958676761139
17.474028991992	2.2281811915583	3.09001660367143	0.50444293721035
17.5034713323323	2.25819895728566	3.13416238857681	0.647904872497641
17.5329136726727	2.28935313168696	3.16638868739846	0.753472681845346
17.562356013013	2.32164371476257	3.20050831958554	0.777607044688692
17.5917983533534	2.35521363581436	3.23533289686088	0.679109022838572
17.6212406936937	2.39210100539155	3.3122023677293	0.521427307119652
17.650683034034	2.43382488544941	3.45663818147925	0.393560069352703
17.6801253743744	2.48042157596095	3.59915750323266	0.355975621908975
17.7095677147147	2.53189107692661	3.71202127034851	0.415328585412622
17.7390100550551	2.58823338834629	3.77210353240732	0.600066154561357
17.7684523953954	2.64944851022003	3.83033857675993	0.790553966101494
17.7978947357357	2.71553644254755	3.9246130805747	1.06414024110839
17.8273370760761	2.78649718532922	4.05866346925798	1.36051592773185
17.8567794164164	2.86233073856477	4.36239576413537	1.73617472903735
17.8862217567568	2.94303710225446	4.80413239854975	1.82430504913018
17.9156640970971	3.02861627639793	5.26422000659759	1.78448822462526
17.9451064374374	3.11906826099543	5.75230126500956	1.7538298941135
17.9745487777778	3.21439305604698	6.26456078225847	1.67342278984058
18.0039911181181	3.31459066155257	6.78482369299319	1.58822451176282
18.0334334584585	3.41966107751219	7.34513367406981	1.50624575744718
18.0628757987988	3.52959865431263	8.025711605971	1.41812083713647
18.0923181391391	3.62992798114132	8.74525937671254	1.40403857096818
18.1217604794795	3.67487217388338	8.97389759046159	1.39042366626167
18.1512028198198	3.65548144822286	8.79755440673574	1.37941579973777
18.1806451601602	3.58872606015083	8.31300340278369	1.36863352159848
18.2100875005005	3.51274212131349	7.78424804851303	1.22698890388426
18.2395298408408	3.43273231037682	7.44519528758147	1.21415351034027
18.2689721811812	3.34869662734073	7.15690863306415	1.04019034566832
18.2984145215215	3.2606350722055	6.87165046037246	1.02151968995364
18.3278568618619	3.16854764497053	6.41521921262997	0.876326910031435
18.3572992022022	3.07243434563642	5.99830700639917	0.63755176304731
18.3867415425425	2.97229517420296	5.79246840199066	0.5265121275045
18.4161838828829	2.86813013067018	5.55408719043966	0.4845645976062
18.4456262232232	2.75996067354889	5.42426746431497	0.311277849277155
18.4750685635636	2.64965621499953	5.21231148986813	0.240314086960974
18.5045109039039	2.54051026368312	4.98955266608847	0.0751929181555897
18.5339532442442	2.43285805926279	4.78929370156769	0
18.5633955845846	2.32669960173858	4.60946720856321	0
18.5928379249249	2.22203489111016	4.40334267200671	0
18.6222802652653	2.11886392737781	4.20596280320084	0
18.6517226056056	2.01718671054167	3.97114972385672	0
18.6811649459459	1.9170032406015	3.78937338803754	0
18.7106072862863	1.81831351755727	3.57040092726225	0
18.7400496266266	1.72111754140916	3.41613893843601	0
18.769491966967	1.62541531215702	3.31079689385105	0
18.7989343073073	1.5312068298009	3.18724356530693	0
18.8283766476476	1.438492094341	3.07969334837427	0
18.857818987988	1.34727110577687	2.94821399255376	0
18.8872613283283	1.25754386410892	2.81651373021165	0
18.9167036686687	1.16931036933698	2.74268442563962	0
18.946146009009	1.08257062146109	2.65043037886749	0
18.9755883493494	0.997324620481139	2.57938682421327	0
19.0050306896897	0.913572366397319	2.49001907349669	0
19.03447303003	0.83131385920948	2.39937824125831	0
19.0639153703704	0.750549098917705	2.32120743053577	0
19.0933577107107	0.671278085521977	2.25675946056815	0
19.1228000510511	0.593500819022227	2.16848569614764	0
19.1522423913914	0.517217299418504	2.07572731327964	0
19.1816847317317	0.442427526710877	1.94639680962769	0
19.2111270720721	0.369131500899256	1.85866012459476	0
19.2405694124124	0.29732922198364	1.83689752333599	0
19.2700117527528	0.227020689964076	1.80127303196874	0
19.2994540930931	0.158205904840545	1.75661058093822	0
19.3288964334334	0.0908848666130348	1.72157709425517	0
19.3583387737738	0.0250575752815742	1.69664972159653	0
19.3877811141141	0	1.68196908953601	0
19.4172234544545	0	1.64623348603352	0
19.4466657947948	0	1.62066550990656	0
19.4761081351351	0	1.60646667236244	0
19.5055504754755	0	1.55681283724099	0
19.5349928158158	0	1.52475106866478	0
19.5644351561562	0	1.50525140595015	0
19.5938774964965	0	1.50530277871357	0
19.6233198368368	0	1.50483389535847	0
19.6527621771772	0	1.49470159045975	0
19.6822045175175	0	1.46011130640597	0
19.7116468578579	0	1.46465680845555	0
19.7410891981982	0	1.42585409164067	0
19.7705315385385	0	1.41391118762737	0
19.7999738788789	0	1.40699375503705	0
19.8294162192192	0	1.40258409464643	0
19.8588585595596	0	1.37934072189491	0
19.8883008998999	0	1.36878781773278	0
19.9177432402402	0	1.35060837275437	0
19.9471855805806	0	1.36584370732295	0
19.9766279209209	0	1.36848252755864	0
20.0060702612613	0	1.37447732856598	0
20.0355126016016	0	1.36904796572574	0
20.0649549419419	0	1.36542577239756	0
20.0943972822823	0	1.36105482918254	0
20.1238396226226	0	1.35672449397132	0
20.153281962963	0	1.35545282136991	0
20.1827243033033	0	1.37163481176619	0
20.2121666436436	0	1.37918150220437	0
20.241608983984	0	1.3895668232698	0
20.2710513243243	0	1.41317806502297	0
20.3004936646647	0	1.44935267748811	0
20.329936005005	0	1.51227267591875	0
20.3593783453453	0	1.5104587815643	0
20.3888206856857	0	1.53479269053703	0
20.418263026026	0	1.55028694076151	0
20.4477053663664	0	1.56870818902039	0
20.4771477067067	0	1.57341009117899	0
20.506590047047	0	1.58984809028881	0
20.5360323873874	0	1.5872243779661	0
20.5654747277277	0	1.58835942057007	0
20.5949170680681	0	1.59362373800523	0
20.6243594084084	0	1.61706500380184	0
20.6538017487487	0	1.64100418948318	0
20.6832440890891	0	1.6557645931117	0
20.7126864294294	0	1.68049952911609	0
20.7421287697698	0	1.70013884740722	0
20.7715711101101	0	1.68720069307195	0
20.8010134504504	0	1.69485161566565	0
20.8304557907908	0	1.69325593717642	0
20.8598981311311	0	1.7335731377654	0
20.8893404714715	0	1.76706719935895	0
20.9187828118118	0	1.79414106366417	0
20.9482251521522	0	1.83730956275001	0
20.9776674924925	0	1.85167232235922	0
21.0071098328328	0	1.97664210666781	0
21.0365521731732	0.0622351011202823	2.11737580251473	0
21.0659945135135	0.1542265998295	2.2068628330959	0
21.0954368538539	0.249580894973198	2.26567979612129	0
21.1248791941942	0.348297986551384	2.51118015772821	0
21.1543215345345	0.450377874564075	2.59425169200589	0
21.1837638748749	0.555820559011266	2.7354677578212	0
21.2132062152152	0.664626039892884	2.98994208652281	0
21.2426485555556	0.776794317209031	3.34902360459474	0
21.2720908958959	0.892325390959663	3.61188150218555	0
21.3015332362362	1.01121926114481	3.92289116492427	0
21.3309755765766	1.13347592776439	4.25784096305328	0
21.3604179169169	1.25909539081849	4.59557106093487	0.038330221023098
21.3898602572573	1.38807765030705	4.99595971587348	0.30517105531635
21.4193025975976	1.52042270623015	5.4714746397615	0.39629179350413
21.4487449379379	1.65613055858777	5.78336476715913	0.421932542089489
21.4781872782783	1.79520120737975	6.1740564110192	0.439367728671098
21.5076296186186	1.9376346526063	6.5213699753505	0.457551743506047
21.537071958959	2.08343089426732	6.77070865564507	0.469057865089545
21.5665142992993	2.23258993236282	7.16668944270041	0.478719019255703
21.5959566396396	2.38511176689293	7.59616585723696	0.498712885033617
21.62539897998	2.54099639785728	8.0318750008012	0.524558820913398
21.6548413203203	2.70024382525633	8.48616903789533	0.509004682462409
21.6842836606607	2.86285404908977	8.9436451531863	0.536827588156174
21.713726001001	3.02882706935782	9.39156875757269	0.568418656729078
21.7431683413413	3.19816288606022	9.8591919924471	0.571602468728758
21.7726106816817	3.37086149919709	10.3340112186301	0.584052556633021
21.802053022022	3.54692290876846	10.8160264361211	0.590756585264575
21.8314953623624	3.72634711477465	11.3052376449228	0.598031943923541
21.8609377027027	3.90913411721484	11.8457115033816	0.605878632607123
21.890380043043	4.0952839160897	12.3653005276176	0.609077657318853
21.9198223833834	4.28479651139918	12.9923151904041	0.619720698393318
21.9492647237237	4.47767190314292	13.693654396518	0.632846678818424
21.9787070640641	4.67391009132143	14.3091745420662	0.642978687608216
22.0081494044044	4.87351107593416	14.9163581136411	0.655010649477844
22.0375917447447	5.0764748569815	15.4837483907024	0.675753957694378
22.0670340850851	5.28280143446328	16.1401466070902	0.682918174340484
22.0964764254254	5.49249080837968	16.8562381498177	0.688113045119182
22.1259187657658	5.70554297873058	17.7072359300456	0.69673224613666
22.1553611061061	5.92195794551559	18.4070926763039	0.705284691618783
22.1848034464464	6.14173570873554	19.2957587744975	0.690589326727146
22.2142457867868	6.3648762683897	19.9839691252317	0.670408127873491
22.2436881271271	6.59037809065221	20.6312765451516	0.658505231693876
22.2731304674675	6.77850051571416	21.0946691020259	0.605934360987592
22.3025728078078	6.87714781728543	21.6158318246462	0.610978275648184
22.3320151481481	6.8826068917084	22.0805840899196	0.650282055550575
22.3614574884885	6.71186010023864	21.6347904290459	0.58962938601522
22.3908998288288	6.35371737774278	20.2461379691278	0.516835414227116
22.4203421691692	5.9968902202315	18.369624073354	0.454726440794959
22.4497845095095	5.65078922837141	17.2255372264927	0.396232681656233
22.4792268498499	5.31541440216236	15.7182982738916	0.296391698880367
22.5086691901902	4.99076574160475	14.6669177510668	0.250917724550832
22.5381115305305	4.67684324669802	13.6532141243201	0.234956982413483
22.5675538708709	4.3736469174425	12.7586840852249	0
22.5969962112112	4.08117675383822	11.9551883138356	0
22.6264385515516	3.79943275588529	10.9047580088475	0
22.6558808918919	3.52841492358319	9.99598966385632	0
22.6853232322322	3.26812325693232	8.97629612174557	0
22.7147655725726	3.01855775593273	8.08544467725473	0
22.7442079129129	2.77971842058439	7.29699224917131	0
22.7736502532533	2.55160525088716	6.47424927095906	0
22.8030925935936	2.33421824684093	5.71883761467139	0
22.8325349339339	2.12755740844603	5.14404411045953	0
22.8619772742743	1.93162273570221	4.64308568610091	0
22.8914196146146	1.74641422860969	4.33983416412166	0
22.920861954955	1.57193188716823	4.05460988961179	0
22.9503042952953	1.40817571137791	3.88098732008668	0
22.9797466356356	1.25514570123882	3.7653307223466	0
23.009188975976	1.11284185675092	3.63484619800042	0
23.0386313163163	0.981264177914175	3.57174270142351	0
23.0680736566567	0.860412664728544	3.53359277717573	0
23.097515996997	0.750287317194156	3.52435702804766	0
23.1269583373373	0.650888135310859	3.47382971257011	0
23.1564006776777	0.562215119078818	3.4194803601917	0
23.185843018018	0.484268268497888	3.39130169528149	0
23.2152853583584	0.417047583568112	3.3488081133846	0
23.2447276986987	0.360553064289539	3.31545788869263	0
23.274170039039	0.314784710662133	3.25289980036058	0
23.3036123793794	0.279742522685906	3.26723370085851	0
23.3330547197197	0.255426500360813	3.36449632370271	0
23.3624970600601	0.241836643686898	3.47722621704398	0
23.3919394004004	0.237907310753759	3.63168865446115	0
23.4213817407407	0.227753597351253	3.88020941459273	0
23.4508240810811	0.199178017607156	4.09103968498372	0
23.4802664214214	0.151868580551114	4.2568436687341	0
23.5097087617618	0.0858252861830918	4.18974532024698	0
23.5391511021021	0.00104813450311835	3.99311133236741	0
23.5685934424424	0	3.67664781013458	0
23.5980357827828	0	3.27353472399443	0
23.6274781231231	0	2.92726646876851	0
23.6569204634635	0	2.80096242049044	0
23.6863628038038	0	2.74187042975738	0
23.7158051441441	0	2.69894164383424	0
23.7452474844845	0	2.6750243579689	0
23.7746898248248	0	2.65475167725927	0
23.8041321651652	0	2.63103256024562	0
23.8335745055055	0	2.58018498596459	0
23.8630168458458	0	2.56748573400368	0
23.8924591861862	0	2.53800462854817	0
23.9219015265265	0	2.55052468127941	0
23.9513438668669	0	2.54672109302668	0
23.9807862072072	0	2.56492212253842	0
24.0102285475475	0	2.56221200416215	0
24.0396708878879	0	2.56165311321106	0
24.0691132282282	0	2.54629079636442	0
24.0985555685686	0	2.54828520286348	0
24.1279979089089	0	2.55807005379188	0
24.1574402492492	0	2.56064840160369	0
24.1868825895896	0	2.56673682489817	0
24.2163249299299	0	2.58234783486576	0
24.2457672702703	0	2.58709932233019	0
24.2752096106106	0	2.58026162620525	0
24.304651950951	0	2.60824466475411	0
24.3340942912913	0	2.69907063832398	0
24.3635366316316	0	2.73278851639418	0
24.392978971972	0	2.74119935728621	0
24.4224213123123	0	2.76809340335013	0
24.4518636526527	0	2.82405793224388	0
24.481305992993	0	2.92599780843964	0
24.5107483333333	0.0259249855246896	3.01623110080694	0
24.5401906736737	0.220978132601516	3.12501750352987	0
24.569633014014	0.42778186575894	3.23341695067729	0
24.5990753543544	0.646336184997045	3.3779687832284	0
24.6285176946947	0.87664109031566	3.55062371279347	0
24.657960035035	1.11869658171492	3.83901941356256	0
24.6874023753754	1.37250265919478	4.14280000076737	0
24.7168447157157	1.63805932275528	4.72296764691965	0
24.7462870560561	1.91536657239649	5.60270270718191	0
24.7757293963964	2.20442440811813	6.4972205840478	0
24.8051717367367	2.50523282992042	7.24433747669412	0.261487108551345
24.8346140770771	2.81779183780333	8.20997325244302	0.871442055070056
24.8640564174174	3.14210143176704	9.13188120235972	0.961779282526712
24.8934987577578	3.47816161181107	10.1653814404433	1.11283852617926
24.9229410980981	3.8259723779359	11.4760130022869	1.20845226778064
24.9523834384384	4.18553373014121	12.6577971480096	1.29929413657384
24.9818257787788	4.55684566842718	13.8645115790035	1.40061333711842
25.0112681191191	4.93990819279401	15.1042782215316	1.42789406455185
25.0407104594595	5.33472130324097	16.6551513774718	1.47073154533487
25.0701527997998	5.74128499976883	18.0511365282142	1.50038595556701
25.0995951401401	6.15959928237736	19.4028258472223	1.52693542256609
25.1290374804805	6.58966415106667	20.2714737607601	1.54533182591567
25.1584798208208	7.03147960583591	21.4883141966268	1.59012373949811
25.1879221611612	7.48504564668634	23.0730475590853	1.64516374896293
25.2173645015015	7.95036227361708	24.8531109753087	1.68500510521512
25.2468068418418	8.4274294866286	26.5251667929811	1.72010460157128
25.2762491821822	8.91624728572127	28.0706481324362	1.74841968469373
25.3056915225225	9.41681567089346	29.5829510684626	1.80120638716875
25.3351338628629	9.92913464214673	31.5344006669012	1.84633810601488
25.3645762032032	10.4532041994807	33.5480340075385	1.87344108431243
25.3940185435435	10.9890243428957	35.7240874358759	1.91409775937114
25.4234608838839	11.4384869102434	36.7821678349761	1.91176687859387
25.4529032242242	11.1595599664832	32.9194173203799	1.95572613153267
25.4823455645646	10.456605568874	28.1974086496037	1.94932123892223
25.5117879049049	9.73757741195591	24.9504532313762	1.94822119271964
25.5412302452452	9.00798603345044	22.8644897306699	1.96170371995573
25.5706725855856	8.28664127200076	21.18116687512	1.94975468509532
25.6001149259259	7.60597066552968	19.8333314693765	1.95344102183038
25.6295572662663	6.96918461875677	18.1781067566092	1.95557749593274
25.6589996066066	6.37628313168227	16.7159749456565	1.94017901085496
25.6884419469469	5.82726620430552	14.9700335059366	1.61908316349904
25.7178842872873	5.32213383662723	13.550914435922	0.536095066663811
25.7473266276276	4.86088602864736	12.3486853078141	0
25.776768967968	4.4435227803656	11.2497630939459	0
25.8062113083083	4.07004409178226	10.1817078382184	0
25.8356536486486	3.73866293121371	8.84758123295882	0
25.865095988989	3.43242376088257	7.94249119503156	0
25.8945383293293	3.14196421013773	6.94291192854017	0
25.9239806696697	2.86718590958115	6.36740046734609	0
25.95342301001	2.60808885921228	5.53539918019743	0
25.9828653503504	2.36467305903161	5.25535589700847	0
26.0123076906907	2.13693850903908	4.81944937326063	0
26.041750031031	1.92488520923464	4.41799548479839	0
26.0711923713714	1.72851315961804	4.02845265758256	0
26.1006347117117	1.54782236018974	3.89748757864879	0
26.1300770520521	1.38281281094938	3.77199174671836	0
26.1595193923924	1.23348451189712	3.71925660069106	0
26.1889617327327	1.099837463033	3.59098408203644	0
26.2184040730731	0.981871664356772	3.52151923226919	0
26.2478464134134	0.879587115868703	3.52311562369075	0
26.2772887537538	0.792983817568726	3.53136339064766	0
26.3067310940941	0.722061769456776	3.56250247473969	0
26.3361734344344	0.666820971532929	3.59457671406588	0
26.3656157747748	0.627261423797068	3.62666094660654	0
26.3950581151151	0.60338312624932	3.6613257773912	0
26.4245004554555	0.595186078889625	3.72699389254317	0
26.4539427957958	0.602670281718043	3.7670493883791	0
26.4833851361361	0.625835734734455	3.79061888501554	0
26.5128274764765	0.664682437938934	3.84260271925945	0
26.5422698168168	0.719210391331507	3.90672084288485	0
26.5717121571572	0.789419594912196	3.96015350013484	0
26.6011544974975	0.875310048680803	3.99972840645579	0
26.6305968378378	0.97688175263759	4.01230058192978	0
26.6600391781782	1.09413470678241	4.08262879425132	0
26.6894815185185	1.22706891111526	4.12772832245308	0
26.7189238588589	1.37568436563629	4.16332199810371	0
26.7483661991992	1.53998107034527	4.23156354811355	0
26.7778085395395	1.71995902524229	4.35881373475507	0
26.8072508798799	1.91561823032744	4.48888698278013	0
26.8366932202202	2.12695868560076	4.69508589071917	0
26.8661355605606	2.3539803910619	4.98287361439627	0
26.8955779009009	2.59668334671123	5.22273885946986	0
26.9250202412412	2.85506755254863	5.55977147790126	0
26.9544625815816	3.12913300857404	5.96597402131151	0
26.9839049219219	3.41860315522881	6.2800763418791	0.104326144358789
27.0133472622623	3.70776572967506	6.54769574613341	0.467335013120236
27.0427896026026	3.97276039805363	6.90550981519768	0.702107822903414
27.0722319429429	4.21159129263716	7.45506430087555	1.03817934540583
27.1016742832833	4.42425841342571	7.81071742214516	1.1492356844169
27.1311166236236	4.61076176041862	8.05670883945673	1.27789624460724
27.160558963964	4.76628474203533	8.44479500612796	1.44574119761025
27.1900013043043	4.86406557620236	8.48373066510461	1.77170158763402
27.2194436446446	4.89486326278869	8.1732224722585	1.89499301151627
27.248885984985	4.86197069645935	7.50678195899552	2.01905665159143
27.2783283253253	4.80542924041801	6.91693876805073	2.11863732909745
27.3077706656657	4.75188255122449	6.50222532187394	2.32591196313751
27.337213006006	4.70181256673687	6.39152201860235	2.50436067084737
27.3666553463463	4.65521928695493	6.34815777640876	2.60296620866814
27.3960976866867	4.61210271187801	6.19742157298422	2.71283177775852
27.425540027027	4.57246284150696	6.13227291689774	2.81560875172055
27.4549823673674	4.53629967584147	6.0157683522845	2.79852544896248
27.4844247077077	4.50363254846695	5.96759529630741	2.79646381383061
27.513867048048	4.47654612834975	5.95728886554619	2.76209274418224
27.5433093883884	4.45895891926455	5.94770803684907	2.79313180357473
27.5727517287287	4.4513034737631	5.89268832366643	2.78971520453136
27.6021940690691	4.45357979184548	5.84137055592833	2.83560460655684
27.6316364094094	4.46578787351196	5.82265398612096	2.96534635179995
27.6610787497497	4.48792771876158	5.82914989380527	3.10756893471386
27.6905210900901	4.51999932759549	5.87649570937669	3.09886077411984
27.7199634304304	4.56200270001315	6.05338573539028	3.11123971464283
27.7494057707708	4.61393783601453	6.07386972381292	3.10316221800295
27.7788481111111	4.67479588521622	6.68910671316909	3.06594071113593
27.8082904514515	4.71897156401047	7.32242963905132	3.02128847830252
27.8377327917918	4.71944964854767	7.51232059255363	2.99909308821308
27.8671751321321	4.67493904639093	7.39216464709429	2.9800160531549
27.8966174724725	4.58821747137078	6.86488974214406	2.9180487888793
27.9260598128128	4.48394989431624	6.36896089176013	2.84155755782732
27.9555021531532	4.37504626825362	6.28120288041202	2.83126780388608
27.9849444934935	4.26161971927711	6.14296317881278	2.76457166430536
28.0143868338338	4.1436702473867	5.89544491736653	2.65257312447428
28.0438291741742	4.02119785258191	5.54410789681318	2.61452531717014
28.0732715145145	3.89420253486335	5.24105894630308	2.45944727521891
28.1027138548549	3.76272398004671	4.97694834183024	2.29035998184956
28.1321561951952	3.63407728070635	4.91343562244129	2.1229151209261
28.1615985355355	3.5240743983577	4.85388132370667	1.91179252799854
28.1910408758759	3.43477807253314	4.86406246815046	1.76141558576711
28.2204832162162	3.36618830323318	4.84501020082464	1.52732758590724
28.2499255565566	3.31830509045762	4.89622617057748	1.33266436265577
28.2793678968969	3.29112843420671	4.91527979948662	1.24196782939643
28.3088102372372	3.28465833447977	4.93412239613137	1.24336828242592
28.3382525775776	3.29889479127751	4.99592496651369	1.28926401435387
28.3676949179179	3.33383780459963	5.05582839024039	1.38781619643245
28.3971372582583	3.38948737444618	5.13030978919048	1.44449310843653
28.4265795985986	3.4658435008173	5.27316028733016	1.32672881063911
28.4560219389389	3.56290618371267	5.40649984335097	1.33184241456561
28.4854642792793	3.68067542313235	5.51315874091213	1.28768889630021
28.5149066196196	3.81915121907665	5.6368969573975	1.32123143214305
28.54434895996	3.97833357154545	5.76322758621161	1.28282512567545
28.5737913003003	4.15817509885843	6.05644513365053	1.35326042265968
28.6032336406406	4.34675688169873	6.57913848257077	1.55799383474246
28.632675980981	4.51650107020948	6.83311302103537	1.68595205398295
28.6621183213213	4.66351858207898	6.87774314413201	1.73233510203212
28.6915606616617	4.78780981891079	6.75721829665528	1.85309799483252
28.721003002002	4.9010468570454	6.74503159403508	1.94303200908855
28.7504453423423	5.04544450542525	6.86685330613352	2.40889248035337
28.7798876826827	5.23054340196078	7.03831049059145	2.37813796626369
28.809330023023	5.45634354665242	7.28351618277265	2.43777982171147
28.8387723633634	5.72284493949909	7.56913920381289	2.71505468945163
28.8682147037037	6.03004758050191	7.76368951434376	3.18791242659637
28.897657044044	6.37795146966032	8.0900444017401	4.0340355743646
28.9270993843844	6.76655660697463	8.96644216895947	4.83757364133155
28.9565417247247	7.19586299244493	10.2540159796227	5.160393987776
28.9859840650651	7.6658706260704	11.759685715244	5.38939955792357
29.0154264054054	8.17362978843225	13.3379690299973	5.56794676758635
29.0448687457457	8.63604426957721	14.6173822633504	5.61366025922683
29.0743110860861	8.96048388824525	14.969474707771	5.66039122474378
29.1037534264264	9.12437873399642	13.8741012912057	5.70676817349953
29.1331957667668	9.19932196329707	12.5604860625884	5.75907090219363
29.1626381071071	9.27866688199129	12.5965657429944	5.78186980746634
29.1920804474474	9.36474915345582	12.5701918589771	5.80046077549643
29.2215227877878	9.45756877769085	12.6890006319408	5.81529223885385
29.2509651281281	9.55708216085652	12.7269771428394	5.82108769619496
29.2804074684685	9.66065447311761	12.8053045641789	5.82143203179503
29.3098498088088	9.76419073731166	12.9872879605564	5.83000721274482
29.3392921491491	9.8673351333445	13.081065567878	5.83804935550815
29.3687344894895	9.96013101263083	13.5951505723831	5.83874670295049
29.3981768298298	10.0097978654634	14.0028860637791	5.83874670294999
