phys	rec.rate	upper	lower
0.0136176581581582	8.04324960678233	14.7490365282981	3.00856527145707
0.0408529744744745	8.04324960678233	14.7490365282981	3.00856527145709
0.0680882907907908	8.04324960678233	14.7490365282981	3.00856527145706
0.0953236071071071	8.04336616722423	14.7490365282981	3.00856527145706
0.122558923423423	8.04480336151119	14.7490365282981	3.00856527145709
0.14979423973974	8.04827068894181	14.7490365282981	3.00856527145706
0.177029556056056	8.05377722216674	14.7490365282981	3.00856527145709
0.204264872372372	8.06132296118601	14.7490365282981	3.00856527145706
0.231500188688689	8.07090790599961	14.7490365282981	3.00856527145709
0.258735505005005	8.08244613380634	14.748962501804	3.00856527145706
0.285970821321321	8.08994483559736	14.7430920352322	3.00856527145709
0.313206137637638	8.08360020340422	14.7396394993568	3.00856527145706
0.340441453953954	8.06250582588618	14.7223825114468	3.00856527145709
0.36767677027027	8.02666170304328	14.6260035400027	3.00856527145706
0.394912086586587	7.97606783487549	14.605346007789	3.00856527145709
0.422147402902903	7.91072422138284	14.6024965107364	3.00856527145706
0.449382719219219	7.83063086256532	14.5194699358237	3.00856527145709
0.476618035535536	7.73575312121013	14.3533907166204	3.00855763009336
0.503853351851852	7.62145456066516	14.173559387528	3.00221236501889
0.531088668168168	7.4780335279876	13.9325589952503	2.97226825670564
0.558323984484485	7.30423034037644	13.725700885068	2.91628538053207
0.585559300800801	7.10004499783171	13.4486786696587	2.83392830540363
0.612794617117117	6.86547750035334	13.0171882689509	2.79642982174554
0.640029933433433	6.60052784794139	12.3939494978402	2.76985728329407
0.66726524974975	6.3051261091943	12.0683544062118	2.71348911324742
0.694500566066066	5.97749460686444	11.373160922615	2.61130159609809
0.721735882382382	5.62230653205835	10.1925651109097	2.48156143719436
0.748971198698699	5.27413638890738	9.42287432885152	2.35958065416619
0.776206515015015	4.94440806613078	8.90719317316884	2.19918848393158
0.803441831331331	4.63312858500664	8.58977352870918	1.90501712690844
0.830677147647648	4.34029794553498	8.27849018700431	1.58656377982747
0.857912463963964	4.06591614771578	7.9537218409217	0.883997894957412
0.88514778028028	3.80998319154903	7.65334263375982	0.542542831858492
0.912383096596597	3.57249907703476	7.37391443581921	0.0655954620340952
0.939618412912913	3.35346380417297	7.08462430923168	0
0.966853729229229	3.1528773729636	6.77189386926974	0
0.994089045545546	2.97073978340674	6.46509567461346	0
1.02132436186186	2.80705103550232	6.16655780679409	0
1.04855967817818	2.66181112925038	5.90591161224282	0
1.07579499449449	2.5350200646509	5.75900215353365	0
1.10303031081081	2.4266778417039	5.51396922742882	0
1.13026562712713	2.33678446040935	5.19928395723317	0
1.15750094344344	2.26533992076726	4.95110843703253	0
1.18473625975976	2.21234422277764	4.7848693831652	0
1.21197157607608	2.1772391990708	4.65075980993584	0
1.23920689239239	2.15186648368828	4.47024418785642	0
1.26644220870871	2.13004325330648	4.37985223435176	0
1.29367752502502	2.11161599551405	4.22649472823756	0
1.32091284134134	2.09658471031105	4.15260187869821	0
1.34814815765766	2.08494939769745	4.09687936141694	0
1.37538347397397	2.07671005767324	3.99786816901158	0
1.40261879029029	2.07186669023847	3.9305364133222	0
1.42985410660661	2.07024126406612	3.86642077074628	0
1.45708942292292	2.07073474516627	3.83064343528032	0
1.48432473923924	2.07292817345385	3.75702819553279	0
1.51156005555556	2.07682072263766	3.71630810597455	0
1.53879537187187	2.08241239271768	3.67388364353089	0.0610894156244289
1.56603068818819	2.08970318369389	3.67042475228455	0.148203851776543
1.5932660045045	2.09869309556631	3.67177310064547	0.245746011287818
1.62050132082082	2.10938212833495	3.65501881539002	0.330492151130982
1.64773663713714	2.12177028199979	3.63893757420719	0.359455992982461
1.67497195345345	2.13585755656084	3.67097628719259	0.321641390770711
1.70220726976977	2.15164395201809	3.68239447199	0.251444829988056
1.72944258608609	2.16912946837156	3.70874318949607	0.314933874651312
1.7566779024024	2.18831410562123	3.69669358619669	0.312822560859527
1.78391321871872	2.20919786376711	3.7166261850228	0.334162289146132
1.81114853503504	2.2317807428092	3.74084188004385	0.355639686372862
1.83838385135135	2.2560627427475	3.77777636445027	0.308689850922158
1.86561916766767	2.282043863582	3.79473039195948	0.237994792815734
1.89285448398398	2.30972410531271	3.84138492741107	0.270459686691136
1.9200898003003	2.33910346793964	3.88094607768063	0.254044272803826
1.94732511661662	2.37018195146275	3.88924174944293	0.243480509323128
1.97456043293293	2.4029595558821	3.94982020391326	0.23347415272445
2.00179574924925	2.43743628119764	3.9899544220308	0.179844048556433
2.02903106556557	2.47361212740939	4.01377183800396	0.134079915255223
2.05626638188188	2.51148709451735	4.03729817937351	0.0961817528219627
2.0835016981982	2.55106118252149	4.03884169333123	0.079306796036623
2.11073701451451	2.59233439142189	4.08655027208077	0.104437787425355
2.13797233083083	2.63530672121846	4.12987331646783	0.12931120050214
2.16520764714715	2.67997817191125	4.17734650095298	0.170298270374567
2.19244296346346	2.72634874350025	4.26408766878522	0.217865893662564
2.21967827977978	2.77441843598546	4.27328831725931	0.267677277870823
2.2469135960961	2.82418724936685	4.31488929465209	0.300779583867605
2.27414891241241	2.87565518364448	4.30653338719965	0.332498144243399
2.30138422872873	2.92882223881833	4.29607781688697	0.364640187148499
2.32861954504504	2.98368841488835	4.34890856629025	0.439193878966111
2.35585486136136	3.04025371185458	4.42685476479989	0.499011534156486
2.38309017767768	3.09851812971704	4.50603768266302	0.566095288223094
2.41032549399399	3.1584816684757	4.58472320800364	0.64112523566481
2.43756081031031	3.22014432813057	4.64869512433323	0.723143166825925
2.46479612662663	3.28350610868165	4.62019113550476	0.812149081706321
2.49203144294294	3.34856701012891	4.68681686459224	0.872889852916939
2.51926675925926	3.41532703247241	4.72703627595519	0.934437146699159
2.54650207557558	3.48378617571211	4.73965877861374	1.05270961299774
2.57373739189189	3.55394443984802	4.83396314776762	1.12608192625608
2.60097270820821	3.62580182488014	4.93577017044397	1.20100583328514
2.62820802452452	3.69935833080846	5.03634502929536	1.28057374113483
2.65544334084084	3.77461395763296	5.10935286038361	1.36752460415231
2.68267865715716	3.85156870535372	5.20821934648882	1.45789487580172
2.70991397347347	3.93022257397066	5.25229952015056	1.55536671972606
2.73714928978979	4.01057556348384	5.33853932135538	1.68231172292544
2.76438460610611	4.09262767389318	5.47741093539482	1.76668155240361
2.79161992242242	4.17637890519871	5.51733066047134	1.8507261796931
2.81885523873874	4.26182925740051	5.64974965744956	1.9757184184799
2.84609055505506	4.34897873049851	5.78610674375102	1.97447600136333
2.87332587137137	4.4378273244927	5.90268267417398	2.11596917466828
2.90056118768769	4.5285574621317	6.03814036623127	2.14157566437118
2.927796504004	4.62740061987686	6.20435461142057	2.2042001913175
2.95503182032032	4.74180888606666	6.34396380896859	2.33936052218742
2.98226713663664	4.86778615294899	6.4868782047675	2.51657277721946
3.00950245295295	5.00065076669363	6.64051050815955	2.71687879520943
3.03673776926927	5.14018110674862	6.8007545445483	2.94220765366453
3.06397308558559	5.2863771731139	6.95536916427489	3.12727095380965
3.0912084019019	5.43923896578963	7.11226197696745	3.39380776026791
3.11844371821822	5.59876646144633	7.26975424637587	3.63905538208556
3.14567903453453	5.76299072353138	7.4564758070896	3.87531189294048
3.17291435085085	5.92456803852763	7.56640804334496	4.12317330795742
3.20014966716717	6.08178661446666	7.70857171575961	4.30918779132611
3.22738498348348	6.23464645134864	7.86145316389855	4.46294915822202
3.2546202997998	6.38314754917341	8.01533382233583	4.61413529508174
3.28185561611612	6.5272899079411	8.15937229510953	4.78152149617661
3.30909093243243	6.66707352765153	8.30124080751601	4.92378995199967
3.33632624874875	6.80249840830486	8.45281100372238	5.12737305542452
3.36356156506506	6.93356454990098	8.58854661934759	5.21741856965108
3.39079688138138	7.06027195244004	8.70135044311041	5.35016482560291
3.4180321976977	7.18262061592191	8.81171765113882	5.48472988463251
3.44526751401401	7.3006105403466	8.91310081621524	5.58984058753035
3.47250283033033	7.4142417257142	9.00638898924787	5.71385587697152
3.49973814664665	7.52382597993902	9.09447050949955	5.83550352699636
3.52697346296296	7.6323865136186	9.21638673303676	5.88346454879346
3.55420877927928	7.74162158571688	9.30712066928787	5.95307818596919
3.5814440955956	7.85155005825595	9.38912349202716	6.02431259491266
3.60867941191191	7.96217193123549	9.48657587612304	6.12090922282522
3.63591472822823	8.0734872046555	9.59525112624403	6.1788803878306
3.66315004454454	8.18549587851612	9.70605218673283	6.27687042169171
3.69038536086086	8.29819795281719	9.85015569952377	6.35934222432035
3.71762067717718	8.41159342755908	9.97308978699492	6.44945772387215
3.74485599349349	8.52568230274131	10.1172994326359	6.60236657400521
3.77209130980981	8.64046457836426	10.275868308042	6.6586290568652
3.79932662612613	8.75594025442769	10.4185778048831	6.78625488882089
3.82656194244244	8.87210933093155	10.5757891349704	6.83676674698623
3.85379725875876	8.98897180787625	10.7663296305372	6.87549226846637
3.88103257507507	9.10652768526132	10.9936317353603	6.91087988863252
3.90826789139139	9.22477696308701	11.268560825315	6.91563376803067
3.93550320770771	9.34371964135323	11.5549597033426	6.89593846943525
3.96273852402402	9.46136621580503	12.1122312600501	6.94679725639216
3.98997384034034	9.56688619096427	12.5659998332661	6.93561778789226
4.01720915665666	9.65661198777951	13.0578754199029	6.90070642188151
4.04444447297297	9.73054067973248	13.3397577678149	6.78475854972912
4.07167978928929	9.78867226682317	13.6046452167473	6.75748741265888
4.09891510560561	9.83100674905135	13.8579830655053	6.74042952234073
4.12615042192192	9.85747699797705	13.9582200297578	6.63181836438069
4.15338573823824	9.86587680573535	14.0401315617376	6.58250464296263
4.18062105455455	9.85345018251743	14.0190955458858	6.40913776831507
4.20785637087087	9.81998734947772	14.0106645024181	6.27804110862754
4.23509168718719	9.76548818138371	13.8138890868344	6.10997462085716
4.2623270035035	9.69244269977781	13.7009657423333	6.0215105865828
4.28956231981982	9.61620161833001	13.5064022266597	5.93948824935024
4.31679763613614	9.54260940277333	13.173775514804	5.7440203775389
4.34403295245245	9.47167748686132	13.0023292303124	5.75044687522918
4.37126826876877	9.40340587059428	13.0537872986736	5.68054800826462
4.39850358508509	9.33779455397192	12.9702534572935	5.56090716089529
4.4257389014014	9.2748435369943	12.9182806987894	5.41703652797303
4.45297421771772	9.21455281966167	12.9988079697952	5.46434843247879
4.48020953403403	9.15692240197367	13.0802094837752	5.40327115025142
4.50744485035035	9.10195228393059	13.2707067861688	5.37893359996902
4.53468016666667	9.05073340125013	13.3654176011904	5.1966495584943
4.56191548298298	9.01144778474927	13.4804978104312	4.95512667136964
4.5891507992993	8.98780986675735	13.5861078630433	4.93320518701144
4.61638611561562	8.97983820429121	13.7456078866659	4.76009643116639
4.64362143193193	8.98753279735129	13.8710158856113	4.77284462304188
4.67085674824825	9.01089364593725	13.9756300595914	4.60989372174747
4.69809206456456	9.04992075004922	14.1155027856231	4.56458608820083
4.72532738088088	9.1046141096873	14.2797739333427	4.61965335402833
4.7525626971972	9.17497372485122	14.4111211645748	4.71825350703598
4.77979801351351	9.26099959554123	14.5756753211177	4.72990521572886
4.80703332982983	9.36269172175739	14.724044951077	4.78891395245865
4.83426864614615	9.48005010349932	14.9103419254316	4.73291799562133
4.86150396246246	9.61307474076751	15.0801545589739	4.73903071200493
4.88873927877878	9.76176563356147	15.2510919952527	4.87731433467688
4.9159745950951	9.92612278188163	15.4037865504048	4.95261169611026
4.94320991141141	10.1061461857277	15.560144027555	5.03162635554668
4.97044522772773	10.3018358450997	15.7731263613927	5.08882291626845
4.99768054404404	10.513191759998	16.0159014455052	5.21006969500132
5.02491586036036	10.7402139304219	16.2642804976647	5.24360509351431
5.05215117667668	10.9829023563721	16.4634353366843	5.32733490249134
5.07938649299299	11.2412570378482	16.8547498326247	5.52113357894515
5.10662180930931	11.5152779748503	17.0431845527336	5.80658196190634
5.13385712562563	11.8049651673786	17.4792343304416	6.07072812572036
5.16109244194194	12.1113026645969	18.0911297570738	6.3320766614372
5.18832775825826	12.4466374737304	18.6636563184858	6.58962267749906
5.21556307457457	12.8193885972112	19.2807685862201	6.89714961969301
5.24279839089089	13.2297181931265	19.8210843771858	7.31408570247162
5.27003370720721	13.6711721423589	20.5083867762717	7.76916386073499
5.29726902352352	14.1054038222351	21.4149175531488	8.0039998034611
5.32450433983984	14.5183066801264	22.160159210063	8.07987799702549
5.35173965615616	14.9098588376375	22.9436715715456	8.23959081166706
5.37897497247247	15.2800602947692	23.9194328961571	8.33908420958646
5.40621028878879	15.628911051521	24.7185204631167	8.33250364578689
5.43344560510511	15.9564111078928	25.2115880126708	8.56397470601494
5.46068092142142	16.2624364970863	25.9074171108489	8.53968522647532
5.48791623773774	16.5430147947259	26.6920220177147	8.53160468946036
5.51515155405405	16.7934282180631	27.1732980105895	8.50298032277933
5.54238687037037	17.0134023453894	27.5919689581432	8.61301003836355
5.56962218668669	17.2029371767043	27.88733757915	8.67926239988105
5.596857503003	17.3620327120082	28.1045004336263	8.72329388638879
5.62409281931932	17.4906889513008	28.2571175158994	8.77300294661153
5.65132813563564	17.5889058945825	28.606670282459	8.73850201347631
5.67856345195195	17.6566835418531	28.7183005007447	8.77441032505081
5.70579876826827	17.6940218931123	28.9975966792706	8.7870291717874
5.73303408458458	17.7009209483606	29.3194433604293	8.67183935285057
5.7602694009009	17.6773807075977	29.4631607820941	8.60992169506362
5.78750471721722	17.6234011708236	29.1203451710512	8.66544499287858
5.81474003353353	17.5389823380386	29.4513905507575	8.63859154386905
5.84197534984985	17.4241242092422	28.8450563792231	8.5307680436036
5.86921066616617	17.2788267844347	28.8268857967199	8.48417288413036
5.89644598248248	17.1030900636162	28.3118378323318	8.46271493659767
5.9236812987988	16.8969140467865	27.478176552712	8.45829430323395
5.95091661511511	16.6589723436092	27.3742347646511	7.95379198434137
5.97815193143143	16.3594799537233	26.2491023313556	7.83179756152946
6.00538724774775	15.9690475381609	25.6539395691672	7.45935310622017
6.03262256406406	15.4864278433008	24.854614832121	7.48929886919986
6.05985788038038	14.921771776645	23.4511786826352	7.1248903473245
6.0870931966967	14.3455823305971	22.4368661891667	6.70283171231156
6.11432851301301	13.7877737580112	21.1823069090481	6.27117585946845
6.14156382932933	13.2484545887751	20.2175866334094	5.87302203528654
6.16879914564565	12.7276248228885	19.4264867958648	5.1455346873473
6.19603446196196	12.2252844603515	18.9676386931314	4.26705718596958
6.22326977827828	11.7414335011644	18.8874038398767	3.08435215925175
6.25050509459459	11.2760719453267	18.831426281266	2.11760177476868
6.27774041091091	10.8291997928386	18.7250759842253	1.23893220622842
6.30497572722723	10.4008170437002	18.669262775357	0.568819888852797
6.33221104354354	9.99092369791142	18.6168687987229	0
6.35944635985986	9.59951975547228	18.4264092533366	0
6.38668167617618	9.22660521638273	18.3568250441456	0
6.41391699249249	8.8721800806428	18.2387653080274	0
6.44115230880881	8.53624434825237	18.1583163944732	0
6.46838762512512	8.2187980192118	17.9985370937739	0
6.49562294144144	7.91984109352074	17.8753513622449	0
6.52285825775776	7.6393735711793	17.7914172541997	0
6.55009357407407	7.37739545218751	17.7452525304545	0
6.57732889039039	7.13396461597428	17.5937163948015	0
6.60456420670671	6.91257586257839	17.3214197237517	0
6.63179952302302	6.71865883991355	17.2000022965671	0
6.65903483933934	6.5526821028873	17.0694809108203	0
6.68627015565566	6.41464565149952	16.898142927899	0
6.71350547197197	6.3045494857504	16.7438701230695	0
6.74074078828829	6.2223936056397	16.5961056211639	0
6.7679761046046	6.16817801116772	16.4930863802017	0
6.79521142092092	6.14190270233425	16.4884059574722	0
6.82244673723724	6.14356767913932	16.4123648194897	0
6.84968205355355	6.17317294158289	16.3595976281169	0
6.87691736986987	6.23071848966515	16.4714044433567	0
6.90415268618619	6.31620432338588	16.404311435685	0
6.9313880025025	6.42963044274522	16.4461359551267	0
6.95862331881882	6.57099684774312	16.3250607299763	0
6.98585863513514	6.74030353837943	16.2690738293841	0
7.01309395145145	6.9375505146545	16.5948766597979	0
7.04032926776777	7.16273777656813	17.4386643849264	0
7.06756458408408	7.40223388743845	17.9739239663326	0
7.0947999004004	7.63604970042321	18.2781753183453	0
7.12203521671672	7.87792010872736	18.8615881523405	0
7.14927053303303	8.12821636172578	19.3358661920859	0
7.17650584934935	8.3869384594187	20.0610408459271	0
7.20374116566567	8.65408640180644	20.7433802391259	0
7.23097648198198	8.92966018888823	21.3845348456443	0
7.2582117982983	9.21365982066474	21.6671332051396	0
7.28544711461461	9.50608529713549	21.7380377193888	0
7.31268243093093	9.80693661830078	21.9126170247285	0
7.33991774724725	10.1162137841604	22.4120268830679	0
7.36715306356356	10.4339167947148	23.005215935076	0
7.39438837987988	10.7600456499633	22.9547507485368	0
7.4216236961962	11.0946003499065	22.8905739278995	0
7.44885901251251	11.4375808945439	23.0013874746972	0.710184512489063
7.47609432882883	11.7762434588518	22.8540458525066	1.74112297408324
7.50332964514515	12.0406327700061	22.7734522864206	2.62382167258841
7.53056496146146	12.2508136200935	22.5704449201304	3.27598438190224
7.55780027777778	12.4423317081915	22.5395522765845	4.00676926625357
7.58503559409409	12.6161109318903	22.3090141709469	4.60714956307049
7.61227091041041	12.7721512911899	22.2804907230308	4.93536820482914
7.63950622672673	12.9104527860899	22.2248697126433	5.25575387314511
7.66674154304304	13.0310154165907	22.3247534523351	5.52847125544677
7.69397685935936	13.133839182692	22.3368626140902	5.9331659501303
7.72121217567568	13.2189240843944	22.7339457422807	6.17210230464219
7.74844749199199	13.2862701216973	22.7032394298286	6.45896681199149
7.77568280830831	13.335877294601	23.003258967567	6.73891099227182
7.80291812462462	13.3677456031052	23.1464109727271	7.01201031070298
7.83015344094094	13.38187504721	23.2902176348339	7.02720817368431
7.85738875725726	13.3782656269159	23.3107448864247	7.08213479419798
7.88462407357357	13.3569173422222	23.3492112625698	7.06429308391806
7.91185938988989	13.3178301931291	23.3348587971556	7.02144865849883
7.93909470620621	13.261004179637	23.1869155917722	6.93481764017349
7.96633002252252	13.1864393017451	23.0638885304507	6.85062427831075
7.99356533883884	13.0941355594543	22.9524245597918	6.75696909836767
8.02080065515516	12.9840929527641	22.7258407738848	6.66483453802558
8.04803597147147	12.8563114816747	22.3740395478908	6.53790651889053
8.07527128778779	12.7107911461858	22.0780342459523	6.45652750770777
8.1025066041041	12.5475319462975	21.5169826134627	6.35371803341428
8.12974192042042	12.3665338820102	20.9049604988496	6.21955641432073
8.15697723673674	12.1677969533233	20.5753802643276	6.06024882438544
8.18421255305305	11.9513211602371	20.0366156057689	5.94015608405224
8.21144786936937	11.7171065027519	19.520333304816	5.80931849113231
8.23868318568569	11.4660330099805	18.9157850256496	5.70101573095016
8.265918502002	11.2111341819196	18.3869391947596	5.5318289811384
8.29315381831832	10.9623749640436	18.3128284092964	5.33506253976759
8.32038913463463	10.7200077769345	17.8325892191743	5.18347202379936
8.34762445095095	10.4840326205916	17.7487297127342	4.99231685809105
8.37485976726727	10.2544494950152	17.6816899987922	4.82023317994527
8.40209508358358	10.0312584002053	17.7287385187221	4.63415898183967
8.4293303998999	9.81445933616189	17.6890606374442	4.4800439540933
8.45656571621621	9.6040523028848	17.5758045657523	4.40355696754893
8.48380103253253	9.4000373003744	17.5535197502011	4.27094492598876
8.51103634884885	9.20241432863046	17.6376598671291	4.05959044136323
8.53827166516517	9.01118338765281	17.5320670140441	3.85606975182259
8.56550698148148	8.82634447744175	17.6511345871282	3.75359582732659
8.5927422977978	8.64789759799694	17.6290936622906	3.54259496237616
8.61997761411411	8.47584274931899	17.6315385184639	3.45848534931756
8.64721293043043	8.31017993140733	17.503551674251	3.26685341272682
8.67444824674675	8.1509091442622	17.3747966889377	3.04367755762372
8.70168356306306	7.9980303878834	17.0700898174731	3.00380215648229
8.72891887937938	7.85154366227109	16.8508877106568	2.964846481066
8.7561541956957	7.71144896742534	16.6130819655266	2.87385732076723
8.78338951201201	7.5777463033461	16.5379667151325	2.90892618330381
8.81062482832833	7.45043567003321	16.1396797187858	2.86479901966689
8.83786014464464	7.32951706748682	16.0107581026003	2.86882629542818
8.86509546096096	7.2149904957069	15.7346028955673	2.84308719361332
8.89233077727728	7.10685595469348	15.5538283736168	2.77494803114192
8.91956609359359	7.00511344444651	15.3760147106029	2.82691872480142
8.94680140990991	6.909772261998	15.0962772480743	2.87625392592814
8.97403672622623	6.82141904956088	14.9737999578451	2.86446624172665
9.00127204254254	6.74098007316524	14.8386148615803	2.93963968494351
9.02850735885886	6.66853702863243	14.6912351131554	2.97753078718547
9.05574267517517	6.60408991596229	14.5316607125718	3.01417863405278
9.08297799149149	6.54763873515462	14.339404907452	3.06567515223443
9.11021330780781	6.49918348620973	14.1446527517654	3.03034693817689
9.13744862412413	6.45872416912742	13.9147626678796	3.01202277339867
9.16468394044044	6.42626078390766	13.6316916450082	3.18960984958063
9.19191925675675	6.40179333055077	13.4182871736783	3.32240723521238
9.21915457307307	6.38532180905645	13.0734952955875	3.36810933736807
9.24638988938939	6.37684621942483	12.7235121089967	3.54201009043909
9.27362520570571	6.37636536410453	12.4143272210527	3.55479455164659
9.30086052202202	6.3818862683282	12.0950746807302	3.59166123369932
9.32809583833834	6.38734802010883	11.7695103133847	3.70147402704112
9.35533115465465	6.39160267647207	11.4383454762052	3.79449515474487
9.38256647097097	6.39465023741772	11.101580169193	3.83767660142584
9.40980178728729	6.39663107127248	10.812891476656	3.86852435737427
9.4370371036036	6.40104626134011	10.4660415162274	3.99242106310758
9.46427241991992	6.40365652962094	10.2212265779793	4.0334922729053
9.49150773623624	6.39975993465284	10.0052796940939	4.04289245053964
9.51874305255255	6.38931562572863	9.77124135250777	4.06666686154727
9.54597836886887	6.37232360284808	9.43891315301444	4.0917281299993
9.57321368518518	6.34878386601152	9.13960130855436	4.11426526996971
9.6004490015015	6.31869641521885	8.92582517599791	4.16445565363255
9.62768431781782	6.28206125046982	8.7632091594398	4.1619472708308
9.65491963413414	6.23887837176477	8.66881602744383	4.17044910185577
9.68215495045045	6.18914777910346	8.40277306256251	4.12450112836208
9.70939026676677	6.13286947248598	8.31752494299135	4.08547131169695
9.73662558308308	6.0700434519123	8.23128911114086	4.0605290250783
9.7638608993994	6.00066971738266	8.02849387678159	4.06633509266642
9.79109621571572	5.92474826889674	7.85692398646921	4.00432992809747
9.81833153203203	5.84241119952748	7.69298792544844	3.99318834469039
9.84556684834835	5.75543849696833	7.46484517386515	3.95872092502552
9.87280216466467	5.6651063700966	7.31679012401448	3.93738235377042
9.90003748098098	5.57144264682827	7.18333754605025	3.90378888300906
9.9272727972973	5.47445139244662	6.98174613283463	3.86719842831114
9.95450811361361	5.37440444797372	6.78005965513891	3.86250927903318
9.98174342992993	5.27174005953226	6.6083256499975	3.83303886295129
10.0089787462462	5.1664979716176	6.40716575381733	3.78732436833891
10.0362140625626	5.05867818422935	6.22151048902007	3.7283836415468
10.0634493788789	4.94828069736785	6.06426959880104	3.67074247120182
10.0906846951952	4.83534383354068	5.90181291529585	3.63223568094812
10.1179200115115	4.72133177539811	5.77335389366793	3.58129572483273
10.1451553278278	4.6081318663459	5.64474690426706	3.52640819465766
10.1723906441441	4.49586877464087	5.51239687072082	3.47047265097985
10.1996259604605	4.38454250028323	5.36634099378193	3.38648220589173
10.2268612767768	4.27415304327265	5.21238822365811	3.32801827172071
10.2540965930931	4.16470040360953	5.06794198496498	3.23086220407258
10.2813319094094	4.05618458129368	4.92645887867963	3.16070877347515
10.3085672257257	3.94860557632498	4.79261445283715	3.08051405537045
10.335802542042	3.84196338870368	4.66117196941741	2.99344417057151
10.3630378583584	3.73625801842941	4.52462667301136	2.93396715676233
10.3902731746747	3.63148946550263	4.39815922207673	2.86460587224482
10.417508490991	3.52765772992301	4.28609215377966	2.80235932163939
10.4447438073073	3.42476533011698	4.19394675100918	2.74143914857928
10.4719791236236	3.32385520952704	4.10472883816643	2.65066739895608
10.4992144399399	3.2275751720518	4.01484225776196	2.55911585111037
10.5264497562563	3.13633914761451	3.93862613617216	2.47920990301803
10.5536850725726	3.05014713621513	3.87473359453071	2.40997355803366
10.5809203888889	2.96899913785363	3.81271426778261	2.3232020262051
10.6081557052052	2.89289515253009	3.75493745462591	2.24694022938545
10.6353910215215	2.8218351802444	3.70557729971058	2.13686604275488
10.6626263378378	2.75581922099656	3.67531818269443	2.04596269683912
10.6898616541542	2.69484727478675	3.61240551065545	1.95117026707196
10.7170969704705	2.6389193416148	3.57979106016627	1.88766656917057
10.7443322867868	2.58803542148071	3.55948631489966	1.79493310691107
10.7715676031031	2.54219551438462	3.54777877302887	1.71343198730497
10.7988029194194	2.50139962032625	3.51029936345508	1.64214515797243
10.8260382357357	2.46564773930598	3.50495567534019	1.5683523165141
10.8532735520521	2.43493987132355	3.47327016513364	1.50450691219608
10.8805088683684	2.40927601637896	3.4489915567278	1.44944224244514
10.9077441846847	2.38865617447235	3.45542659819774	1.4081350253095
10.934979501001	2.37308034560367	3.40913227137533	1.38084718380178
10.9622148173173	2.36254852977285	3.39874480440032	1.35771540958077
10.9894501336336	2.35706072697992	3.38250507381733	1.35961954139952
11.01668544995	2.35661693722492	3.3987774909754	1.36193503399909
11.0439207662663	2.3612171605078	3.44763871406687	1.37250607242582
11.0711560825826	2.37086139682857	3.43550086573239	1.38743649701563
11.0983913988989	2.3855496461873	3.46159604090532	1.41405165015537
11.1256267152152	2.40528190858391	3.49045504121379	1.44312222352968
11.1528620315315	2.43005818401846	3.5168488247579	1.4946759432879
11.1800973478478	2.45987847249087	3.52511651221038	1.57197919480537
11.2073326641642	2.49474277400114	3.56201141143559	1.62492906155351
11.2345679804805	2.53465108854937	3.623608992271	1.69390922045423
11.2618032967968	2.57960341613555	3.66238758121288	1.77581680172824
11.2890386131131	2.62959975675958	3.70885632110881	1.83434171887781
11.3162739294294	2.68464011042149	3.76246402557332	1.88756597565359
11.3435092457457	2.74472447712133	3.82076376243507	1.92737903159971
11.3707445620621	2.80985285685911	3.93219885341463	1.97708348034028
11.3979798783784	2.87997806906961	4.0742354889471	2.0463545067441
11.4252151946947	2.9540987315417	4.16063253102974	2.09794526898483
11.452450511011	3.03125790225261	4.23570133113321	2.15355461924426
11.4796858273273	3.11141729441679	4.30177439715996	2.19368534805963
11.5069211436436	3.19457690803419	4.38860190470156	2.25728373643118
11.53415645996	3.28032164493991	4.52527921856335	2.32443842887209
11.5613917762763	3.36644971831427	4.65714483768952	2.37812566399793
11.5886270925926	3.4518497614558	4.79230893313128	2.41800495347635
11.6158624089089	3.53498061839419	4.89329326054696	2.45890505640765
11.6430977252252	3.61545607074563	5.04501130137592	2.51954039125354
11.6703330415415	3.69327611850999	5.14628804838952	2.55808327346682
11.6975683578579	3.76844076168722	5.26754183985016	2.55915414287255
11.7248036741742	3.84095000027724	5.36414352566964	2.5909815959826
11.7520389904905	3.91080383428015	5.47033927383348	2.63626165171961
11.7792743068068	3.97800226369595	5.60977780168783	2.67541880629626
11.8065096231231	4.04254528852463	5.68668414414309	2.7154914944444
11.8337449394394	4.10443290876608	5.9108269487058	2.75342427613572
11.8609802557558	4.16343348759167	6.18935517783178	2.79203204380464
11.8882155720721	4.21332771589164	6.43602619556639	2.82946598738993
11.9154508883884	4.24601323176082	6.60540411456644	2.85988119900981
11.9426862047047	4.25588231212273	6.66588366727032	2.88690820361427
11.969921521021	4.24164373112757	6.57497800165169	2.90561825223404
11.9971568373373	4.20329748877545	6.45961699130592	2.91242778708763
12.0243921536537	4.14084358506634	6.30558384700298	2.89642645798304
12.05162746997	4.0542820200004	6.04897463201108	2.88172757877322
12.0788627862863	3.94466930081103	5.72080745050228	2.87585066146856
12.1060981026026	3.82633130551644	5.25199298120031	2.83840537392035
12.1333334189189	3.70951543424551	4.99981112037064	2.77641167422973
12.1605687352352	3.59450879126407	4.71816068535269	2.65143467711266
12.1878040515516	3.48412560396081	4.5068471597608	2.54680491285012
12.2150393678679	3.38206742335363	4.31572047185358	2.40557707554361
12.2422746841842	3.28858628869217	4.18478611322526	2.26432114009949
12.2695100005005	3.20368219997643	4.04930057951268	2.18602545862103
12.2967453168168	3.12735515720642	3.98398865257055	2.06575087778616
12.3239806331331	3.05960516038218	3.97918175614331	1.92914533695892
12.3512159494495	3.00043220950366	3.96762347853561	1.75085549272928
12.3784512657658	2.94983630457083	3.91661825822627	1.68203630543215
12.4056865820821	2.90781744558379	3.89147528449666	1.60261759187352
12.4329218983984	2.87437563254243	3.89825226022121	1.53819611356754
12.4601572147147	2.84951086544677	3.91196322237898	1.42796152993191
12.487392531031	2.83322386576384	3.96134799601685	1.34580524145089
12.5146278473473	2.82567406026205	3.98767803010426	1.28925155213864
12.5418631636637	2.82722038516407	4.0264276374084	1.2453930334439
12.56909847998	2.83791191209711	4.07799370363619	1.23823887394149
12.5963337962963	2.85774864106083	4.11076243644654	1.2664201770337
12.6235691126126	2.88673057205548	4.12866590963192	1.28877797224975
12.6508044289289	2.92485770508089	4.16498749871316	1.32902809849177
12.6780397452452	2.97213004013706	4.21428984162521	1.40314867980689
12.7052750615616	3.02854757722412	4.27731868458111	1.53927712642342
12.7325103778779	3.09411031634191	4.33856327511363	1.68653893753739
12.7597456941942	3.1688182574906	4.4115361401907	1.81035630162016
12.7869810105105	3.2526714006701	4.48374863068106	1.95342863063881
12.8142163268268	3.34566974588039	4.56219329453189	2.08931879973136
12.8414516431431	3.44781329312149	4.64024038189663	2.25632648975657
12.8686869594595	3.55910204239341	4.71204042693126	2.3839988579082
12.8959222757758	3.67953599369624	4.79501003160594	2.52416951066704
12.9231575920921	3.80911514702974	4.88935360856267	2.6980829000464
12.9503929084084	3.94783950239414	4.99821995410129	2.8501668513827
12.9776282247247	4.09569099792406	5.11754879282659	2.98548908942737
13.004863541041	4.25040267719664	5.26597782156149	3.15610320700827
13.0320988573574	4.40648976310105	5.44084829383516	3.36005166206728
13.0593341736737	4.56027343844079	5.65734463296833	3.52180514463193
13.08656948999	4.7111544734951	5.79886444837886	3.64540978673232
13.1138048063063	4.85913286826368	5.99453754893872	3.78261207952083
13.1410401226226	5.00420862274656	6.17764095396877	3.92199730145403
13.1682754389389	5.1463080468185	6.33951984247369	4.05630465561925
13.1955107552553	5.28442111281857	6.5020443051072	4.20149936789186
13.2227460715716	5.41781509251856	6.67920757616233	4.34552004828007
13.2499813878879	5.54647355283149	6.90188891932568	4.46613034946201
13.2772167042042	5.6703964937571	7.14711184443406	4.59242543381228
13.3044520205205	5.78958391529564	7.33836134872076	4.72467737820214
13.3316873368368	5.90403581744702	7.49278133267061	4.84377151833599
13.3589226531532	6.01375220021115	7.65936060687871	4.96647557517355
13.3861579694695	6.1187330635882	7.85520204081559	5.02460386147152
13.4133932857858	6.21881962471167	8.05003368020442	5.12747003863401
13.4406286021021	6.30992318994875	8.21810733992098	5.25591224992811
13.4678639184184	6.38769665743528	8.20516621915847	5.34614397176985
13.4950992347347	6.45318173655333	8.21127397150408	5.41766858456399
13.522334551051	6.51333083905605	8.1688877627594	5.50221587876251
13.5495698673674	6.57054296005577	8.17184856154742	5.55906084880732
13.5768051836837	6.62482036054387	8.09918474739814	5.5874645213625
13.6040405	6.67616304052114	8.09328676358374	5.631116581388
13.6312758163163	6.72457099998722	8.06573125515546	5.68017104963051
13.6585111326326	6.77004423894191	8.00061852074533	5.74241638632274
13.6857464489489	6.81258275738513	7.97316400524245	5.80630665187391
13.7129817652653	6.85218655531757	7.93606679311642	5.81524624004174
13.7402170815816	6.8888556327383	7.96119943323805	5.86086968668243
13.7674523978979	6.92258998964834	7.92377471652165	5.90684575849049
13.7946877142142	6.95338962604656	7.91716565777358	5.95282705423281
13.8219230305305	6.9812545419342	7.92638553943586	5.94377154003012
13.8491583468468	7.00618473730998	7.93149419699519	5.93912499272708
13.8763936631632	7.02818021217505	7.94920462297646	5.96630831948891
13.9036289794795	7.04724096652841	7.94067954833207	6.00366948426773
13.9308642957958	7.06336700037069	7.97673751392341	6.03603840751977
13.9580996121121	7.07655831370224	7.97573230206914	6.06867189467832
13.9853349284284	7.08681490652173	8.01021932679638	6.07804735788995
14.0125702447447	7.09413677883088	8.07358641563371	6.09473361380708
14.0398055610611	7.09852393062798	8.08251347960455	6.11932800076583
14.0670408773774	7.09997636191438	8.1557682310107	6.14267264365683
14.0942761936937	7.09849407268914	8.14455323199964	6.1098727464933
14.12151151001	7.0940770629532	8.14769832398799	6.10032086498548
14.1487468263263	7.08672533270547	8.17476923720186	6.07438770112278
14.1759821426426	7.07643888194695	8.20876253942015	6.02617147442219
14.203217458959	7.06321771067692	8.2748565992168	5.96702097410934
14.2304527752753	7.04706181889587	8.30669964580099	5.91922718602876
14.2576880915916	7.02797120660315	8.29729493924797	5.85049907600079
14.2849234079079	7.00594587379995	8.30398682919149	5.82591496915088
14.3121587242242	6.98098582048469	8.34440513925667	5.76745197684939
14.3393940405405	6.95309104665895	8.47496789945927	5.7161545708035
14.3666293568569	6.92226155232132	8.48669443934013	5.64838745262403
14.3938646731732	6.88849733747309	8.55891935979632	5.60278852541074
14.4210999894895	6.85179840211287	8.5173126140567	5.48278024626561
14.4483353058058	6.81216474624233	8.64059130601846	5.41598082472648
14.4755706221221	6.76959636985977	8.72875069516689	5.31411534649772
14.5028059384384	6.7240932729666	8.74619180208564	5.20245175778807
14.5300412547548	6.67565545556167	8.6913405032899	5.12159855907947
14.5572765710711	6.62428293909662	8.77255654615786	4.97348385983581
14.5845118873874	6.56999000745367	8.83130670902292	4.90284603094561
14.6117472037037	6.51394271258001	8.90645022160184	4.78741431884271
14.63898252002	6.45957474149821	8.91035869641187	4.64476091125963
14.6662178363363	6.40753398448968	8.93552141473621	4.55578053694026
14.6934531526527	6.35782044155311	8.96260335568475	4.43475398405981
14.720688468969	6.31043411268969	9.01062082913802	4.36949483746429
14.7479237852853	6.26537499789842	9.03260884911031	4.28223276921583
14.7751591016016	6.22264309718018	9.01184246222374	4.21999236399065
14.8023944179179	6.18223841053421	8.97492173720624	4.18546811587384
14.8296297342342	6.14416093796114	8.95891850752229	4.13785616577957
14.8568650505505	6.1084106794604	8.96195344000042	4.05531856844386
14.8841003668669	6.07498763503266	8.93838575529789	3.98249993707377
14.9113356831832	6.04389180467683	8.96971239043182	3.911180798968
14.9385709994995	6.01512318839451	9.05245423846657	3.83345901424258
14.9658063158158	5.98868178618386	9.03688372798237	3.7426101304648
14.9930416321321	5.96456759804666	9.00465412515582	3.64588184815446
15.0202769484484	5.9427806239815	8.92150339787191	3.5581353648068
15.0475122647648	5.92332086398916	9.00233862960729	3.47937881698446
15.0747475810811	5.90618831806967	9.16194093082497	3.37873231917284
15.1019828973974	5.88992062685337	9.45755661327378	3.29103217650934
15.1292182137137	5.8673552477732	9.6613321404617	3.21162501006899
15.15645353003	5.83630275321295	9.86547111972802	3.11993127367555
15.1836888463463	5.79676259299806	10.2103071020544	3.03603657635521
15.2109241626627	5.74873476712766	10.5172107852835	2.93260014081593
15.238159478979	5.69201688293585	10.8340091669166	2.83377203344789
15.2653947952953	5.62142002015034	10.8910673437411	2.73720178019875
15.2926301116116	5.53144009054544	11.1972078853147	2.61821019066805
15.3198654279279	5.4218115991534	11.3672769332063	2.53818729134598
15.3471007442442	5.29253454597314	11.3395462941567	2.43637147076627
15.3743360605606	5.14360893100575	11.0039352645339	2.31460365765877
15.4015713768769	4.97503475425016	10.747165240522	2.23143711293356
15.4288066931932	4.78681201570744	10.3872097309512	2.15066883417139
15.4560420095095	4.57894071537665	9.7491690232159	2.02734024822477
15.4832773258258	4.35142085325855	9.15850278692635	1.89080537114495
15.5105126421421	4.10425242935258	8.73368755123029	1.61250064425205
15.5377479584585	3.83743544365909	8.24486591381343	1.23342926467155
15.5649832747748	3.55537857076544	7.83013511828627	0.854205202879302
15.5922185910911	3.28108353602806	7.44828300522654	0.400796713782153
15.6194539074074	3.02202748651845	7.11106303145408	0
15.6466892237237	2.77821440840838	6.63410476659748	0
15.67392454004	2.54964430169812	6.07996945828821	0
15.7011598563564	2.33631716638729	5.70791453672207	0
15.7283951726727	2.13823300247642	5.4603714470379	0
15.755630488989	1.95539180996502	5.17892792629946	0
15.7828658053053	1.78779358885352	5.04358609702233	0
15.8101011216216	1.63543833914149	4.76092346915318	0
15.8373364379379	1.49832606082931	4.48119365752686	0
15.8645717542543	1.37645675391678	4.30586439064615	0
15.8918070705706	1.2698304184039	4.24318098656854	0
15.9190423868869	1.17844705429069	4.16056019530736	0
15.9462777032032	1.10230666157719	4.08216880975763	0
15.9735130195195	1.04140924026339	4.29708193486918	0
16.0007483358358	0.99575479034928	4.25845951502409	0
16.0279836521522	0.965343311834841	4.36330314759258	0
16.0552189684685	0.950174804720074	4.38772989545765	0
16.0824542847848	0.950238553125011	4.42645135874887	0
16.1096896011011	0.959967468101487	4.52484125102206	0
16.1369249174174	0.964702729326666	4.65100923383988	0
16.1641602337337	0.962060109935745	4.70906368685573	0
16.19139555005	0.952039609928857	4.781223671391	0
16.2186308663664	0.934641229305995	4.88070071331255	0
16.2458661826827	0.909864968067057	5.32622150546492	0
16.273101498999	0.8777108262122	5.47075051281271	0
16.3003368153153	0.838178803741232	5.52278215002015	0
16.3275721316316	0.791268900654322	5.45391090508801	0
16.3548074479479	0.736981116951364	5.42261012833179	0
16.3820427642643	0.675315452632388	5.21127998688254	0
16.4092780805806	0.60657273708633	4.89832668682827	0
16.4365133968969	0.53564703934782	4.64706789076596	0
16.4637487132132	0.466517385874318	4.44811751418243	0
16.4909840295295	0.399299136135972	4.3904479664561	0
16.5182193458458	0.333992290132557	4.33035144455023	0
16.5454546621622	0.270596847864135	4.21429162866045	0
16.5726899784785	0.209112809330821	4.15731500888717	0
16.5999252947948	0.149540174532391	3.84273779306884	0
16.6271606111111	0.0918789434691104	3.7688666361444	0
16.6543959274274	0.0361291161407956	3.61728915627432	0
16.6816312437437	0	3.56836262544081	0
16.7088665600601	0	3.50697631216719	0
16.7361018763764	0	3.36214680146332	0
16.7633371926927	0	3.36752418281998	0
16.790572509009	0	3.37260200924075	0
16.8178078253253	0	3.23997145048852	0
16.8450431416416	0	3.14813068859923	0
16.872278457958	0	3.09980616307463	0
16.8995137742743	0	3.05179691929511	0
16.9267490905906	0	3.0041029572601	0
16.9539844069069	0	2.95672427696865	0
16.9812197232232	0	2.90966087842372	0
17.0084550395395	0	2.86291276162437	0
17.0356903558559	0	2.83210079331298	0
17.0629256721722	0	2.79074427512917	0
17.0901609884885	0	2.72934498194663	0
17.1173963048048	0	2.76773100421461	0
17.1446316211211	0	2.74281939093684	0
17.1718669374374	0	2.72019805461518	0
17.1991022537538	0	2.69523740814428	0
17.2263375700701	0	2.65837259899942	0
17.2535728863864	0	2.65352363310147	0
17.2808082027027	0	2.63210677962532	0
17.308043519019	0	2.60962060675983	0
17.3352788353353	0	2.5868033485609	0
17.3625141516517	0	2.56397525851018	0
17.389749467968	0	2.51278976947672	0
17.4169847842843	0	2.44675644218643	0
17.4442201006006	0	2.37574828689144	0
17.4714554169169	0	2.31666377498254	0
17.4986907332332	0	2.25319386861283	0
17.5259260495495	0	2.26178488808681	0
17.5531613658659	0	2.22703749235787	0
17.5803966821822	0	2.17673008567745	0
17.6076319984985	0	2.15801259284328	0
17.6348673148148	0	2.12425757224749	0
17.6621026311311	0	2.09061215592368	0
17.6893379474474	0	2.05670742290469	0
17.7165732637638	0	2.02300764134174	0
17.7438085800801	0	1.98930209812058	0
17.7710438963964	0	1.9311310190743	0
17.7982792127127	0	1.86973078367367	0
17.825514529029	0	1.81560753404178	0
17.8527498453453	0	1.73685213713334	0
17.8799851616617	0	1.75209197997305	0
17.907220477978	0	1.71600525771695	0
17.9344557942943	0	1.7398555879501	0
17.9616911106106	0	1.70726749850609	0
17.9889264269269	0	1.67102177124739	0
18.0161617432432	0	1.63470982057049	0
18.0433970595596	0	1.59923041911566	0
18.0706323758759	0	1.59361264463702	0
18.0978676921922	0	1.57403718175907	0
18.1251030085085	0	1.54419157674839	0
18.1523383248248	0	1.51454376463236	0
18.1795736411411	0	1.48509374541115	0
18.2068089574575	0	1.45584151908102	0
18.2340442737738	0	1.42678708564272	0
18.2612795900901	0	1.46812048762024	0
18.2885149064064	0	1.52718805760264	0
18.3157502227227	0	1.54994670419396	0
18.342985539039	0	1.61262447684928	0
18.3702208553554	0	1.62946798299011	0
18.3974561716717	0	1.6717146807441	0
18.424691487988	0	1.6576119445128	0
18.4519268043043	0	1.65924494417086	0
18.4791621206206	0	1.69476684610845	0
18.5063974369369	0	1.73973993218539	0
18.5336327532533	0	1.76103153113292	0
18.5608680695696	0	1.77258560965844	0
18.5881033858859	0	1.83429264019612	0
18.6153387022022	0	1.8980397627157	0
18.6425740185185	0	1.93721334181302	0
18.6698093348348	0	1.9908533906817	0
18.6970446511512	0	2.00411196627655	0
18.7242799674675	0	2.01941628784865	0
18.7515152837838	0	2.05488609177803	0
18.7787506001001	0	2.08148380009825	0
18.8059859164164	0	2.11298871395612	0
18.8332212327327	0	2.11502296140572	0
18.860456549049	0	2.11674303200561	0
18.8876918653654	0	2.14303704824252	0
18.9149271816817	0	2.18037572050956	0
18.942162497998	0	2.19351188967929	0
18.9693978143143	0	2.20611374307172	0
18.9966331306306	0.00169455095616959	2.26308493494565	0
19.0238684469469	0.0111512104589955	2.33391021532017	0
19.0511037632633	0.0206814199062583	2.40388994639294	0
19.0783390795796	0.0302851792980264	2.47180068088386	0
19.1055743958959	0.0399624886342102	2.53166553335848	0
19.1328097122122	0.0497133479148561	2.50674933774342	0
19.1600450285285	0.0595377571400502	2.48191032367018	0
19.1872803448448	0.0694357163096217	2.52343347834099	0
19.2145156611612	0.0794072254236626	2.57618269517637	0
19.2417509774775	0.089452284482235	2.63696590073074	0
19.2689862937938	0.0995708934852257	2.70339975726004	0
19.2962216101101	0.109763052432636	2.76904118419073	0
19.3234569264264	0.12002876132462	2.83389018152691	0
19.3506922427427	0.130368020160967	2.89794674926696	0
19.3779275590591	0.140780828941854	2.96121088740944	0
19.4051628753754	0.151267187667155	3.02368259595534	0
19.4323981916917	0.161827096336897	3.08536187490623	0
19.459633508008	0.172460554951201	3.14624872426	0
19.4868688243243	0.183167563509909	3.20111628146397	0
19.5141041406406	0.193948122013014	3.23704036217335	0
19.541339456957	0.204802230460725	3.27244546448315	0
19.5685747732733	0.215729888852809	3.28532758507955	0
19.5958100895896	0.226731097189379	3.24251783484979	0
19.6230454059059	0.237805855470404	3.28553574762344	0
19.6502807222222	0.248954163695878	3.32794641659741	0
19.6775160385385	0.260176021865882	3.3689705228817	0
19.7047513548549	0.271471429980294	3.39341048498281	0
19.7319866711712	0.28284038803918	3.38143326622957	0
19.7592219874875	0.294282896042534	3.37071276515569	0
19.7864573038038	0.305798953990358	3.4227667600299	0
19.8136926201201	0.317388561882618	3.47408474785572	0
19.8409279364364	0.329051719719423	3.52466672863494	0
19.8681632527528	0.34078842750061	3.57451270236787	0
19.8953985690691	0.352598685226261	3.62348313600795	0
19.9226338853854	0.364482492896453	3.67163386249176	0
19.9498692017017	0.376439850510999	3.71905102965419	0
19.977104518018	0.3884707580701	3.75842802332411	0
20.0043398343343	0.400575215573655	3.78503387205543	0
20.0315751506506	0.412753223021608	3.81094442955648	0
20.058810466967	0.425004780414132	3.83531469228089	0
20.0860457832833	0.437329887751005	3.84499139150918	0
20.1132810995996	0.449728545032428	3.84206901410906	0
20.1405164159159	0.462200752258276	3.84663748832892	0
20.1677517322322	0.474746509428611	3.88099324574865	0
20.1949870485485	0.487365816543408	3.91822805418523	0
20.2222223648649	0.500058673602627	3.9414443473997	0
20.2494576811812	0.512825080606363	3.97235657606093	0
20.2766929974975	0.525665037554556	4.00242224212666	0
20.3039283138138	0.53857854444716	4.03173548549017	0
20.3311636301301	0.551565601284317	4.05764831582958	0
20.3583989464464	0.56462620806588	4.07731348741906	0
20.3856342627628	0.5777603647919	4.09646424113193	0
20.4128695790791	0.59096807146239	4.11510057696724	0
20.4401048953954	0.604249328077383	4.13322249492445	0
20.4673402117117	0.61760413463685	4.14897548763655	0
20.494575528028	0.631032491140693	4.16682794365177	0
20.5218108443443	0.644534397589051	4.18400743459725	0
20.5490461606607	0.658109853981921	4.20056598798101	0
20.576281476977	0.671758860319187	4.21611581655184	0
20.6035167932933	0.68548141660096	4.23115122724401	0
20.6307521096096	0.699277522827147	4.2456722200607	0
20.6579874259259	0.713147178997809	4.25961862310512	0
20.6852227422422	0.727090385113045	4.27268648701428	0
20.7124580585586	0.741107141172599	4.28524429788403	0
20.7396933748749	0.755197447176664	4.29729205571101	0
20.7669286911912	0.769361303125233	4.30882976050165	0
20.7941640075075	0.783598709018222	4.31985741224954	0
20.8213993238238	0.797909664855712	4.33497650490549	0
20.8486346401401	0.812294170637636	4.37212006727122	0
20.8758699564565	0.826752226364054	4.37688981402812	0
20.9031052727728	0.841283832034902	4.37752876985847	0
20.9303405890891	0.855888987650222	4.38336898520914	0
20.9575759054054	0.870567693210026	4.39537310439542	0
20.9848112217217	0.885319948714246	4.40682420715184	0
21.012046538038	0.900145754163042	4.4182801917425	0
21.0392818543544	0.915045109556143	4.4256911710126	0
21.0665171706707	0.93001801489384	4.42571308656948	0
21.093752486987	0.945064470175981	4.4252623923082	0
21.1209878033033	0.960184475402517	4.42587373157069	0
21.1482231196196	0.975378030573589	4.44639853561887	0
21.1754584359359	0.990645135689112	4.4662233271052	0
21.2026937522523	1.00598579074904	4.48178191436275	0
21.2299290685686	1.02139999575351	4.48893588135732	0
21.2571643848849	1.03688775070241	4.49552944867542	0
21.2843997012012	1.05244905559578	4.5015626163137	0
21.3116350175175	1.06808391043361	4.50703538427457	0
21.3388703338338	1.08379231521591	4.51194775255863	0
21.3661056501501	1.09957426994265	4.51629972116327	0
21.3933409664665	1.11542977461391	4.52009129008901	0
21.4205762827828	1.13135882922956	4.52332245933942	0
21.4478115990991	1.14736143378973	4.52599322890997	0
21.4750469154154	1.16343758829436	4.5281035988036	0
21.5022822317317	1.17958729274339	4.52965356901638	0
21.529517548048	1.19581054713702	4.5306431395548	0
21.5567528643644	1.212107351475	4.53107231041336	0
21.5839881806807	1.22847770575746	4.53091471082834	0
21.611223496997	1.24492160998441	4.52981258396663	0
21.6384588133133	1.26143906415584	4.5281535907644	0
21.6656941296296	1.27803006827167	4.52593773122557	0
21.6929294459459	1.29469462233207	4.52316500534523	0
21.7201647622623	1.31143272633679	4.52617017587271	0
21.7474000785786	1.32824438028609	4.52900413431405	0
21.7746353948949	1.34512958417982	4.53123437422173	0
21.8018707112112	1.36208833801805	4.53286089559676	0
21.8291060275275	1.37912064180066	4.53388369843909	0
21.8563413438438	1.39622649552779	4.53430278274763	0
21.8835766601602	1.41340589919936	4.56664658845596	0
21.9108119764765	1.43065885281542	4.5565293024797	0
21.9380472927928	1.44798535637596	4.54247702779166	0
21.9652826091091	1.46538540988088	4.53196636046574	0
21.9925179254254	1.48285901333038	4.52934896128052	0
22.0197532417417	1.50040616672427	4.52612766450294	0
22.0469885580581	1.51802687006266	4.52230247013327	0
22.0742238743744	1.53572112334547	4.53930176126282	0
22.1014591906907	1.55348892657274	4.52167157998816	0
22.128694507007	1.57133027974464	4.50878646712327	0
22.1559298233233	1.58924518286072	4.50261865296047	0
22.1831651396396	1.60723363592157	4.49584630695962	0
22.210400455956	1.62529563892653	4.488469429126	0
22.2376357722723	1.64343119187629	4.49509369659697	0
22.2648710885886	1.66164029477032	4.47688790578885	0
22.2921064049049	1.67992294760892	4.48806647782091	0
22.3193417212212	1.69827915039196	4.51020686107003	0
22.3465770375375	1.71670890311941	4.531398365773	0
22.3738123538539	1.73521220579136	4.57660426649509	0
22.4010476701702	1.75378905840776	4.63576196627342	0
22.4282829864865	1.77243946096864	4.65497907188454	0
22.4555183028028	1.79116341347399	4.69850885783615	0
22.4827536191191	1.80996091592383	4.7167227935146	0
22.5099889354354	1.82883196831806	4.7475782062445	0
22.5372242517518	1.84777657065676	4.74456817675805	0
22.5644595680681	1.86679472294003	4.81706718617284	0
22.5916948843844	1.88588642516767	4.85790370141901	0
22.6189302007007	1.9050516773398	4.87472404095444	0
22.646165517017	1.9242904794564	4.94837856779655	0
22.6734008333333	1.94360283151743	5.01634992304611	0
22.7006361496496	1.96298873352297	5.01634029188581	0
22.727871465966	1.98244818547295	5.08715844185739	0
22.7551067822823	2.0019811873674	5.13095787584332	0
22.7823420985986	2.02158773920629	5.21749635584957	0
22.8095774149149	2.04126784098968	5.30447967157287	0
22.8368127312312	2.06102149271755	5.38226660888136	0
22.8640480475475	2.08084869438982	5.45715937441329	0
22.8912833638639	2.10074944600664	5.53236620582917	0
22.9185186801802	2.12072374756787	5.60788710312622	0
22.9457539964965	2.14077159907359	5.69535193144529	0
22.9729893128128	2.16089300052368	5.79659657168562	0
23.0002246291291	2.18108795191838	5.89859680823184	0
23.0274599454454	2.20135645325743	6.00135264108357	0
23.0546952617618	2.22169850454099	6.09141010549664	0
23.0819305780781	2.24211410576903	6.18608181350836	0
23.1091658943944	2.26260325694152	6.29902540872061	0
23.1364012107107	2.2831659580585	6.39294599890851	0
23.163636527027	2.3038022091199	6.48724592552891	0
23.1908718433433	2.32451205949366	6.58210012903382	0
23.2181071596597	2.3456654168113	6.67666822671098	0
23.245342475976	2.36852182210489	6.76836677361406	0
23.2725777922923	2.39334911831009	6.85575305254799	0
23.2998131086086	2.42014730542712	6.93966127590158	0
23.3270484249249	2.44891638345545	7.01127053227343	0
23.3542837412412	2.4796563523957	7.09620934346378	0
23.3815190575576	2.51236721224735	7.16884918767602	0
23.4087543738739	2.54704896301083	7.23773290551006	0
23.4359896901902	2.58370160468579	7.30286049696344	0
23.4632250065065	2.62232513727246	7.37339835947104	0
23.4904603228228	2.66291956077068	7.42626539296881	0
23.5176956391391	2.70548487518059	7.47570651305398	0
23.5449309554555	2.75002108050202	7.53464578998544	0
23.5721662717718	2.79652817673521	7.58557800654149	0
23.5994015880881	2.84504392183021	7.66175603194561	0
23.6266369044044	2.89626702535672	7.74930684674399	0
23.6538722207207	2.95081318411456	7.84810988985715	0
23.681107537037	3.00870347019684	7.92067814162291	0
23.7083428533534	3.06993788360373	7.96383134862033	0
23.7355781696697	3.13451642433514	8.0132126671337	0
23.762813485986	3.20243909239099	8.08453934468057	0
23.7900488023023	3.27370588777154	8.15454333769206	0
23.8172841186186	3.34831681047651	8.22452705567498	0
23.8445194349349	3.42627186050606	8.28642987547707	0
23.8717547512513	3.50757103786011	8.34366460864598	0
23.8989900675676	3.59221434253866	8.42913543107363	0
23.9262253838839	3.68020177454186	8.49736026467058	0
23.9534607002002	3.77153333386966	8.57698140984414	0
23.9806960165165	3.86620902052168	8.64212114532378	0
24.0079313328328	3.96422883449863	8.67163084380302	0
24.0351666491491	4.06559277579987	8.72499187892876	0.104726712705386
24.0624019654655	4.17030084442563	8.75470911384625	0.257518716977431
24.0896372817818	4.27835304037607	8.84777518612999	0.40570728161165
24.1168725980981	4.38974936365099	8.96269045472838	0.566760854938582
24.1441079144144	4.5044898142503	9.02071547061885	0.633726149872531
24.1713432307307	4.62257439217433	9.0306513089651	0.917565432099002
24.198578547047	4.74400309742287	9.14941710894229	0.973620722430338
24.2258138633634	4.86877592999591	9.29563515275242	0.999168545301744
24.2530491796797	4.99689288989346	9.44276376399944	1.1088974627419
24.280284495996	5.12835397711578	9.59080294268664	1.20687285252002
24.3075198123123	5.26315919166214	9.74209341881689	1.35103431540686
24.3347551286286	5.40130853353352	9.90344748759948	1.28911203174409
24.3619904449449	5.54280200272926	10.0569071169316	1.22384947756404
24.3892257612613	5.68763959924915	10.2151439785803	1.15798691978113
24.4164610775776	5.8358213230943	10.3811429897057	1.09289226909605
24.4436963938939	5.98734717426347	10.5505631873604	1.14071830542684
24.4709317102102	6.1422171527575	10.6859843087977	1.13564455806011
24.4981670265265	6.30043125857587	10.8395900392105	1.07993104867545
24.5254023428428	6.46198949171881	11.0003081953863	1.06918077730942
24.5526376591592	6.62689185218636	11.1619754739048	1.04195492331993
24.5798729754755	6.7951383399784	11.3245918747722	0.968713022059665
24.6071082917918	6.96672895509472	11.4881573979823	0.894784600761732
24.6343436081081	7.13958019769656	11.6504594092584	0.820169659431634
24.6615789244244	7.30321570191661	11.7999700645712	0.744868198062887
24.6888142407407	7.45434984542279	11.9332616991515	0.668880216661427
24.7160495570571	7.59298146855326	12.050714834949	0.596138195227796
24.7432848733734	7.71911057130799	12.1523294719697	0.532815434806065
24.7705201896897	7.83273715368654	12.2843959424055	0.468976411611459
24.797755506006	7.93386121568984	12.4523776856998	0.404621125646053
24.8249908223223	8.02248275731687	12.5602997263837	0.339749576906488
24.8522261386386	8.09860177856822	12.6596548802909	0.274361765395933
24.879461454955	8.1622182794437	12.8082846063238	0.180873809510502
24.9066967712713	8.21333225994337	12.9866934125041	0.0821288466437031
24.9339320875876	8.25194372006744	13.0878257129322	0
24.9611674039039	8.2780526598155	13.2431166003339	0
24.9884027202202	8.29165907918752	13.3132690744027	0
25.0156380365365	8.29276297818415	13.3397969442353	0
25.0428733528529	8.28136435680471	13.2977765960142	0
25.0701086691692	8.25746321504951	13.2706047936946	0
25.0973439854855	8.22105955291852	13.2308118337606	0
25.1245793018018	8.17215337041176	13.189179620589	0
25.1518146181181	8.11074466752892	13.1667723804531	0
25.1790499344344	8.03683344427067	13.1253072379884	0
25.2062852507508	7.95041970063623	13.0186211670386	0
25.2335205670671	7.85150343662602	12.8794068936267	0
25.2607558833834	7.74008465224028	12.7215575175936	0
25.2879911996997	7.61616334747842	12.5246922489498	0
25.315226516016	7.47973952234088	12.2786621575306	0
25.3424618323323	7.3308131768275	12.0216791541567	0
25.3696971486486	7.1693843109383	11.7912776193382	0
25.396932464965	6.99545292467326	11.5207149531127	0
25.4241677812813	6.80901901803222	11.1929930350218	0
25.4514030975976	6.61008259101596	10.9352658433216	0
25.4786384139139	6.39864364362307	10.6243211336376	0
25.5058737302302	6.1747021758552	10.225023987458	0
25.5331090465465	5.93825818771056	9.8327439612858	0
25.5603443628629	5.68931167919101	9.42870386678287	0
25.5875796791792	5.42786265029526	9.1403994713493	0
25.6148149954955	5.15391110102349	8.87354965962571	0
25.6420503118118	4.8674570313763	8.4672172932175	0
25.6692856281281	4.56850044135304	8.14113785959022	0
25.6965209444444	4.257041330954	7.86055036122802	0
25.7237562607608	3.93307970017917	7.58411661635664	0
25.7509915770771	3.59661554902845	7.33031427935684	0
25.7782268933934	3.24764887750193	6.9855234541888	0
25.8054622097097	2.88793481059533	6.66336403689229	0
25.832697526026	2.52643143007318	6.42169659151499	0
25.8599328423423	2.16598934443252	6.14820517515195	0
25.8871681586587	1.8066097522683	5.85345962048628	0
25.914403474975	1.4482926535805	5.44674118383947	0
25.9416387912913	1.09103804836895	5.16159329046203	0
25.9688741076076	0.734845936633769	4.99863552689158	0
25.9961094239239	0.37971631837507	4.68600717868634	0
26.0233447402402	0.0256491935926488	4.52583254852288	0
26.0505800565566	0	4.20360554859493	0
26.0778153728729	0	3.85555666887452	0
26.1050506891892	0	3.5952797023556	0
26.1322860055055	0	3.35422538737216	0
26.1595213218218	0	3.25440961312056	0
26.1867566381381	0	3.082439361789	0
26.2139919544545	0	2.90185768756589	0
26.2412272707708	0	2.71508461215214	0
26.2684625870871	0	2.52255450122583	0
26.2956979034034	0	2.47735323147518	0
26.3229332197197	0	2.11636611978337	0
26.350168536036	0	1.91042195539044	0
26.3774038523524	0	1.69486370242599	0
26.4046391686687	0	1.55299218534808	0
26.431874484985	0	1.46363700138321	0
26.4591098013013	0	1.45597657321639	0
26.4863451176176	0	1.45190512828523	0
26.5135804339339	0	1.44822564315941	0
26.5408157502502	0	1.35009575823037	0
26.5680510665666	0	1.23715264320102	0
26.5952863828829	0	1.18349653830116	0
26.6225216991992	0	1.17657252016005	0
26.6497570155155	0	1.05750004181823	0
26.6769923318318	0	0.95648841644874	0
26.7042276481481	0	0.956488416448878	0
26.7314629644645	0	0.95648841644874	0
26.7586982807808	0	0.956488416448865	0
26.7859335970971	0	0.956488416448753	0
26.8131689134134	0	1.01246753731248	0
26.8404042297297	0	1.1976134151174	0
26.867639546046	0	1.18700353234307	0
26.8948748623624	0	1.45124406354372	0
26.9221101786787	0	1.83352756789834	0
26.949345494995	0	2.48355091041245	0
26.9765808113113	0	2.48355091041277	0
27.0038161276276	0	2.55655796353887	0
27.0310514439439	0	2.65022803134519	0
27.0582867602603	0	2.65153717759555	0
27.0855220765766	0	2.65153717759574	0
27.1127573928929	0	2.65153717759555	0
27.1399927092092	0	2.65153717759571	0
27.1672280255255	0	2.65153717759505	0
27.1944633418418	0	2.65153717759573	0
