phys	rec.rate	upper	lower
0.0252493858858859	15.5596367517655	17.9243797476279	12.9289526824711
0.0757481576576577	15.5596367517655	17.9243797476279	12.928952682471
0.126246929429429	15.5596367517655	17.924379747628	12.9289526824711
0.176745701201201	15.5596367517655	17.9243797476279	12.928952682471
0.227244472972973	15.5596367517655	17.9243797476279	12.928952682471
0.277743244744745	15.5596367517655	17.9243797476279	12.928952682471
0.328242016516517	15.5596367517655	17.9243797476279	12.9289526824711
0.378740788288288	15.5596367517655	17.9243797476279	12.9289526824709
0.42923956006006	15.5596367517655	17.9243797476279	12.9289526824711
0.479738331831832	15.5596367517655	17.9243797476279	12.928952682471
0.530237103603604	15.5596367517655	17.9243797476279	12.928952682471
0.580735875375375	15.5596367517655	17.9243797476279	12.9289526824711
0.631234647147147	15.5596367517655	17.9243797476279	12.928952682471
0.681733418918919	15.5596367517655	17.9243797476279	12.928952682471
0.732232190690691	15.5596367517655	17.9243797476279	12.928952682471
0.782730962462462	15.5596367517655	17.9243797476279	12.928952682471
0.833229734234234	15.5540242323927	17.949574280386	12.928952682471
0.883728506006006	15.5215313102916	18.3820416360793	12.928952682471
0.934227277777778	15.4674958647822	18.3656559631942	12.5771613577352
0.984726049549549	15.4404193784857	18.3950585124157	12.4083662843857
1.03522482132132	15.4469842275304	18.1342820292169	12.1057910239699
1.08572359309309	15.4385464834324	17.5232709691516	12.0123932582316
1.13622236486486	15.3982702173254	17.3128384354317	12.0084812295751
1.18672113663664	15.3261429970677	17.3213830719315	11.7292387619646
1.23721990840841	15.2221648226593	16.9109587332776	11.6303756642119
1.28771868018018	15.0863356941001	16.7470797202724	11.4926746569746
1.33821745195195	14.9186556113904	16.5149532419677	11.4881630320963
1.38871622372372	14.7191245745298	16.2326703675458	11.3239508325574
1.4392149954955	14.4881744064771	16.0274237113538	11.3283846259541
1.48971376726727	14.2265056228957	15.8117287739739	11.089732872788
1.54021253903904	13.9339387665886	15.5894778346555	10.8341420173484
1.59071131081081	13.6104729017993	15.2367319851783	10.5099254328842
1.64121008258258	13.2561080285278	14.9024775599563	10.0913156366116
1.69170885435435	12.8708441467741	14.4786627391042	9.64556865231659
1.74220762612613	12.4546812565382	14.1046858093435	9.27164503678586
1.7927063978979	12.0076193578201	13.9488067880257	8.93482774014102
1.84320516966967	11.5296584506198	13.9061833254319	8.66709761908608
1.89370394144144	11.0207985349373	13.7954350463914	8.4118779211532
1.94420271321321	10.4943076276649	13.7111264412683	7.64230244826518
1.99470148498498	10.0032692934457	13.6207504748686	7.17201465440762
2.04520025675676	9.56095690897528	13.5787679563824	6.65729334224485
2.09569902852853	9.16737047408836	13.6023468645079	6.24187086365911
2.1461978003003	8.83690938000793	13.5895494674822	5.61230656002064
2.19669657207207	8.62747508233797	13.6541623957764	5.02478332734863
2.24719534384384	8.55361931724504	13.6962843094431	4.88140679556319
2.29769411561562	8.6153420848068	13.6669552142985	5.15845031603646
2.34819288738739	8.80084168160651	13.7007253040078	5.62425453574281
2.39869165915916	9.05752129092811	13.7569171887456	5.91998205126278
2.44919043093093	9.37073382356061	13.7465537716302	6.12933979396988
2.4996892027027	9.74047866422851	13.7850303385687	6.47746786646025
2.55018797447447	10.1667558129318	13.8019036558229	7.02061941731823
2.60068674624625	10.6495652696705	13.8700755015348	7.75481314109301
2.65118551801802	11.1877474853046	13.9555354520073	8.56421801531376
2.70168428978979	11.7393559583142	14.0658474802625	9.45362081727097
2.75218306156156	12.2516458387077	14.1908167251154	10.1340424443754
2.80268183333333	12.7212623204773	14.4439388578948	10.7383704036642
2.8531806051051	13.148205403623	14.8154249560022	11.2101620224297
2.90367937687688	13.5324750881446	15.1772061278741	11.5363522978414
2.95417814864865	13.8740713740424	15.6329275563797	11.69262083436
3.00467692042042	14.1729942613161	16.0292742874527	11.7965747313542
3.05517569219219	14.4292437499658	16.4133576811304	11.8180258113052
3.10567446396396	14.6428198399918	16.8367451217785	11.7817431507808
3.15617323573574	14.8137225313936	17.0987825272613	11.7162207532465
3.20667200750751	14.9419518241715	17.3694183342808	11.636620271613
3.25717077927928	15.0275077183254	17.5292873674118	11.4994951211216
3.30766955105105	15.0703902138554	17.5915574748734	11.4099256450712
3.35816832282282	15.0705993107614	17.5535781781832	11.3838567345612
3.40866709459459	15.0281350090435	17.4013005684398	11.3189319271018
3.45916586636637	14.9429973087015	17.2323046441246	11.2892757914307
3.50966463813814	14.8151862097356	17.0046042675827	11.248676051414
3.56016340990991	14.6447017121458	16.7860668588622	11.0653692372626
3.61066218168168	14.431543815932	16.698410145427	10.8812850743504
3.66116095345345	14.1757125210942	16.5905426308887	10.6858538381703
3.71165972522522	13.8771754819039	16.4900871437291	10.4314073150003
3.762158496997	13.5288963246325	16.2336015675271	10.2121076587395
3.81265726876877	13.115087101331	15.8822212110689	9.94823894049811
3.86315604054054	12.6335977579208	15.4524978077531	9.66566440561019
3.91365481231231	12.0845730846779	15.1288974936716	9.35226204328752
3.96415358408408	11.5015874782275	14.7603082017243	8.753801495998
4.01465235585586	10.9610155614817	14.4745391379815	8.11474795989625
4.06515112762763	10.4734223636881	14.208923402087	7.63479084331596
4.1156498993994	10.0388925128828	13.9918276351922	7.12787042480448
4.16614867117117	9.68859152552039	13.8361571574027	6.46412151605263
4.21664744294294	9.49993947983319	13.5196811290343	6.27817168889752
4.26714621471471	9.44942298363583	13.2050740318634	6.64153932444976
4.31764498648649	9.45244586072981	12.9809131805033	6.81207528893911
4.36814375825826	9.49662584295542	12.6921833911888	7.08558765635658
4.41864253003003	9.58196293031254	12.4322822606654	7.25110650337351
4.4691413018018	9.7084571228013	12.151683438791	7.41949900723252
4.51964007357357	9.87610842042157	11.9488702192219	7.80451756665475
4.57013884534535	10.0849168231733	11.8323545209092	8.22540441146539
4.62063761711712	10.3348823310568	11.837937319497	8.52942186916916
4.67113638888889	10.6260049440717	12.152078305632	8.83579413261642
4.72163516066066	10.9579652971503	13.0881842230792	8.77478911705149
4.77213393243243	11.2768454844943	14.243504360074	8.61619298712103
4.8226327042042	11.4685019180251	14.801320877958	8.55025737333818
4.87313147597598	11.5184011223751	14.7828866242633	8.36327500305423
4.92363024774775	11.4265387279667	14.2570103245742	8.2051169187623
4.97412901951952	11.1915562363996	13.7861027640295	8.11826310734802
5.02462779129129	10.8101765184728	13.2998181901733	7.79104025927298
5.07512656306306	10.2819153163244	12.676391605532	7.37399992052552
5.12562533483483	9.60680273552721	12.0028931333233	6.94880826682958
5.17612410660661	8.808622153044	11.2887601648973	6.56997095687794
5.22662287837838	7.95383478992442	10.3701788671016	6.0870186100713
5.27712165015015	7.05699458166066	9.17022102086163	5.25620930243804
5.32762042192192	6.20103870224768	8.14668205237609	4.58473676529662
5.37811919369369	5.44422986645867	7.54750201940223	3.77109460733632
5.42861796546546	4.7795140368572	6.97884199311521	3.06937444560942
5.47911673723724	4.20689121344334	6.4617157661724	2.5139006823404
5.52961550900901	3.726361396217	6.03545853038481	2.02780161635538
5.58011428078078	3.33792223367337	5.52149057009912	1.74114987039894
5.63061305255255	3.02949153613139	4.98412700324022	1.68493470492017
5.68111182432432	2.76085421086974	4.58943599346146	1.53412178836447
5.7316105960961	2.52365371095384	4.29266160707438	1.21525179511749
5.78210936786787	2.3178900363836	4.0565684766404	1.06715094631768
5.83260813963964	2.14655637446338	3.98817561040782	0.920210406641886
5.88310691141141	2.02300019716946	3.99583140854445	0.790139386563701
5.93360568318318	1.95094061984699	3.96228217175785	0.711144219177356
5.98410445495495	1.93037780114597	3.93100537238085	0.626880872211556
6.03460322672673	1.96131174106633	3.99173240638436	0.701412419171304
6.0851019984985	2.04374243960814	4.09817180020924	0.815765414877949
6.13560077027027	2.17766973699528	4.20055843870803	0.989170521337924
6.18609954204204	2.36126401294142	4.31352424670826	1.05084063751418
6.23659831381381	2.58815612249703	4.56323177699288	1.12733465299636
6.28709708558559	2.85696101459494	4.78945841618631	1.22267262841891
6.33759585735736	3.16767868923518	5.11985553701251	1.33652618406098
6.38809462912913	3.51266665698635	5.45440217965362	1.4799814495946
6.4385934009009	3.85402849384377	5.78706440567341	1.69174979371012
6.48909217267267	4.17724233057136	6.05639443037328	1.94866756687327
6.53959094444444	4.45991303243731	6.34211708595113	2.29790120033362
6.59008971621622	4.69129063514258	6.74676104600113	2.5429912821354
6.64058848798799	4.87130710626711	7.11828372223634	2.71338465749546
6.69108725975976	4.99996244581091	7.40581116337561	2.88332832976015
6.74158603153153	5.07725665377394	7.52682581012081	3.05370815937006
6.7920848033033	5.10318973015626	7.52396946003803	3.18676406572606
6.84258357507507	5.07776167495777	7.35563634663533	3.33283544472278
6.89308234684685	5.00097248817861	7.08269176921594	3.37322316339978
6.94358111861862	4.87639808830691	6.70167508487027	3.19767703387936
6.99407989039039	4.74478987770359	6.29106902380033	2.78636108549222
7.04457866216216	4.632055506191	6.03044810938983	2.52614756563891
7.09507743393393	4.5386098572683	5.97025920487394	2.23618630517282
7.14557620570571	4.46445293093559	5.9684329533322	1.99227105687564
7.19607497747748	4.40958472719287	5.98886407599826	1.94968908724363
7.24657374924925	4.37400524604001	6.01802602843917	2.04213103973366
7.29707252102102	4.35771448747723	6.13158431195479	2.12113060047879
7.34757129279279	4.36071245150428	6.33157029731628	2.33357932703458
7.39807006456456	4.38299913812138	6.57532012220986	2.55916303328044
7.44856883633634	4.42457454732837	6.83662898444173	2.64568296988534
7.49906760810811	4.48450698758511	7.11069834390274	2.74292500826682
7.54956637987988	4.53228120705118	7.24848505254874	2.71575227436123
7.60006515165165	4.5312732204152	7.2645035620008	2.66621803688791
7.65056392342342	4.47931682257991	7.03605255905452	2.51055621162168
7.70106269519519	4.37661120018474	6.53000778375695	2.33991274375566
7.75156146696697	4.23098965735117	6.24806424963149	2.13355969706708
7.80206023873874	4.05309430431054	5.68125503328371	2.14095439273822
7.85255901051051	3.86019649314025	5.18094374897294	2.19571113037309
7.90305778228228	3.67412332534473	4.99433329494551	2.26554403973999
7.95355655405405	3.49636265548845	4.86194204826251	2.25606544628003
8.00405532582583	3.32691448357164	4.70754027381989	2.18737847609304
8.0545540975976	3.16577880959417	4.56760296233388	1.97698402032633
8.10505286936937	3.01295563355606	4.44377726893499	1.84512189900491
8.15555164114114	2.8684449554573	4.28238057715379	1.71882456078636
8.20605041291291	2.73226922401814	4.10283249571436	1.59710154330824
8.25654918468468	2.6071693776341	3.95273607916093	1.42112225796859
8.30704795645646	2.49837597550837	3.79223171663792	1.31240295137003
8.35754672822823	2.39207817077069	3.63414926890559	1.25613392141067
8.4080455	2.25944862780901	3.40734108733109	1.08748340210625
8.45854427177177	2.10754887680888	3.19956615036924	1.00965082896751
8.50904304354354	1.95657947148694	2.99948481674773	0.788507396249244
8.55954181531532	1.80883123695558	2.75560248958744	0.606619657188628
8.61004058708709	1.66430417321479	2.68508658925139	0.429884321095135
8.66053935885886	1.52299828026459	2.58093945471392	0.228423500218093
8.71103813063063	1.38500886569431	2.55649411008245	0.0115550293112139
8.7615369024024	1.26190486869235	2.47013077638485	0
8.81203567417417	1.17606612277091	2.41503125597687	0
8.86253444594595	1.11882230560462	2.35749979772724	0
8.91303321771772	1.06925414221942	2.29164282672417	0
8.96353198948949	1.02508474863433	2.24768770390263	0
9.01403076126126	0.986314124849406	2.19227899241051	0
9.06452953303303	0.952942270864602	2.13874865203601	0.0174302556044158
9.1150283048048	0.924969186679935	2.08470148148178	0.113097776073285
9.16552707657658	0.902394872295415	2.07620384980077	0.12558246989843
9.21602584834835	0.885219327711044	2.05326746527129	0.128256340989389
9.26652462012012	0.873442552926781	2.00386375746685	0.117456163878827
9.31702339189189	0.867064547942675	1.94933919508417	0.0867135362245498
9.36752216366366	0.866085312758686	1.91571632140584	0.069033896729794
9.41802093543544	0.870504847374895	1.89849747341623	0.0617851210941769
9.46851970720721	0.880323151791179	1.88602815551079	0.0701095211152381
9.51901847897898	0.895540226007642	1.8774634206014	0.0971478070673362
9.56951725075075	0.916156070024196	1.88309179478387	0.141716629230184
9.62001602252252	0.942170683840947	1.86696056855556	0.180658568180169
9.6705147942943	0.973584067457804	1.85987858605128	0.225424145476304
9.72101356606607	1.01039622087481	1.86211947660387	0.293109811312575
9.77151233783784	1.05260714409194	1.89772154694967	0.362267980273316
9.82201110960961	1.1002168371092	1.90914533449059	0.434027745695619
9.87250988138138	1.15322529992664	1.91939602859122	0.490576346785913
9.92300865315315	1.21163253254419	1.95112270250037	0.557374192315611
9.97350742492493	1.27543853496188	1.96708139329545	0.638323536095139
10.0240061966967	1.34464330717971	1.99349398830529	0.701938022214538
10.0745049684685	1.41924684919768	2.06169027029748	0.717644848456997
10.1250037402402	1.49924916101579	2.15292475429831	0.740597320335213
10.175502512012	1.58456478663517	2.31680917001019	0.743874622186628
10.2260012837838	1.66982908297449	2.52388313883166	0.7812160338565
10.2765000555556	1.7465874673352	2.70151316100215	0.810869250912423
10.3269988273273	1.8140961252247	2.8267817909398	0.828951977935592
10.3774975990991	1.87235505664293	2.96066567206041	0.821210180263887
10.4279963708709	1.92136426158994	3.0601004790754	0.799077821455363
10.4784951426426	1.96112374006572	3.1275713606384	0.751605237855757
10.5289939144144	1.99163349207026	3.15145618433907	0.73441253422818
10.5794926861862	2.01289351760359	3.15723229090359	0.695676553443176
10.629991457958	2.02490381666567	3.12713446054973	0.670111194404241
10.6804902297297	2.02766438925653	3.0760241496478	0.643207675221103
10.7309890015015	2.02117523537615	3.02004903901422	0.6038938704995
10.7814877732733	2.00543635502451	2.9483437134395	0.581363142611274
10.831986545045	1.98044774820169	2.89344681723789	0.547930551489756
10.8824853168168	1.94620941490761	2.84535279211692	0.501854434846973
10.9329840885886	1.9027213551423	2.88236975476485	0.442762202294124
10.9834828603604	1.84998357591475	2.97991964520538	0.368856357179199
11.0339816321321	1.78832947381517	3.06479848704748	0.29341839223093
11.0844804039039	1.71898388189669	3.20531647333288	0.253159138336259
11.1349791756757	1.64222800412426	3.1671954752841	0.138386417227722
11.1854779474474	1.55806184049792	3.20101397876363	0
11.2359767192192	1.4668513100841	3.25293253672461	0
11.286475490991	1.37089595434441	3.15945184974137	0
11.3369742627628	1.2724580075539	2.93298434280732	0
11.3874730345345	1.18030417653493	2.56988521671647	0
11.4379718063063	1.0978847298227	2.37875433233974	0
11.4884705780781	1.02520796904894	2.34030575186812	0
11.5389693498499	0.962273894213657	2.332649546977	0
11.5894681216216	0.909082505316828	2.3471119231716	0
11.6399668933934	0.865633802358468	2.35580008724832	0
11.6904656651652	0.83192778533858	2.35490114154175	0
11.7409644369369	0.807964454257157	2.41643561757604	0
11.7914632087087	0.793743809114186	2.40882910349858	0
11.8419619804805	0.789265849909704	2.44930727110489	0
11.8924607522523	0.794530576643656	2.44390440052503	0
11.942959524024	0.809537989316122	2.49551138932055	0
11.9934582957958	0.834288087927003	2.57108973873602	0
12.0439570675676	0.87006592910973	2.70291737038905	0
12.0944558393393	0.924818685061303	2.77631360126681	0
12.1449546111111	1.00158088706576	2.86080520142191	0
12.1954533828829	1.10035858382312	2.96028011830492	0
12.2459521546547	1.22115177533338	3.07971063548639	0
12.2964509264264	1.36396046159648	3.16343466833164	0
12.3469496981982	1.52878464261254	3.28229124585161	0.00227308438548582
12.39744846997	1.71562431838142	3.44731306425874	0.127897707629333
12.4479472417417	1.92447948890322	3.67647894277128	0.350631740198752
12.4984460135135	2.15535015417791	3.91667061364999	0.575550270730592
12.5489447852853	2.40736894208707	4.26224641777262	0.82377188425329
12.5994435570571	2.67004445338058	4.70023811161299	0.98329450801678
12.6499423288288	2.93640903401576	5.28742390453371	1.14883595789653
12.7004411006006	3.2063372789332	5.74413514941213	1.35477908230146
12.7509398723724	3.47982918813279	6.00251949513937	1.58908441680366
12.8014386441441	3.75688476161463	6.41565213699161	1.74969623824388
12.8519374159159	4.03750399937864	6.79700391093973	1.97403522301389
12.9024361876877	4.32168690142485	7.85357901381998	2.23269415122325
12.9529349594595	4.60940447719862	9.33683161511582	2.45053254052935
13.0034337312312	4.86236216754289	10.9776517746024	2.61187522709935
13.053932503003	4.96684992245627	11.3469052593468	2.66494341491357
13.1044312747748	4.93778607390467	10.5056203761896	2.74049114289498
13.1549300465465	4.88465091721549	9.48248801582059	2.81771983746631
13.2054288183183	4.82821904332951	8.61933428665926	2.87738850780003
13.2559275900901	4.76849045224682	7.80617429311841	2.93102865151845
13.3064263618619	4.7054651439676	7.0300860139933	2.99587709695151
13.3569251336336	4.63914311849148	6.33753466277944	3.05006200294719
13.4074239054054	4.5695243758188	5.82810184693964	3.05829668120773
13.4579226771772	4.49660891594925	5.71576259013369	3.0483466382949
13.5084214489489	4.42039673888322	5.71097722960336	3.02617688210393
13.5589202207207	4.34088784462037	5.75290476973726	2.95866818778336
13.6094189924925	4.25808223316081	5.74833101913814	2.81694976554743
13.6599177642643	4.17197990450456	5.72682435767651	2.64426493396892
13.710416536036	4.08258085865167	5.6879467078713	2.40210188027534
13.7609153078078	3.98988509560201	5.60840182956413	2.088116770521
13.8114140795796	3.89389261535571	5.5383500104568	1.75855697080293
13.8619128513514	3.7946034179127	5.42693768006201	1.54733256995673
13.9124116231231	3.69201750327301	5.38447661051863	1.32674646423762
13.9629103948949	3.5861348714365	5.36987714909945	1.16057751319026
14.0134091666667	3.47695552240343	5.42031157954571	1.0336769714829
14.0639079384384	3.36447945617367	5.45743358358052	0.902145224769226
14.1144067102102	3.24870667274707	5.50204436338831	0.866808102223009
14.164905481982	3.12963717212391	5.56686796269352	0.764862838208694
14.2154042537538	3.00727095430399	5.59632297986197	0.495325682966633
14.2659030255255	2.88078604494321	5.73242394793547	0.38581947196111
14.3164017972973	2.74629596599279	5.43679528088924	0.304831808234968
14.3669005690691	2.61033316980334	5.26280675276894	0.224455991281088
14.4173993408408	2.50754807722639	5.13183238484699	0.127501124405886
14.4678981126126	2.45354469313245	5.03937571293684	0.306846116106752
14.5183968843844	2.47463071132954	5.01053990703881	0.449764419013399
14.5688956561562	2.57335659647203	4.95581965414328	0.608099089332813
14.6193944279279	2.7225721580126	4.83122638703467	0.688324722965446
14.6698931996997	2.91285075801928	4.86947590211258	0.828599485301155
14.7203919714715	3.14418303338648	4.82062640661546	1.08614214475973
14.7708907432432	3.40732040699473	4.82799086644295	1.43549942601223
14.821389515015	3.64847372085339	4.92466548375261	1.62202134322336
14.8718882867868	3.84824797593367	5.16960961625502	1.78846796896113
14.9223870585586	4.0066171721747	5.55472626842271	1.93400250872403
14.9728858303303	4.12358130957645	5.90615013640276	2.10234243883137
15.0233846021021	4.19914038813907	6.06751148684129	2.21439085458959
15.0738833738739	4.23329440786243	6.19696099010091	2.33716607957553
15.1243821456456	4.22604336874653	6.26286709955903	2.40615804060796
15.1748809174174	4.17738727079155	6.18062658699084	2.31919596157855
15.2253796891892	4.08732611399732	6.1965497155773	2.30401075138836
15.275878460961	3.9558598983638	6.16830481775341	2.19628449905375
15.3263772327327	3.78284817355388	6.27381985834963	1.97469181195294
15.3768760045045	3.56727755224996	6.07597301438216	1.68959935436319
15.4273747762763	3.31688427651451	5.55588830908448	1.56238567634735
15.477873548048	3.08856624380112	5.11485115534012	1.37028110533674
15.5283723198198	2.90649577856625	4.892749732716	1.10339021366654
15.5788710915916	2.77076112766086	4.85970624951421	0.737844326858264
15.6293698633634	2.68136229108482	4.85865902798741	0.577111322068161
15.6798686351351	2.63829926883834	4.84993483180557	0.454023260300486
15.7303674069069	2.64157206092127	4.88463196691424	0.412534666158333
15.7808661786787	2.69118066733362	4.98705400326847	0.383374080507116
15.8313649504504	2.78712508807549	5.04550956660523	0.49623929379461
15.8818637222222	2.92940532314678	5.18629915744363	0.526643246292102
15.932362493994	3.11748387963382	5.42322686392799	0.588497273995408
15.9828612657658	3.33265388343387	5.69956988137324	0.668626713990725
16.0333600375375	3.55180958599015	6.20405522867737	0.765180529301613
16.0838588093093	3.77352140062016	6.5904867804938	1.03560958172382
16.1343575810811	3.99607029765232	7.2876201911497	1.31175955769986
16.1848563528529	4.16346346971984	8.09822132831259	1.61168951343379
16.2353551246246	4.20940567120153	8.27384232945241	1.86553069193578
16.2858538963964	4.17574852123559	7.83926568214081	2.11568006402625
16.3363526681682	4.13468776163423	7.37416198264915	2.29600982978405
16.3868514399399	4.09257699406053	6.96422308183761	2.40893442062285
16.4373502117117	4.04941621851466	6.560240647016	2.54543611232461
16.4878489834835	4.00520543499643	6.09172206361142	2.67468624704184
16.5383477552553	3.95994464350604	5.78573275574117	2.70953897797887
16.588846527027	3.91363384404341	5.38903724867793	2.70877534304685
16.6393452987988	3.86627303660854	5.01689658622419	2.70130956669985
16.6898440705706	3.81786222120135	4.76189953703481	2.69684882553449
16.7403428423423	3.7684013978221	4.55723748455652	2.69588942367903
16.7908416141141	3.71789056647041	4.61561607205009	2.68684967586715
16.8413403858859	3.66632972714664	4.67829726455325	2.6921613773437
16.8918391576577	3.61371887985066	4.72237682111397	2.58214013396786
16.9423379294294	3.56005802458228	4.75557743852012	2.51598354156819
16.9928367012012	3.50534716134173	4.79233048466312	2.39299313231266
17.043335472973	3.44958629012895	4.81162120539832	2.24214384017706
17.0938342447447	3.39277541094396	4.81756066185548	2.14297415909169
17.1443330165165	3.33491452378669	4.84045389314983	2.04127800448141
17.1948317882883	3.27600362865713	4.8167403046725	1.90860256709615
17.2453305600601	3.21604272555552	4.80808813495044	1.80846308362838
17.2958293318318	3.15503181448148	4.74059562765157	1.74398964282028
17.3463281036036	3.09297089543533	4.66427775927342	1.68514039522541
17.3968268753754	3.02985996841684	4.5752315006337	1.64356660890964
17.4473256471471	2.96569903342617	4.47295679958008	1.61092314868649
17.4978244189189	2.90048809046331	4.36480690623475	1.5310448022344
17.5483231906907	2.83422713952809	4.2638550343253	1.45585499221375
17.5988219624625	2.76691618062071	4.16618078569398	1.41491819161799
17.6493207342342	2.69853592979229	4.10386117873509	1.3507912777461
17.699819506006	2.6284507409142	4.00719012931944	1.2645782298688
17.7503182777778	2.55589538650483	3.89667891041993	1.24639884107182
17.8008170495496	2.4808243863757	3.743928241677	1.20164705581398
17.8513158213213	2.40323774052683	3.60021614972443	1.20081881516738
17.9018145930931	2.32313544895823	3.46837298131559	1.19997758296996
17.9523133648649	2.2405683792052	3.34172934229357	1.19046494233095
18.0028121366366	2.15695395812593	3.19805603557465	1.17178615829247
18.0533109084084	2.07386247077729	3.08252710344533	1.11208794010114
18.1038096801802	1.99137545688812	2.97769353756097	1.07365372789273
18.154308451952	1.90949291645836	2.8513576491647	1.03305614996048
18.2048072237237	1.82821484948811	2.72272750422427	0.972129536617947
18.2553059954955	1.7475412559773	2.61575637212863	0.908954296280958
18.3058047672673	1.66747213592593	2.52793341080088	0.851011495216463
18.356303539039	1.58800748933397	2.43415574762464	0.810440512804625
18.4068023108108	1.50914731620153	2.36528226846643	0.746156884614606
18.4573010825826	1.4308916165285	2.3026913784797	0.666329953358349
18.5077998543544	1.35324039031493	2.23445721151771	0.612095321561818
18.5582986261261	1.27619363756077	2.1451288663842	0.533892131366579
18.6087973978979	1.19975135826617	2.06216517852965	0.481083612597505
18.6592961696697	1.12391355243087	2.02157034573859	0.43142710281163
18.7097949414414	1.04868022005513	1.93790311150628	0.362659209799139
18.7602937132132	0.974051361138851	1.8823776823171	0.218511159666111
18.810792484985	0.900026975681929	1.79403390889639	0.0564231960707424
18.8612912567568	0.826939508668184	1.71309010867858	0
18.9117900285285	0.760371990019246	1.71872688203944	0
18.9622888003003	0.704834965511471	1.66966573040454	0
19.0127875720721	0.658509460903362	1.59235695008501	0
19.0632863438438	0.61981205095252	1.47121473755515	0
19.1137851156156	0.588697408561427	1.41911306982629	0
19.1642838873874	0.565165533730087	1.33110572952329	0
19.2147826591592	0.549216426458492	1.27504121733923	0
19.2652814309309	0.540728636301161	1.23434171108009	0
19.3157802027027	0.537805134809973	1.18600480873694	0.00760213403800331
19.3662789744745	0.538943681082075	1.12166407891116	0.0356742912369923
19.4167777462462	0.544103132174331	1.11237935177549	0.0699800258489808
19.467276518018	0.553283488086734	1.09395240065019	0.0821444154331609
19.5177752897898	0.566484748819239	1.07348499475492	0.0907190731008554
19.5682740615616	0.583706914371938	1.11181729020184	0.110166692989377
19.6187728333333	0.60494998474471	1.1374654990648	0.137028368797172
19.6692716051051	0.630213959937674	1.15896441092582	0.177954002720219
19.7197703768769	0.659498839950762	1.20029809587471	0.215332439809015
19.7702691486486	0.692804624783968	1.22550821811844	0.242835749414552
19.8207679204204	0.730131314437353	1.28646716065097	0.295794490130823
19.8712666921922	0.771478908910834	1.30660477681163	0.335365996497444
19.921765463964	0.816847408204479	1.37324989777765	0.380384828055508
19.9722642357357	0.866236812318244	1.44033513300868	0.426217308362899
20.0227630075075	0.919647121252161	1.49512930455765	0.478759761955022
20.0732617792793	0.97707833500624	1.5439605088825	0.510105271631249
20.123760551051	1.0385304535804	1.64154373963604	0.538992154170074
20.1742593228228	1.10400347697477	1.71833622799017	0.570017998210476
20.2247580945946	1.17349740518922	1.79332947212732	0.626732358525699
20.2752568663664	1.24702223027238	1.92213491338315	0.659206811686391
20.3257556381381	1.32522498767895	1.98824963476491	0.71648356442057
20.3762544099099	1.40913690021151	2.10923425021939	0.777876735172065
20.4267531816817	1.49885006951204	2.22337395170337	0.842288675200698
20.4772519534535	1.59436449558069	2.30064994050893	0.933020833099816
20.5277507252252	1.69568017841732	2.40717090902771	1.05293514287915
20.578249496997	1.80279731219515	2.55072309200372	1.18122102265509
20.6287482687688	1.91648683082495	2.69636412728533	1.32468048081685
20.6792470405405	2.03927037244311	2.85962681139247	1.43721391840705
20.7297458123123	2.1716626880159	2.99183108907524	1.54797717863095
20.7802445840841	2.31366377754328	3.13738126803797	1.66662337301221
20.8307433558559	2.46527364102525	3.29953368358643	1.82010862490833
20.8812421276276	2.62649227846182	3.43815559804926	1.87774121520666
20.9317408993994	2.7973196898529	3.70921639373969	1.95503782057484
20.9822396711712	2.97775513337862	4.10286740077285	2.02800966170334
21.0327384429429	3.1614133537339	4.39279230096343	2.07751152076903
21.0832372147147	3.32638648443351	4.57770188882177	2.16848548406551
21.1337359864865	3.46716744577626	4.67214127972502	2.23922902382578
21.1842347582583	3.58057018193686	4.65357427613215	2.23624033635906
21.23473353003	3.66581367034899	4.74163613021886	2.32729793206816
21.2852323018018	3.72289791101252	4.7854826751559	2.40405800911051
21.3357310735736	3.75182290392751	4.79322164369859	2.47850875617229
21.3862298453453	3.75258894418915	4.88117460167697	2.51937809825368
21.4367286171171	3.728254250009	4.97773553950113	2.50435014138131
21.4872273888889	3.68941281944627	5.00927177311745	2.51216159765148
21.5377261606607	3.63835706565385	5.03710465954958	2.50828954011517
21.5882249324324	3.57508726340586	5.0453894724613	2.5232847007037
21.6387237042042	3.5049941730687	5.03385151265011	2.50137647859139
21.689222475976	3.44729224753996	5.0708242559809	2.47603955576594
21.7397212477477	3.40626067073938	5.09847174560224	2.35282961434675
21.7902200195195	3.38189944266687	5.09693857104245	2.20709910577077
21.8407187912913	3.37420856332249	5.09555838939549	2.03148459088617
21.8912175630631	3.38318803270616	5.0871992028728	1.95539524863
21.9417163348348	3.40883785081807	5.08064759177974	1.9403719096304
21.9922151066066	3.45115801765803	5.06629703896506	1.98218907892458
22.0427138783784	3.51014853322609	5.02522648241208	2.1225751956219
22.0932126501502	3.58580939752227	5.01881701081708	2.30543027581414
22.1437114219219	3.67814061054656	5.0016188635947	2.51251522390648
22.1942101936937	3.78714217229895	4.99029637057204	2.67275825619794
22.2447089654655	3.91033232172603	5.01072014450702	2.84319672352288
22.2952077372372	4.0306569549017	5.19295631253483	2.9695597581465
22.345706509009	4.14094868282436	5.37236226911634	3.09441691014054
22.3962052807808	4.24118273577619	5.52642256157212	3.18237233975515
22.4467040525526	4.33135911375729	5.667842159908	3.21488474484728
22.4972028243243	4.4114778167675	5.81233722654981	3.17792873492315
22.5477015960961	4.48153884480697	5.84759681331452	3.12672232104979
22.5982003678679	4.54154219787552	5.89295917287209	3.07957062646335
22.6486991396396	4.59148787597329	5.85832930490449	3.04569015015362
22.6991979114114	4.63137587910024	5.85844926752307	2.99334616611393
22.7496966831832	4.66032552161416	6.01453124573823	2.94603038493273
22.800195454955	4.65961111882039	6.3019102363311	2.89080021799994
22.8506942267267	4.61131953966427	6.42338204975469	2.77120201614599
22.9011929984985	4.51473270949643	6.44162636751749	2.66338749073466
22.9516917702703	4.36985062831663	6.3139372801159	2.48364433232803
23.002190542042	4.17667329612495	6.02920107845055	2.26212120181019
23.0526893138138	3.93520071292136	5.70113457699499	2.02120469603749
23.1031880855856	3.64543287870583	5.55312166102864	1.76968282615892
23.1536868573574	3.31122373138981	5.33488164550984	1.49549784995832
23.2041856291291	2.9480878399061	4.90328570586273	1.22960047225884
23.2546844009009	2.57061550288383	4.36289441364623	0.995430410136465
23.3051831726727	2.21983745941527	3.73965812962706	0.810536448522111
23.3556819444444	1.90559936919073	3.45220212670249	0.520880607884777
23.4061807162162	1.62790123221029	3.18801107417817	0.228191354297133
23.456679487988	1.38674304847395	3.0382644040512	0
23.5071782597598	1.18212481798172	2.92636400647018	0
23.5576770315315	1.01404654073356	2.78627280956722	0
23.6081758033033	0.882508216729488	2.64402026407283	0
23.6586745750751	0.787275188159966	2.50283047523177	0
23.7091733468468	0.723447520173555	2.41682475053047	0
23.7596721186186	0.686386545447014	2.28941966883757	0
23.8101708903904	0.675909908863307	2.20826273457066	0
23.8606696621622	0.691745700138216	2.10898013831628	0
23.9111684339339	0.722207721672383	2.04847379488507	0
23.9616672057057	0.751436232714464	1.9959931540615	0
24.0121659774775	0.778300136843029	1.92727056529009	0
24.0626647492492	0.802799434058062	1.83725119150388	0
24.113163521021	0.82493412435957	1.77145528039994	0
24.1636622927928	0.844704207747491	1.74331837184327	0
24.2141610645646	0.862109684221921	1.76551185014165	0
24.2646598363363	0.8771505537828	1.81214465211472	0
24.3151586081081	0.889826816430167	1.81743841204248	0
24.3656573798799	0.900138472163972	1.81017171153216	0
24.4161561516516	0.908085520984224	1.77990526309754	0
24.4666549234234	0.913674777015544	1.75133700067533	0
24.5171536951952	0.917476885837201	1.67202776580419	0
24.567652466967	0.920484580300852	1.64535008889345	0
24.6181512387387	0.922797292804395	1.61741209154284	0
24.6686500105105	0.924415023347814	1.59798107265511	0
24.7191487822823	0.9253377719311	1.59312097200124	0
24.7696475540541	0.925565538554312	1.62772606953145	0
24.8201463258258	0.925098323217388	1.63840331052476	0
24.8706450975976	0.923936125920332	1.64702637517857	0
24.9211438693694	0.922078946663173	1.66904210479596	0
24.9716426411411	0.919526785445923	1.67613991843452	0
25.0221414129129	0.916279642268546	1.66671441563213	0
25.0726401846847	0.912337517131037	1.63835781647531	0
25.1231389564565	0.907700410033415	1.62036225752941	0
25.1736377282282	0.902368320975726	1.58154825751482	0
25.2241365	0.896342827749413	1.54225288190777	0.0242133444749934
25.2746352717718	0.889973835298469	1.50556771327879	0.0471379153888469
25.3251340435435	0.88404973627678	1.4884549486976	0.0748030168954464
25.3756328153153	0.878678410372102	1.47411268799902	0.0984490294021639
25.4261315870871	0.873859857584473	1.47354355596836	0.131060971931805
25.4766303588589	0.869594077913808	1.46226704769004	0.127399766669986
25.5271291306306	0.865881071360225	1.45612030457099	0.146724367764488
25.5776279024024	0.862720837923574	1.45559506959858	0.20426376669276
25.6281266741742	0.860113377604066	1.44886299817084	0.244065664934932
25.6786254459459	0.858058690401459	1.44403878045828	0.26187810987975
25.7291242177177	0.856556776315981	1.45274273544659	0.27164240646583
25.7796229894895	0.855607635347443	1.45982869001429	0.285350768929998
25.8301217612613	0.855211267495921	1.46467089699854	0.289676690608736
25.880620533033	0.855367672761467	1.46864337129269	0.289978207121635
25.9311193048048	0.856076851144043	1.4774980866202	0.294503892906957
25.9816180765766	0.857338802643566	1.47442172519157	0.302378920828029
26.0321168483483	0.859153527260135	1.47649362433874	0.3178958205824
26.0826156201201	0.861521024993799	1.47849847107665	0.345475385053747
26.1331143918919	0.864441295844379	1.48584551525492	0.342123710027012
26.1836131636637	0.867914339812035	1.49793147928566	0.355229420926088
26.2341119354354	0.871940156896709	1.51513835267422	0.352475541485773
26.2846107072072	0.876518747098351	1.527609158282	0.387446789355196
26.335109478979	0.881650110417074	1.55461575334723	0.391863198035895
26.3856082507507	0.88733424685281	1.58908024789259	0.400385469894372
26.4361070225225	0.893571156405515	1.62054710131582	0.401116617583679
26.4866057942943	0.900360839075363	1.6116913761652	0.39110199572694
26.5371045660661	0.907703294862063	1.62694125613696	0.404668310450693
26.5876033378378	0.915598523765843	1.65119081511767	0.405501468875876
26.6381021096096	0.924046525786739	1.68064354411462	0.400793736313453
26.6886008813814	0.933047300924531	1.71930704315488	0.39342001183022
26.7390996531532	0.942600849179383	1.75404727465931	0.401056675138253
26.7895984249249	0.952565889445585	1.82093000939054	0.404882916584193
26.8400971966967	0.960248684324482	1.87318000331818	0.407358734002002
26.8905959684685	0.963232237461775	1.90385260981287	0.408350620430873
26.9410947402402	0.961430819933668	1.91700375823969	0.400333812305558
26.991593512012	0.954844431740087	1.90572459054481	0.366838507299805
27.0420922837838	0.943473072881188	1.88008474704344	0.328350342926431
27.0925910555556	0.927316743356875	1.84414558403889	0.301089697801911
27.1430898273273	0.906375443167101	1.78634637013039	0.272934271742627
27.1935885990991	0.880649172312018	1.71469662135077	0.246416610756574
27.2440873708709	0.850137930791462	1.6300958745221	0.216082947696478
27.2945861426426	0.814841718605547	1.51630341946784	0.189010210423243
27.3450849144144	0.774760535754206	1.39299591006081	0.169329974071031
27.3955836861862	0.729894382237558	1.27745780406822	0.131798125621204
27.446082457958	0.680710491013757	1.19988943130706	0.0908903295892615
27.4965812297297	0.630890846941697	1.1354711165626	0.0561099361574855
27.5470800015015	0.582179729467988	1.08300897154031	0.0231168677560323
27.5975787732733	0.534587594082714	1.03743923831786	0
27.648077545045	0.488114440785868	1.00786763709105	0
27.6985763168168	0.442760269577366	0.965619248646962	0
27.7490750885886	0.398525080457293	0.915379689546252	0
27.7995738603604	0.355408873425593	0.882084305361962	0
27.8500726321321	0.313411648482297	0.837366086173186	0
27.9005714039039	0.272533405627381	0.8122847241513	0
27.9510701756757	0.232774144860859	0.787366865494184	0
28.0015689474474	0.194133866182744	0.780948647234049	0
28.0520677192192	0.157062313978455	0.766434634004537	0
28.102566490991	0.124747540395404	0.749872141047466	0
28.1530652627628	0.0985669638440548	0.729980865431652	0
28.2035640345345	0.0785260516763262	0.700225561662969	0
28.2540628063063	0.0646248038923301	0.686521729879145	0
28.3045615780781	0.0568632204919747	0.686797951172776	0
28.3550603498499	0.0552413014753449	0.653591607419844	0
28.4055591216216	0.0597590468423546	0.659534668473776	0
28.4560578933934	0.0704162874870325	0.666808098694452	0
28.5065566651652	0.0869063399862132	0.690252351111417	0
28.5570554369369	0.108288763362709	0.728725784623869	0
28.6075542087087	0.134383898922259	0.761276534632792	0
28.6580529804805	0.165191746664896	0.813705297284051	0
28.7085517522523	0.200712306590554	0.849724675007865	0
28.759050524024	0.240945578699272	0.966810963357108	0
28.8095492957958	0.284830627448035	1.07974457917209	0
28.8600480675676	0.324430376837617	1.21241172907633	0
28.9105468393393	0.356149450896832	1.36366189107956	0
28.9610456111111	0.379970060850704	1.5871707194128	0
29.0115443828829	0.394779865279368	1.84358726046621	0
29.0620431546547	0.392887711061058	1.94193898797574	0
29.1125419264264	0.372929229979449	1.87248208084802	0
29.1630406981982	0.348018676189644	1.73482632792646	0
29.21353946997	0.323735577988974	1.60096744246895	0
29.2640382417417	0.300100367164475	1.49805694888678	0
29.3145370135135	0.27711304371612	1.41898195749342	0
29.3650357852853	0.254773607644002	1.39142433480726	0
29.4155345570571	0.233082058947979	1.27093179655166	0
29.4660333288288	0.212038397628142	1.22205563950681	0
29.5165321006006	0.191642623684513	1.13730020706014	0
29.5670308723724	0.171894737116997	1.05346225870426	0
29.6175296441441	0.152794737925678	0.978426168437351	0
29.6680284159159	0.134342626110568	0.892013717076831	0
29.7185271876877	0.116538401671551	0.869540219340044	0
29.7690259594595	0.0993820646087511	0.791624235717491	0
29.8195247312312	0.0828736149221078	0.740010663358977	0
29.870023503003	0.0670130526116303	0.723595831073513	0
29.9205222747748	0.0518003776773183	0.703252441925082	0
29.9710210465465	0.0372355901192016	0.68199111099901	0
30.0215198183183	0.0233186899372254	0.655749476865442	0
30.0720185900901	0.0100496771314093	0.625435067591906	0
30.1225173618619	0	0.580733581580709	0
30.1730161336336	0	0.548503706529998	0
30.2235149054054	0	0.513806263395068	0
30.2740136771772	0	0.48734515424217	0
30.3245124489489	0	0.469118960036441	0
30.3750112207207	0	0.413147909235003	0
30.4255099924925	0	0.377387232422332	0
30.4760087642643	0	0.356958650002868	0
30.526507536036	0	0.314907166737976	0
30.5770063078078	0	0.316764146156827	0
30.6275050795796	0	0.323448940794155	0
30.6780038513513	0	0.333878192857051	0
30.7285026231231	0	0.341232457045535	0
30.7790013948949	0	0.347741875595793	0
30.8295001666667	0	0.374985064520934	0
30.8799989384384	0	0.390091068072015	0
30.9304977102102	0	0.430445086323431	0
30.980996481982	0	0.493214815123929	0
31.0314952537538	0	0.554898578717286	0
31.0819940255255	0	0.598915090114922	0
31.1324927972973	0	0.67406612749162	0
31.1829915690691	0	0.73916918583443	0
31.2334903408408	0	0.792159020874865	0
31.2839891126126	0	0.862442865121013	0
31.3344878843844	0	0.937013939032252	0
31.3849866561562	0	1.02872094837256	0
31.4354854279279	0	1.09362930646424	0
31.4859841996997	0	1.18303056566362	0
31.5364829714715	0	1.31989550723824	0
31.5869817432432	0	1.39917511790569	0
31.637480515015	0	1.33588797377058	0
31.6879792867868	0	1.22363488163	0
31.7384780585586	0	1.13167361798338	0
31.7889768303303	0	1.12845129040406	0
31.8394756021021	0	1.13666391621308	0
31.8899743738739	0.00507800497193243	1.17225613906779	0
31.9404731456456	0.0322014946589674	1.20894374343253	0
31.9909719174174	0.0629081857836362	1.26186773867041	0
32.0414706891892	0.0971980783458169	1.3205587477355	0
32.091969460961	0.135071172345652	1.40230449543889	0
32.1424682327327	0.176527467782996	1.45183861659567	0
32.1929670045045	0.221566964657985	1.50765669191036	0
32.2434657762763	0.270189662970542	1.54835718292154	0
32.293964548048	0.322395562720657	1.59238092332061	0
32.3444633198198	0.378184663908366	1.63359328063218	0
32.3949620915916	0.437556966533679	1.66586300483166	0
32.4454608633634	0.500512470596571	1.70904079098685	0
32.4959596351351	0.56705117609702	1.7871847975964	0
32.5464584069069	0.637173083035072	1.82017253674397	0
32.5969571786787	0.710878413002684	1.84253510318041	0
32.6474559504504	0.788817286995591	1.88861281517014	0
32.6979547222222	0.873068432606213	1.94609385634973	0
32.748453493994	0.964046442769865	2.02590993278455	0
32.7989522657658	1.0617513174868	2.12533111306547	0
32.8494510375375	1.16618305675671	2.22379760099381	0
32.8999498093093	1.27734166057973	2.29919219765582	0.122303465364377
32.9504485810811	1.39522712895591	2.37338569538141	0.270541519625199
33.0009473528528	1.51983946188529	2.46189328871754	0.460629068967634
33.0514461246246	1.65117865936772	2.55959499058856	0.676869148856023
33.1019448963964	1.78924472140326	2.70501859293758	0.860970194060062
33.1524436681682	1.93403764799187	2.9002721451988	1.03497194878158
33.2029424399399	2.08555743913373	3.13871414980042	1.25171976899042
33.2534412117117	2.24031780685946	3.41097324083136	1.34735091528836
33.3039399834835	2.38392564962848	3.65117367615038	1.40772312793039
33.3544387552553	2.51266713068559	3.84462136397105	1.44900204418286
33.404937527027	2.62654224581898	4.04856346478146	1.52133008800379
33.4554362987988	2.72555099502888	4.20383117113987	1.56265940712533
33.5059350705706	2.80969337831481	4.30294461522473	1.62182108452175
33.5564338423423	2.87896939567716	4.34718193985247	1.60965812185327
33.6069326141141	2.93337904711578	4.36065969305259	1.57940041200534
33.6574313858859	2.97292233263082	4.31684196624739	1.54767282481711
33.7079301576577	2.99759925222184	4.2408194646705	1.55042731142142
33.7584289294294	3.00776552838829	4.13618560059271	1.55265670622356
33.8089277012012	3.00613707813342	4.0663681603373	1.53428481360987
33.859426472973	2.99396604145402	4.03605456807911	1.51290146859969
33.9099252447447	2.9712591113522	4.01335032574478	1.48424812185496
33.9604240165165	2.93801628782847	3.95714276148378	1.45181139132348
34.0109227882883	2.8942375708827	3.89148614505128	1.40903089726883
34.0614215600601	2.83992296051444	3.76895188106332	1.36421651735178
34.1119203318318	2.7750724567243	3.65730632640626	1.35670366900165
34.1624191036036	2.6996860595119	3.57737099574672	1.31209009129752
34.2129178753754	2.61376376887753	3.51374152266361	1.25476838395648
34.2634166471471	2.51730558482081	3.50128661099113	1.18256626097833
34.3139154189189	2.41031150734214	3.55821336040178	1.10866525587461
34.3644141906907	2.2927815364411	3.63592396108953	1.06763943176524
34.4149129624625	2.16471567211808	3.71324037262272	0.991949484814371
34.4654117342342	2.02611391437294	3.81008587369381	0.822078535789478
34.515910506006	1.87697626320557	3.98055197867448	0.495941479260483
34.5664092777778	1.71761536459392	4.02330611462423	0.203240441223879
34.6169080495496	1.55014943875648	3.93452173378866	0
34.6674068213213	1.37840593278609	3.52013785301478	0
34.7179055930931	1.22156606798828	3.21621561575395	0
34.7684043648649	1.08585009341284	3.01093497873332	0
34.8189031366366	0.960897296650031	2.73736681730898	0
34.8694019084084	0.842183223502942	2.33145274031929	0
34.9199006801802	0.729689142301189	2.11862989191969	0
34.9703994519519	0.623415053044687	1.9364812235907	0
35.0208982237237	0.523360955733552	1.79828952809313	0
35.0713969954955	0.429526850367649	1.6898291210889	0
35.1218957672673	0.341912736947063	1.56352654908316	0
35.172394539039	0.260518615471815	1.47421626214578	0
35.2228933108108	0.185344485941862	1.37545853526555	0
35.2733920825826	0.116390348357179	1.28444161646236	0
35.3238908543544	0.0536562027178521	1.18884892164494	0
35.3743896261261	0	1.12909185146069	0
35.4248883978979	0	1.05748202598499	0
35.4753871696697	0	1.02015277004857	0
35.5258859414414	0	0.987696192023206	0
35.5763847132132	0	0.887251017823539	0
35.626883484985	0	0.862897509070596	0
35.6773822567568	0	0.853908301786726	0
35.7278810285285	0	0.878673500256873	0
35.7783798003003	0	0.84992888717481	0
35.8288785720721	0	0.821552299190946	0
35.8793773438438	0	0.814467348587745	0
35.9298761156156	0	0.808280400103749	0
35.9803748873874	0	0.778417580923976	0
36.0308736591592	0	0.776006546952339	0
36.0813724309309	0	0.78758496014772	0
36.1318712027027	0	0.763278949717926	0
36.1823699744745	0	0.774518384789054	0
36.2328687462462	0	0.783077076370769	0
36.283367518018	0	0.790481200423945	0
36.3338662897898	0	0.797928987345878	0
36.3843650615616	0	0.818917303872731	0
36.4348638333333	0	0.911254917475744	0
36.4853626051051	0	0.971211801500017	0
36.5358613768769	0	0.98877491772546	0
36.5863601486486	0	1.03438736712635	0
36.6368589204204	0	1.06240383872421	0
36.6873576921922	0	1.08690641072466	0
36.737856463964	0	1.0796977506277	0
36.7883552357357	0	1.08065101672776	0
36.8388540075075	0	1.10075661627014	0
36.8893527792793	0	1.14862163320775	0
36.939851551051	0.0134698395863463	1.15163804129114	0
36.9903503228228	0.0574361898833525	1.18289373194012	0
37.0408490945946	0.104065715772007	1.26282877954597	0
37.0913478663664	0.153361709401714	1.32219534804144	0
37.1418466381381	0.205601067347437	1.42708391895481	0
37.1923454099099	0.261266170490171	1.50367961890428	0
37.2428441816817	0.320405420637452	1.61726230987615	0
37.2933429534535	0.383018817789239	1.66715716291979	0
37.3438417252252	0.449106361945589	1.71606348682991	0
37.394340496997	0.518668053106461	1.77873226802041	0
37.4448392687688	0.591703891271853	1.84823974927353	0
37.4953380405405	0.668213876441785	1.90306860492422	0
37.5458368123123	0.748198008616227	1.96316055898217	0
37.5963355840841	0.831656287795221	2.04895102964359	0
37.6468343558559	0.918588713978777	2.10895829322019	0
37.6973331276276	1.00899528716678	2.18223861240283	0
37.7478318993994	1.10287600735938	2.25322398725745	0
37.7983306711712	1.2002308745565	2.37996069091176	0
37.8488294429429	1.3010598887582	2.57352059653011	0
37.8993282147147	1.40536304996431	2.67554218106759	0.172143272623118
37.9498269864865	1.51314035817509	2.83276923913289	0.315182393240864
38.0003257582583	1.62439181339025	2.96898624789495	0.419662022526069
38.05082453003	1.73911741561011	3.12456621404598	0.507566677586348
38.1013233018018	1.85731716483433	3.33951984505702	0.526376988814671
38.1518220735736	1.97899106106315	3.63584772633477	0.499593457025049
38.2023208453453	2.10413910429663	3.93350769643644	0.401712069421746
38.2528196171171	2.2327612945345	4.19887607256677	0.375936998597404
38.3033183888889	2.36485763177686	4.49407866616508	0.339005738162685
38.3538171606607	2.50209757400515	4.80105589897206	0.331326311197492
38.4043159324324	2.65658102425729	5.11452220039137	0.363015875290159
38.4548147042042	2.83363927967666	5.42813657085244	0.475726914155958
38.505313475976	3.03329557976976	5.75740196970712	0.805849523731495
38.5558122477477	3.2555499245361	6.21555759108777	1.15205375738639
38.6063110195195	3.50040231397619	6.56860549083085	1.57626668133753
38.6568097912913	3.76785274808999	6.95676309622059	1.84253281121842
38.7073085630631	4.05790122687703	7.44249600939323	1.92049154312412
38.7578073348348	4.36759994582298	7.88436357427795	2.00027942567759
38.8083061066066	4.6449650706581	8.24136357655086	2.04322737933686
38.8588048783784	4.84510204098158	8.27924078229412	2.00405313510442
38.9093036501502	4.95836803607449	8.04650248327881	1.9982668266605
38.9598024219219	4.97731947773233	7.93421369028987	1.94214336819825
39.0103011936937	4.90168686439259	7.75032735413548	1.92550980629007
39.0607999654655	4.73147019605613	7.45743043752443	1.87140403713394
39.1112987372372	4.4666694727229	6.90345983204864	1.78404683332345
39.161797509009	4.10732271161662	6.39429651872506	1.6483723721568
39.2122962807808	3.67684950256773	6.04896768840502	1.3988373301647
39.2627950525525	3.23852997903587	5.52718039384978	0.982212559482259
39.3132938243243	2.81653993309583	4.80067463677893	0.83965721551762
39.3637925960961	2.44592448395508	4.40398895613009	0.521690900172059
39.4142913678679	2.13225002154876	4.17879737261234	0.0686792472308345
39.4647901396396	1.87551654587642	4.09187955550044	0
39.5152889114114	1.67572405693851	4.08409629559986	0
39.5657876831832	1.53287255473464	4.00098307559712	0
39.616286454955	1.44696203926503	3.86190460144719	0
39.6667852267267	1.41795084336387	3.8111178522264	0
39.7172839984985	1.43172754554438	3.78890473543844	0
39.7677827702703	1.45370656902753	3.72112071981155	0
39.818281542042	1.47868653133401	3.65233041066468	0
39.8687803138138	1.50666280885435	3.56970988982241	0
39.9192790855856	1.5360873224107	3.55073196244579	0
39.9697778573574	1.56317381214492	3.52726479465114	0
40.0202766291291	1.58735417020076	3.64292905987218	0
40.0707754009009	1.60862839657841	3.65820508160473	0
40.1212741726727	1.62699649127772	3.7032151408661	0
40.1717729444444	1.64245845429877	3.62039337991809	0
40.2222717162162	1.65631242093567	3.50549926689987	0
40.272770487988	1.67389310488351	3.53902905087152	0
40.3232692597598	1.6965706954845	3.5116423004315	0
40.3737680315315	1.72434519371178	3.52462383905856	0
40.4242668033033	1.75721659956567	3.52974537770869	0
40.4747655750751	1.79518491304588	3.5251584262178	0.00527742209926482
40.5252643468468	1.8382501341527	3.48106282443835	0.0631837482493998
40.5757631186186	1.886412262886	3.46345651500848	0.154008829099441
40.6262618903904	1.93967129924566	3.42789736238874	0.226187845579138
40.6767606621622	1.99802724323193	3.34294546897861	0.229980679680922
40.7272594339339	2.06148009484449	3.37342716211726	0.240401500070971
40.7777582057057	2.13002985408373	3.52225163161304	0.185721757996737
40.8282569774775	2.20367652094924	3.88335257081225	0.218384322808894
40.8787557492493	2.28242009544143	4.32018126853972	0.262651001229762
40.929254521021	2.36626057755988	4.89760820413595	0.2548538326821
40.9797532927928	2.45519796730505	5.43745686407789	0.233641312260836
41.0302520645646	2.5473486254611	6.0481424632023	0.217305074467742
41.0807508363363	2.60515370213206	6.64985747254908	0.125879111115021
41.1312496081081	2.59400264442175	6.78670939657509	0.0707889944386206
41.1817483798799	2.51260270814274	6.46138868531063	0
41.2322471516516	2.36355960787426	5.68677814382968	0
41.2827459234234	2.19135143245362	5.2062188019685	0
41.3332446951952	2.03326162260594	4.89361747448008	0
41.383743466967	1.89044290517836	4.67766738177177	0
41.4342422387387	1.76289528017065	4.57694607976035	0
41.4847410105105	1.65061874758278	4.52533081005632	0
41.5352397822823	1.55376003376435	4.34626837387407	0
41.5857385540541	1.47572804745369	4.22180093468247	0
41.6362373258258	1.41995080786158	4.12044589148174	0
41.6867360975976	1.38657886346946	4.08351027405232	0
41.7372348693694	1.37561221427713	4.0702806803912	0
41.7877336411411	1.38705086028472	4.07140262297219	0
41.8382324129129	1.4208948014921	3.98405698438239	0
41.8887311846847	1.47714403789944	3.93071211818099	0
41.9392299564565	1.55579856950664	3.90144257808276	0
41.9897287282282	1.65685839631375	3.9139354649567	0
42.0402275	1.78032351832066	4.04650923612394	0
42.0907262717718	1.92619393552738	4.11461949677503	0
42.1412250435435	2.09446964793419	4.17174342104763	0.247897786906097
42.1917238153153	2.28515065554064	4.32638874282072	0.488690223710587
42.2422225870871	2.49823695834718	4.65174354511031	0.618995416262134
42.2927213588589	2.73372855635338	4.96677914505543	0.813811457797893
42.3432201306306	2.99155060542652	5.3807518618472	1.01097307903257
42.3937189024024	3.25757349668743	5.88040810092569	1.23922449241803
42.4442176741742	3.5010854745768	6.43800667105709	1.39607533577256
42.4947164459459	3.71805422594056	6.81842613195028	1.50528966764571
42.5452152177177	3.90847975077794	7.06944191139173	1.69864151837823
42.5957139894895	4.07236204908962	7.06152922453059	1.80870578795556
42.6462127612613	4.20970112087505	6.9299344039051	1.89019154252113
42.696711533033	4.32023339269259	6.90870549567721	1.99670499003748
42.7472103048048	4.4023290952808	6.97547675996165	2.03705105900546
42.7977090765766	4.45536600831396	7.10666236152746	2.04221768436444
42.8482078483483	4.47934289264213	7.14369595266374	2.06675878728063
42.8987066201201	4.47425974826487	7.23911201852167	2.033466426359
42.9492053918919	4.44011657518269	7.20818519648623	1.92231931366039
42.9997041636637	4.37691337339495	7.05230243292258	1.86602488785872
43.0502029354354	4.28465014290255	6.79490678603014	1.77560376645556
43.1007017072072	4.16332688370454	6.58375677553256	1.67240733327124
43.151200478979	4.01294359580166	6.28667135319299	1.58618665945392
43.2016992507507	3.8335254899884	5.9845739815647	1.43883086492299
43.2521980225225	3.63638812530794	5.70764375837278	1.29969456660719
43.3026967942943	3.45064469416908	5.43225106294501	1.183050775309
43.3531955660661	3.28091305886565	5.22614920940528	1.1074558532152
43.4036943378378	3.12719321939782	5.02846809596901	1.02586619752587
43.4541931096096	2.98948517576507	4.98235241190564	0.894479000950803
43.5046918813814	2.86778892796796	4.89116934977246	0.707234718584717
43.5551906531531	2.76210447600598	4.79228932914589	0.507052972508384
43.6056894249249	2.6724318198796	4.7820413716022	0.413523862151661
43.6561881966967	2.59877095958852	4.76598798197066	0.362301608877343
43.7066869684685	2.54112189513289	4.78503322997826	0.198676747205138
43.7571857402402	2.49961545478208	4.83193531297665	0.00620335867219729
43.807684512012	2.4760469483955	4.91691877439767	0
43.8581832837838	2.47171985143013	4.88410085457905	0
43.9086820555556	2.48666345395873	4.83594422879843	0
43.9591808273273	2.52051192052947	4.87988781973184	0.143412421762887
44.0096795990991	2.56305831273394	4.6436724914928	0.44652120325507
44.0601783708709	2.60298761927393	4.54095156705435	0.756373124755
44.1106771426426	2.63971165193769	4.38897667919762	0.880287311370518
44.1611759144144	2.67323041072538	4.30066332263141	1.03678466365926
44.2116746861862	2.70354389563661	4.21987229895023	1.13395236175977
44.262173457958	2.73065210667181	4.16806257662277	1.19377479559148
44.3126722297297	2.75455504383095	4.09292621888751	1.21257313554933
44.3631710015015	2.7752527071137	4.05468343651286	1.15996268082326
44.4136697732733	2.79274509652044	4.01693613543541	1.14656725713523
44.464168545045	2.80703221205078	4.051698351232	1.12942668125819
44.5146673168168	2.81811405370516	4.09363527768004	1.08109631291286
44.5651660885886	2.82599062148314	4.15836094034261	1.04295180854462
44.6156648603604	2.83066191538519	4.22424262791921	1.02317887225579
44.6661636321321	2.83212793541072	4.18483810971311	0.965682533367036
44.7166624039039	2.83038868156042	4.24580035847772	0.894160592807356
44.7671611756757	2.82544415383363	4.25621594376619	0.765465174106274
44.8176599474474	2.8172943522308	4.23671365401971	0.644106439870249
44.8681587192192	2.80593927675192	4.36472560735879	0.573937248797968
44.918657490991	2.79137892739656	4.47885464146624	0.537008764016884
44.9691562627628	2.77361330416529	4.63393834366903	0.473541580042653
45.0196550345345	2.75165104859185	4.97995751081552	0.345031739038223
45.0701538063063	2.72101921040621	5.16886657239075	0.170048881430628
45.1206525780781	2.68045684345663	5.25754541393041	0.129890346146244
45.1711513498499	2.62996387542918	5.21811271462645	0.0632725219518393
45.2216501216216	2.56954030632392	4.8979357002128	0.042715316552857
45.2721488933934	2.49918613614091	4.84271592706127	0.0172281990085632
45.3226476651652	2.42099403856408	4.85250741813391	0
45.3731464369369	2.34392500586749	4.78196960681055	0
45.4236452087087	2.27037712069993	4.81957788274731	0
45.4741439804805	2.20035040931266	4.54430678152458	0
45.5246427522522	2.13476294522288	4.14924680299447	0
45.575141524024	2.08268543203216	3.97237877355245	0
45.6256402957958	2.04928940494108	4.05695039541288	0
45.6761390675676	2.0346350622794	4.29579073148953	0
45.7266378393393	2.03872240404722	4.63361952635473	0
45.7771366111111	2.06155143024479	4.96239833986305	0
45.8276353828829	2.10312214087159	5.31657081573314	0
45.8781341546547	2.16343453592808	5.69640689164876	0
45.9286329264264	2.24248861541391	6.1543060013237	0
45.9791316981982	2.34028437932945	6.53016890162424	0.294775129716992
46.02963046997	2.45708579044358	6.98559981624178	0.767254090063558
46.0801292417417	2.59760611728211	7.44274814820286	1.05396691557318
46.1306280135135	2.76590872159531	7.87062571194468	1.2730278852131
46.1811267852853	2.96212668715149	8.22832068366844	1.40657606053553
46.2316255570571	3.18626001395108	8.5722621429308	1.51792475213117
46.2821243288288	3.43830870199373	8.91034926882643	1.64344854541242
46.3326231006006	3.71827275127976	9.29066532871083	1.81816929210121
46.3831218723724	4.02615216180877	9.58226012533574	2.07640157147669
46.4336206441441	4.3619469335813	9.85154021902085	2.38336559808741
46.4841194159159	4.72565706659671	10.1252847440773	2.76215681964201
46.5346181876877	5.11728256085558	10.3450294681528	3.17101706221424
46.5851169594595	5.53682341635758	10.6291457834244	3.64604998374404
46.6356157312312	5.98427963310275	10.8654351640403	3.9465995342478
46.686114503003	6.45965121109137	11.077325581589	4.19229934771198
46.7366132747748	6.96293815032282	11.319214806261	4.37782768001315
46.7871120465465	7.4941404507979	11.6075502996672	4.58025132894867
46.8376108183183	8.05373191933372	11.9002573380388	4.70864177546356
46.8881095900901	8.65700758282137	12.2849009395067	5.15901680194401
46.9386083618619	9.32107352176533	12.6202311715365	6.0385272295429
46.9891071336336	10.008633355665	12.9621552662018	7.26111956184306
47.0396059054054	10.6727245037745	13.224419031602	8.37601189619031
47.0901046771772	11.3104814582028	13.5937517656818	9.2385539919466
47.1406034489489	11.9219042189501	13.964351701495	9.79372360139996
47.1911022207207	12.5069927860151	14.5021413486888	10.1532620172694
47.2416009924925	13.0657471593994	15.0297553252898	10.556327185336
47.2920997642643	13.598167339101	15.5247453175755	11.0458346024336
47.342598536036	14.1042533251222	16.0408238875088	11.2960262742562
47.3930973078078	14.5840051174608	16.4711038281624	11.6878521697995
47.4435960795796	15.0374227161193	16.9199546200929	11.900608566818
47.4940948513513	15.4645061210946	17.3730301645905	12.0403619163584
47.5445936231231	15.8652553323892	17.7933958491267	12.3849914617186
47.5950923948949	16.2396703500026	18.2121730201276	12.43099894864
47.6455911666667	16.5877511739334	18.6039200607708	12.5696812377285
47.6960899384384	16.9094978041844	18.8967812984265	12.6611252402391
47.7465887102102	17.2049102407517	19.1961356520958	12.7122591086416
47.797087481982	17.4739884836394	19.4828600528049	12.9606825765999
47.8475862537538	17.7165628251968	19.6655067859354	13.0468085235263
47.8980850255255	17.9269186049285	19.8497939850405	13.3413937655211
47.9485837972973	18.0981060372813	20.0565954979638	13.4680619301665
47.9990825690691	18.2297054208369	20.2471047303838	13.4732353934245
48.0495813408408	18.3217167555944	20.4624398498874	13.6294988536996
48.1000801126126	18.3741400415533	20.597015775847	13.5627534880984
48.1505788843844	18.3869752787153	20.7012423080051	13.5775454714394
48.2010776561562	18.3602224670769	20.767518052667	13.521825323748
48.2515764279279	18.2938816066425	20.7672436452999	13.5063726815733
48.3020751996997	18.1879526974076	20.6535025345164	13.3308139358612
48.3525739714715	18.0424357393773	20.4325342780407	13.3838810347313
48.4030727432432	17.8573307325464	20.1612701526774	13.2012068066831
48.453571515015	17.6326376769189	19.8558313206454	13.0531498170463
48.5040702867868	17.3683565724919	19.5106736329584	12.9052192294468
48.5545690585586	17.0644874192674	18.9962397947495	12.6941167943672
48.6050678303303	16.7210302172457	18.5393457624091	12.4935817635266
48.6555666021021	16.3379849664239	18.0432282519304	12.2697016502701
48.7060653738739	15.9153516668056	17.754931122019	12.0691412920143
48.7565641456456	15.4531303183879	17.4874766145485	11.8091705036569
48.8070629174174	14.951320921173	17.4843051294433	11.6982385852251
48.8575616891892	14.4100208240103	17.2955218698229	11.4396029989895
48.908060460961	13.8396396244763	17.0953429521857	11.0959414994133
48.9585592327327	13.2595489331806	16.8511679212076	10.5727877820025
49.0090580045045	12.6718474574721	16.3314385552928	10.0207093329312
49.0595567762763	12.0765351973501	16.0583038361342	9.45368274676102
49.110055548048	11.4736121528135	15.5650390751688	8.97336823255717
49.1605543198198	10.8633365978731	15.3721350705318	8.48564043806202
49.2110530915916	10.2668264153661	14.8264577827412	8.03571351228634
49.2615518633634	9.71928155884644	14.5394999339245	7.54046294503946
49.3120506351351	9.22390536050466	14.0702794260888	6.99076229046972
49.3625494069069	8.78069782034311	13.615887414886	6.48480754805596
49.4130481786787	8.38965893835965	13.222428745596	6.05856803300778
49.4635469504504	8.05078871455534	13.120274697816	5.74928426507913
49.5140457222222	7.76408714893068	12.9493927412883	5.43015908310763
49.564544493994	7.52955424148425	12.8550905335215	5.28532041289994
49.6150432657658	7.34718999221724	12.656125206133	4.81608425903916
49.6655420375375	7.21699440112876	12.3615984924284	4.01643591598662
49.7160408093093	7.14288738552273	12.0774451148108	3.26403363860717
49.7665395810811	7.16012338732785	11.6806195437969	3.07946367089317
49.8170383528528	7.28280484150771	11.4897146417299	2.7957102940641
49.8675371246246	7.48996792675672	11.1033589623063	2.80021409335453
49.9180358963964	7.76884854512646	10.6841588471507	3.14195557985181
49.9685346681682	8.11930158535312	10.5352211663516	3.32055802852759
50.0190334399399	8.54127967950321	10.6953400926758	3.26470117272596
50.0695322117117	9.00057910573454	11.430617018353	3.19555966713909
50.1200309834835	9.42415950125605	12.2296578280898	3.19058764881781
50.1705297552553	9.80322363249334	12.8323704211306	3.12839224157241
50.221028527027	10.1377714994449	13.4742142128502	2.89056086422924
50.2715272987988	10.4278031021122	14.4613631774127	2.62136170331093
50.3220260705706	10.6638736880459	15.6599729519119	2.53664053684781
50.3725248423423	10.7433241496021	15.9276698054303	2.52359137141955
50.4230236141141	10.7392412718643	16.097959446355	2.50415538740468
