phys	rec.rate	upper	lower
0.0275951216216216	0.786876471697625	22.362325663076	0
0.0827853648648649	0.786876471697595	22.3623256630765	0
0.137975608108108	0.786876471697616	22.362325663076	0
0.193165851351351	0.786876471697627	22.3623256630762	0
0.248356094594595	0.786876471697594	22.362325663076	0
0.303546337837838	0.786876471697612	22.3623256630762	0
0.358736581081081	0.786876471697622	22.362325663076	0
0.413926824324324	0.786876471697595	22.362325663076	0
0.469117067567568	0.786876471697635	22.3623256630763	0
0.524307310810811	0.786876471697611	22.362325663076	0
0.579497554054054	0.786876471697598	22.362325663076	0
0.634687797297297	0.786876471697621	22.3623256630762	0
0.689878040540541	0.786876471697617	22.362325663076	0
0.745068283783784	0.786876471697591	22.3623256630765	0
0.800258527027027	0.786876471697631	22.362325663076	0
0.85544877027027	0.78687647169761	22.362325663076	0
0.910639013513514	0.7868764716976	22.3623256630762	0
0.965829256756757	0.786876471697625	22.362325663076	0
1.0210195	0.786876471697614	22.362325663076	0
1.07620974324324	0.786876471697606	22.3623256630763	0
1.13139998648649	0.786876471697617	22.3623256630762	0
1.18659022972973	0.786876471697624	22.362325663076	0
1.24178047297297	0.786876471697588	22.3623256630763	0
1.29697071621622	0.786876471697625	22.3623256630759	0
1.35216095945946	0.786876471697614	22.362325663076	0
1.4073512027027	0.786876471697603	22.3623256630762	0
1.46254144594595	0.786876471697627	22.3623256630763	0
1.51773168918919	0.786876471697616	22.3623256630759	0
1.57292193243243	0.786876471697593	22.3623256630763	0
1.62811217567568	0.786876471697626	22.3623256630761	0
1.68330241891892	0.786876471697622	22.3623256630759	0
1.73849266216216	0.786876471697586	22.3623256630761	0
1.79368290540541	0.786876471697632	22.3623256630763	0
1.84887314864865	0.786876471697613	22.3623256630759	0
1.90406339189189	0.78687647169759	22.3623256630761	0
1.95925363513514	0.786876471697641	22.3623256630763	0
2.01444387837838	0.786876471697608	22.3623256630759	0
2.06963412162162	0.786876471697604	22.3623256630763	0
2.12482436486486	0.786876471697616	22.3623256630761	0
2.18001460810811	0.786876471697625	22.3623256630761	0
2.23520485135135	0.786876471697585	22.3623256630761	0
2.29039509459459	0.786876471697628	22.3623256630762	0
2.34558533783784	0.786876471697616	22.3623256630761	0
2.40077558108108	0.786876471697602	22.3623256630761	0
2.45596582432432	0.786876471697625	22.3623256630761	0
2.51115606756757	0.786876471697616	22.3623256630761	0
2.56634631081081	0.786876471697597	22.3623256630763	0
2.62153655405405	0.786876471697619	22.3623256630761	0
2.6767267972973	0.786876471697624	22.3623256630761	0
2.73191704054054	0.786876471697602	22.3623256630761	0
2.78710728378378	0.786876471697615	22.3623256630762	0
2.84229752702703	0.786876471697613	22.3623256630761	0
2.89748777027027	0.786876471697615	22.3623256630761	0
2.95267801351351	0.786876471697611	22.3623256630762	0
3.00786825675676	0.786876471697618	22.3623256630761	0
3.0630585	0.786876471697612	22.3623256630761	0
3.11824874324324	0.7868764716976	22.3623256630761	0
3.17343898648649	0.786876471697628	22.3623256630761	0
3.22862922972973	0.786876471697607	22.3623256630762	0
3.28381947297297	0.786876471697609	22.362325663076	0
3.33900971621622	0.786876471697615	22.3623256630762	0
3.39419995945946	0.78687647169761	22.3623256630761	0
3.4493902027027	0.786876471697602	22.3623256630762	0
3.50458044594595	0.786876471697627	22.3623256630761	0
3.55977068918919	0.786876471697613	22.3623256630761	0
3.61496093243243	0.786876471697603	22.3623256630761	0
3.67015117567568	0.786876471697624	22.3623256630761	0
3.72534141891892	0.786876471697607	22.3623256630761	0
3.78053166216216	0.786876471697613	22.3623256630761	0
3.83572190540541	0.78687647169761	22.3623256630761	0
3.89091214864865	0.786876471697618	22.3623256630761	0
3.94610239189189	0.7868764716976	22.3623256630761	0
4.00129263513514	0.786876471697628	22.3623256630761	0
4.05648287837838	0.786876471697612	22.3623256630761	0
4.11167312162162	0.786876471697608	22.3623256630761	0
4.16686336486486	0.786876471697623	22.3623256630761	0
4.22205360810811	0.785136141925112	22.3471832125134	0
4.27724385135135	0.758544126965043	22.1152292605167	0
4.33243409459459	0.72416886782646	21.8165852541614	0
4.38762433783784	0.690199241286635	21.523777450471	0
4.44281458108108	0.65663524734556	21.2254092318497	0
4.49800482432432	0.623476886003248	20.9182609582784	0
4.55319506756757	0.590724157259675	20.6293814956628	0
4.60838531081081	0.558377061114847	20.3394257878236	0
4.66357555405405	0.526435597568798	20.0365200645327	0
4.7187657972973	0.494899766621463	19.7552651889607	0
4.77395604054054	0.463769568272906	19.4770092448419	0
4.82914628378378	0.433045002523093	19.4696993637729	0
4.88433652702703	0.402726069372036	19.1974575978768	0
4.93952677027027	0.37281276881971	19.0952506787796	0
4.99471701351351	0.343305100866174	19.0952506787799	0
5.04990725675676	0.31420306551136	19.0952506787797	0
5.1050975	0.285506662755288	19.0894548428102	0
5.16028774324324	0.257215892598007	18.9384417734118	0
5.21547798648649	0.22933075503943	18.6380256150735	0
5.27066822972973	0.201851250079644	18.3392596661516	0
5.32585847297297	0.174777377718589	18.0421439266458	0
5.38104871621622	0.14810913795629	17.8527838655293	0
5.43623895945946	0.121846530792728	17.7076857175064	0
5.4914292027027	0.0959895562279638	17.7076857175065	0
5.54661944594595	0.070538214261904	17.7076857175066	0
5.60180968918919	0.0454925048945972	17.7076857175064	0
5.65699993243243	0.0208524281260805	17.7057041091206	0
5.71219017567568	0	17.4576840356584	0
5.76738041891892	0	17.3633965065192	0
5.82257066216216	0	17.3633965065192	0
5.87776090540541	0	17.3633965065191	0
5.93295114864865	0	17.3633965065192	0
5.98814139189189	0	17.3633965065192	0
6.04333163513514	0	17.3633965065192	0
6.09852187837838	0	17.2624140181903	0
6.15371212162162	0	16.9361521997215	0
6.20890236486487	0	16.7192223039035	0
6.26409260810811	0	16.7106894555942	0
6.31928285135135	0	16.4564599696214	0
6.3744730945946	0	16.1206851110355	0
6.42966333783784	0	15.7855063433234	0
6.48485358108108	0	15.4524232039487	0
6.54004382432433	0	15.1214356929089	0
6.59523406756757	0	15.0111911677539	0
6.65042431081081	0	14.7485243548508	0
6.70561455405405	0	14.6688892723274	0
6.7608047972973	0	14.5429520225359	0
6.81599504054054	0	14.2795298689793	0
6.87118528378378	0	14.2795298689792	0
6.92637552702703	0	14.2795298689792	0
6.98156577027027	0	14.2795298689792	0
7.03675601351351	0	14.2795298689792	0
7.09194625675676	0	14.2795298689792	0
7.1471365	0	14.2795298689792	0
7.20232674324324	0	14.2795298689792	0
7.25751698648649	0	14.2795298689792	0
7.31270722972973	0	14.2795298689793	0
7.36789747297297	0	14.269814971771	0
7.42308771621622	0	13.9454667797056	0
7.47827795945946	0	13.9454667797056	0
7.5334682027027	0	13.9454667797055	0
7.58865844594595	0	13.9454667797056	0
7.64384868918919	0	13.9454667797056	0
7.69903893243243	0	13.9454667797056	0
7.75422917567568	0	13.9454667797056	0
7.80941941891892	0	13.9454667797056	0
7.86460966216216	0	13.9454667797056	0
7.91979990540541	0	13.9454667797056	0
7.97499014864865	0	13.9454667797056	0
8.03018039189189	0	13.9454667797056	0
8.08537063513513	0	13.9454667797056	0
8.14056087837838	0	13.9454667797056	0
8.19575112162162	0	13.9454667797056	0
8.25094136486486	0	13.9454667797056	0
8.30613160810811	0	13.9454667797056	0
8.36132185135135	0	13.9454667797056	0
8.41651209459459	0	13.9454667797056	0
8.47170233783784	0	13.9454667797056	0
8.52689258108108	0	13.9376027666517	0
8.58208282432432	0	13.7507512762543	0
8.63727306756757	0	13.4908694885749	0
8.69246331081081	0	13.2327932196999	0
8.74765355405405	0	12.9765224696292	0
8.8028437972973	0	12.7220572383629	0
8.85803404054054	0	12.4693975259009	0
8.91322428378378	0	12.2185433322431	0
8.96841452702703	0	11.9694946573898	0
9.02360477027027	0	11.7222515013407	0
9.07879501351351	0	11.476813864096	0
9.13398525675676	0	11.2331817456556	0
9.1891755	0	11.0399282736738	0
9.24436574324324	0	10.9176341360208	0
9.29955598648649	0	10.7556424358739	0
9.35474622972973	0	10.5166482794792	0
9.40993647297297	0	10.2794710284314	0
9.46512671621622	0	10.0417534382589	0
9.52031695945946	0	9.80510046896325	0
9.5755072027027	0	9.57029911350397	0
9.63069744594595	0	9.33734937188095	0
9.68588768918919	0	9.23330360883875	0
9.74107793243243	0	9.16396655187265	0
9.79626817567568	0	8.93472244324077	0
9.85145841891892	0	8.70455631472687	0
9.90664866216216	0	8.47625148130796	0
9.96183890540541	0	8.37455724556504	0
10.0170291486486	0	8.16930966861448	0
10.0722193918919	0	7.943721952067	0
10.1274096351351	0	7.72003242894022	0
10.1825998783784	0	7.63685524002063	0
10.2377901216216	0	7.63455941578637	0
10.2929803648649	0	7.63227266693374	0
10.3481706081081	0	7.5900389253963	0
10.4033608513514	0	7.3538641728385	0
10.4585510945946	0	7.20775675598019	0
10.5137413378378	0	7.12222364954484	0
10.5689315810811	0	6.87948735582548	0
10.6241218243243	0	6.65217582118632	0
10.6793120675676	0	6.41994752980121	0
10.7345023108108	0	6.18154482611191	0
10.7896925540541	0	5.94538977135154	0
10.8448827972973	0	5.71148236551981	0
10.9000730405405	0	5.47982260861687	0
10.9552632837838	0	5.33740145911277	0
11.010453527027	0	5.12966906130325	0
11.0656437702703	0	4.89855402315608	0
11.1208340135135	0	4.66976114202749	0
11.1760242567568	0	4.49211921304192	0
11.2312145	0	4.51713112742655	0
11.2864047432432	0	4.37010323429162	0
11.3415949864865	0	4.21546957053782	0
11.3967852297297	0	4.05981572789394	0
11.451975472973	0	3.98068183844254	0
11.5071657162162	0	3.84090660191031	0
11.5623559594595	0	3.74470343067416	0
11.6175462027027	0	3.69099303244503	0
11.6727364459459	0	3.44880943326461	0
11.7279266891892	0	3.37301707597629	0
11.7831169324324	0	3.34900020587855	0
11.8383071756757	0	3.10254449720107	0
11.8934974189189	0	2.97245268275251	0
11.9486876621622	0	2.87813445393504	0
12.0038779054054	0	2.8786002587738	0
12.0590681486486	0	2.87745356910386	0
12.1142583918919	0	2.87370365878994	0
12.1694486351351	0	2.87370365879019	0
12.2246388783784	0	2.87370365878964	0
12.2798291216216	0	2.8169944723858	0
12.3350193648649	0	2.8169944723858	0
12.3902096081081	0	2.81699447238551	0
12.4453998513514	0	2.81628714912335	0
12.5005900945946	0	2.80892185954264	0
12.5557803378378	0	2.80892185954235	0
12.6109705810811	0	2.77139977828447	0
12.6661608243243	0	2.7237894320923	0
12.7213510675676	0	2.68171806669684	0
12.7765413108108	0	2.68105380853187	0
12.8317315540541	0	2.68109479312064	0
12.8869217972973	0	2.68171806669697	0
12.9421120405405	0	2.68171806669689	0
12.9973022837838	0	2.68171806669702	0
13.052492527027	0	2.68171806669698	0
13.1076827702703	0	2.68171806669689	0
13.1628730135135	0	2.73203718020574	0
13.2180632567568	0	2.73364983901201	0
13.2732535	0	2.75869423460426	0
13.3284437432432	0	2.80892185954264	0
13.3836339864865	0	2.81699447238551	0
13.4388242297297	0	2.8169944723858	0
13.494014472973	0	2.87370365879006	0
13.5492047162162	0	2.8737036587899	0
13.6043949594595	0	2.87715729816185	0
13.6595852027027	0	2.87731079332177	0
13.7147754459459	0	2.85794096847813	0
13.7699656891892	0	2.8169944723858	0
13.8251559324324	0	2.81555372682217	0
13.8803461756757	0	2.81665399578665	0
13.9355364189189	0	2.87401161041143	0
13.9907266621622	0	2.97843998704282	0
14.0459169054054	0	3.05105019074367	0
14.1011071486486	0	3.11714866913926	0
14.1562973918919	0	3.1925049854869	0
14.2114876351351	0	3.23345034455994	0
14.2666778783784	0	3.27100315830026	0
14.3218681216216	0	3.3443743039307	0
14.3770583648649	0	3.41611108293909	0
14.4322486081081	0	3.48609786325534	0
14.4874388513514	0	3.55468154109075	0
14.5426290945946	0	3.62151522023366	0
14.5978193378378	0	3.68671453275506	0
14.6530095810811	0	3.75027947865442	0
14.7081998243243	0	3.8122100579321	0
14.7633900675676	0	3.87250627058782	0
14.8185803108108	0	3.931168116622	0
14.8737705540541	0	3.98061701515793	0
14.9289607972973	0	3.98200198746341	0
14.9841510405405	0	3.98334610489586	0
15.0393412837838	0	4.01567812819748	0
15.094531527027	0	4.06168466380958	0
15.1497217702703	0	4.10606840024391	0
15.2049120135135	0	4.14882933750045	0
15.2601022567568	0	4.18996747557891	0
15.3152925	0	4.2380957554954	0
15.3704827432432	0	4.30740231263539	0
15.4256729864865	0	4.37598044375969	0
15.4808632297297	0	4.40715286143871	0
15.536053472973	0	4.47711839562893	0
15.5912437162162	0	4.54634693889037	0
15.6464339594595	0	4.61411772955946	0
15.7016242027027	0	4.647483792601	0
15.7568144459459	0	4.67836140606436	0
15.8120046891892	0	4.70760465290573	0
15.8671949324324	0	4.73521353312554	0
15.9223851756757	0	4.7628813928441	0
15.9775754189189	0	4.7878406905872	0
16.0327656621622	0	4.81118352511771	0
16.0879559054054	0	4.83315543492917	0
16.1431461486486	0	4.85363805838049	0
16.1983363918919	0	4.87251091487175	0
16.2535266351351	0	4.88977400440315	0
16.3087168783784	0	4.90529327247351	0
16.3639071216216	0	4.91788035109043	0
16.4190973648649	0	4.92887408965736	0
16.4742876081081	0	4.93827448817425	0
16.5294778513514	0	4.94608154664128	0
16.5846680945946	0	4.95229526505827	0
16.6398583378378	0	4.95691564342559	0
16.6950485810811	0	4.95994268174268	0
16.7502388243243	0	4.96137638001003	0
16.8054290675676	0	4.96121673822728	0
16.8606193108108	0	4.95946375639468	0
16.9158095540541	0	4.95611743451216	0
16.9709997972973	0	4.95117777257965	0
17.0261900405405	0	4.94464477059729	0
17.0813802837838	0	4.93651842856496	0
17.136570527027	0	4.92679874648258	0
17.1917607702703	0	4.95926147085644	0
17.2469510135135	0	4.99845171012677	0
17.3021412567568	0	5.03712155719251	0
17.3573315	0	5.07527101205402	0
17.4125217432432	0	5.112900074711	0
17.4677119864865	0	5.21771010673338	0
17.5229022297297	0	5.22103710739415	0
17.578092472973	0	5.22854702335865	0
17.6332827162162	0	5.37113574854192	0
17.6884729594595	0	5.45715796042555	0
17.7436632027027	0	5.58642519495282	0
17.7988534459459	0	5.71204794258826	0
17.8540436891892	0	5.69749018247336	0
17.9092339324324	0	5.65619630777182	0
17.9644241756757	0	5.61282463451827	0
18.0196144189189	0	5.56737516271262	0
18.0748046621622	0	5.55141924535737	0
18.1299949054054	0	5.6131172444584	0
18.1851851486486	0	5.70889912484811	0
18.2403753918919	0	5.80348834468716	0
18.2955656351351	0	5.89688490397547	0
18.3507558783784	0	5.98908880271278	0
18.4059461216216	0	5.97251688956096	0
18.4611363648649	0	6.06422522020267	0
18.5163266081081	0	6.15479427061292	0
18.5715168513514	0	6.16537224570142	0
18.6267070945946	0	6.0596348702627	0
18.6818973378378	0	5.95076676055015	0
18.7370875810811	0	5.88729807819573	0
18.7922778243243	0	5.90948917431711	0
18.8474680675676	0	5.93117083600452	0
18.9026583108108	0	5.95234644604008	0
18.9578485540541	0	5.92970286988358	0
19.0130387972973	0	5.95484846599793	0
19.0682290405405	0	6.01995092380555	0
19.1234192837838	0	6.04214958703368	0
19.178609527027	0	6.06465785321323	0
19.2337997702703	0	6.08662123688035	0
19.2889900135135	0	6.10803973803659	0
19.3441802567568	0	6.12891335668114	0
19.3993705	0	6.14924209281419	0
19.4545607432432	0	6.1690259464354	0
19.5097509864865	0	6.188264917546	0
19.5649412297297	0	6.20695900614441	0
19.620131472973	0	6.22510821223145	0
19.6753217162162	0	6.24271253580724	0
19.7305119594595	0	6.28520872991458	0
19.7857022027027	0	6.33051949604178	0
19.8408924459459	0	6.37492937818482	0
19.8960826891892	0	6.41843837634389	0
19.9512729324324	0.0176415750138507	6.46104649051857	0
20.0064631756757	0.0364871944231163	6.50275372070958	0
20.0616534189189	0.0551452675702433	6.54356006691664	0
20.1168436621622	0.0736157944552626	6.58346552913928	0
20.1720339054054	0.0918987750781712	6.62247010737826	0
20.2272241486487	0.109994209438938	6.65225295876445	0
20.2824143918919	0.127902097537616	6.69298324811888	0
20.3376046351351	0.145622439374166	6.73516359084966	0
20.3927948783784	0.163155234948586	6.77259231571122	0
20.4479851216216	0.180500484260891	6.80810509024434	0
20.5031753648649	0.197658187311091	6.84269444884796	0
20.5583656081081	0.214628344099173	6.87636039152244	0
20.6135558513514	0.23141095462511	6.90910291826727	0
20.6687460945946	0.248006018888962	6.94092202908209	0
20.7239363378378	0.264413536890678	6.97181772396791	0
20.7791265810811	0.280633508630284	7.00179000292457	0
20.8343168243243	0.296665934107768	7.03083886595096	0
20.8895070675676	0.312510813323135	7.0589643130485	0
20.9446973108108	0.32816814627638	7.0861663442165	0
20.9998875540541	0.343637932967505	7.1124449594547	0
21.0550777972973	0.358920173396529	7.13780015876333	0
21.1102680405405	0.37401486756341	7.16223194214315	0
21.1654582837838	0.388922015468198	7.18574030959268	0
21.220648527027	0.403641617110856	7.20832526111303	0
21.2758387702703	0.41817367249139	7.22998679670429	0
21.3310290135135	0.432518181609819	7.25072491636575	0
21.3862192567568	0.446675144466118	7.27053962009751	0
21.4414095	0.460644561060305	7.28943090789969	0
21.4965997432432	0.474426431392375	7.30739877977323	0
21.5517899864865	0.488020755462329	7.32444323571668	0
21.6069802297297	0.501427533270151	7.33853637129221	0
21.662170472973	0.514646764815873	7.02001056915214	0
21.7173607162162	0.527678450099468	7.03482133585528	0
21.7725509594595	0.540522589120942	7.0487595003766	0
21.8277412027027	0.553179181880314	7.06182506271721	0
21.8829314459459	0.565648228377549	7.07401802287555	0
21.9381216891892	0.577929728612665	7.08533838085309	0
21.9933119324324	0.590023682585687	7.09578613664852	0
22.0485021756757	0.601930090296563	7.10536129026296	0
22.1036924189189	0.613648951745344	7.10581442586789	0
22.1588826621622	0.625180266931983	6.76539523156049	0
22.2140729054054	0.636524035856529	6.66374706267416	0
22.2692631486486	0.647680258518947	6.66389994503053	0
22.3244533918919	0.65864893491923	6.664031045269	0
22.3796436351351	0.669430065057423	6.66414036338955	0
22.4348338783784	0.680023648933483	6.66422789939269	0
22.4900241216216	0.690429686547425	6.66429365327767	0
22.5452143648649	0.700648177899257	6.66433762504549	0
22.6004046081081	0.710679122988961	6.66435981469501	0
22.6555948513514	0.720522521816549	6.66436022222712	0
22.7107850945946	0.730178374382018	6.66433884764132	0
22.7659753378378	0.739646680685388	6.66429569093773	0
22.8211655810811	0.748927440726603	6.6642307521166	0
22.8763558243243	0.758020654505736	6.66414403117744	0
22.9315460675676	0.766926322022742	6.66403552812073	0
22.9867363108108	0.775644443277607	6.66390524294636	0
23.0419265540541	0.78417501827038	6.66375317565407	0
23.0971167972973	0.792518047001025	6.66357932624401	0
23.1523070405405	0.800673529469557	6.66338369471639	0
23.2074972837838	0.808641465675961	6.66316628107074	0
23.262687527027	0.816421855620263	6.66292708530768	0
23.3178777702703	0.824014699302427	6.66266610742658	0
23.3730680135135	0.831419996722482	6.66238334742795	0
23.4282582567568	0.838637747880437	6.66207880531139	0
23.4834485	0.845667952776236	6.66175248107729	0
23.5386387432432	0.852510611409949	6.66140437472529	0
23.5938289864865	0.859165723781533	6.66103448625549	0
23.6490192297297	0.865633289890998	6.66064281566804	0
23.704209472973	0.87191330973835	6.66022936296293	0
23.7593997162162	0.878005783323579	6.65979412814001	0
23.8145899594595	0.883910710646689	6.65933711119918	0
23.8697802027027	0.889628091707678	6.65885831214082	0
23.9249704459459	0.895157926506566	6.65835773096455	0
23.9801606891892	0.900500215043323	6.65783536767074	0
24.0353509324324	0.905654957317948	6.657291222259	0
24.0905411756757	0.910622153330489	6.6567252947295	0
24.1457314189189	0.915401803080889	6.81871003606058	0
24.2009216621622	0.91999390656916	6.88323598260883	0
24.2561119054054	0.924398463795342	6.84770086154022	0
24.3113021486487	0.928615474759402	6.81127333904323	0
24.3664923918919	0.932644939461319	6.77418816317961	0
24.4216826351351	0.936486857901129	6.73644533394943	0
24.4768728783784	0.940141230078842	6.69804485135301	0
24.5320631216216	0.943608055994408	6.65898671538971	0
24.5872533648649	0.946887335647867	6.64172267609255	0
24.6424436081081	0.949979069039218	6.59965641690969	0
24.6976338513514	0.952883256168436	6.55692700653392	0
24.7528240945946	0.955599897035543	6.58084977600687	0
24.8080143378378	0.958128991640535	6.61401277311273	0
24.8632045810811	0.960470539983417	6.64512829609097	0
24.9183948243243	0.962624542064132	6.60665685170441	0
24.9735850675676	0.9645909978828	6.56728452333348	0
25.0287753108108	0.966369907439319	6.52701131097852	0
25.0839655540541	0.96796127073368	6.48583721463945	0
25.1391557972973	0.969365087765994	6.44376223431697	0
25.1943460405405	0.970581358536151	6.40064951420629	0
25.2495362837838	0.971610083044188	6.35559062231979	0
25.304726527027	0.972451261290108	6.30961384724033	0
25.3599167702703	0.973104893273938	6.26271918896716	0
25.4151070135135	0.973570978995614	6.2149066475006	0
25.4702972567568	0.973849518455176	6.16617622284125	0
25.5254875	0.973940511652653	6.11652791498808	0
25.5806777432432	0.973843958587971	6.06596172394154	0
25.6358679864865	0.973559859261204	6.01975595188884	0
25.6910582297297	0.973088213672298	6.10364719102788	0
25.746248472973	0.972429021821269	6.14418614435629	0
25.8014387162162	0.971582283708152	6.09352468255228	0
25.8566289594595	0.970547999332881	6.04080340434942	0
25.9118192027027	0.969326168695514	5.98947923351406	0
25.9670094459459	0.96791679179603	5.99171289978113	0
26.0221996891892	0.96631986863442	5.99128590194677	0
26.0773899324324	0.964535399210701	5.9881982400106	0
26.1325801756757	0.962563383524841	5.98244991397297	0
26.1877704189189	0.960403821576888	5.93319776550766	0
26.2429606621622	0.958056713366813	5.8704378265446	0
26.2981509054054	0.955522058894609	5.84581443103223	0
26.3533411486486	0.952799858160292	5.86004970410839	0
26.4085313918919	0.949890111163861	5.87122125671875	0
26.4637216351351	0.946792817905303	5.83020642287865	0
26.5189118783784	0.943507978384639	5.77290942286227	0
26.5741021216216	0.940035592601861	5.71421236351984	0
26.6292923648649	0.936375660556936	5.65456896410425	0
26.6844826081081	0.932528182249921	5.593979224616	0
26.7396728513514	0.928493157680783	5.53244314505462	0
26.7948630945946	0.924270586849518	5.46996072542004	0
26.8500533378378	0.91986046975614	5.45828027569018	0
26.9052435810811	0.915262806400648	5.45722641070214	0
26.9604338243243	0.91047759678303	5.45610495151427	0
27.0156240675676	0.905504840903296	5.45491589812645	0
27.0708143108108	0.900344538761458	5.45365925053876	0
27.1260045540541	0.894996690357476	5.44259996098628	0
27.1811947972973	0.889461295691397	5.38830468771401	0
27.2363850405405	0.8837383547632	5.32920571724151	0
27.2915752837838	0.877827867572865	5.26744993849666	0
27.346765527027	0.871729834120431	5.18821514390891	0
27.4019557702703	0.865444254405874	5.09907216354927	0
27.4571460135135	0.858971128429199	5.00905684434698	0
27.5123362567568	0.852310456190401	4.91816918630187	0
27.5675265	0.845462237689494	4.82640918941426	0
27.6227167432432	0.838426472926462	4.74062380056991	0
27.6779069864865	0.831203161901309	4.68107890861034	0
27.7330972297297	0.823792304614057	4.63057968062239	0
27.788287472973	0.816193901064658	4.59665049329688	0
27.8434777162162	0.808407951253162	4.51073480425513	0
27.8986679594595	0.800434455179547	4.42419071236396	0
27.9538582027027	0.792273412843808	4.35322370004009	0
28.0090484459459	0.78392482424594	4.27998709576144	0
28.0642386891892	0.775388689385975	4.20448089952838	0
28.1194289324324	0.766665008263891	4.1267051113406	0
28.1746191756757	0.757753780879665	4.04665973119806	0
28.2298094189189	0.748655007233349	3.96411533033023	0
28.2849996621622	0.739368687324903	3.8790432687177	0
28.3401899054054	0.729894821154331	3.79169756530601	0
28.3953801486486	0.720233408721652	3.69931346474813	0
28.4505703918919	0.710384450026857	3.58326118637466	0
28.5057606351351	0.700347945069935	3.4660373136651	0
28.5609508783784	0.690123893850898	3.42204734745525	0
28.6161411216216	0.67971229636975	3.33516867686449	0
28.6713313648649	0.669113152626471	3.22440363032651	0
28.7265216081081	0.658326462621081	3.1213783722689	0
28.7817118513514	0.647352226353581	3.05010989284669	0
28.8369020945946	0.63619044382395	2.96841127128812	0
28.8920923378378	0.624301900117725	2.89291204103342	0
28.9472825810811	0.608521692105578	2.72226341876574	0
29.0024728243243	0.592932728916846	2.57362799450531	0
29.0576630675676	0.578478947451712	2.54309348662678	0
29.1128533108108	0.565160347710153	2.47138990759146	0
29.1680435540541	0.553001486263465	2.38085224243707	0
29.2232337972973	0.541437798423682	2.25726455801446	0
29.2784240405405	0.529849352295889	2.12961012034079	0
29.3336142837838	0.518221234172434	2.00695835690142	0
29.388804527027	0.506553444053276	1.89574359802884	0
29.4439947702703	0.494845981938498	1.77667526667436	0
29.4991850135135	0.483098847828036	1.67491653422768	0
29.5543752567568	0.471312041721893	1.58772194068049	0
29.6095655	0.4594855636201	1.4718716549294	0
29.6647557432432	0.447619413522646	1.37371276901909	0
29.7199459864865	0.435713591429512	1.33308826314551	0
29.7751362297297	0.423768097340729	1.25002431884421	0
29.830326472973	0.411782931256273	1.18870781753086	0
29.8855167162162	0.399758093176145	1.09201396760409	0
29.9407069594595	0.38769358310036	1.06262401454526	0
29.9958972027027	0.375589401028891	1.00056261080653	0
30.0510874459459	0.363445546961786	0.966856823121688	0
30.1062776891892	0.350831357310247	0.967159195725259	0
30.1614679324324	0.33793108635656	0.931728379744952	0
30.2166581756757	0.325336858051716	0.901729215810138	0
30.2718484189189	0.313048945510235	0.903154849188228	0
30.3270386621622	0.301067348732114	0.914352234367448	0
30.3822289054054	0.289392067717378	0.924674292681163	0
30.4374191486487	0.278023102465996	0.931942653016513	0
30.4926093918919	0.266960452977983	0.872154036105311	0
30.5477996351351	0.256204119253332	0.889922574100025	0
30.6029898783784	0.245754101292043	0.889397302671004	0
30.6581801216216	0.235610399094124	0.907326505193632	0
30.7133703648649	0.225773012659577	0.915991409048771	0
30.7685606081081	0.216241941988386	0.833712088629654	0
30.8237508513514	0.207017187080574	0.838685574103873	0
30.8789410945946	0.19809874793611	0.82355962873702	0
30.9341313378378	0.189486624555022	0.815599348206739	0
30.9893215810811	0.181180816937296	0.766566407624666	0
31.0445118243243	0.173181325082938	0.764327606144464	0
31.0997020675676	0.165488148991947	0.744134130930065	0
31.1548923108108	0.158101288664322	0.741824210237939	0
31.2100825540541	0.15102074410006	0.750250799716739	0
31.2652727972973	0.144246515299164	0.74707990325593	0
31.3204630405405	0.137778602261628	0.747848785869076	0
31.3756532837838	0.13161700498747	0.747275872127165	0
31.430843527027	0.125761723476671	0.7452502096328	0
31.4860337702703	0.120212757729239	0.741865969533116	0
31.5412240135135	0.114970107745171	0.747031145838429	0
31.5964142567568	0.110033773524469	0.784789672858788	0
31.6516045	0.105403755067134	0.767145182376661	0
31.7067947432432	0.101080052373163	0.76105486287026	0
31.7619849864865	0.0970626654425528	0.777110207002469	0
31.8171752297297	0.0933515942753211	0.780027296530001	0
31.872365472973	0.0899218460451418	0.775687950685416	0
31.9275557162162	0.0867665414472245	0.767850142829734	0
31.9827459594595	0.0845973238699756	0.765370697267451	0
32.0379362027027	0.0835494955053857	0.758828594463804	0
32.0931264459459	0.0836230563534433	0.751890376656344	0
32.1483166891892	0.0848180064141661	0.744024521693019	0
32.2035069324324	0.0871343456875478	0.710226660099139	0
32.2586971756757	0.0905720741735848	0.730136271606133	0
32.3138874189189	0.0951311918722723	0.741112322014962	0
32.3690776621622	0.100811698783627	0.753392171517762	0
32.4242679054054	0.107613594907629	0.770491190022292	0
32.4794581486486	0.115536880244299	0.766208755654992	0
32.5346483918919	0.124581554793612	0.783236712027069	0
32.5898386351351	0.134747618555596	0.794777256706437	0
32.6450288783784	0.146035071530227	0.827351697807229	0
32.7002191216216	0.158443913717523	0.858234723924529	0
32.7554093648649	0.171974145117465	0.887473720742979	0
32.8105996081081	0.186625765730082	0.897737516064725	0
32.8657898513514	0.202398775555336	0.939667032453697	0
32.9209800945946	0.219293174593266	0.982986348039938	0
32.9761703378378	0.237308962843831	1.00455791032058	0
33.0313605810811	0.256446140307081	1.0426753491581	0
33.0865508243243	0.276704706982957	1.07161516952143	0
33.1417410675676	0.298084662871525	1.11314840850557	0
33.1969313108108	0.320586007972712	1.15426435179816	0
33.2521215540541	0.344208742286586	1.19567623075296	0
33.3073117972973	0.368952865813097	1.22607974512927	0
33.3625020405405	0.39481837855228	1.26766798016744	0
33.4176922837838	0.42180528050411	1.29989842353166	0
33.472882527027	0.449913571668621	1.35542193152832	0
33.5280727702703	0.479143252045738	1.40763163208526	0
33.5832630135135	0.509604873136723	1.45187378242519	0
33.6384532567568	0.543110220740347	1.50839461140345	0
33.6936435	0.581139287528227	1.56101341941513	0
33.7488337432432	0.623735414093758	1.62810866163737	0
33.8040239864865	0.670898600437046	1.67579775322326	0
33.8592142297297	0.72262884655794	1.72037857774949	0
33.914404472973	0.778926152456609	1.799607643209	0
33.9695947162162	0.839790518132924	1.88140852207468	0
34.0247849594595	0.905221943586974	2.00665827603292	0.0330806506206673
34.0799752027027	0.975220428818649	2.09244349440638	0
34.1351654459459	1.04978597382813	2.22357900069662	0
34.1903556891892	1.1289224189326	2.32550986067212	0
34.2455459324324	1.21374298844476	2.38245467250773	0
34.3007361756757	1.30689061276887	2.52765950897359	0
34.3559264189189	1.40495633368402	2.68660566289302	0
34.4111166621622	1.49783846498164	2.83355202620834	0
34.4663069054054	1.58387166333547	2.85903457416368	0
34.5214971486486	1.65799801289081	2.82069488562017	0
34.5766873918919	1.70474707008761	2.84589589959199	0
34.6318776351351	1.72117122270515	2.90164965574395	0
34.6870678783784	1.70727047074371	2.83935792698275	0
34.7422581216216	1.66435171747159	2.76705160307751	0
34.7974483648649	1.60559938379237	2.72865963885791	0
34.8526386081081	1.53865384430351	2.80765375791411	0
34.9078288513514	1.46524726789857	2.84038384020921	0
34.9630190945946	1.4315519343408	2.94817738398432	0
35.0182093378378	1.48901181642969	3.30716554146303	0
35.0733995810811	1.6403237437224	3.81149939509716	0
35.1285898243243	1.90037281811752	4.31301356276578	0
35.1837800675676	2.3874963747975	4.98447555410563	0.162418423538052
35.2389703108108	3.15817676604637	5.79510347419442	0.866331978249498
35.2941605540541	4.212763114054	6.86669502313604	2.20166791009141
35.3493507972973	5.55125541882108	8.32900567695821	3.70148843768717
35.4045410405405	7.21945871144239	10.210041663514	4.27807957940341
35.4597312837838	9.58240480324586	12.7905567427102	6.58793713534836
35.514921527027	12.7849979607897	16.1665302347724	8.16985953121504
35.5701117702703	15.3249185467697	18.2695665169092	10.2852628025577
35.6253020135135	15.5460708512158	17.6709351560147	11.4794398301575
35.6804922567568	14.4753892646717	16.5893778308885	11.0578612815511
35.7356825	12.6090128728639	14.8878879837146	10.0407439566746
35.7908727432432	10.3853545200212	13.1292447517369	8.54426322231857
35.8460629864865	8.01435082358253	10.8239434168986	6.40318716985372
35.9012532297297	5.79939684622569	8.90626745445819	4.16284326445481
35.956443472973	4.10722578147722	7.62701987805954	2.42190902280358
36.0116337162162	3.03671944322193	6.03638726498453	1.38156695492922
36.0668239594595	2.57216279013946	5.20766327503276	0.991306825520906
36.1220142027027	2.69221462258457	4.48962787199234	1.17696408724237
36.1772044459459	3.28764914553414	5.23484878148401	1.50183941663724
36.2323946891892	3.98308554106124	5.89397457617441	1.94147461177995
36.2875849324324	4.58639542809039	6.42833998755354	2.4195626126956
36.3427751756757	5.11432738124685	6.70580107964552	3.05381839525457
36.3979654189189	5.689465377088	7.49505547695086	3.72649349913675
36.4531556621622	6.40394592205012	9.03706362657371	4.48313562245074
36.5083459054054	7.39426751022392	10.7096486207272	5.24210291762536
36.5635361486487	8.93149122995211	12.3144800486895	6.18711839472787
36.6187263918919	11.1122844152288	14.2224905533011	7.99617136294868
36.6739166351351	13.7999373917803	17.8032300074927	10.3009671243586
36.7291068783784	15.3360682244204	19.7331074042575	11.7541801853922
36.7842971216216	14.4170672728626	16.9118509473716	10.8080880800665
36.8394873648649	12.0506065301789	14.5575163757375	8.99500337706858
36.8946776081081	9.20730455418514	12.5028901540309	6.2370255074287
36.9498678513514	6.5248208906018	9.87384418488549	4.27853378862794
37.0050580945946	4.32443020138277	6.91584184225279	2.69106845319382
37.0602483378378	2.71496081898026	4.64416503426555	1.40618774862345
37.1154385810811	1.7023915579096	3.2168707841282	0.578276188925024
37.1706288243243	1.24288854192369	2.32009283262159	0.111689094484994
37.2258190675676	1.31269825942288	2.30540589765014	0.205540453932628
37.2810093108108	1.89359966765678	2.73592382000222	0.661744269343869
37.3361995540541	2.94305560956907	3.82823730299406	1.74550961458847
37.3913897972973	4.46179363027684	5.40633229439506	3.31846984901262
37.4465800405405	6.45701304797476	7.61233462340546	5.29843106635552
37.5017702837838	8.93194986888776	10.4459066298842	7.771285263109
37.556960527027	11.8969456412796	13.6219238263394	10.257029628035
37.6121507702703	15.3609888802222	17.4753862557235	13.2736461944569
37.6673410135135	18.7403454717098	20.5009175227191	15.9164781150495
37.7225312567568	19.8421997663539	22.7246383067504	16.7377665089572
37.7777215	17.6801948841564	19.6515207002182	15.5433070693611
37.8329117432432	13.9607258984456	16.2647644255639	12.0881598424443
37.8881019864865	10.6729670537866	13.6754147038071	8.72381209236691
37.9432922297297	8.46071853053374	11.2416913550497	6.75543578675381
37.998482472973	7.58027273254412	10.3109230215845	5.79205934107187
38.0536727162162	8.04555459912948	10.4482087730317	6.43389980534748
38.1088629594595	9.33238592338116	10.8112298784695	7.88167707511388
38.1640532027027	10.7285463993542	12.1735079397215	8.65725323627529
38.2192434459459	11.5362409840358	13.3047950868261	8.76902086324156
38.2744336891892	11.3047597955057	13.0770932524041	8.33348931762219
38.3296239324324	10.0348018412409	11.4178019992107	7.58225487668784
38.3848141756757	8.41410538760829	9.81753064167166	6.76349264663594
38.4400044189189	6.75940909722998	8.40522339704758	5.62611008198935
38.4951946621622	5.29845424318366	7.00172292035638	4.25385601718632
38.5503849054054	4.13684290680687	6.22031553497068	3.00011744308639
38.6055751486487	3.32861357502162	5.46204535041533	2.16364550049987
38.6607653918919	2.86568216508876	5.11694741567835	1.68034630054403
38.7159556351351	2.73010590397374	4.88818922953546	1.47799900794434
38.7711458783784	2.91991966724709	5.27508425596333	1.51650457503303
38.8263361216216	3.4278759724395	6.01770629458647	1.93189216515574
38.8815263648649	4.2448027166099	6.88185515568907	2.61171745964368
38.9367166081081	5.36939071919825	7.73237606746686	3.65087782932621
38.9919068513514	6.73516376625888	8.81280271224535	4.87881521764415
39.0470970945946	8.22476714999234	10.1663907033575	5.70831373890727
39.1022873378378	9.55665074276109	12.4549368621133	5.88173905111011
39.1574775810811	9.47434461637636	12.916513924349	5.49807360708016
39.2126678243243	7.38407800043292	9.80840066228793	4.46247845574608
39.2678580675676	5.41954846671968	7.77446860137485	3.14028086253333
39.3230483108108	4.42802669511497	7.4076416246782	2.16026353817517
39.3782385540541	4.46518766123631	7.23810359131585	2.32245300189007
39.4334287972973	5.4886890379127	7.67188872830064	3.89218718881771
39.4886190405405	7.32175441385091	9.87956646866749	4.92454917649917
39.5438092837838	9.08303494313856	11.8629241897245	6.23410810661848
39.598999527027	10.3558183622055	13.1776450529719	7.39485371502853
39.6541897702703	10.501038288957	13.3000657470648	8.03484062511838
39.7093800135135	9.4861517334078	11.1547957317729	8.10042683782289
39.7645702567568	8.28729394990767	9.73362886357268	6.7441049622304
39.8197605	7.19039845628268	8.95036560236348	5.2615617636443
39.8749507432432	6.25609980898843	8.15647910919331	4.31775864669071
39.9301409864865	5.53529150347094	7.36454300538669	3.75765475501337
39.9853312297297	4.92002874033214	6.6032871930344	3.20472774977157
40.040521472973	4.26170257649432	5.56011590816582	2.66679639116014
40.0957117162162	3.74553977602953	5.22613958798578	2.31259915231744
40.1509019594595	3.5777271434574	5.1176987630964	1.91146134877186
40.2060922027027	3.86679117221361	5.31891602066827	2.11285018343711
40.261282445946	4.56412088665678	5.88307955283196	3.04598238181407
40.3164726891892	5.45226279156767	7.02081060708615	4.26182122999669
40.3716629324324	6.26634527396775	8.06182909223571	4.56138647928093
40.4268531756757	6.96805659839272	8.86182077115154	5.01604193065958
40.4820434189189	7.53488503042381	9.4530298826877	5.46669039367837
40.5372336621622	7.81824778694667	9.77247634102382	5.95709739655801
40.5924239054054	7.64478754441998	9.21866213132768	6.08840599795724
40.6476141486486	7.34606181124795	8.82766066400672	5.46407644564597
40.7028043918919	7.23489051969161	9.23943368600105	5.30124329642899
40.7579946351351	7.63900146646931	9.99962437219982	5.30166527908207
40.8131848783784	8.76202716478369	11.109472995752	6.4959996736331
40.8683751216216	10.5828654399609	12.5594951123222	8.27344424322144
40.9235653648649	11.9389521069483	14.8228496037394	9.52067815560401
40.9787556081081	11.9151253149188	14.6150313753808	9.49094289035925
41.0339458513514	11.7244102200768	13.9494334015657	9.32086170474946
41.0891360945946	11.7464879958587	13.7829427595535	9.39025044851335
41.1443263378378	11.6398092058974	13.4335184019604	9.81240419567326
41.1995165810811	11.0968466292416	12.8835920303142	9.05237553483222
41.2547068243243	9.90191304455485	11.9141492794928	7.94851786535028
41.3098970675676	8.17847615763244	9.96343277167738	6.49205873678946
41.3650873108108	6.39412399404463	8.17155585022877	5.05780433027359
41.4202775540541	4.90104225300322	6.70370592414462	3.64996727540613
41.4754677972973	3.79128188778759	5.63881354603491	2.57890435735975
41.5306580405405	3.04519379971501	4.53314187647104	1.94663322015887
41.5858482837838	2.5828265157028	3.66771657509983	1.78136119547124
41.641038527027	2.30818632112255	3.09435295960756	1.60511863080915
41.6962287702703	2.18066848605477	2.92072314617746	1.39880514351296
41.7514190135135	2.18786831304974	2.97415120608492	1.31695081813883
41.8066092567568	2.32932491744427	3.11235463690874	1.42306562075696
41.8617995	2.60541273605579	3.3957054987493	1.78687941092857
41.9169897432432	3.02261203916053	3.83914662519733	2.27007339589378
41.9721799864865	3.58640212059452	4.38062233898504	2.89318705709511
42.0273702297297	4.29691084207124	5.15956791518778	3.62860076223013
42.082560472973	5.1330169797035	6.23791334820474	4.3915501371476
42.1377507162162	6.02708983514406	7.20367691944981	5.03497411769365
42.1929409594595	6.89401577742134	7.96561441821861	5.61138026316276
42.2481312027027	7.53298023063669	8.61325964672885	5.81799296707881
42.3033214459459	7.5428806922532	8.7811763722685	5.87862903105238
42.3585116891892	6.77902504892529	7.99523668483909	5.51907601847691
42.4137019324324	5.60036172129191	6.60719406324418	4.65239441663373
42.4688921756757	4.62860116331753	5.94441414764872	3.53259147594031
42.5240824189189	4.081971682497	5.63980891396873	3.0501971355332
42.5792726621622	3.95160865988079	5.51973445657122	2.99145180715879
42.6344629054054	4.17935913676298	5.64762616985654	3.25019382417417
42.6896531486486	4.70266195882381	6.02872945769882	3.68214471287045
42.7448433918919	5.3909021646331	6.72163497042065	4.13784684481099
42.8000336351351	6.08874935898756	7.48838148932601	4.53829462106819
42.8552238783784	6.56394500956182	8.02216143643242	4.88915525901008
42.9104141216216	6.58812087492085	7.55199884213302	5.00595858864962
42.9656043648649	6.38307167430243	7.39592664215141	4.86560508239418
43.0207946081081	6.07123485988667	7.29293524367766	4.62616737192089
43.0759848513514	5.70801005529154	7.02665627813745	4.31785451297279
43.1311750945946	5.33530884658937	6.68105384728161	4.12555347062264
43.1863653378378	5.04687426689788	6.60603535083498	3.90849838163466
43.2415555810811	4.97621781137739	6.84651866488919	3.76201462976575
43.2967458243243	5.24440986561468	7.09765138875542	3.87222933340402
43.3519360675676	5.88206971204017	7.35348043630647	4.5922197865099
43.4071263108108	6.79837980021719	8.31242789707101	5.46509378945474
43.4623165540541	7.8219117853707	9.57993718265526	5.6103736129086
43.5175067972973	8.32236491940364	10.5426017442584	5.62754115021006
43.5726970405405	7.6613686634332	9.44959489487196	5.48878709409269
43.6278872837838	6.43500252328047	7.7731679661199	5.05712294503708
43.683077527027	5.39906398528195	6.80089440489369	4.23303335300963
43.7382677702703	4.67089416338011	6.44011901318756	3.34875395827482
43.7934580135135	4.36325208791349	6.34381079385893	3.08022021559485
43.8486482567568	4.48089993212711	6.39619834993217	3.30984108811141
43.9038385	4.97088750750836	6.55342873894644	3.93425958122928
43.9590287432432	5.75209950971468	6.92975931509829	4.70715628550886
44.0142189864865	6.58271643967267	7.48599081247567	5.33773231181784
44.0694092297297	7.26170731671871	8.12393156541366	5.78001317977716
44.124599472973	7.6380239450089	8.62052666406537	5.98963704010115
44.1797897162162	7.63578078029624	8.67906274565301	6.03836132549914
44.2349799594595	7.17013679894266	8.20629281149929	5.80460692041878
44.2901702027027	6.38846866466627	7.35445752829016	5.20917459973497
44.3453604459459	5.5333736332107	6.52765561070112	4.29772734120758
44.4005506891892	4.76663956542759	5.80751160057448	3.45394771171826
44.4557409324324	4.12467275996743	5.24169018409642	3.11987117896867
44.5109311756757	3.59842716504716	4.70114948499499	2.71837015317036
44.5661214189189	3.17366314256495	4.20484151450121	2.25534990880149
44.6213116621622	2.8539068825888	3.87195462808263	1.83627196127932
44.6765019054054	2.64657165744603	3.68903368900599	1.56946250520887
44.7316921486486	2.55247847607515	3.5747456044782	1.35870690875433
44.7868823918919	2.56349953069586	3.47009491937513	1.35364266536811
44.8420726351351	2.64178125237864	3.53446203921293	1.44183551829551
44.8972628783784	2.77458638185242	3.69373418197642	1.65131115161342
44.9524531216216	2.91651084098842	4.03658233752383	1.68311138185789
45.0076433648649	3.01874154778969	4.34329701034804	1.71581140903762
45.0628336081081	3.08215883036316	4.32035667770558	1.70929800797402
45.1180238513514	3.11519733322707	4.28721449570384	1.73614761704745
45.1732140945946	3.12342750353552	4.24175778431726	1.72679340807279
45.2284043378378	3.153683491139	4.33496323563209	1.81866938272028
45.2835945810811	3.23506397043287	4.44404708892852	1.89560197152881
45.3387848243243	3.38255007860399	4.72098515217427	2.21928987472105
45.3939750675676	3.66943935638748	5.26596120175941	2.58953210406454
45.4491653108108	4.11877069243494	5.95326783777124	3.07853115616427
45.5043555540541	4.76443000888538	6.77149319931488	3.27202522351985
45.5595457972973	5.73753403844228	7.74651628750885	4.0081412047075
45.6147360405405	7.07278006835383	9.05531182974587	5.40231519557698
45.6699262837838	8.77178169411598	10.9027121209648	6.96595870856296
45.725116527027	10.5340689340259	12.6068397109934	8.1346317742678
45.7803067702703	11.5299934441876	13.8077243205502	8.34426212600611
45.8354970135135	10.9002786847289	12.8309790368593	8.23013231790944
45.8906872567568	9.22919666152154	11.1473625170241	7.32939347787772
45.9458775	7.55068872734238	9.56424726535727	6.11577746309048
46.0010677432432	6.19107103962647	8.13871640392562	4.86747661354008
46.0562579864865	5.22717496307471	7.30791482271448	4.03887999219973
46.1114482297297	4.71133845654853	6.70397826592964	3.50402857779628
46.166638472973	4.61598127484689	6.48933079172656	3.37080732924946
46.2218287162162	4.83426709427118	6.63568017400835	3.50210955155199
46.2770189594595	5.24143204637571	6.7358371430919	3.66012007120163
46.3322092027027	5.67660038391807	7.185318049471	3.52164186268812
46.3873994459459	5.96634090026252	7.93014258278874	3.34037129329413
46.4425896891892	5.74360471259044	8.35414768020966	3.07380403743284
46.4977799324324	4.85956892084132	7.14121341411651	2.90194205383809
46.5529701756757	3.87003606191062	5.12934603731597	2.5707849796286
46.6081604189189	3.11223211802249	4.55367742778249	2.07564865174204
46.6633506621622	2.60539081188086	4.31231990518507	1.3578866176843
46.7185409054054	2.35043988910984	4.30877568434551	0.925513775678919
46.7737311486487	2.37871102572976	4.4904032712492	0.938733954052261
46.8289213918919	2.72836024494055	4.86364961182629	1.35350506492296
46.8841116351351	3.40169679706195	5.31781523951659	2.15439046413756
46.9393018783784	4.39313749696348	6.10231973914598	3.19808585666527
46.9944921216216	5.63325733871211	7.24763769127064	4.08167915355147
47.0496823648649	6.97104674979647	8.4081554486546	4.77287979624013
47.1048726081081	8.06929408580884	9.84637091380105	5.38632353027732
47.1600628513514	8.26603606512763	10.2782634415413	5.64693809374493
47.2152530945946	7.41562442748059	9.57028699796181	5.3672409773132
47.2704433378378	6.62997465039858	8.48478479281671	4.65850389388979
47.3256335810811	6.10933421980312	7.59034985563341	4.19536955486802
47.3808238243243	5.75588964481207	7.1722320106522	4.10806380171848
47.4360140675676	5.50903734857384	7.10125510327338	3.95532563715949
47.4912043108108	5.16923291024074	7.49836223049406	3.6565202914436
47.5463945540541	4.69286768435981	6.96731624367409	3.3351459384167
47.6015847972973	4.10928620403669	5.58304484280285	2.89737266704654
47.6567750405405	3.55311942013601	4.82226265636712	2.46239634221012
47.7119652837838	3.06067716125334	4.25144618432106	1.96979456558736
47.767155527027	2.6324935881872	3.82839320213431	1.54978878460498
47.8223457702703	2.29648516312416	3.6203824980604	1.24880896129238
47.8775360135135	2.09371476452165	3.54427931224564	0.996651453931989
47.9327262567568	2.02746869324997	3.54215083923053	0.897564689098409
47.9879165	2.0977063032859	3.64056397012171	1.02002901648787
48.0431067432432	2.30315753113359	3.86183785182419	1.31440626299583
48.0982969864865	2.64233235598925	4.09277068450463	1.74103324552254
48.1534872297297	3.11296055268188	4.43132174544075	2.2225540494968
48.208677472973	3.68276594231249	4.97564761183202	2.76708266968757
48.2638677162162	4.32536015910072	5.49976851411752	3.13253180411813
48.3190579594595	4.95798503557849	6.38578717639703	3.47771293227971
48.3742482027027	5.43689588927917	6.91503914135272	3.6835257880319
48.4294384459459	5.56041459085984	7.08363111667584	3.73317568237722
48.4846286891892	5.16470360884414	6.30537915659789	3.67804844571536
48.5398189324324	4.51191773071576	5.44338746320459	3.35480946385772
48.5950091756757	3.89294475286481	4.92867580042972	2.80633185898866
48.6501994189189	3.38358578950708	4.51943678789987	2.37860616775109
48.7053896621622	3.00386760132372	4.24970352823432	2.10993005808247
48.7605799054054	2.76301256101669	4.02593317984463	1.911250839319
48.8157701486487	2.66368629574607	3.87693822991558	1.87441797529665
48.8709603918919	2.711745070319	3.76640989695205	1.99655879900036
48.9261506351351	2.90973652205118	3.82591238399669	2.21261239656322
48.9813408783784	3.25454993605311	4.13608309772827	2.59058587158489
49.0365311216216	3.73348761828714	4.68504305237954	3.01537514900434
49.0917213648649	4.34106347258722	5.3233973440193	3.52994658259171
49.1469116081081	5.0661290234648	6.15674760795368	4.22933381314997
49.2021018513514	5.85182475868042	6.99171301510308	4.78843909687111
49.2572920945946	6.52701090833195	7.77336873598354	5.15480509929543
49.3124823378378	6.99402641470298	8.30987642321198	5.32132866160173
49.3676725810811	7.24265374857266	8.58728207051323	5.32771046680984
49.4228628243243	7.28463924185554	8.71659070723537	5.3537118980937
49.4780530675676	7.18578964156062	8.86399968278567	5.25187451384506
49.5332433108108	6.98914255777967	9.2118433924656	5.10096541429534
49.5884335540541	6.82797567514472	9.43399104984367	4.82917495718946
49.6436237972973	6.85565151362977	9.58879203155609	4.32573368547416
49.6988140405405	7.11450123309178	9.6882898835895	4.45574487352674
49.7540042837838	7.52695777000176	10.097534817617	4.98799784772803
49.809194527027	8.03948076574821	10.7036491559676	5.5649351468302
49.8643847702703	8.5856644761148	11.9399866888462	6.06151412691015
49.9195750135135	8.76143571867747	12.2559864160056	6.31499520598966
49.9747652567568	8.32883383938742	11.6270979443185	5.82826891316288
50.0299555	7.48559850762465	10.0633331981251	4.76699125872222
50.0851457432432	6.47914467711008	8.80799396301011	3.83527153343924
50.1403359864865	5.60264823033899	7.9905327741944	2.95640949898341
50.1955262297297	4.90162958188128	7.40115217794587	2.33545477318461
50.250716472973	4.43660154476157	6.89436344381041	2.33532949800022
50.3059067162162	4.19059067707225	6.40576637184159	2.16901030212378
50.3610969594595	4.06414102674561	5.98599731180895	2.24702814885271
50.4162872027027	4.03066518224509	5.67877147221074	2.26188619953354
50.471477445946	3.99564298163903	5.86534012961469	2.30634422775245
50.5266676891892	3.90647331680374	5.83797074688803	2.37827756238734
50.5818579324324	3.79893474286494	5.19653678116056	2.34797731636737
50.6370481756757	3.7508241585303	5.10085484945896	2.43363428798661
50.6922384189189	3.87110863146159	5.37138234729199	2.54775488676112
50.7474286621622	4.16877971720304	5.8968391629232	2.7519926448589
50.8026189054054	4.67741264061578	6.40499146933521	3.30513227027614
50.8578091486486	5.44963317328415	7.27613940103284	4.00098122060485
50.9129993918919	6.45308010988352	8.17376071468776	4.79299500608125
50.9681896351351	7.53519934055249	9.21652864643725	5.68149766799625
51.0233798783784	8.48047804193752	10.6514760817578	6.37944076376962
51.0785701216216	8.81569530430705	11.0471681154635	6.94953329884279
51.1337603648649	8.69274664468019	10.8423128700347	6.95714776330037
51.1889506081081	8.88520851014496	11.2092043875368	6.80413627107109
51.2441408513514	9.45477391454791	11.5952243555837	7.38707392326488
51.2993310945946	10.3509466578321	12.6147224274035	7.91789855838955
51.3545213378378	11.1584700393154	13.9853388065775	8.26396754796927
51.4097115810811	10.922965297304	13.4361371025252	8.22978514672778
51.4649018243243	9.79638199169382	11.9248436743448	7.65201158315915
51.5200920675676	8.35790891037511	9.88794089328077	6.64168716225722
51.5752823108108	7.00510826541413	9.00036610798186	5.22959061123959
51.6304725540541	6.04685986205692	8.50654228979268	4.03556831969308
51.6856627972973	5.5780542637434	8.1575446839452	3.69366653420932
51.7408530405405	5.67554921701406	7.85426109095448	3.90448174964317
51.7960432837838	6.1570135634787	7.87223121529832	4.24123705210252
51.851233527027	6.77793672607339	8.2506911661395	4.8164751532219
51.9064237702703	7.25836780236562	8.51229803190834	5.58133201212555
51.9616140135135	7.49502885887751	8.8920952231598	6.10033232995156
52.0168042567568	7.5432414704267	8.95581700533423	6.07630331773811
52.0719945	7.41274649377135	8.78191546355088	6.13540511100715
52.1271847432432	7.18042531410584	8.65709302373455	5.7386858817367
52.1823749864865	6.90352358049291	8.56043753234013	5.29534219804388
52.2375652297297	6.5764747302293	8.6463140368088	4.68972383568269
52.292755472973	6.12707373895923	8.34482652244942	3.99881927418205
52.3479457162162	5.52557894592732	7.68178322132222	3.49486338119475
52.4031359594595	4.96002959275498	7.05943814824136	3.02132533560494
52.4583262027027	4.69808338002255	7.02626606651186	2.31250997548219
52.5135164459459	4.97199528611246	7.13933337138409	2.42463615320257
52.5687066891892	5.78371400135324	7.62856931027572	3.88210787418643
52.6238969324324	7.04654047895918	9.11474861221145	5.18252409822201
52.6790871756757	8.18759241087594	10.7393159399319	5.38360901716738
52.7342774189189	8.50833517950658	11.4260774951043	5.12640071512606
52.7894676621622	7.53285620044279	9.9692707800473	4.78745257129782
52.8446579054054	5.8229883950534	7.56915821466476	4.13745983919842
52.8998481486487	4.41884463344879	6.35060453162479	3.22658133364728
52.9550383918919	3.49734778001352	5.55768685503642	2.2644823239225
53.0102286351351	3.06748801496721	5.15075019875318	1.70594802790078
53.0654188783784	3.14061837597875	5.02547788701944	1.83760787871634
53.1206091216216	3.69880352349006	5.37503000855887	2.46723327056396
53.1757993648649	4.63560448747178	6.21338604542783	3.33859566878458
53.2309896081081	5.84694897129972	7.15637109462764	4.37429659102276
53.2861798513513	7.15169110193984	8.17345446855706	5.15675117095037
53.3413700945946	8.10050275730761	9.50881150071622	5.29644081079356
53.3965603378378	7.84532599638621	9.24004503309954	5.04716570111159
53.4517505810811	6.71442067013885	8.13930565351268	4.73327970163627
53.5069408243243	5.41125561697321	7.2026202470217	3.92150885299742
53.5621310675676	4.37420263063434	6.71866397929441	2.85539460903637
53.6173213108108	3.77144106125743	6.2575213992619	2.02546644058436
53.6725115540541	3.58016499246424	5.95858540676442	1.63958149463082
53.7277017972973	3.7416298728645	5.71896431174683	1.91842116066697
53.7828920405405	4.2502650818931	5.84131941759271	2.55303988839162
53.8380822837838	5.03755416887987	6.89489645782881	3.40265702999254
53.893272527027	5.83155579676866	7.94398550030339	4.17302761324572
53.9484627702703	6.51737672018191	8.34256228441045	4.21905862164067
54.0036530135135	6.81315005165114	9.15484589822998	4.02784750262492
54.0588432567568	6.62872349736723	8.78942287365035	3.86360029449157
54.1140335	6.05378857862426	8.22513595281944	3.73223157985381
54.1692237432432	5.26773290667279	7.28022403378953	3.51577209582637
54.2244139864865	4.54017467134058	6.84406531993513	3.03411204498056
54.2796042297297	4.21121152660244	6.62898587481907	2.74397150726979
54.334794472973	4.34791692621658	6.73162645055921	2.88747043435899
54.3899847162162	4.99652434813401	7.00770389746559	3.57659363333417
54.4451749594595	6.16300511108043	7.81337920372034	4.56793161702842
54.5003652027027	7.65316411443011	9.50293830524749	5.09234455468841
54.5555554459459	8.83473566343963	11.1963473339974	5.25287641516433
54.6107456891892	8.75973184464786	11.9794442853618	5.24231814899387
54.6659359324324	7.74134493388647	12.3925422006012	4.93418012303413
54.7211261756757	6.45941534200598	12.4051213589641	4.30987097909834
54.7763164189189	5.21475320699507	12.4051213589657	3.12074346824821
54.8315066621622	4.16140073071489	12.4051213589643	1.32034628694334
54.8866969054054	3.37922498550482	12.4051213589666	0.0926714993488759
54.9418871486486	2.69102949811806	12.4051213589631	0
54.9970773918919	2.09573977739353	12.4051213589666	0
55.0522676351351	1.59335582333038	12.4051213589641	0
55.1074578783784	1.18387763592938	12.4051213589657	0
