phys	rec.rate	upper	lower
0.0191628733733734	3.54744541144381	4.94734789090492	2.59023335090669
0.0574886201201201	3.54744541144381	4.94734789090492	2.59023335090669
0.0958143668668669	3.53129544555448	4.98769724879832	2.53870695199628
0.134140113613614	3.61389145308986	5.05197425488081	2.62476289522845
0.17246586036036	4.18167917572767	5.33664058397014	3.28000353610157
0.210791607107107	5.20772751849912	5.97836270410601	4.33560098033206
0.249117353853854	5.89892272785915	6.56584549966157	5.16977203342764
0.287443100600601	5.63774816621008	6.4345834730038	4.88503238360884
0.325768847347347	4.69659835208895	5.85114181522688	3.48341162001918
0.364094594094094	4.20417550680733	5.76704818344915	2.78493938713695
0.402420340840841	4.26474898976255	5.95541303634748	2.82137395952987
0.440746087587588	4.40980033567753	5.66103703981639	3.31981506644636
0.479071834334334	4.51872735540131	5.46761162858637	3.55335046080954
0.517397581081081	4.58885158151454	5.49895985589432	3.66124593642292
0.555723327827828	4.62017301401722	5.54178262832207	3.67471163967797
0.594049074574575	4.61269061181495	5.52360321437469	3.65895770456682
0.632374821321321	4.56590040577615	5.5388090141611	3.56396605392223
0.670700568068068	4.47896851182342	5.48702767948732	3.38336458455117
0.709026314814815	4.36007837026428	5.35386890837261	3.24217487586534
0.747352061561562	4.2376482219066	5.34930962734056	2.89453969562704
0.785677808308308	4.1459146298987	5.28338064550698	2.72405558970157
0.824003555055055	4.09356019794878	5.30061646610854	2.76633965213991
0.862329301801802	4.08350933588095	5.38473849801554	2.81875849233598
0.900655048548549	4.11455480746361	5.47339107696584	2.8778923905584
0.938980795295295	4.18171403035626	5.57518549568005	2.89981765628471
0.977306542042042	4.28027787735193	5.68989144845284	2.9037871137727
1.01563228878879	4.40087903027799	5.82381140011297	2.93244863426063
1.05395803553554	4.54092394311724	5.96967588637085	3.05220829856938
1.09228378228228	4.69753744917697	6.11178655223327	3.31541591693659
1.13060952902903	4.86468773010493	6.20695499128242	3.5626972902456
1.16893527577578	5.04158864815204	6.26101889133551	3.77520580009624
1.20726102252252	5.22824020331828	6.36281529919114	4.08546572996889
1.24558676926927	5.42464239560365	6.47770424111415	4.38390422522959
1.28391251601602	5.63079523946567	6.73638958381831	4.5010269896764
1.32223826276276	5.84800481429345	7.12166900629033	4.2528986522076
1.36056400950951	6.09466426038046	7.63080403795329	3.97211701638107
1.39888975625626	6.46166537149874	8.28543885311896	3.99067758779075
1.437215503003	7.0280107629515	8.97006553562019	4.71403590994425
1.47554124974975	7.7931698942671	9.43288793554269	6.09497151792653
1.5138669964965	8.65246594450576	10.175426334748	7.2170454558506
1.55219274324324	9.37827212860324	11.1663523904133	7.79088492689031
1.59051848998999	9.70437284082808	11.567171510116	8.02016481862494
1.62884423673674	9.34854841839194	11.1789929197221	7.62472666342921
1.66716998348348	8.01483245196698	9.56522183060609	6.65833288187831
1.70549573023023	6.14688732104643	7.53554069334088	5.08599997629687
1.74382147697698	4.74478957960137	6.14518188810414	3.69553251799645
1.78214722372372	4.24871728158768	5.35195992641513	3.24476555802005
1.82047297047047	4.33154565447094	5.46849137871696	3.26100165081832
1.85879871721722	4.58627622056086	5.72783731534633	3.34346693221615
1.89712446396396	4.91161971794248	6.15733063087587	3.42002181443519
1.93545021071071	5.31773017635335	6.74064596530548	3.60230285649197
1.97377595745746	5.84451825883071	7.23383596606852	3.9636702039745
2.0121017042042	6.51532140847529	7.77948104302803	4.85077114699294
2.05042745095095	7.23779313522962	8.5027669895215	5.83842983632358
2.0887531976977	7.93136575859223	9.23678179786207	6.8469774598255
2.12707894444444	8.50775649378317	9.78753420473734	7.32753896772538
2.16540469119119	8.9068489975434	10.3583409841862	7.67410419704167
2.20373043793794	9.1230407979897	10.6166386705469	7.88523893143761
2.24205618468468	9.13243849888618	10.5987714517114	7.84992596956322
2.28038193143143	8.88586561619985	10.3253870178102	7.53151358940441
2.31870767817818	8.36795994660146	9.80044311325084	6.89397150663362
2.35703342492492	7.66156582896015	9.01176505915292	6.21712913224302
2.39535917167167	7.05781615071073	8.3085683668544	5.69235003853732
2.43368491841842	6.74481727251218	7.6911985104762	5.63158115533211
2.47201066516517	6.59946277358698	7.49731281233485	5.617307979575
2.51033641191191	6.35346481216743	7.43154968983428	5.2532859324586
2.54866215865866	5.77341334295287	6.86717463685148	4.53462426069272
2.58698790540541	4.68320559858185	5.77982129022787	3.5648840398543
2.62531365215215	3.25725679217205	4.44867512935173	2.16626674080453
2.6636393988989	2.49497576640958	3.70149926259216	1.27063624481896
2.70196514564565	2.89665624395079	3.77213069443165	1.99606955513571
2.74029089239239	3.65476902412592	4.51310226471521	2.79726183239579
2.77861663913914	3.72160612414262	4.84192892209521	2.55499880585663
2.81694238588589	2.83834684010677	3.97290686854105	1.6673129452568
2.85526813263263	2.03602927475394	2.94034662343466	1.18944389987633
2.89359387937938	2.08499541582856	2.71595976323944	1.5054138045574
2.93191962612613	2.81098610702209	3.58346184174634	2.16674729856186
2.97024537287287	3.95832537417798	5.07365555692394	3.0892825148203
3.00857111961962	5.19284115372845	6.19696597514713	4.20350398782275
3.04689686636637	6.07823098546488	6.99023734401808	5.05688094853367
3.08522261311311	6.29984600265708	7.09940194493831	5.23469436628496
3.12354835985986	5.79559858017072	6.97219197131005	4.4031390281614
3.16187410660661	4.71404567853666	6.1518809697317	2.94670230240537
3.20019985335335	3.6164337650499	4.8938512255786	2.1507104362728
3.2385256001001	2.8721679156232	4.35653685924462	1.51189961140899
3.27685134684685	2.4481645366051	4.12404918251229	1.01128270004828
3.31517709359359	2.33401650222968	4.02891978275318	0.966307605915462
3.35350284034034	2.52971622245633	4.12045281128165	1.33158888236252
3.39182858708709	3.01972045099349	4.41678719317704	1.85613572115679
3.43015433383383	3.71363793799794	5.49264549545062	2.35355935072286
3.46848008058058	4.33951381487543	6.41757956167648	2.66057381258226
3.50680582732733	4.6756314958865	6.70199704772719	2.63664113977676
3.54513157407407	4.60677788745762	6.38944015764298	2.5346743897206
3.58345732082082	4.09510841092786	6.02525083706048	2.24810449134636
3.62178306756757	3.3210521665638	5.12985069546691	1.42991892818456
3.66010881431431	2.70267729220815	4.32790314641067	0.915344488755108
3.69843456106106	2.51067386317776	4.15747396465148	0.90645813156778
3.73676030780781	2.79381999879658	4.48660222330179	1.32284651949785
3.77508605455455	3.53250700492952	5.11981469486541	1.93327468333881
3.8134118013013	4.46131661474415	6.19181502865607	2.63804276094701
3.85173754804805	5.16200257838756	6.70763185846441	3.33163857011658
3.89006329479479	5.31382778136896	6.50814800337227	3.74963447423218
3.92838904154154	4.74536832042339	5.89367978986984	3.46105047907464
3.96671478828829	3.45216917661469	4.87545779415496	2.17870961339058
4.00504053503504	1.9834438756561	3.63829571562764	0.732999947059389
4.04336628178178	1.24716659370113	2.69140117431586	0.116626341517101
4.08169202852853	1.2025857525613	2.50980313626688	0.0792537977402722
4.12001777527528	1.62607103503302	2.72884798303768	0.614368014725463
4.15834352202202	2.25937407354535	3.36010955768942	1.17336297001007
4.19666926876877	2.81899297986891	4.00617477239021	1.63449660377403
4.23499501551552	3.16182031795157	4.25397185747355	2.07145321718091
4.27332076226226	3.18861261711019	4.17120239850636	2.160206403384
4.31164650900901	2.89713492186222	3.89600511332948	1.89792604755671
4.34997225575576	2.37384707130381	3.37030203131536	1.2851622065085
4.3882980025025	1.74577678719847	2.73362241109277	0.655624216221921
4.42662374924925	1.18003197233458	2.17975318411271	0.104006234762602
4.464949495996	0.80558665998866	1.78896785451224	0
4.50327524274274	0.660039995102282	1.47915953102692	0
4.54160098948949	0.748802390815684	1.35675539187162	0.0937030831532309
4.57992673623624	1.03918714491195	1.80813718691772	0.370084534940291
4.61825248298298	1.46476332995497	2.30995746041344	0.55496711749079
4.65657822972973	1.90696601884086	2.75365783654528	0.911296580121759
4.69490397647648	2.12417626339202	3.00270984869445	1.13846879065237
4.73322972322322	2.03587810102516	2.81614963878898	1.24552672272445
4.77155546996997	1.8172684082092	2.39309412282665	1.28997783197338
4.80988121671672	1.60108390533996	2.07339317676973	1.18740185141431
4.84820696346346	1.48244546058296	2.01853343502002	0.952045313590846
4.88653271021021	1.50783568599542	2.14882071414932	0.868503460477737
4.92485845695696	1.66120240761617	2.40088614120673	0.922400499941636
4.9631842037037	1.86112979822123	2.57950749616384	1.17409087873523
5.00150995045045	2.05623325055903	2.61338489634427	1.49922112718871
5.0398356971972	2.24304684597417	2.7281961358886	1.73712929741599
5.07816144394394	2.46602523217513	3.07884956489971	1.78868252919354
5.11648719069069	2.76222685560771	3.51167521305757	1.99399350358683
5.15481293743744	3.10605194609411	4.03340814548268	2.29300544383406
5.19313868418418	3.40632104791733	4.44485792013892	2.41651599915914
5.23146443093093	3.61097619702984	4.59863923682048	2.65237456819781
5.26979017767768	3.7017690002437	4.65190875737526	2.75020227144905
5.30811592442442	3.67242321411356	4.54333925113839	2.51770828350786
5.34644167117117	3.53358309981951	4.55948828975531	2.11029132978595
5.38476741791792	3.29863759872199	4.75786155052792	1.54756148930163
5.42309316466466	3.03641846169742	4.80389419945218	0.901461487128637
5.46141891141141	2.87983367500448	4.68068363137463	0.532303434915187
5.49974465815816	2.95870695586145	4.67526224049788	0.75348304744187
5.53807040490491	3.24652740752241	4.70013832906832	1.31714222720345
5.57639615165165	3.67776075146266	5.08938533573713	2.15195552079103
5.6147218983984	4.16394927373057	5.8872727680731	2.84811922270257
5.65304764514515	4.60125667553523	6.71734886738321	3.16822056238236
5.69137339189189	4.80989792824918	7.37917935876231	3.20506907917078
5.72969913863864	4.59783553262873	6.94420995160569	2.96309227513145
5.76802488538539	3.97367391413594	5.86171374959512	2.62396778638851
5.80635063213213	3.11972314353841	4.94080982887609	2.05059464883539
5.84467637887888	2.1743209222032	3.69173487962245	1.19052637997293
5.88300212562563	1.33786130417957	2.5056203808097	0.344548475975103
5.92132787237237	0.692157595361259	1.49867389022626	0
5.95965361911912	0.190210961051162	0.776972488667117	0
5.99797936586587	0	0.242851676836231	0
6.03630511261261	0	0	0
6.07463085935936	0	0	0
6.11295660610611	0	0	0
6.15128235285285	0	0	0
6.1896080995996	0	0	0
6.22793384634635	0	0.00790043000697487	0
6.26625959309309	0	0.188806240037148	0
6.30458533983984	0.0288181299058781	0.43179675715074	0
6.34291108658659	0.313614968013891	0.773473999042583	0
6.38123683333333	0.617193124672419	1.14497738709054	0.0787349386387572
6.41956258008008	0.924797351205417	1.57755250811351	0.265459377125356
6.45788832682683	1.19846662884387	1.96563110037033	0.465782117894148
6.49621407357357	1.41348155628655	2.20791741082349	0.716501988405606
6.53453982032032	1.56317819468401	2.27750045451495	0.925119354595412
6.57286556706707	1.66085088679498	2.25809538066453	1.04436017150617
6.61119131381381	1.72576778989458	2.25518823136374	1.11839310685896
6.64951706056056	1.78849270494605	2.33856468605067	1.00136792370031
6.68784280730731	1.88982630701018	2.57702363349109	0.9228107442758
6.72616855405405	2.08024632011416	2.82848362728474	1.14098177554624
6.7644943008008	2.37325912762071	3.16025050358129	1.44529693068031
6.80282004754755	2.71986291930686	3.46299038129001	1.88477532799412
6.84114579429429	3.06113505772699	3.78120599078363	2.36387377352841
6.87947154104104	3.33538870783711	4.04551601144679	2.69983217490774
6.91779728778779	3.50916521979941	4.21264481102439	2.89964276479253
6.95612303453454	3.56589132842843	4.24252467796849	3.03453052175572
6.99444878128128	3.50970391322827	4.11725618405095	2.97964510346131
7.03277452802803	3.36325910771131	3.96057697883942	2.69380865957846
7.07110027477477	3.16933088701262	3.74558522916331	2.38284959819886
7.10942602152152	2.97528112901921	3.6213410440795	2.14676316893452
7.14775176826827	2.81318539080856	3.49163311829345	2.0965011306599
7.18607751501502	2.69715906363053	3.4527702173041	2.02556361845544
7.22440326176176	2.62189119168744	3.42116564940622	2.03159799532297
7.26272900850851	2.58825738401201	3.34621672911977	1.90140141814415
7.30105475525526	2.61982634346255	3.61348575791474	1.73822824153274
7.339380502002	2.72826130902639	3.72141900617382	1.71517732144162
7.37770624874875	2.8685004349714	3.83034064257661	1.88392920349477
7.4160319954955	2.90700808189961	3.76950752488226	1.98955791170385
7.45435774224224	2.73066199775748	3.67526941942928	1.4276736306188
7.49268348898899	2.36630311634465	3.48626872445113	0.853927755946333
7.53100923573574	1.90297039556185	3.0989390895906	0.313429822274156
7.56933498248248	1.43607792640867	2.46349641231166	0.125511791126294
7.60766072922923	1.02853303818291	1.84946409476311	0.0634666423957493
7.64598647597598	0.695593551011374	1.30736516112205	0.0248867513014764
7.68431222272272	0.430081930829309	1.03880479285654	0
7.72263796946947	0.230753116434714	0.975857202288975	0
7.76096371621622	0.0976071078275746	1.05018478997974	0
7.79928946296296	0.0306439050079069	1.10159058983897	0
7.83761520970971	0.0298635079757148	1.19602817195981	0
7.87594095645646	0.0952659167309758	1.29163876147857	0
7.9142667032032	0.226640385363001	1.39799705200077	0
7.95259244994995	0.410577376885865	1.62380406867364	0
7.9909181966967	0.614661718069475	1.8498000806316	0
8.02924394344344	0.81274891581883	2.14216665060575	0
8.06756969019019	0.982043595432617	2.29751381497278	0
8.10589543693694	1.11065172664106	2.38804224517171	0.11071594945572
8.14422118368368	1.19725918993178	2.40591879966411	0.182455963147274
8.18254693043043	1.24097022932345	2.34503805909942	0.246087431882951
8.22087267717718	1.24134028029396	2.15260812266389	0.27732276919248
8.25919842392392	1.20036086757716	1.94674823058927	0.212261432331927
8.29752417067067	1.11936861617523	1.77646491076357	0.0748455654856332
8.33584991741742	0.998387878523615	1.80068957901445	0
8.37417566416416	0.837418654622315	1.88946169673602	0
8.41250141091091	0.640380653714547	2.029611897754	0
8.45082715765766	0.444444449887167	2.13940900880949	0
8.4891529044044	0.333048729960143	2.19753495162905	0
8.52747865115115	0.381614895497302	2.23547805031042	0
8.5658043978979	0.635157473808007	2.31258284161295	0
8.60413014464464	1.10843033937023	2.55168978344473	0
8.64245589139139	1.76552340210689	3.16621022631011	0.208871664507279
8.68078163813814	2.52330832531898	4.60838365297663	1.13515948398959
8.71910738488489	3.2627278069738	6.09294218339486	1.89323580408938
8.75743313163163	3.93387727563484	7.25968055730526	2.11212182538579
8.79575887837838	4.3773322504606	7.81627053078939	2.24519443158781
8.83408462512513	4.40247051610124	7.54232675062971	2.15112337177643
8.87241037187187	3.94446127611727	6.52296533786693	2.0110264305627
8.91073611861862	3.1886894986763	5.31235537531058	1.29873743911936
8.94906186536537	2.39451401595359	4.30940756018584	0.206523433064626
8.98738761211211	1.92307086335306	3.81033574855489	0
9.02571335885886	1.84580965807768	3.50263860468589	0
9.06403910560561	2.02342926184881	3.40109442131112	0.299184112948482
9.10236485235235	2.3041198417603	3.55969218216144	0.788209739820152
9.1406905990991	2.65123864119914	3.93449491960478	1.46485855407107
9.17901634584585	2.99026091030554	4.32260085605093	1.83702193641791
9.21734209259259	3.25534333953803	4.67740435183285	2.09754979686351
9.25566783933934	3.41927357565357	4.96906461327092	2.16429570929508
9.29399358608609	3.47251530246743	4.83475892366862	2.15117453480546
9.33231933283283	3.42134303207018	4.68634758612667	2.02563318820961
9.37064507957958	3.28886206519915	4.44863979977327	1.76703109952398
9.40897082632633	3.11290980934379	4.32055677869761	1.44885851549359
9.44729657307307	2.92241145535315	4.11078022131656	1.14289341873353
9.48562231981982	2.72960631578185	3.94815554675595	0.96711202134912
9.52394806656657	2.54039617921375	3.71945184049738	0.897358819868016
9.56227381331331	2.35164688870258	3.51351450302924	0.830199245941863
9.60059956006006	2.15568866440745	3.36850064091167	0.737701893292083
9.63892530680681	1.94508913755388	3.24703967847274	0.651434272947966
9.67725105355355	1.71576483267211	3.18565857732222	0.473902514923197
9.7155768003003	1.46488515893614	3.08953223993414	0.300687441222118
9.75390254704705	1.18509172291418	3.02217906558427	0.0124912829088965
9.79222829379379	0.871428094325023	2.93499172736274	0
9.83055404054054	0.519828250859972	2.58955091654286	0
9.86887978728729	0.146073272793392	2.14608601912108	0
9.90720553403403	0	1.65476970979022	0
9.94553128078078	0	1.17978112640019	0
9.98385702752753	0	0.741590359085382	0
10.0221827742743	0	0.504705859106457	0
10.060508521021	0	0.589191322765235	0
10.0988342677678	0	0.827584418710147	0
10.1371600145145	0	1.21880718133558	0
10.1754857612613	0	1.81410820808579	0
10.213811508008	0.192418506316032	2.44783082738148	0
10.2521372547548	0.798882004601231	3.07586564873955	0
10.2904630015015	1.48269723220751	3.6998705505942	0
10.3287887482482	2.21831011641499	4.27968618688166	0
10.367114494995	2.97071556349722	5.04746041530066	0.889439655740087
10.4054402417417	3.69315781020297	5.92942389249857	1.91518540441321
10.4437659884885	4.33292330013238	7.03335826992716	2.57937875410114
10.4820917352352	4.84495998194361	7.97595980791152	3.07189481414383
10.520417481982	5.1836925257436	8.70825157282319	3.18284108653596
10.5587432287287	5.34171575965787	8.88982362643571	2.97076249778135
10.5970689754755	5.27514821029175	9.08733469409845	2.49479505716935
10.6353947222222	4.85813308916956	9.1313563931969	1.73872458336384
10.673720468969	3.87233358971094	7.78134584024374	0.498512748596773
10.7120462157157	2.35410945696201	5.50829210918711	0
10.7503719624625	0.420808209766115	3.42332555376531	0
10.7886977092092	0	1.81216804221563	0
10.827023455956	0	0.790779857552508	0
10.8653492027027	0	0.614500874886645	0
10.9036749494494	0	1.30131579171255	0
10.9420006961962	0.485321598740655	3.42065423179752	0
10.9803264429429	2.20297277494253	5.55973636822707	0
11.0186521896897	2.71082791951081	5.96603722803886	0
11.0569779364364	2.18056411787063	4.6401022628193	0
11.0953036831832	1.27975005915652	3.87681633304479	0
11.1336294299299	0.26449546884485	2.59951037914606	0
11.1719551766767	0	1.43957912096589	0
11.2102809234234	0	0.774219236159452	0
11.2486066701702	0	0.17081655977305	0
11.2869324169169	0	0	0
11.3252581636637	0	0	0
11.3635839104104	0	0.385801678279602	0
11.4019096571572	0	1.18374163357861	0
11.4402354039039	0.44765136088185	2.12427215587587	0
11.4785611506507	1.15391686466905	3.02574727147879	0
11.5168868973974	1.74289049575573	3.29755262014207	0.382706599026561
11.5552126441441	2.11792340329494	3.3461701343871	0.786505547526916
11.5935383908909	2.26604711258772	3.41658898219514	0.979686755796454
11.6318641376376	2.20840891259882	3.35959615963062	1.07812379683224
11.6701898843844	1.95081193584736	3.07379988358242	0.972700724557845
11.7085156311311	1.52361491493488	2.56769840086945	0.560684768608789
11.7468413778779	1.02886949572313	1.99505332566794	0.0974715681319644
11.7851671246246	0.571089327028181	1.61947518226261	0
11.8234928713714	0.185316895469265	1.19958741951558	0
11.8618186181181	0	0.817538556820801	0
11.9001443648649	0	0.512603702925944	0
11.9384701116116	0	0.231647470295622	0
11.9767958583584	0	0.115819559688049	0
12.0151216051051	0	0.229555462221319	0
12.0534473518519	0	0.40002376654479	0
12.0917730985986	0	0.46332632831256	0
12.1300988453453	0.0161341777943013	0.540271647684596	0
12.1684245920921	0.0887708930846033	0.55720208285362	0
12.2067503388388	0.109385438012888	0.546008778479231	0
12.2450760855856	0.0916284272266252	0.461429328347734	0
12.2834018323323	0.0487620960635611	0.364367246142067	0
12.3217275790791	0.00456063044122417	0.370896803072619	0
12.3600533258258	0	0.364017424781914	0
12.3983790725726	0	0.347591918490629	0
12.4367048193193	0	0.328825062750529	0
12.4750305660661	0	0.347036629189361	0
12.5133563128128	0	0.391567724995789	0
12.5516820595596	0.00588987749170975	0.474065336987023	0
12.5900078063063	0.126281203356591	0.609025935892053	0
12.6283335530531	0.326749605097007	0.781310083219869	0
12.6666592997998	0.510937198924091	0.966798454756366	0.0943825028813728
12.7049850465465	0.586666722230427	1.08016159228238	0.139391110598482
12.7433107932933	0.526751102622075	1.06614153829026	0.116117508390154
12.78163654004	0.366945844371264	0.857448251057064	0.0356597096241842
12.8199622867868	0.163254064651082	0.536820570362987	0
12.8582880335335	0	0.236268373592073	0
12.8966137802803	0	0.0563954521403719	0
12.934939527027	0	0	0
12.9732652737738	0	0	0
13.0115910205205	0	0	0
13.0499167672673	0	0	0
13.088242514014	0	0	0
13.1265682607608	0	0	0
13.1648940075075	0	0	0
13.2032197542543	0	0.10556807774078	0
13.241545501001	0	0.228217150531392	0
13.2798712477477	0.0820187605579081	0.359619255478988	0
13.3181969944945	0.168734380055949	0.449893003469785	0
13.3565227412412	0.232076969839886	0.505137692498853	0
13.394848487988	0.27077429580463	0.52982167195144	0
13.4331742347347	0.292516979257039	0.525298950615782	0.0348459233488218
13.4714999814815	0.306073853329856	0.506135577335861	0.0762389726195285
13.5098257282282	0.314310416094912	0.503325442190728	0.117475990980178
13.548151474975	0.319780370577561	0.482806824450585	0.144016311634874
13.5864772217217	0.323173362737631	0.486547159600039	0.157463519291093
13.6248029684685	0.324843704627234	0.491933846848926	0.17376922814208
13.6631287152152	0.324847184246238	0.49849649745734	0.180357809859679
13.701454461962	0.323438218657316	0.496065591342017	0.181695119664468
13.7397802087087	0.320933861278754	0.511059749939824	0.180314536499214
13.7781059554555	0.317485469521317	0.529223661285216	0.174845154905022
13.8164317022022	0.313229690789105	0.54169426775872	0.172113596854819
13.854757448949	0.308256069705931	0.544455358172271	0.16479223482761
13.8930831956957	0.302641816877109	0.558056148046457	0.160182010255702
13.9314089424424	0.296438892700929	0.566440332273905	0.152413625693832
13.9697346891892	0.289677575843249	0.559107003035086	0.138137577850095
14.0080604359359	0.282497728334758	0.530989199045466	0.127857320111757
14.0463861826827	0.274941078822313	0.519725153257261	0.115154533966882
14.0847119294294	0.267008280916403	0.515230334215431	0.106164696971692
14.1230376761762	0.258748983967958	0.500881032614173	0.0943987788814339
14.1613634229229	0.250247145450106	0.485821297778402	0.0839476399125266
14.1996891696697	0.241510872661686	0.466952499864407	0.0745809028526379
14.2380149164164	0.232540191458768	0.456545601551433	0.0661778449644671
14.2763406631632	0.223364326325123	0.454192095258806	0.0582893656745925
14.3146664099099	0.214107524055335	0.436807294800819	0.0510074384357393
14.3529921566567	0.204809244688775	0.426423315908167	0.0428939233866264
14.3913179034034	0.195469595993219	0.407389949500977	0.0338755018889804
14.4296436501502	0.186110446670901	0.401227728922906	0.0249430081193553
14.4679693968969	0.176825962062682	0.393339598608853	0.0141033139235397
14.5062951436436	0.167641482115854	0.383780007050453	0
14.5446208903904	0.158557007179477	0.373228349868886	0
14.5829466371371	0.1495725372535	0.362704800027586	0
14.6212723838839	0.140688072337933	0.360615617412893	0
14.6595981306306	0.131903612432802	0.357629437686482	0
14.6979238773774	0.123219157538062	0.352145364559492	0
14.7362496241241	0.114634707653759	0.34609251469985	0
14.7745753708709	0.106150262779853	0.343096622807292	0
14.8129011176176	0.0977658229163898	0.331896812018901	0
14.8512268643644	0.0894813880633182	0.316608763652573	0
14.8895526111111	0.0812969582206708	0.2974573938754	0
14.9278783578579	0.0732125333884489	0.287150994229824	0
14.9662041046046	0.0652281135666229	0.271763312832573	0
15.0045298513514	0.0573436987552349	0.261060655737614	0
15.0428555980981	0.0495592889542425	0.251011247815151	0
15.0811813448448	0.041874884163681	0.242041780310372	0
15.1195070915916	0.0342904843835325	0.231817774883251	0
15.1578328383383	0.0268060896137979	0.219526062860264	0
15.1961585850851	0.0194216998544782	0.207956536475897	0
15.2344843318318	0.012137315105589	0.194799704680957	0
15.2728100785786	0.00495293536709193	0.181363556033893	0
15.3111358253253	0	0.172567328645033	0
15.3494615720721	0	0.166217434217144	0
15.3877873188188	0	0.153391399949769	0
15.4261130655656	0	0.142166497191712	0
15.4644388123123	0	0.140029185317566	0
15.5027645590591	0	0.134847817387268	0
15.5410903058058	0	0.13336337506083	0
15.5794160525526	0	0.120283823488165	0
15.6177417992993	0	0.117558016529315	0
15.656067546046	0	0.112086608906575	0
15.6943932927928	0	0.118943804139412	0
15.7327190395395	0	0.120159542712147	0
15.7710447862863	0	0.123369434683687	0
15.809370533033	0	0.129349043677103	0
15.8476962797798	0	0.133219302443526	0
15.8860220265265	0	0.141944000583367	0
15.9243477732733	0	0.145164003625985	0
15.96267352002	0	0.158183330971757	0
16.0009992667668	0	0.171518180915225	0
16.0393250135135	0	0.176177057346184	0
16.0776507602603	0	0.181306113066481	0
16.115976507007	0	0.188676768617246	0
16.1543022537538	0	0.190660165046456	0
16.1926280005005	0	0.189746443706166	0
16.2309537472472	0	0.199093083701195	0
16.269279493994	0	0.201167016651488	0
16.3076052407407	0	0.214162246847559	0
16.3459309874875	0	0.230520017054798	0
16.3842567342342	0	0.244531382549832	0
16.422582480981	0	0.258719505785177	0
16.4609082277277	0	0.283973434128765	0
16.4992339744745	0.0118385498149797	0.308177134534021	0
16.5375597212212	0.0345798745812707	0.326187847779725	0
16.575885467968	0.0596553337990113	0.359455637556404	0
16.6142112147147	0.087285589064982	0.386092556454105	0
16.6525369614615	0.117603806269596	0.423802810265227	0
16.6908627082082	0.150810570176116	0.475008761894619	0
16.729188454955	0.187050132233925	0.527574696226661	0
16.7675142017017	0.226424561330319	0.572247633050001	0
16.8058399484485	0.268864814812499	0.620870807596027	0
16.8441656951952	0.314300773184906	0.684041954680394	0
16.8824914419419	0.362531509226075	0.754278163159151	0
16.9208171886887	0.412863117281538	0.813696683705754	0
16.9591429354354	0.464636203525121	0.876194662667495	0
16.9974686821822	0.516933396043854	0.93066745804463	0.00578921140391972
17.0357944289289	0.568506016434363	0.978376573499266	0.0765929511736922
17.0741201756757	0.618120609253951	1.02618911389245	0.158964077177629
17.1124459224224	0.665176115760391	1.07123718555994	0.231425384942548
17.1507716691692	0.709164349208825	1.10541449671988	0.292738694865519
17.1890974159159	0.748852075199396	1.13685300662008	0.340242760913657
17.2274231626627	0.78367051940556	1.15810205087286	0.389899480115075
17.2657489094094	0.813594515319017	1.18435038895355	0.423532899255254
17.3040746561562	0.838624062939701	1.1926044387643	0.462495210377734
17.3424004029029	0.858758685747079	1.20782912157704	0.479458664770777
17.3807261496497	0.873848403234486	1.22008858368916	0.48612082232819
17.4190518963964	0.883367678015752	1.23282329961233	0.486083136948986
17.4573776431431	0.88703737529847	1.2346065078762	0.488591197913048
17.4957033898899	0.884731175767539	1.24832894359366	0.487093167783123
17.5340291366366	0.876440269478872	1.25813616352193	0.473475997419878
17.5723548833834	0.862175743874583	1.26975620711206	0.44568894300645
17.6106806301301	0.842087257132006	1.275456136177	0.431295485539857
17.6490063768769	0.816328666731604	1.26253299577275	0.397284792777126
17.6873321236236	0.784909317372371	1.2475917607808	0.327459422207444
17.7256578703704	0.747829209054266	1.22750142635122	0.281474930350548
17.7639836171171	0.705089462252402	1.19077818846013	0.222543688444507
17.8023093638639	0.65686316580691	1.14809861262657	0.170329275617876
17.8406351106106	0.603824064929837	1.08458182634146	0.0865614855084513
17.8789608573574	0.546691029205493	1.01803477719677	0.0308157077480601
17.9172866041041	0.48639014219959	0.956508479440496	0
17.9556123508508	0.424071562692929	0.896668915774431	0
17.9939380975976	0.361944721730368	0.844014364471207	0
18.0322638443443	0.302467947941521	0.785435647164592	0
18.0705895910911	0.246745405800209	0.731287819220005	0
18.1089153378378	0.196031953942004	0.698528637715368	0
18.1472410845846	0.15095416696617	0.674661145594299	0
18.1855668313313	0.111937604262417	0.645903010984435	0
18.2238925780781	0.0793697864766119	0.627109862627489	0
18.2622183248248	0.0532110357428372	0.609099225542578	0
18.3005440715716	0.0333262200242005	0.591762739567121	0
18.3388698183183	0.0194587884776461	0.574920972003789	0
18.3771955650651	0.0112185198764401	0.559208846115689	0
18.4155213118118	0.00809215293999565	0.546409791512207	0
18.4538470585586	0.00992996929369844	0.549418414789215	0
18.4921728053053	0.0164404350450741	0.526226137316848	0
18.5304985520521	0.0268831203958072	0.521926204966487	0
18.5688242987988	0.0402510753289204	0.510888459402617	0
18.6071500455455	0.055994314532867	0.527138972552215	0
18.6454757922923	0.0737254981593206	0.544013640384738	0
18.683801539039	0.0928652924293	0.549968905497443	0
18.7221272857858	0.113210432516921	0.578327096166914	0
18.7604530325325	0.134660383436103	0.595157992285071	0
18.7987787792793	0.156838989158464	0.610186268000637	0
18.837104526026	0.179451138391417	0.632165886912069	0
18.8754302727728	0.202260225964507	0.649358998759218	0
18.9137560195195	0.225098348553038	0.662955514906079	0
18.9520817662663	0.247721192970226	0.671729035078322	0
18.990407513013	0.269839783930429	0.684544462002965	0
19.0287332597598	0.291123718252405	0.705453097238479	0
19.0670590065065	0.311312414826895	0.72650907626118	0
19.1053847532533	0.330373375130562	0.717823891398711	0
19.1437105	0.348296988999913	0.748915435090592	0
19.1820362467467	0.364974539766054	0.764608920741943	0.017723930820059
19.2203619934935	0.380337287048539	0.790312338164952	0.0239962563241991
19.2586877402402	0.394384146436616	0.814266339976832	0.0300618757892609
19.297013486987	0.407107744197127	0.815349863183966	0.0290680965269608
19.3353392337337	0.418466911453854	0.843505282339595	0.0409532804455365
19.3736649804805	0.428447366562554	0.860634150795598	0.0417097066650652
19.4119907272272	0.437049095438643	0.870977659146477	0.0451579804750014
19.450316473974	0.444272098082171	0.88130560422521	0.0359689113037504
19.4886422207207	0.450116374493142	0.901677002695379	0.0350980964996156
19.5269679674675	0.45458192467153	0.918868564439207	0.0199571466632494
19.5652937142142	0.457665954683264	0.922947139848828	0.0133270401582471
19.603619460961	0.459331343486087	0.942865401982973	0.0160027362930315
19.6419452077077	0.459551736278664	0.9499983083004	0.0108319205233582
19.6802709544545	0.458326571885418	0.953392204545094	0.0127004852172155
19.7185967012012	0.4556558503063	0.948588639954607	0.0117837135605902
19.756922447948	0.451539571541372	0.953376014062167	0
19.7952481946947	0.445976105033157	0.953881018447666	0
19.8335739414414	0.438910572138644	0.938976216402595	0
19.8718996881882	0.430276539750271	0.942801546738539	0
19.9102254349349	0.420091026302147	0.967550283752278	0
19.9485511816817	0.408408626911933	0.93988242274342	0
19.9868769284284	0.395269564752986	0.936603164961215	0
20.0252026751752	0.380764082386747	0.925331654746716	0
20.0635284219219	0.364948242743289	0.91249208026976	0
20.1018541686687	0.347822980502494	0.894250233237405	0
20.1401799154154	0.329388295664418	0.870143644756607	0
20.1785056621622	0.309665246224864	0.840717546911921	0
20.2168314089089	0.288738376024424	0.818426905077316	0
20.2551571556557	0.266628899276076	0.773390605935617	0
20.2934829024024	0.243336815979816	0.756491238184665	0
20.3318086491492	0.218879678435168	0.721060471874981	0
20.3701343958959	0.193465298268389	0.676005911813282	0
20.4084601426426	0.167367628697053	0.637387612841327	0
20.4467858893894	0.140750269627577	0.588719753543944	0
20.4851116361361	0.113621802671676	0.539801881495195	0
20.5234373828829	0.0859822278293878	0.478861978173832	0
20.5617631296296	0.0578315451006679	0.433488010731582	0
20.6000888763764	0.0291697546046038	0.402833834672843	0
20.6384146231231	6.65273725492593e-05	0.374870418509643	0
20.6767403698699	0	0.352841095337592	0
20.7150661166166	0	0.34527464998968	0
20.7533918633634	0	0.359819571881142	0
20.7917176101101	0	0.362285286484971	0
20.8300433568569	0	0.382788931689233	0
20.8683691036036	0	0.411701040812312	0
20.9066948503503	0	0.467503821890181	0
20.9450205970971	0	0.518234868605034	0
20.9833463438438	0	0.577660599973553	0
21.0216720905906	0	0.640695421538881	0
21.0599978373373	0	0.690845383662861	0
21.0983235840841	0	0.756022515607938	0
21.1366493308308	0	0.859618528365457	0
21.1749750775776	0	0.940223194516949	0
21.2133008243243	0.0473185397498296	0.990736636094208	0
21.2516265710711	0.164056768998342	1.00659231730305	0
21.2899523178178	0.300998387811296	1.07312592533797	0
21.3282780645646	0.454327397779089	1.17677649424794	0
21.3666038113113	0.619736506687217	1.31568481923004	0
21.4049295580581	0.794696060863671	1.43571713997953	0
21.4432553048048	0.973335073186422	1.56332173846074	0.11167497604282
21.4815810515516	1.15119174132286	1.75094323064381	0.362625384536595
21.5199067982983	1.32618368358462	1.91350892165574	0.545046137686153
21.558232545045	1.4961941790053	2.11987070264978	0.714862139509412
21.5965582917918	1.65816434150482	2.35857304860207	0.896642847728725
21.6348840385385	1.80941008389975	2.55840050075541	1.08532411802557
21.6732097852853	1.94792364804494	2.72338943715532	1.25355789087292
21.711535532032	2.07161193715735	2.871207718841	1.34342590512277
21.7498612787788	2.17576997918931	2.97572676280741	1.47051479168457
21.7881870255255	2.25752044011261	3.04665574374432	1.57029886251462
21.8265127722723	2.3149173838439	3.15550580374612	1.60781224417875
21.864838519019	2.34745143823661	3.21860247236901	1.64212890662393
21.9031642657658	2.3551375417414	3.2155806725741	1.63844558400199
21.9414900125125	2.33855463349145	3.22111270881614	1.61550908691793
21.9798157592593	2.29909888403082	3.22698025423351	1.58592728190723
22.018141506006	2.23886686881338	3.18364449059729	1.5068575890584
22.0564672527528	2.1598813268189	3.10712238380389	1.40334118732749
22.0947929994995	2.06251640645907	3.02033689602539	1.33228614134567
22.1331187462462	1.94785406045365	2.86322331502034	1.26638377272101
22.171444492993	1.82075107704369	2.68359775224893	1.17062304920876
22.2097702397397	1.68611281494027	2.49528073482287	1.08104060450009
22.2480959864865	1.5451333956486	2.28261254143244	0.963792306811636
22.2864217332332	1.40341216870308	2.09396443140158	0.84870181387971
22.32474747998	1.26416375326061	1.95417286578336	0.734587274889428
22.3630732267267	1.12743963432792	1.81322045331352	0.617213186655037
22.4013989734735	0.993239811905003	1.65623019740823	0.499930495621179
22.4397247202202	0.861731359252126	1.50877530809563	0.360795491923411
22.478050466967	0.734202920351765	1.35833331733229	0.241434644800155
22.5163762137137	0.61214165534224	1.19159826913131	0.108881698396187
22.5547019604605	0.495858119438598	1.04856253296738	0
22.5930277072072	0.385377988976569	0.955967484897202	0
22.631353453954	0.281441411170502	0.860364612723403	0
22.6696792007007	0.185120878450355	0.783198534429029	0
22.7080049474474	0.0968715715578109	0.715179104570999	0
22.7463306941942	0.0170082580635679	0.639349483185651	0
22.7846564409409	0	0.580466071524752	0
22.8229821876877	0	0.51270704796586	0
22.8613079344344	0	0.440853456397495	0
22.8996336811812	0	0.391277803783642	0
22.9379594279279	0	0.333596845578466	0
22.9762851746747	0	0.272092593887754	0
23.0146109214214	0	0.24745882052137	0
23.0529366681682	0	0.220565990058785	0
23.0912624149149	0	0.195774137089187	0
23.1295881616617	0	0.154593545469122	0
23.1679139084084	0	0.145811773168198	0
23.2062396551552	0	0.159435337524855	0
23.2445654019019	0	0.169117699756753	0
23.2828911486487	0	0.211724570752218	0
23.3212168953954	0	0.253042411978325	0
23.3595426421421	0	0.299589539654956	0
23.3978683888889	0	0.374067973194458	0
23.4361941356356	0.0435495180748147	0.468867040828328	0
23.4745198823824	0.133405386701534	0.574497396838045	0
23.5128456291291	0.233648888821941	0.69894363547123	0
23.5511713758759	0.344286085425358	0.823447305570758	0
23.5894971226226	0.465315302917325	0.983510750579351	0
23.6278228693694	0.59673654129784	1.17497557881698	0
23.6661486161161	0.738549800566862	1.3891731087675	0.0797690434947071
23.7044743628629	0.890749899042964	1.62700008490009	0.233236998733971
23.7428001096096	1.05265146757156	1.88916300504492	0.367863238355819
23.7811258563564	1.21847122037685	2.15178745436003	0.493530593579757
23.8194516031031	1.3799325232635	2.37159293850102	0.625543678683583
23.8577773498499	1.52792287143186	2.53135024491298	0.776144958931378
23.8961030965966	1.65207600140511	2.67265584729534	0.903064696341711
23.9344288433433	1.74546912523685	2.78569035082958	1.03523985823414
23.9727545900901	1.80486598304301	2.80127349893285	1.15643755040316
24.0110803368368	1.83429681255399	2.71752886725564	1.22150730202489
24.0494060835836	1.84014553522632	2.71301077568791	1.26771032242097
24.0877318303303	1.82580453813062	2.68513566530868	1.31743143374997
24.1260575770771	1.7913551884456	2.56613891869196	1.28216817100353
24.1643833238238	1.73679748617114	2.43312428999551	1.25810666696106
24.2027090705706	1.6621330634453	2.27202134456337	1.19284399856781
24.2410348173173	1.56833893668718	2.13110583164379	1.09967940967332
24.2793605640641	1.45887538230463	2.00274730971282	0.988516854132223
24.3176863108108	1.33787934592581	1.88309403388566	0.848105622497435
24.3560120575576	1.20797532071885	1.76885278542606	0.67784805795753
24.3943378043043	1.06933986587645	1.64258228006005	0.484839880037037
24.432663551051	0.922156984129117	1.5040965610246	0.28326588112047
24.4709892977978	0.768068235689825	1.34898825153034	0.0942778844855751
24.5093150445445	0.607936134008585	1.17400549861913	0
24.5476407912913	0.443186064382126	1.00091192941956	0
24.585966538038	0.281803962940209	0.839658180442009	0
24.6242922847848	0.126624056295739	0.702708199974401	0
24.6626180315315	0	0.587450859579483	0
24.7009437782783	0	0.448750153074194	0
24.739269525025	0	0.295612053746792	0
24.7775952717718	0	0.186909829384303	0
24.8159210185185	0	0.101405914256087	0
24.8542467652653	0	0.0160650344615053	0
24.892572512012	0	0.00283079964826148	0
24.9308982587588	0	0.0851319486749157	0
24.9692240055055	0	0.214496361194482	0
25.0075497522523	0	0.389972256039645	0
25.045875498999	0.0796763585768968	0.593833310858201	0
25.0842012457457	0.296816487217124	0.855874078589866	0
25.1225269924925	0.526705677572109	1.12182885873773	0
25.1608527392392	0.760088725722768	1.37016443649164	0.205680612544505
25.199178485986	0.995998608097931	1.5768530225451	0.489445301889602
25.2375042327327	1.23443532469755	1.76981495737616	0.727793312447613
25.2758299794795	1.47396860700804	2.00453453683764	0.950927820814082
25.3141557262262	1.70244782419633	2.36448742112251	1.13995395709305
25.352481472973	1.90017933192146	2.73662234469371	1.35152674051549
25.3908072197197	2.04752989082368	2.9608820912946	1.51491430196705
25.4291329664665	2.12445963587773	2.98096370818476	1.58467919162097
25.4674587132132	2.11186931160753	2.81482375295165	1.53887523764108
25.50578445996	1.99066842279054	2.61778746418028	1.36101045995373
25.5441102067067	1.7803288494678	2.43808177864326	1.03587241502293
25.5824359534535	1.50864007778557	2.23292781600271	0.639442701583203
25.6207617002002	1.20234488812206	1.98245262040893	0.266474365726705
25.6590874469469	0.885578849902859	1.65127580988126	0.0110124189511457
25.6974131936937	0.581633614781046	1.27521776750623	0
25.7357389404404	0.307345931396181	0.86280462409711	0
25.7740646871872	0.0679597403915802	0.5524910122999	0
25.8123904339339	0	0.398747200270671	0
25.8507161806807	0	0.355976829140543	0
25.8890419274274	0	0.388051422553426	0
25.9273676741742	0	0.655041955555017	0
25.9656934209209	0.0997419209311066	1.23843494209002	0
26.0040191676677	0.705059607391631	2.05459765287159	0
26.0423449144144	1.50679088335819	2.93606955111638	0.56646408291069
26.0806706611612	2.33020120032712	3.88465139585486	1.11068454740286
26.1189964079079	2.82573553425006	4.49845953746787	1.25207972329944
26.1573221546547	2.80044974076704	4.53062433082643	1.02087905069365
26.1956479014014	2.3707132268092	3.91227299298361	0.590047790252051
26.2339736481482	1.77508355921139	3.0828699920253	0.0659255826619293
26.2722993948949	1.30712389923093	2.7423468340208	0
26.3106251416416	1.27288608900666	3.33669275822176	0
26.3489508883884	1.78986303365135	4.29108364524431	0
26.3872766351351	2.79683941419268	5.27278317610298	0.689680799192569
26.4256023818819	4.06909177962069	6.58176707265545	1.88133522396435
26.4639281286286	5.18483368626546	7.96339480328066	2.95968873237523
26.5022538753754	5.94263541096494	8.50768521821722	3.97159423957183
26.5405796221221	6.21081014270771	8.31311006428573	4.44616918612656
26.5789053688689	5.93499625360696	7.65357856246431	4.33361452474935
26.6172311156156	5.1644306079844	6.74458227903631	3.30432860207684
26.6555568623624	4.01894064721041	5.67926693389866	1.68234380046155
26.6938826091091	2.71719079598118	4.54306744991942	0.122205783173893
26.7322083558559	1.58413555801145	3.55485180075119	0
26.7705341026026	0.830668867876781	2.75552983125115	0
26.8088598493494	0.463244905502607	2.17164893545361	0
26.8471855960961	0.396171349118701	1.77675008444046	0
26.8855113428428	0.551963583426966	1.72358401136529	0
26.9238370895896	0.820945954387715	1.75133176124375	0
26.9621628363363	1.06804031186544	1.93725042201297	0.0260182216111574
27.0004885830831	1.25541048711794	2.00016294879707	0.152714128095742
27.0388143298298	1.37551298766485	2.10247536013587	0.220214563661601
27.0771400765766	1.42454047261266	2.14243087693875	0.332108333674553
27.1154658233233	1.40002230983145	2.16205263057845	0.44990064674252
27.1537915700701	1.29826460900795	2.1121870812581	0.479980936391884
27.1921173168168	1.11836365906716	1.90477193310432	0.363609360027029
27.2304430635636	0.865633202579609	1.6465994432877	0.166525942262226
27.2687688103103	0.554796694196155	1.38580458117389	0
27.3070945570571	0.224547368211473	1.07068966526797	0
27.3454203038038	0	0.7471553378952	0
27.3837460505505	0	0.329377986510876	0
27.4220717972973	0	0.0201793062106349	0
27.460397544044	0	0	0
27.4987232907908	0	0.135228203279215	0
27.5370490375375	0	0.424714046544309	0
27.5753747842843	0.316122516323425	0.804692949016748	0
27.613700531031	0.738866476731026	1.29806033546686	0.159464534907263
27.6520262777778	1.1937994770304	1.76261722854393	0.591325186427441
27.6903520245245	1.6578118461307	2.26208795935228	1.11250028236575
27.7286777712713	2.11383296926551	2.72088914685984	1.55071890682593
27.767003518018	2.55318706121416	3.14737297323266	1.94970574482376
27.8053292647648	2.97459094775917	3.6376626592847	2.32898880230086
27.8436550115115	3.37940943435485	4.07999651236072	2.64754077603145
27.8819807582583	3.7690441617614	4.54749394218867	2.90773638818643
27.920306505005	4.13847697029658	4.95210374999387	3.08352675634233
27.9586322517518	4.46052643932199	5.29535854725574	3.46574439861585
27.9969579984985	4.67227582350689	5.66282005515276	3.82098246819499
28.0352837452452	4.63894213372313	5.7000325238947	3.7469411091147
28.073609491992	4.18634921252051	5.24673606050545	3.22748669275545
28.1119352387387	3.27414486822174	4.27493023846141	2.35440558645751
28.1502609854855	2.0903779761393	3.11420541976935	1.18814049804172
28.1885867322322	0.990625828579098	1.95624695419562	0.106708626756658
28.226912478979	0.190375779162849	1.03984644435806	0
28.2652382257257	0	0.446738844996418	0
28.3035639724725	0	0.331851718171275	0
28.3418897192192	0	0.611429035215022	0
28.380215465966	0.445092831408671	1.12427667866309	0
28.4185412127127	1.19996021365681	1.92270139411209	0.521346119735712
28.4568669594595	1.90577622951219	2.58847575469987	1.20738607379449
28.4951927062062	2.37359918379767	2.88083436250971	1.85200963558166
28.533518452953	2.55608992087664	2.98817408394408	2.10385906794621
28.5718441996997	2.49921026976765	3.02438888763534	1.91191316938596
28.6101699464464	2.28758850870687	2.94441778456522	1.59778896588629
28.6484956931932	1.98307638283485	2.63714771629093	1.3140005085704
28.6868214399399	1.68387029113455	2.296550475021	1.11377276790478
28.7251471866867	1.4667415161171	1.95874487166671	1.0360241790108
28.7634729334334	1.3658528274944	1.78641302674514	1.01467321517966
28.8017986801802	1.40222072306053	1.79839409370651	1.02587363877496
28.8401244269269	1.57913979302452	2.03308943017458	1.12085053766509
28.8784501736737	1.89987391895657	2.45326129362783	1.26794844797121
28.9167759204204	2.37576300322854	3.12573390293552	1.55175178573066
28.9551016671672	2.98487279403316	3.74720734965113	2.17099758421661
28.9934274139139	3.62475261486346	4.28489181873845	2.87782692656071
29.0317531606607	4.17964684432094	4.81757882998387	3.61085333175229
29.0700789074074	4.59804695295088	5.32489211757891	4.06480239446542
29.1084046541542	4.79848990114718	5.6148475933084	4.21197518578789
29.1467304009009	4.76626713032156	5.58823542571167	4.03499158246931
29.1850561476476	4.57358175315731	5.37438273534038	3.65743743692152
29.2233818943944	4.32328914254115	5.14754228423536	3.31623042405827
29.2617076411411	4.09629744502622	4.89627627065583	3.091875580463
29.3000333878879	3.89129768631762	4.65050709736159	3.02851984648257
29.3383591346346	3.67271815355298	4.41087311631482	2.82935785069206
29.3766848813814	3.41719443927229	4.23571797323761	2.65498169363877
29.4150106281281	3.12092032111153	3.99239181874725	2.51170718556185
29.4533363748749	2.79812211602244	3.59669228402959	2.26205523790434
29.4916621216216	2.49299414878726	3.23145561306131	1.92547581530481
29.5299878683684	2.25313921424381	2.96797549142811	1.61382356274498
29.5683136151151	2.10890800545652	2.8855279932746	1.32413502958359
29.6066393618619	2.07046940093575	2.88102488646769	1.2224464658096
29.6449651086086	2.13756009222481	2.90584017207926	1.30983485905752
29.6832908553554	2.2999511867764	3.06301243123218	1.50172695763795
29.7216166021021	2.51744781292831	3.25944939002863	1.77221877110489
29.7599423488489	2.69988405476674	3.37299431637271	2.02710787837906
29.7982680955956	2.76704145118652	3.46188866597119	2.09050747718873
29.8365938423423	2.6647799900947	3.58115983586807	1.94299117089882
29.8749195890891	2.34743680622559	3.56363678162464	1.38949307728079
29.9132453358358	1.94883628164138	3.31493915038828	0.836929918655693
29.9515710825826	1.58624360705659	2.9187415621695	0.517573650283939
29.9898968293293	1.21731640593781	2.35897263468279	0.354798953713304
30.0282225760761	0.778971539773662	1.57038499634888	0.127969414441297
30.0665483228228	0.301696327087658	1.10686609567247	0
30.1048740695696	0	0.902093791437516	0
30.1431998163163	0	0.767665642330565	0
30.1815255630631	0	0.881611605478413	0
30.2198513098098	0.444699862585647	1.40248516999067	0
30.2581770565566	1.18427672236988	2.18471258907469	0.358368277121834
30.2965028033033	2.04182903304364	3.20184104120283	0.963381623111686
30.33482855005	2.84636894045509	4.14788421956107	1.55054107286876
30.3731542967968	3.46007171220082	4.787785347134	2.0497215370945
30.4114800435435	3.94721132656002	5.29495161870936	2.47949093715323
30.4498057902903	4.47513695515156	5.92488424142403	3.04190846570662
30.488131537037	5.10464749229483	6.90357539532781	3.39612501246092
30.5264572837838	5.752292441643	7.76242707712388	3.87190652182338
30.5647830305305	6.31711132420936	8.49442844744068	4.32426682944603
30.6031087772773	6.69088221551874	9.15584764154963	4.46275281266449
30.641434524024	6.73009797107603	9.38708993673384	4.16081501023234
30.6797602707708	6.36700743710097	9.14577570505968	3.8607296271762
30.7180860175175	5.60241210997734	8.33590420771561	3.2920969996786
30.7564117642643	4.46244746482331	7.14349671921151	2.36614942204136
30.794737511011	3.11661122391368	5.4366750492852	0.823989581151762
30.8330632577578	1.89536415361676	4.04996509138216	0
30.8713890045045	0.99828855014789	3.42504711311175	0
30.9097147512513	0.56889738917628	3.13599859849644	0
30.948040497998	0.712382976017724	3.31898136182775	0
30.9863662447447	1.41137656879033	4.23103784946787	0
31.0246919914915	2.3129217756873	4.97731228381931	0
31.0630177382382	2.75894315570863	5.32008351567878	0.477880601994843
31.101343484985	2.4757808916258	4.72469436145201	0.551401328063836
31.1396692317317	1.71610610425572	3.6239791032365	0
31.1779949784785	0.969224771837778	2.88196686606111	0
31.2163207252252	0.78963394133117	2.40987007965197	0
31.254646471972	1.40108191636417	2.64069909751145	0
31.2929722187187	2.54236154823646	3.76237119938419	1.18454929190344
31.3312979654655	3.63125195889581	4.71749787855344	2.44741858360391
31.3696237122122	4.14308220838661	4.94904923123329	3.22183774262053
31.407949458959	4.02620789169738	4.89371590445685	3.18825754686266
31.4462752057057	3.52448615069201	4.34359687597879	2.65406250875844
31.4846009524525	2.89031748121736	3.82152855808511	1.86241876541443
31.5229266991992	2.36068207199928	3.50644748798563	1.03524877816241
31.5612524459459	2.09072340884036	3.18317517635017	0.447193564291862
31.5995781926927	2.12725662018267	3.0871411158469	0.610919946100422
31.6379039394394	2.43158556887301	3.19822923476518	1.44297210836558
31.6762296861862	2.89035014707611	3.62848533986167	2.11091831532025
31.7145554329329	3.4229962406636	4.37139541833308	2.59687143339377
31.7528811796797	4.02687054244549	5.14530932540047	3.23968294770051
31.7912069264264	4.70196864643551	5.88983981423517	3.86046438863696
31.8295326731732	5.44023566464178	6.52850620364035	4.54572124537772
31.8678584199199	6.16976182700915	7.15965258188787	5.17057251059603
31.9061841666667	6.75819659636954	7.8198892519914	5.75634283660857
31.9445099134134	7.13351825877921	8.16810658778257	6.0998228125605
31.9828356601602	7.23171814722717	8.15163730910366	6.26826973878516
32.0211614069069	7.0158785444924	7.89164652136312	5.95589872349509
32.0594871536537	6.4738381214932	7.57019814748256	5.48914293455005
32.0978129004004	5.66552461365784	6.96303121612401	4.72214333314362
32.1361386471471	4.81864843015929	5.99133577323774	3.94853892297388
32.1744643938939	4.126811304189	5.20251498673898	3.31146219625635
32.2127901406406	3.69730816934487	4.87469902136729	2.60923961127097
32.2511158873874	3.60837012212424	4.86678764064751	2.08222237710499
32.2894416341341	3.87112534814919	5.08772469979925	2.25863516751171
32.3277673808809	4.2635941535184	5.39470404725367	3.01402472474516
32.3660931276276	4.3473934972127	5.48342493370056	2.97444287669026
32.4044188743744	3.91108474500843	5.13421180160989	2.62829124340471
32.4427446211211	2.96384848804009	4.22065819558277	1.65299065341244
32.4810703678679	1.86992179780774	3.43754291230617	0.276980739137231
32.5193961146146	1.30284470623572	3.13033232919264	0
32.5577218613614	1.16010938134596	2.89539703059961	0
32.5960476081081	1.19916984101019	2.64612433840341	0
32.6343733548549	1.34420636010557	2.50591916141093	0
32.6726991016016	1.56186336462103	2.49169571350175	0.282178845380354
32.7110248483484	1.78548574793451	2.57584876281766	0.894233803107354
32.7493505950951	1.97014557827827	2.72566247313903	1.14157356540536
32.7876763418418	2.1119294138382	2.9119786361946	1.21171323662478
32.8260020885886	2.21083725461419	3.11161863516108	1.23024876266736
32.8643278353353	2.26686910060637	3.31231655242567	1.19597775210582
32.9026535820821	2.28002021773917	3.43447218035835	1.09369807307795
32.9409793288288	2.24967948713479	3.46589070447236	0.967199319740445
32.9793050755756	2.17583319197955	3.48660065827508	0.800294521336099
33.0176308223223	2.06660877907365	3.37881900201726	0.515942940967332
33.0559565690691	1.97564626700741	3.32662796504906	0.422062418745609
33.0942823158158	1.97262959792356	3.21272972196951	0.557878903164645
33.1326080625626	2.11659210269728	3.26016714558965	0.92647102451406
33.1709338093093	2.41938734677974	3.37517974441322	1.44809237818349
33.2092595560561	2.88102547564584	3.82756020617675	1.94229248357329
33.2475853028028	3.49520408603816	5.26237001004167	2.40416437272554
33.2859110495496	4.08053818466526	6.12730670195015	2.7248523501187
33.3242367962963	4.27373720745926	5.8173829587196	2.91812435091967
33.362562543043	3.99885890277543	5.22316815529587	2.8027766341185
33.4008882897898	3.45126548269025	4.770607116636	2.18482500004956
33.4392140365365	2.88479408900397	4.11374894110925	1.60468808932355
33.4775397832833	2.44448991045665	3.44506469518035	1.3102909328013
33.51586553003	2.14490544737333	2.86664589971213	1.37059072895645
33.5541912767768	1.94270935393006	2.53074577848634	1.40209461411066
33.5925170235235	1.82553153423691	2.42153877036985	1.34155555618748
33.6308427702703	1.7930910047855	2.36488452331578	1.2997370667302
33.669168517017	1.84567804914824	2.40291749421579	1.35213710214008
33.7074942637638	1.987305785071	2.54077885289344	1.44361699478221
33.7458200105105	2.2250147323844	2.82275219643765	1.53769439163371
33.7841457572573	2.56085449876412	3.20809871454062	1.81889133569659
33.822471504004	2.99343150350779	3.66128527598653	2.28687697009328
33.8607972507507	3.51964699985	4.19325451929992	2.87698480806945
33.8991229974975	4.10037268141285	4.83048799574573	3.46510608957544
33.9374487442443	4.64038308451682	5.42668850261549	3.95508084815233
33.975774490991	5.02397332032447	5.82703274145708	4.41441919536195
34.0141002377377	5.1884993181136	5.91243731690415	4.53887210102025
34.0524259844845	5.07770695185722	6.00235502377123	4.06314314928979
34.0907517312312	4.21588518500604	5.23084446750439	2.68392107196935
34.129077477978	2.30051833164297	3.57462178000273	0.452644121023255
34.1674032247247	0.271890202719739	1.90056695359809	0
34.2057289714715	0	0.823587930237415	0
34.2440547182182	0	0.803884147491025	0
34.282380464965	0.876090457057621	2.4097887914175	0
34.3207062117117	2.85684114437049	4.99857919869895	1.12515942124082
34.3590319584585	4.31974549092714	6.3174607076363	2.69566485317199
34.3973577052052	4.85360517373607	6.71993750572528	3.28520199358715
34.435683451952	4.79242090673397	6.46058071838201	3.34366128967365
34.4740091986987	4.50167024617872	5.84090737355503	3.36165063225941
34.5123349454454	4.13289240975538	4.98190176555541	3.25271578220272
34.5506606921922	3.63774830808472	4.45071381311859	2.74887013687332
34.5889864389389	3.04263494555119	4.08966667718266	2.00253180889167
34.6273121856857	2.42740893084356	3.46338970930021	1.41533860984088
34.6656379324324	1.84574687704614	2.63183263126207	1.06730714116456
34.7039636791792	1.4489689818916	2.23593908393425	0.674665944359152
34.7422894259259	1.5114734975303	2.36595170456392	0.687523159299029
34.7806151726727	2.01667820848243	2.71484342516723	1.2010609906571
34.8189409194194	2.60505105925658	3.16322049572315	1.95873294944737
34.8572666661662	2.97540457982339	3.52559769247111	2.4122829812002
34.8955924129129	2.83758019582801	3.47168874568345	2.21980057251281
34.9339181596597	2.24405918958723	2.87871261496691	1.62214817767226
34.9722439064064	1.56774418791726	2.18049215039386	0.940086142799599
35.0105696531532	1.09057303657986	1.99959575712753	0.330703069022247
35.0488953998999	0.812395671285591	1.75229787018949	0
35.0872211466466	0.686657477801475	1.72446916350338	0
35.1255468933934	0.825154080859844	1.92233442111459	0
35.1638726401401	1.24179567530656	2.39475318975766	0.0764196581174364
35.2021983868869	1.99938429626576	3.27476707682363	0.320446465987122
35.2405241336336	3.25600966069205	4.62105363582376	1.51715750015886
35.2788498803804	4.91057400537327	6.39052578112061	3.70443310117366
35.3171756271271	6.10733704559226	8.01737662343604	4.53521675808895
35.3555013738739	5.52749657347185	7.23857378740597	3.87381486085603
35.3938271206206	3.65033721152029	5.06228545690455	2.16723164500843
35.4321528673674	1.84652994864335	3.17011993737383	0.50175930114183
35.4704786141141	0.696642203388063	1.91828493184979	0
35.5088043608609	0.2373088326109	1.82345819949949	0
35.5471301076076	0.436274575346414	2.36003340327899	0
35.5854558543544	1.28893624046518	3.02848111232057	0
35.6237816011011	2.65368092663533	4.822856840452	1.02301715699315
35.6621073478479	4.23863414380235	6.58018398620104	2.51425800543142
35.7004330945946	5.81390591382554	8.23311173368189	3.89436080769151
35.7387588413413	6.95771271885997	9.71595257430122	4.63251708914589
35.7770845880881	7.35720107274543	10.4442984515738	4.63114862351857
35.8154103348348	7.08587333174359	10.5340080206981	4.1968136353791
35.8537360815816	6.39942454177976	9.50650022940098	3.45958700299677
35.8920618283283	5.44407696051441	8.41025892147256	2.59548821278777
35.9303875750751	4.51779119349083	7.33695212591572	1.46134216531529
35.9687133218218	3.71803573455607	6.63679495271701	0.0870777685883033
36.0070390685686	3.17656972107243	5.87170318252616	0
36.0453648153153	2.98927860531676	5.63106026135434	0
36.0836905620621	3.14172224319849	5.3653502927237	0
36.1220163088088	3.48009624828959	5.34574751801952	0.467354961878506
36.1603420555556	3.81204632374039	5.54957593925466	1.69870963756084
36.1986678023023	4.09767537107801	5.97334528218678	2.07556989081451
36.236993549049	4.32867599974321	6.53570757961709	2.20244574034878
36.2753192957958	4.50503967974624	7.08793175190372	2.37602579902897
36.3136450425425	4.62676641108689	7.3697086683449	2.371236050166
36.3519707892893	4.69385619376547	7.44204351212927	2.4320533049748
36.390296536036	4.70630902778166	7.56929898600387	2.40706587636004
36.4286222827828	4.65630127617509	8.1393076926613	2.24324945601004
36.4669480295295	4.57606226304417	8.26722776058269	1.97442027861934
36.5052737762763	5.31211624919919	9.2368782659789	3.17291345735543
36.543599523023	7.69426357891252	13.0118683865097	3.92700729637257
36.5819252697698	9.93745459957634	16.0946656933174	4.49109110002862
36.6202510165165	9.03658984651465	16.1330985481382	4.65493517052763
36.6585767632633	5.8154971120281	9.64332760325028	3.67463391293721
36.69690251001	3.039177033101	5.40058018227962	0.186339891161948
36.7352282567568	1.4860141841295	5.16544071429225	0
36.7735540035035	1.24260197401807	5.6920733640423	0
36.8118797502503	2.6192383255268	7.53319099550472	0
36.850205496997	6.6306295194089	10.6759885370908	3.21076190540847
36.8885312437437	10.6241497365845	14.0367137863618	7.15555144751277
36.9268569904905	10.8764690662501	13.9938761096857	6.97053338537269
36.9651827372372	7.13675442660044	10.8559489650184	2.81505931766312
37.003508483984	0.882057104854028	4.248445475729	0
37.0418342307307	0	0	0
37.0801599774775	0	0	0
37.1184857242242	0	0	0
37.156811470971	0	0	0
37.1951372177177	2.80901643339711	4.43146700892435	1.02477898978107
37.2334629644645	8.55315575722011	9.84944372075784	7.49983254021783
37.2717887112112	12.504764336211	13.903014099861	11.1137902215536
37.310114457958	13.2224141908845	14.7712047923086	11.5218016013282
37.3484402047047	10.7217918494397	12.0099831673571	9.09193862524689
37.3867659514515	7.03876737533274	8.315120449623	5.62858192588651
37.4250916981982	4.31663529722386	5.95374382331967	2.8600729561022
37.463417444945	3.19341289283329	4.87185106513507	1.7644242697033
37.5017431916917	3.58391522647525	5.06022401943124	2.27806188955876
37.5400689384384	4.61710080032148	5.90457148832011	3.30144032548067
37.5783946851852	5.25602178103743	6.2808104874321	3.99091801370317
37.6167204319319	5.34620530415424	6.28409462755997	4.28464281446069
37.6550461786787	5.00115537518132	6.13424144087369	3.9408985755923
37.6933719254254	4.72888324252606	5.83894325569633	3.72610445633751
37.7316976721722	5.38557364716661	6.23933506621741	4.57936789704732
37.7700234189189	7.24348401642898	8.11865378372188	6.44012015212594
37.8083491656657	9.7460277896099	10.8322234980372	8.7196779611686
37.8466749124124	10.959072694048	12.806264170139	9.19199451579474
37.8850006591592	9.13883453440731	11.392064380282	7.13873182488333
37.9233264059059	5.10693668321181	6.6807343969174	3.79900592072635
37.9616521526527	1.90630380483845	4.00405657871583	0
37.9999778993994	1.51575650811867	4.14031900845748	0
38.0383036461461	2.35867256881245	5.49617507599198	0
38.0766293928929	2.66953121984026	5.30380882737076	0.142056791004198
38.1149551396396	2.53479134266405	4.66697745893204	0.300143723727725
38.1532808863864	2.26469500350911	4.98173019579168	0
38.1916066331331	2.08618975361853	5.84118525660107	0
38.2299323798799	2.09704161320528	7.20559481654565	0
38.2682581266266	2.23591446671705	9.08847076281626	0
