phys	rec.rate	upper	lower
0.112006729229229	4.27435745026292	12.9489552986687	0
0.336020187687688	4.79266467971478	12.9489552986687	0.993959789681296
0.560033646146146	5.33193859332972	12.9489552986687	1.85262015089675
0.784047104604605	5.65623793105479	11.8902145254287	2.11804588799016
1.00806056306306	5.18551056537319	8.27590536081934	2.20792607286883
1.23207402152152	4.8998044635688	6.88026879172396	2.94346260029767
1.45608747997998	5.13511877450189	6.92194395454686	3.51540395042671
1.68010093843844	5.68523288627981	7.19594434794743	4.13703067802363
1.9041143968969	6.24364419210274	7.5283223103284	4.88950324797454
2.12812785535536	6.62403878963731	7.7466483474167	5.33795247316844
2.35214131381381	6.45516109551839	7.90215636080065	5.29186041273934
2.57615477227227	5.73025928762067	6.9820509037924	4.52472282635372
2.80016823073073	5.03384646122054	6.12148053566787	4.07663135146366
3.02418168918919	4.4177349839577	5.42117307724782	3.57539454890518
3.24819514764765	3.59447727548947	4.52218360144363	2.70594632370202
3.47220860610611	2.62346558382895	3.4791842705603	1.93251876802688
3.69622206456456	2.05653170103706	3.26070679315362	1.20847104070647
3.92023552302302	2.49778622417342	3.84326203457973	1.52059306657123
4.14424898148148	3.80731246866039	4.79343931917238	2.74451970978014
4.36826243993994	4.93730197099307	6.40608685758041	3.14439436829835
4.5922758983984	4.41808495209729	5.84744974979591	2.86836428207182
4.81628935685686	2.75696327487028	3.68132450676673	1.84096689882544
5.04030281531532	1.5772166108455	2.99908389342404	0.588295561046455
5.26431627377377	1.31934742651694	2.82875919723337	0.297772924004418
5.48832973223223	1.94339247614169	3.07136509277021	0.990262268889622
5.71234319069069	3.07616161984423	4.15239076257365	2.14205999481368
5.93635664914915	4.15904978232235	5.2314907420653	2.96843731200085
6.16037010760761	4.90233983749947	6.09742611088967	3.70451009155925
6.38438356606607	5.25596020908675	6.45353952777824	4.26553182283134
6.60839702452452	5.24645852459573	6.2065930932776	4.47186022307346
6.83241048298298	4.94617277089657	5.72764436313957	3.97330747543268
7.05642394144144	4.59886341245911	5.65492471486613	2.97141637928914
7.2804373998999	4.44170174513247	5.76573578809897	2.87414634489964
7.50445085835836	4.58923233638428	5.90092480812212	3.32969775099326
7.72846431681682	4.56225698566783	5.88811151450262	3.01829437050545
7.95247777527528	3.98944495174936	5.49307608224331	2.5223835170503
8.17649123373373	3.0197192190222	4.49467191524293	1.88714579144652
8.40050469219219	2.09040295129266	3.40136527485011	1.02614590687706
8.62451815065065	1.44224936189236	2.61530427211011	0.128554185883407
8.84853160910911	1.14138407321434	2.22147388808505	0
9.07254506756757	1.16081579115338	2.10858332863572	0
9.29655852602603	1.33857524204941	2.32639730024498	0.0323432554740526
9.52057198448449	1.59288377510471	2.58367496657503	0.400831146234721
9.74458544294294	1.91405920277275	2.81460618289777	0.789546965901884
9.9685989014014	2.20105153932849	3.25594372723786	0.968496351638257
10.1926123598599	2.29348368026663	3.30212833106276	1.18940725803213
10.4166258183183	2.14232865075191	3.01326335807404	1.2407784186334
10.6406392767768	1.89051351787429	2.79617780914367	1.06262094142955
10.8646527352352	1.77825375899581	2.76403017096553	0.703760135156111
11.0886661936937	1.89494751655901	2.87663426759771	0.767066700597103
11.3126796521522	2.22396222470795	3.03471064249204	1.10661686363866
11.5366931106106	2.6046968069742	3.36854530235227	1.56595802616273
11.7607065690691	2.97166110640487	3.67654139977588	2.2167528632624
11.9847200275275	3.31274198063731	4.10180448914884	2.55250196476342
12.208733485986	3.46337416632935	4.70450227124643	2.49660596803343
12.4327469444444	3.28405967304006	4.62256350137805	2.32051658943285
12.6567604029029	2.81619801570245	4.18422480598204	1.97163718540365
12.8807738613614	2.30442862102197	3.37839231180125	1.61426299789134
13.1047873198198	1.93958590260104	2.59113476004718	1.48134141715684
13.3288007782783	1.62637546017207	1.99902721620119	1.26001560694705
13.5528142367367	1.35087128617069	1.68153226657928	1.01735437953969
13.7768276951952	1.11651516918954	1.46661423052255	0.710988087238978
14.0008411536537	0.935553836661414	1.35401631199943	0.476127119679645
14.2248546121121	0.83357215083481	1.29311208939607	0.311168209074047
14.4488680705706	0.832218189456797	1.27659248530963	0.33347460790459
14.672881529029	0.913709517243048	1.27946039427805	0.45189372082085
14.8968949874875	1.03240689565163	1.33372429823241	0.643933871252463
15.1209084459459	1.17523868885929	1.4411639686784	0.914571744916434
15.3449219044044	1.31098506888715	1.65310184228494	1.0287682154392
15.5689353628629	1.40656078032664	1.80066376705105	1.04232912147562
15.7929488213213	1.4602382852797	1.85918725132791	0.983695370991198
16.0169622797798	1.50195279143795	1.92781230141907	1.01728118662593
16.2409757382382	1.57125630146844	1.91893816822305	1.19440384731712
16.4649891966967	1.64895089874723	1.98331948363877	1.3412599267861
16.6890026551552	1.71044815855136	2.08088306179888	1.43421643199622
16.9130161136136	1.73983347583485	2.12496220123747	1.45080579389346
17.1370295720721	1.73242277142159	2.15848602790207	1.41542357724617
17.3610430305305	1.68752812130258	2.12977495248629	1.34216171960211
17.585056488989	1.60533517574563	2.00691523861945	1.28208389758293
17.8090699474474	1.48532419403693	1.85202022955472	1.2317776732879
18.0330834059059	1.33167528153639	1.61391220787403	1.09699391774957
18.2570968643644	1.15912245844257	1.40822114047826	0.795749801784558
18.4811103228228	1.00608708528741	1.34441530620966	0.529691499736996
18.7051237812813	0.891484473359552	1.28396879901831	0.364453149564465
18.9291372397397	0.815960807301347	1.178166032468	0.36328247717768
19.1531506981982	0.764702215236917	1.02204546090945	0.443714767166038
19.3771641566567	0.729309316822412	0.925740186912859	0.456974606071706
19.6011776151151	0.709846949455344	0.91646960061052	0.435878450500709
19.8251910735736	0.706948885459886	0.945760505359951	0.430334653791405
20.049204532032	0.720737831039171	0.977591590457955	0.437647888261297
20.2732179904905	0.747069986721598	0.991810646280884	0.469568132381942
20.4972314489489	0.779005051172322	1.02885920671705	0.500764119501338
20.7212449074074	0.809015000782386	1.06361149271154	0.542026172127416
20.9452583658659	0.836042033000458	1.07573034798354	0.590180106830401
21.1692718243243	0.860009673947294	1.08836254928356	0.637237413221563
21.3932852827828	0.878524324855553	1.08232869469998	0.684393382124317
21.6172987412412	0.888159311547573	1.07772141536235	0.690414783815516
21.8413121996997	0.887834029306816	1.09287267721577	0.687156180610072
22.0653256581582	0.877476010772114	1.10686579721814	0.667843097965915
22.2893391166166	0.857085255943463	1.09951293336531	0.641375618294741
22.5133525750751	0.82666174072998	1.07339039618764	0.62268956982407
22.7373660335335	0.786146224373751	1.01616271479422	0.587048996985036
22.961379491992	0.73635619220009	0.95344706108006	0.527432716454363
23.1853929504504	0.679169101328791	0.905684946685548	0.466100279010162
23.4094064089089	0.619956133793604	0.851818060940528	0.380107971347773
23.6334198673674	0.562655140448884	0.808476320590751	0.324689992666204
23.8574333258258	0.5073779233314	0.746264753532554	0.265058728367771
24.0814467842843	0.454162335252873	0.691325260079753	0.208391704239745
24.3054602427427	0.404309545761397	0.63878323509595	0.16901793014162
24.5294737012012	0.359686089622391	0.600578393928369	0.129559300571444
24.7534871596597	0.320148385655204	0.570428075393964	0.0993844423747259
24.9775006181181	0.285617418032632	0.530159715989257	0.0719662891704574
25.2015140765766	0.25597952764101	0.506394262656614	0.0460046031600705
25.425527535035	0.230624068439113	0.495905657131969	0.0224647808277848
25.6495409934935	0.209346849211364	0.482273029506336	0
25.873554451952	0.192147725173509	0.464356635579282	0
26.0975679104104	0.1790168255756	0.479863282839714	0
26.3215813688689	0.169413226063056	0.478074223178938	0
26.5455948273273	0.162526742834338	0.468484882174438	0
26.7696082857858	0.158290882853553	0.464859156104137	0
26.9936217442442	0.156650300287308	0.441904785615116	0
27.2176352027027	0.157059859970759	0.43554208817256	0
27.4416486611612	0.159209514994638	0.431006680158158	0
27.6656621196196	0.163095683723467	0.424775421286798	0
27.8896755780781	0.168718366157258	0.421038331960218	0
28.1136890365365	0.176077562296002	0.420062030442013	0
28.337702494995	0.185173272139705	0.427902916541421	0
28.5617159534535	0.19600530507784	0.421520864591241	0.00318642632152788
28.7857294119119	0.208515235839925	0.418160545686168	0.0219029537338156
29.0097428703704	0.222562502121945	0.431884514824561	0.0274543649087412
29.2337563288288	0.238126395154847	0.45476015919815	0.0202329078054753
29.4577697872873	0.255206914938657	0.483185538743502	0
29.6817832457457	0.273804061473348	0.505882708039646	0
29.9057967042042	0.294379150546372	0.536360928487044	0
30.1298101626627	0.319176367515041	0.581059626558005	0
30.3538236211211	0.349033425924614	0.630411791235922	0
30.5778370795796	0.385154151626788	0.68664745361686	0
30.801850538038	0.428230497417285	0.749835593055044	0
31.0258639964965	0.478378218048398	0.803393880361763	0.01462801350564
31.249877454955	0.535539082302193	0.858323313387239	0.120774143991285
31.4738909134134	0.598166104985504	0.93369077530495	0.225231346321978
31.6979043718719	0.664518649987009	1.01618765820201	0.331984918510202
31.9219178303303	0.730960646302469	1.13290796599128	0.395629408136938
32.1459312887888	0.788619928592909	1.26617911551193	0.433651476246515
32.3699447472472	0.827786088033664	1.32960048978154	0.451452699794486
32.5939582057057	0.845359945849132	1.36034152808298	0.445954704359657
32.8179716641642	0.832772138196209	1.34530974623094	0.429685293506215
33.0419851226226	0.784203760756917	1.27835036649388	0.390721459598472
33.2659985810811	0.717873450253978	1.15368432873297	0.320777714508889
33.4900120395395	0.657294749672023	1.05797916041128	0.248656222982002
33.714025497998	0.610362729162256	0.972341974866932	0.235030418807525
33.9380389564565	0.58294296068315	0.934506284022433	0.20591521598765
34.1620524149149	0.575705358642611	0.913445011400532	0.205806347247213
34.3860658733734	0.585168881829593	0.906514113392702	0.217730421988222
34.6100793318318	0.610489308240765	0.933342640574194	0.261169102623574
34.8340927902903	0.650848051644852	0.987404268669129	0.336268532486326
35.0581062487488	0.698108322805163	1.07041542880836	0.390343685960712
35.2821197072072	0.738582050680483	1.14626980879916	0.424879976539925
35.5061331656657	0.767161351418208	1.20270207153709	0.464784902946491
35.7301466241241	0.782587464886878	1.20499769194207	0.472675553225941
35.9541600825826	0.784836246104773	1.16667830677475	0.454643889898807
36.178173541041	0.773957360689817	1.11808630522421	0.423246900158003
36.4021869994995	0.750774764136173	1.06349936881279	0.380208440658949
36.626200457958	0.717422881117676	1.02540994093518	0.339418857718916
36.8502139164164	0.677352770490274	0.991981202186504	0.276982518990871
37.0742273748749	0.631486708964917	0.932721925528372	0.229984816176525
37.2982408333333	0.579824733760712	0.872904028312135	0.172445871910356
37.5222542917918	0.522366844877655	0.807800807092343	0.106735476503222
37.7462677502503	0.459113042315743	0.751911647414331	0.0548926348870649
37.9702812087087	0.390114723035196	0.691987900808545	0
38.1942946671672	0.319148379818108	0.637755332927181	0
38.4183081256256	0.25383311316163	0.580418207432935	0
38.6423215840841	0.197024072795878	0.536041625129125	0
38.8663350425425	0.151843349094367	0.50927566147834	0
39.090348501001	0.119149107952026	0.474121198071978	0
39.3143619594595	0.0989778843513528	0.455796503557878	0
39.5383754179179	0.0905185533801721	0.437992784784136	0
39.7623888763764	0.0937468685660199	0.423400326945783	0
39.9864023348348	0.108645382070982	0.416519846156873	0
40.2104157932933	0.133838189064749	0.40098002119395	0
40.4344292517518	0.163757897830363	0.392237988205502	0
40.6584427102102	0.193379609848867	0.39665528253895	0
40.8824561686687	0.221538010884343	0.404148434190193	0.0283339993068195
41.1064696271271	0.248230684309042	0.428238564299799	0.0611452538801477
41.3304830855856	0.27345763012297	0.463614629655527	0.0711563298695407
41.554496544044	0.297218848326122	0.505964282438671	0.0807789970010354
41.7785100025025	0.319514338918499	0.553571834029989	0.0960453317455713
42.002523460961	0.340344101900108	0.605671470288636	0.105844557091182
42.2265369194194	0.359708137270939	0.644527582242188	0.118185465826943
42.4505503778779	0.377606445031001	0.673981940823561	0.12963176853363
42.6745638363363	0.394039025180278	0.707882350420936	0.145446963990667
42.8985772947948	0.408996029353451	0.721304960033388	0.160119085835356
43.1225907532533	0.421957792175388	0.754105777975721	0.166165754851116
43.3466042117117	0.432157323425964	0.762626545572695	0.178268993600336
43.5706176701702	0.439514839681448	0.769048100291086	0.178160194108407
43.7946311286286	0.443650978194583	0.769218846070332	0.18131775333685
44.0186445870871	0.444205921219697	0.767642142127761	0.181999066442507
44.2426580455455	0.44116547310586	0.759780306412952	0.180069823874145
44.466671504004	0.434548348610481	0.740414729301081	0.17709719659013
44.6906849624625	0.424559523086092	0.710890558713539	0.171432993417
44.9146984209209	0.411325498758907	0.676663062365754	0.168464979305059
45.1387118793794	0.394874219950082	0.643911718221692	0.162893189478404
45.3627253378378	0.375698350853974	0.616519417957576	0.161836914777492
45.5867387962963	0.354237485883966	0.583387723362951	0.156898348374498
45.8107522547548	0.330507047296949	0.539118672947088	0.148519490470114
46.0347657132132	0.304652418340344	0.50110231604815	0.140717511050913
46.2587791716717	0.278110722880798	0.455758603417267	0.129852082449418
46.4827926301301	0.251907664579045	0.433640446303253	0.116764633154283
46.7068060885886	0.226079852134515	0.39683723145764	0.100542741331214
46.9308195470471	0.200665735710771	0.373088438174002	0.0782919414029229
47.1548330055055	0.176295347985097	0.341726460260128	0.0478873743394457
47.378846463964	0.153483284838908	0.314971869976324	0.0189397387965721
47.6028599224224	0.132244612217701	0.297246970217132	0
47.8268733808809	0.112579330121472	0.275977106666798	0
48.0508868393393	0.0944874385502294	0.262476046209074	0
48.2749002977978	0.0779689375039589	0.253310976699377	0
48.4989137562563	0.0630736525148458	0.240109170747695	0
48.7229272147147	0.0502167631640543	0.2284375425344	0
48.9469406731732	0.0396044518338844	0.21619382503269	0
49.1709541316316	0.0312424211840385	0.20338413435827	0
49.3949675900901	0.0251698170228135	0.19560079861542	0
49.6189810485485	0.0214078971299607	0.192516067009735	0
49.842994507007	0.0199568728773402	0.187714993370437	0
50.0670079654655	0.0208167442649371	0.184045726113702	0
50.2910214239239	0.0239875112828771	0.182593391151589	0
50.5150348823824	0.0294116323021363	0.181547512784163	0
50.7390483408408	0.0368612196047569	0.183043389304914	0
50.9630617992993	0.0460862535142958	0.18775567093203	0
51.1870752577578	0.056705399369813	0.194722195357956	0
51.4110887162162	0.0686297560807262	0.201726630296666	0
51.6351021746747	0.0812716088010265	0.214908081745687	0
51.8591156331331	0.0942157577898726	0.226346130881775	0
52.0831290915916	0.107453468173019	0.243727161469148	0
52.3071425500501	0.120984739950466	0.255920284797143	0
52.5311560085085	0.134809573122212	0.268102322606239	0
52.755169466967	0.148927967688267	0.28075229067204	0.00577181015703836
52.9791829254254	0.163339923648619	0.295828665442377	0.0257984446247496
53.2031963838839	0.178045441003265	0.305596655496283	0.0378293022110466
53.4272098423423	0.193036785706433	0.31548370676471	0.0489434764590116
53.6512233008008	0.207761332135343	0.338329056634956	0.0577799248559037
53.8752367592593	0.221307273946568	0.3687956877311	0.0697726599466209
54.0992502177177	0.23358934502082	0.398229090925466	0.0788639062678025
54.3232636761762	0.244607507667862	0.418099912772814	0.0801748745468152
54.5472771346346	0.254016200792856	0.42782375074716	0.0865080955160643
54.7712905930931	0.260387218457068	0.446778526198334	0.0829234622446245
54.9953040515515	0.26254348945004	0.457331909781735	0.0839378495218302
55.21931751001	0.260262705348343	0.460571587436151	0.0805118945083982
55.4433309684685	0.253544866151971	0.452377946133611	0.0773870307916401
55.6673444269269	0.242388635421047	0.445990876018298	0.0633211786230649
55.8913578853854	0.2265875573941	0.436728496654767	0.0408069964716154
56.1153713438438	0.205742582793031	0.416773838132304	0.0204914428294444
56.3393848023023	0.180386988031083	0.394419033122712	0
56.5633982607608	0.15117323090785	0.3581160723759	0
56.7874117192192	0.122414918856593	0.328016766174557	0
57.0114251776777	0.101331168638644	0.317114091721993	0
57.2354386361361	0.0887313601825434	0.311223773940642	0
57.4594520945946	0.0846154934882904	0.310886076586439	0
57.6834655530531	0.0890091933913572	0.325455119651318	0
57.9074790115115	0.10357179599567	0.346734152839382	0
58.13149246997	0.130947893398315	0.387569004924867	0
58.3555059284284	0.171373682085901	0.428510374564229	0
58.5795193868869	0.22493467635991	0.499635637058723	0
58.8035328453453	0.294116558884176	0.595670898803637	0
59.0275463038038	0.381135208918893	0.700610336698361	0.00828185336520276
59.2515597622623	0.485642294667985	0.804471296715573	0.155682986661842
59.4755732207207	0.602887697294841	0.902470083341383	0.304818514699011
59.6995866791792	0.728208004031038	1.00844047523426	0.454710572691697
59.9236001376376	0.861297401079995	1.18449993583362	0.576666567531169
60.1476135960961	0.990744345869224	1.45526307348103	0.649897663001237
60.3716270545546	1.07943847570828	1.5653650733387	0.685730707517969
60.595640513013	1.08872480251752	1.53156169389599	0.674409293920772
60.8196539714715	1.01539132068971	1.40755475318377	0.627082842961083
61.0436674299299	0.8707043656401	1.2342514710641	0.536170789011429
61.2676808883884	0.673511999859874	1.07563314533107	0.305499866235422
61.4916943468468	0.464156832826107	0.862545663359718	0.0577590105259876
61.7157078053053	0.262429590675385	0.671363415443968	0
61.9397212637638	0.107428326867736	0.516843679844573	0
62.1637347222222	0.00786422162702188	0.386667808038697	0
62.3877481806807	0	0.292250460154611	0
62.6117616391391	0	0.222065858358793	0
62.8357750975976	0.0273812279952492	0.245286037319886	0
63.0597885560561	0.100851525905032	0.353141758613931	0
63.2838020145145	0.172544246315313	0.425039621245307	0
63.507815472973	0.2291295623925	0.453940654595186	0
63.7318289314314	0.264807508614318	0.506091604663482	0.064995757860158
63.9558423898899	0.284181970581575	0.485500575364529	0.119963231711973
64.1798558483484	0.290744446337154	0.436840442613615	0.153157401726752
64.4038693068068	0.298128477478764	0.436876116738783	0.145226285861512
64.6278827652653	0.309825606555361	0.463131001713875	0.144867841684887
64.8518962237237	0.325835836456816	0.495383165392461	0.151611774314605
65.0759096821822	0.346151926900799	0.530052948913322	0.172863463793591
65.2999231406406	0.367978553793126	0.573389064145496	0.191263345948229
65.5239365990991	0.38293077326252	0.601003563607661	0.213801268821841
65.7479500575575	0.386495861552076	0.581989349944969	0.227674909608175
65.971963516016	0.376139529939089	0.528697561245549	0.234936498479729
66.1959769744745	0.354429244744388	0.480086622770964	0.218643064043444
66.4199904329329	0.326992378215088	0.448514429434015	0.191887914781771
66.6440038913914	0.294656143255994	0.42006333428448	0.166568149191381
66.8680173498499	0.261480087037325	0.411246434633164	0.11599678013842
67.0920308083083	0.232848666550324	0.393479904363342	0.0601208940751991
67.3160442667668	0.210579812620429	0.362627540148928	0.0227125894033699
67.5400577252252	0.194695182783042	0.341621319131784	0.010083241957878
67.7640711836837	0.18382996891939	0.314528282015281	0.00996323201428065
67.9880846421422	0.177439301965096	0.295170983528308	0.0359179476433333
68.2120981006006	0.172791072575904	0.284520450655309	0.0426323741213296
68.4361115590591	0.167427071746919	0.29064501110913	0.0349738372477586
68.6601250175175	0.160294562419018	0.302932469348663	0.0257306467587741
68.884138475976	0.151025126336943	0.309321253075459	0.0223919384901559
69.1081519344344	0.139690671506147	0.300728598077054	0.00917597614928979
69.3321653928929	0.127937006806285	0.281793330930316	0
69.5561788513513	0.119217803483947	0.276422446513639	0
69.7801923098098	0.117151484092265	0.284329212637095	0
70.0042057682683	0.123569474020491	0.306316029816101	0
70.2282192267267	0.139472722803623	0.336261067468189	0
70.4522326851852	0.164892456941244	0.3547589674098	0
70.6762461436437	0.199828676433359	0.387165805030254	0.00454860961901726
70.9002596021021	0.24387666661481	0.432145248818788	0.0301310228056581
71.1242730605606	0.294461590179946	0.519881705727371	0.0878838693102629
71.348286519019	0.348954231581995	0.591829225932301	0.167087008392747
71.5722999774775	0.396171623336501	0.637122403037045	0.247299092608731
71.7963134359359	0.428171292765532	0.638245603784991	0.288119097309919
72.0203268943944	0.443472280809451	0.599706515596152	0.291637226634378
72.2443403528528	0.444335836719074	0.606220606496865	0.281355628137047
72.4683538113113	0.43334444481753	0.605269787751835	0.247318211241516
72.6923672697698	0.410642840934428	0.605206627935568	0.202997026352678
72.9163807282282	0.378028609247659	0.5795475333359	0.165250447307427
73.1403941866867	0.344329753821458	0.544889641695134	0.131332499920411
73.3644076451451	0.313119916017807	0.492213837792267	0.114935753931501
73.5884211036036	0.284739006667516	0.440501331758684	0.113405122076802
73.8124345620621	0.258970131240636	0.394035363534364	0.112320252837966
74.0364480205205	0.235310144729192	0.350196026911904	0.113080540322803
74.260461478979	0.213445283693505	0.315338843300971	0.105635992367781
74.4844749374374	0.193369540968347	0.285028421391448	0.0909256168628986
74.7084883958959	0.175082916553701	0.263835109613924	0.0783294751517307
74.9325018543544	0.158585410449587	0.239937730065285	0.0713620902890169
75.1565153128128	0.143877017663952	0.227797680067448	0.0641980438914903
75.3805287712713	0.130884090483928	0.214875427983257	0.0517464662538676
75.6045422297297	0.119347239122917	0.206265327846803	0.0374931861979699
75.8285556881882	0.109209386772819	0.197202596478035	0.0259733133671147
76.0525691466466	0.10047053343362	0.192906304011166	0.0168654710571855
76.2765826051051	0.0931301718494295	0.189102013062867	0.00679107692452442
76.5005960635636	0.0871300907228847	0.180308829455388	0.00108046078568862
76.724609522022	0.0823588994516513	0.175302801966048	0
76.9486229804805	0.0788040292344522	0.174144157241305	0
77.172636438939	0.0764683316683186	0.173999194742042	0
77.3966498973974	0.0753806719936365	0.170919260245271	0
77.6206633558559	0.0755578216993519	0.171447938002644	0
77.8446768143143	0.0769999877835127	0.172145009829853	0
78.0686902727728	0.0797071702461168	0.177489530235227	0
78.2927037312312	0.0836971447276478	0.18297386924167	0
78.5167171896897	0.0890484060220703	0.187379245640893	0
78.7407306481481	0.0957826140632989	0.198382430690322	0
78.9647441066066	0.103899769554415	0.207048736474681	0.000352544918387572
79.1887575650651	0.113399872495412	0.22098929459014	0.00738737557719633
79.4127710235235	0.124286007119757	0.234597685638937	0.0166581941111391
79.636784481982	0.136592287452531	0.249249848603396	0.0302588286541707
79.8607979404404	0.150286828646067	0.262570855959208	0.0430359577101933
80.0848113988989	0.165346590356471	0.28269495469221	0.0497890248022565
80.3088248573574	0.181771542175687	0.301933644428236	0.0564852480913074
80.5328383158158	0.199561684103702	0.321517435644899	0.0694179852561832
80.7568517742743	0.218664868590115	0.335688002065148	0.0926038678406055
80.9808652327327	0.238758772808721	0.356878342291429	0.117449672841041
81.2048786911912	0.259720382802941	0.371840356388598	0.142736328136928
81.4288921496496	0.281549454150339	0.395531103095754	0.167027765083967
81.6529056081081	0.304245986850905	0.415040353195481	0.196260993961465
81.8769190665666	0.327809980878211	0.44147012597168	0.228562209541795
82.100932525025	0.352082396733139	0.465890058280912	0.259019187665537
82.3249459834835	0.376018837842444	0.493825202924606	0.2835379607228
82.5489594419419	0.398737247699486	0.521354662469343	0.304703131778445
82.7729729004004	0.419915866298507	0.543281128274998	0.327061391646066
82.9969863588589	0.439005550083823	0.572888840986924	0.343327328109221
83.2209998173173	0.455783858929032	0.599218043716727	0.353751036462755
83.4450132757758	0.470138663716144	0.610582104815951	0.362669945030439
83.6690267342342	0.482067411128063	0.619483381043103	0.369533487647776
83.8930401926927	0.491570481482696	0.633563491588968	0.375326926276929
84.1170536511512	0.498669197206086	0.632607262420273	0.376327871984243
84.3410671096096	0.503395775060041	0.633403722559002	0.379265102367103
84.5650805680681	0.505753144108711	0.633332536389807	0.381079877643444
84.7890940265265	0.505790759502291	0.633745965839296	0.377462807395559
85.013107484985	0.503616990842143	0.629293530769992	0.37282917794817
85.2371209434434	0.499246200505253	0.627430991702287	0.368803666373963
85.4611344019019	0.492678388491622	0.611645926988877	0.365876050262862
85.6851478603604	0.483913554801258	0.602998419212629	0.359188674192402
85.9091613188188	0.472951699434145	0.590711335177333	0.356398575717935
86.1331747772773	0.459813565628213	0.579617130733668	0.342310772766657
86.3571882357357	0.444701322130491	0.562936201379009	0.324545998454479
86.5812016941942	0.427908968179533	0.549415183076562	0.298482769074374
86.8052151526527	0.410218169862373	0.531824403223889	0.257011583123321
87.0292286111111	0.39185780804069	0.518972767073759	0.226713034041628
87.2532420695696	0.373255053449201	0.500750664949861	0.203493318925217
87.477255528028	0.354943278736387	0.492000909612388	0.172484598403066
87.7012689864865	0.337501527265822	0.478790283464149	0.154876200277036
87.9252824449449	0.321142166599552	0.466946645132577	0.133561539365868
88.1492959034034	0.3058659218816	0.453588393939602	0.110940255353757
88.3733093618619	0.291817041755094	0.440801465883505	0.092895933599091
88.5973228203203	0.279368195184814	0.427495494457217	0.0786358068460522
88.8213362787788	0.26857876054415	0.409166380233381	0.0756991092581118
89.0453497372372	0.259450265223305	0.400476661606234	0.0763224877287005
89.2693631956957	0.252021173221764	0.386721051268359	0.0787262478096117
89.4933766541542	0.2462850741219	0.377368509092405	0.0745510851187796
89.7173901126126	0.242025179979284	0.368865979736209	0.078589380792363
89.9414035710711	0.238713701093769	0.362589813712069	0.0796062230546882
90.1654170295295	0.236045307949776	0.359060093086496	0.0768733564365631
90.389430487988	0.234015290679252	0.360690920712805	0.0845890427728615
90.6134439464464	0.232623649282241	0.367353382303683	0.0961974677435561
90.8374574049049	0.231870383758697	0.380890817250523	0.102468862326025
91.0614708633634	0.231569940371061	0.385111983116724	0.104045231321137
91.2854843218218	0.23069033469525	0.406605042793169	0.0961098656453705
91.5094977802803	0.228701920739959	0.410260265656962	0.0930559478300867
91.7335112387387	0.225578461954859	0.408813936653149	0.0840896031303311
91.9575246971972	0.221321573077333	0.404259005577858	0.0725105381978408
92.1815381556557	0.215987273973972	0.405430069815945	0.0552952538001949
92.4055516141141	0.209644557725173	0.390037774225026	0.0462047007594923
92.6295650725726	0.202300710862928	0.38783005319946	0.0383588503710242
92.853578531031	0.194155340444365	0.380091715642462	0.0363247979759939
93.0775919894895	0.185527993802619	0.368284106725842	0.018260298099424
93.301605447948	0.176447381185811	0.355462518444719	0.0127885140603969
93.5256189064064	0.166913673521539	0.350059524855508	0.00726929318485119
93.7496323648649	0.156974520992197	0.33750481217475	0
93.9736458233233	0.146742479015272	0.328464913325159	0
94.1976592817818	0.136233793872968	0.311559114677668	0
94.4216727402402	0.125448465373241	0.293501566204958	0
94.6456861986987	0.114385603942314	0.281735051559007	0
94.8696996571572	0.103052670946439	0.2716989106609	0
95.0937131156156	0.0914543561659885	0.267119422127733	0
95.3177265740741	0.0795906600887149	0.267828534022445	0
95.5417400325325	0.0674616209259342	0.264633829342624	0
95.765753490991	0.0550787008634777	0.259757274879351	0
95.9897669494495	0.0424746123474836	0.250215248666519	0
96.2137804079079	0.0298252906743196	0.23438181016414	0
96.4377938663664	0.0173370437988215	0.217018049916065	0
96.6618073248248	0.00502207300510448	0.19282237784688	0
96.8858207832833	0	0.167035852921795	0
97.1098342417417	0	0.1414488989403	0
97.3338477002002	0	0.119426468453545	0
97.5578611586587	0	0.105155668480392	0
97.7818746171171	0	0.0887713788545085	0
98.0058880755756	0	0.0779468509514084	0
98.229901534034	0	0.067098874184926	0
98.4539149924925	0	0.0624992914952138	0
98.677928450951	0	0.0545278083023948	0
98.9019419094094	0	0.0528998802126775	0
99.1259553678679	0	0.0495346661270822	0
99.3499688263263	0	0.0501964470347354	0
99.5739822847848	0	0.0492238034753494	0
99.7979957432432	0	0.046506277463229	0
100.022009201702	0	0.0452159741865231	0
100.24602266016	0	0.044557966960497	0
100.470036118619	0	0.0454844531636948	0
100.694049577077	0	0.0468917352578428	0
100.918063035536	0	0.047981274454072	0
101.142076493994	0	0.0505034668341711	0
101.366089952452	0	0.0507721339902063	0
101.590103410911	0	0.0562648299535233	0
101.814116869369	0	0.0591507197882766	0
102.038130327828	0	0.0634653397365733	0
102.262143786286	0	0.0711178144048965	0
102.486157244745	0	0.0826137662313745	0
102.710170703203	0	0.0913793532147451	0
102.934184161662	0	0.0982343563718454	0
103.15819762012	0	0.107597859128831	0
103.382211078579	0	0.123481788769704	0
103.606224537037	0	0.132584388657912	0
103.830237995496	0	0.140114354716947	0
104.054251453954	0	0.144318804567103	0
104.278264912412	0	0.143664356890683	0
104.502278370871	0	0.145437780935781	0
104.726291829329	0.00250632698912442	0.145379154681214	0
104.950305287788	0.00711726001678072	0.142674522190611	0
105.174318746246	0.0114601465988222	0.138720448581837	0
105.398332204705	0.0156352922423312	0.132959229134128	0
105.622345663163	0.0196800242032221	0.130037248355013	0
105.846359121622	0.0235944052144349	0.127686547803129	0
106.07037258008	0.0273784352759932	0.124025176068392	0
106.294386038539	0.0310321143878822	0.120082979702396	0
106.518399496997	0.0345554425501056	0.120806255779986	0
106.742412955455	0.0379484197626755	0.120540717986358	0
106.966426413914	0.0412110460255702	0.124615066144225	0
107.190439872372	0.0443433213388077	0.128916628690378	0
107.414453330831	0.0473452457023739	0.134245341834165	0
107.638466789289	0.0502168191162876	0.136244423635698	0
107.862480247748	0.0529580415805283	0.143589599551031	0
108.086493706206	0.0555689130951099	0.151032165455515	0
108.310507164665	0.0580494336600264	0.158575280377534	0.00119951546101929
108.534520623123	0.0603996032752828	0.169368513307872	0.00260940639478526
108.758534081582	0.0626194219408616	0.17735210314489	0.00379181242527783
108.98254754004	0.0647088896567949	0.182836240159168	0.003858197475298
109.206560998499	0.0666680064230547	0.19139736638126	0.00411932165775478
109.430574456957	0.0684967722396535	0.19911487411975	0.00403380040979747
109.654587915415	0.0701951871065877	0.205014270277784	0.00399095499553852
109.878601373874	0.0717632510238572	0.210808875527308	0.0043675761375232
110.102614832332	0.0732009639914614	0.215629701794337	0.00414576610635758
110.326628290791	0.0745083260094018	0.220023578757251	0.00389953910088503
110.550641749249	0.0756853370776836	0.223856949285766	0.00370919055276707
110.774655207708	0.0767319971963009	0.227036983262789	0.00335907768122235
110.998668666166	0.0776483063652497	0.229636503600714	0.00317977305740449
111.222682124625	0.0784342645845377	0.231647683773739	0.00272568306727046
111.446695583083	0.0790898718541626	0.235661977598509	0.00203941682091998
111.670709041542	0.0796151281741187	0.236018274123542	0.0018288678543323
111.8947225	0.0800100335444158	0.23497271171993	0.00189699272369952
112.118735958458	0.0802745879650514	0.234657965072312	0.000597291837601415
112.342749416917	0.0804087914360149	0.237124554645427	0.000252966820606901
112.566762875375	0.0804126439573261	0.236229468387028	5.33716293440565e-05
112.790776333834	0.0802861455289598	0.236416910351516	0.000135243933235426
113.014789792292	0.0800292961509429	0.237856896956944	0
113.238803250751	0.0796420958232536	0.240317735945572	0
113.462816709209	0.0791245445459019	0.235862041536017	0
113.686830167668	0.0784766423188875	0.232671333923543	0
113.910843626126	0.0776983891422116	0.230356873581511	0
114.134857084585	0.0767897850158697	0.228209021324851	0
114.358870543043	0.0757508299398649	0.22611632001621	0
114.582884001501	0.0745815239141949	0.22419463022162	0
114.80689745996	0.0732818669388608	0.223432158226528	0
115.030910918418	0.0718518590138678	0.220510922689597	0
115.254924376877	0.0702915001392034	0.213890947043055	0
115.478937835335	0.0686033172307162	0.212484728686617	0
115.702951293794	0.0668220763205665	0.210316063620934	0
115.926964752252	0.0649928114723588	0.211526213044412	0
116.150978210711	0.0631505228002024	0.209687965877079	0
116.374991669169	0.0612986041788067	0.204434439416472	0
116.599005127628	0.0594370556081695	0.2007146865151	0
116.823018586086	0.0575658770882843	0.196682825545954	0
117.047032044545	0.0556850686191624	0.195905860731611	0
117.271045503003	0.0537946302007949	0.192621503741373	0
117.495058961461	0.0518945618331833	0.184775974535023	0
117.71907241992	0.0499848635163264	0.177092156909874	0
117.943085878378	0.0480655352502305	0.176998993664758	0
118.167099336837	0.0461365770348888	0.174365448309142	0
118.391112795295	0.0441979888703044	0.171892249051061	0
118.615126253754	0.0422497707564793	0.164390580485039	0
118.839139712212	0.0402919226934037	0.161990424840774	0
119.063153170671	0.0383244446810947	0.153035344186321	0
119.287166629129	0.0363473367195369	0.149397088440104	0
119.511180087588	0.034360598808737	0.144963762416572	0
119.735193546046	0.0323662100336925	0.141873945858692	0
119.959207004505	0.0303941683116815	0.138474130456193	0
120.183220462963	0.0284677645737338	0.135254571089913	0
120.407233921421	0.0265876095207573	0.132495221344955	0
120.63124737988	0.0247537031527443	0.127536971895396	0
120.855260838338	0.0229660454696958	0.122232741647201	0
121.079274296797	0.0212246364716248	0.119185101194651	0
121.303287755255	0.0195294761585145	0.118848642543758	0
121.527301213714	0.0178805645303703	0.111007204960764	0
121.751314672172	0.0162779015871985	0.108596725302185	0
121.975328130631	0.0147214873289893	0.101647331718396	0
122.199341589089	0.0132113217557518	0.0978708790959016	0
122.423355047548	0.0117474048674842	0.0954979923309229	0
122.647368506006	0.0103297366641785	0.0918108495930747	0
122.871381964464	0.0089583171458425	0.0899485680243737	0
123.095395422923	0.00763314631246992	0.0868610464401105	0
123.319408881381	0.00635459275312004	0.0822248732455477	0
123.54342233984	0.00514308337459589	0.0788699037274235	0
123.767435798298	0.00402934540705583	0.0752980567456494	0
123.991449256757	0.00301680872838667	0.0716851932554733	0
124.215462715215	0.00211199011312229	0.0680933605145426	0
124.439476173674	0.00131777833965851	0.0665385684789997	0
124.663489632132	0.000634186361199777	0.064854778234623	0
124.887503090591	6.12141777356932e-05	0.0610474733121296	0
125.111516549049	0	0.0567024072315401	0
125.335530007508	0	0.0553109150358239	0
125.559543465966	0	0.0522915345801966	0
125.783556924424	0	0.0522199337701405	0
126.007570382883	0	0.0511352956264677	0
126.231583841341	0	0.0486281039145394	0
126.4555972998	0	0.0480889899378748	0
126.679610758258	0	0.0469176950448776	0
126.903624216717	0	0.0465495631147915	0
127.127637675175	0.000404884750977056	0.0462724807569103	0
127.351651133634	0.0008811102320599	0.0454748013311879	0
127.575664592092	0.00138921192226279	0.0447486687537853	0
127.799678050551	0.00192918982159561	0.045955319538613	0
128.023691509009	0.00250104393005659	0.0444459661885447	0
128.247704967467	0.0031047742476331	0.0439593061303091	0
128.471718425926	0.00374038077434621	0.0442431727681744	0
128.695731884384	0.00440786351017467	0.0440305639117353	0
128.919745342843	0.00510722245513082	0.0432085940032247	0
129.143758801301	0.0058384576092106	0.04315705840456	0
129.36777225976	0.00660156897242211	0.043450866056695	0
129.591785718218	0.00739655654474799	0.0445174390336427	0
129.815799176677	0.00822342032620614	0.0435043786493547	0
130.039812635135	0.00908180374211382	0.0430559645669196	0
130.263826093594	0.0099652950525569	0.0429438616056461	0
130.487839552052	0.0108683426660437	0.0431354517104752	0
130.711853010511	0.0117907600587345	0.0440306695399908	0
130.935866468969	0.0127314588308318	0.0444704393199238	0
131.159879927427	0.0136877537589334	0.045443549812518	0
131.383893385886	0.0146592380516317	0.0457118987014834	0
131.607906844344	0.0156459117089284	0.0473165419289996	0
131.831920302803	0.0166477747308221	0.0495527172352706	0
132.055933761261	0.0176648271173183	0.0507542748325934	0
132.27994721972	0.0186970688684095	0.0520995096418458	0
132.503960678178	0.0197444999840988	0.0541997504405936	0
132.727974136637	0.0208071204643842	0.0552620154589924	0
132.951987595095	0.0218849303092707	0.0580852344905097	0
133.176001053554	0.0229779295187559	0.0606671156167199	0
133.400014512012	0.024086118092834	0.0630467949574424	0
133.62402797047	0.0252094960315176	0.0652051072294638	0
133.848041428929	0.0263480633347911	0.0670916009769225	0
134.072054887387	0.0275018200026678	0.0706313505895027	0
134.296068345846	0.0286707660351399	0.0738294758349195	0
134.520081804304	0.0298549014322174	0.0755896004325002	0
134.744095262763	0.0310542261938821	0.0779433460036398	0
134.968108721221	0.0322687403201493	0.0806739295413679	0
135.19212217968	0.0334984438110168	0.0812475601988651	0
135.416135638138	0.0347433366664793	0.0824249230875579	0
135.640149096597	0.0360034188865428	0.0851514846990295	0.000446155309253585
135.864162555055	0.0372786904712003	0.0848040753742118	0.001982605335494
136.088176013514	0.03856915142046	0.0854434231285922	0.00379894987297526
136.312189471972	0.0398748017343154	0.0873951418220589	0.00427385490318333
136.53620293043	0.0411956414127673	0.0885154645311983	0.00489674487301493
136.760216388889	0.0425316436091898	0.0911602051276103	0.00532771065806011
136.984229847347	0.0438806785592479	0.0960350302452717	0.00604432724743668
137.208243305806	0.0452391060717151	0.0992969163336671	0.00588600043597578
137.432256764264	0.0466065697310302	0.100134982175285	0.00631842722005423
137.656270222723	0.0479830695371903	0.102004695999997	0.00703921601420726
137.880283681181	0.0493686054902113	0.104307045946501	0.00725520048858083
138.10429713964	0.0507631775900759	0.110354564814957	0.00887327236386579
138.328310598098	0.0521667858367937	0.112649983116229	0.00847453243474824
138.552324056557	0.053579343598792	0.113896391613518	0.00755985785228353
138.776337515015	0.0549983633383285	0.116662339424121	0.008227691104764
139.000350973473	0.0564210468156154	0.117269060428287	0.0100412368874173
139.224364431932	0.0578472449887241	0.120035150318028	0.00969137490645376
139.44837789039	0.0592769578576337	0.118761092699581	0.0113862746483171
139.672391348849	0.0607101879265488	0.120925729414104	0.0141465672643896
139.896404807307	0.0621474074020357	0.119936173735844	0.0154817817471531
140.120418265766	0.0635896423833656	0.125265117911088	0.0149453259459258
140.344431724224	0.0650370275506423	0.128521002724716	0.0161441160841434
140.568445182683	0.0664895629038519	0.131758825027253	0.018093732836354
140.792458641141	0.0679516140121354	0.132843171319446	0.0197301195847036
141.0164720996	0.0694512943326838	0.13592033073147	0.0208616928913809
141.240485558058	0.0709997456324684	0.138536348738991	0.0229597829871183
141.464499016517	0.0725969958078957	0.139053710529004	0.0258035473700344
141.688512474975	0.0742446600331977	0.141672019819732	0.0256444602816804
141.912525933433	0.0759840923867029	0.143189316403585	0.0239648119690323
142.136539391892	0.0778591274704435	0.144374708558738	0.0229381063225638
142.36055285035	0.0798718770911902	0.150674171690841	0.0199759594360723
142.584566308809	0.0820272556601266	0.156118669715883	0.0182511073028269
142.808579767267	0.0844587047878464	0.15826038488985	0.0162588498480178
143.032593225726	0.0873914305573018	0.164473652440077	0.0139437017300269
143.256606684184	0.090867244627591	0.168900921154208	0.0133227595945851
143.480620142643	0.0948886650941703	0.174604420735574	0.0158954190656488
143.704633601101	0.0994968444804781	0.180404107151641	0.0182149389297585
143.92864705956	0.104725495439179	0.185848770534407	0.0212907573616324
144.152660518018	0.110575611244048	0.190078595196278	0.0295132291606693
144.376673976476	0.117033412251717	0.197478988902599	0.0386264109837791
144.600687434935	0.123930468760154	0.201475675447955	0.0446150990247843
144.824700893393	0.131137668897207	0.207997408945472	0.0528582195647232
145.048714351852	0.138396748907035	0.214957142029622	0.0619547376246385
145.27272781031	0.145504828555993	0.223034959626589	0.0645839644602857
145.496741268769	0.152449660768132	0.232107691102328	0.070303741336223
145.720754727227	0.158939997806761	0.24326345383018	0.0691321367872185
145.944768185686	0.164578383191743	0.255937218185554	0.0673327910872097
146.168781644144	0.169177030852481	0.267454518985663	0.0661346332590943
146.392795102603	0.172211754273345	0.277713061692841	0.0566577808994543
146.616808561061	0.173520084146328	0.289336058463542	0.0433521861124826
146.84082201952	0.172747634447867	0.295607066351365	0.0234560607199193
147.064835477978	0.169753301676108	0.301191959050013	0.00972629446993797
147.288848936436	0.164536518020928	0.302266501115715	0
147.512862394895	0.157051878471102	0.291385232417275	0
147.736875853353	0.147218645030614	0.277154942815064	0
147.960889311812	0.135312340587947	0.26176409588368	0
148.18490277027	0.12155251470602	0.245235335316669	0
148.408916228729	0.106439585534365	0.229043195748349	0
148.632929687187	0.0908952295549766	0.217092138831531	0
148.856943145646	0.0760851578109721	0.202018167201648	0
149.080956604104	0.0622995942316131	0.187114335121894	0
149.304970062563	0.0495385392428478	0.172888883953135	0
149.528983521021	0.0378019928446827	0.160332758110992	0
149.752996979479	0.0270899550371227	0.145305630773567	0
149.977010437938	0.0174024258201549	0.139528286777562	0
150.201023896396	0.00873944746081487	0.129983433819533	0
150.425037354855	0.00141828401596922	0.118596274055441	0
150.649050813313	0	0.121600867190073	0
150.873064271772	0	0.116528753057649	0
151.09707773023	0	0.130666300393619	0
151.321091188689	0	0.148393743668148	0
151.545104647147	0.00344334806248917	0.172082731927309	0
151.769118105606	0.0118083027368452	0.194626086730303	0
151.993131564064	0.0236527070539471	0.225308773970806	0
152.217145022523	0.040802470705094	0.26173065257572	0
152.441158480981	0.0635028992185045	0.292314589572418	0
152.665171939439	0.0917539925941982	0.3358814287069	0
152.889185397898	0.125563040152114	0.376174566371854	0
153.113198856356	0.16647771414908	0.421760243588374	0
153.337212314815	0.217952223900096	0.481777437486852	0
153.561225773273	0.280709130880622	0.543902505180893	0
153.785239231732	0.357716056112533	0.61765051045952	0.00373616687032158
154.00925269019	0.450078829253614	0.700846144917975	0.130427859650716
154.233266148649	0.5496650251338	0.787059169186238	0.268924763800206
154.457279607107	0.640972608390114	0.876779394975304	0.349648469045173
154.681293065566	0.715902296096777	0.99120126486794	0.377562218558729
154.905306524024	0.765809641468631	1.10896489666167	0.391551883247113
155.129319982482	0.786305560691795	1.16256606625554	0.41177934871563
155.353333440941	0.772486676362431	1.17537199473324	0.408574045908943
155.577346899399	0.73035723774794	1.15943387720583	0.39226950859475
155.801360357858	0.672842045723982	1.08082355178692	0.365518566287271
156.025373816316	0.602739640806686	0.960817946253026	0.322615938775809
156.249387274775	0.528060484458937	0.796027423238815	0.304527943347299
156.473400733233	0.457690912186921	0.648733560663672	0.281838078583664
156.697414191692	0.393025923164206	0.548212860081227	0.237679713636386
156.92142765015	0.334065517390879	0.497447208812072	0.175549959358177
157.145441108609	0.280809694866866	0.471476525969097	0.106982164798931
157.369454567067	0.233258455592235	0.440884912720477	0.0263848767060068
157.593468025526	0.191411799566943	0.416206780859226	0
157.817481483984	0.155269726791012	0.399665516781529	0
158.041494942442	0.124832237264432	0.37778343486749	0
158.265508400901	0.100099330987199	0.355516573941729	0
158.489521859359	0.0810710079593227	0.334574400079364	0
158.713535317818	0.0677472681808031	0.318748574561492	0
158.937548776276	0.0601156373818227	0.30597435201964	0
159.161562234735	0.0578894683305028	0.293717419178898	0
159.385575693193	0.0597942820391328	0.280432674016279	0
159.609589151652	0.0636746065819159	0.268209893543599	0
159.83360261011	0.068907066411586	0.267432288981977	0
160.057616068569	0.0754873693602371	0.280691625588607	0
160.281629527027	0.0834155154278674	0.286732042845397	0
160.505642985486	0.0926915046144752	0.29463044313978	0
160.729656443944	0.103315336920073	0.305774851824254	0
160.953669902402	0.115287012344639	0.321249694177674	0
161.177683360861	0.128606530888204	0.342987495929334	0
161.401696819319	0.143273892550731	0.355339022222116	0
161.625710277778	0.159289097332247	0.36214122284225	0.000396603545623974
161.849723736236	0.176652145232753	0.381411731045056	0.0177819004263578
162.073737194695	0.195363036252223	0.406885401649293	0.0233210806105479
162.297750653153	0.215421770390689	0.436604662446888	0.0257509026306113
162.521764111612	0.236818488097471	0.468501997885795	0.0253563718644839
162.74577757007	0.258810104039591	0.524657788238502	0.0273729152223546
162.969791028529	0.279946738270352	0.577843519363255	0.0280349801627851
163.193804486987	0.299543185010411	0.637374821884144	0.0203851649450681
163.417817945445	0.31705412349766	0.659262672149939	0.0231591774386917
163.641831403904	0.332450763364275	0.667272397254832	0.029449866236922
163.865844862362	0.345733104610334	0.684795363706214	0.0237009833638904
164.089858320821	0.356901147235746	0.686986042736611	0.0281198269691305
164.313871779279	0.365954891240601	0.679634714025366	0.0227978823579575
164.537885237738	0.372906108667683	0.676308264730387	0.0183797664379961
164.761898696196	0.378121848192378	0.682143467466848	0.0198078529676071
164.985912154655	0.382041939449081	0.706996855703633	0.0130541048074785
165.209925613113	0.384692834101514	0.724771789888661	0.0192236888096851
165.433939071572	0.386074532149754	0.720034786391077	0
165.65795253003	0.386187033593755	0.727775313699101	0
165.881965988489	0.38503271842367	0.726663321765257	0
166.105979446947	0.383002765737625	0.716375708257001	0
166.329992905405	0.38091992258159	0.723356026057544	0
166.554006363864	0.378888150093497	0.733468681744698	0
166.778019822322	0.376907448273298	0.733506337211818	0
167.002033280781	0.375013785919105	0.733528595926395	0
167.226046739239	0.374182533616597	0.727615012476697	0
167.450060197698	0.375479200208259	0.748188836749579	0
167.674073656156	0.378957826307846	0.741716095026893	0
167.898087114615	0.38485853163182	0.777242617279627	0
168.122100573073	0.395963703875488	0.817456342583229	0
168.346114031532	0.414064165651056	0.853294223001821	0
168.57012748999	0.439189572915219	0.93295634977754	0
168.794140948448	0.471660536703915	0.996209230611201	0
169.018154406907	0.514952627304209	1.06986932752046	0
169.242167865365	0.571194215158132	1.15962804486893	0
169.466181323824	0.640415988572067	1.26369164451488	0
169.690194782282	0.722617947546076	1.39314681381286	0
169.914208240741	0.817800092080068	1.5251192780723	0.00759113992638833
170.138221699199	0.925965551753127	1.6878655909785	0
170.362235157658	1.04963846377963	1.89402298372129	0
170.586248616116	1.19677268666841	2.10540155754442	0.0345372431265254
170.810262074575	1.37038370564956	2.30596458976938	0.194478118292269
171.034275533033	1.5705488553191	2.49114899339608	0.47583671697431
171.258288991491	1.79701794899325	2.6470273344176	0.841938936054234
171.48230244995	2.04027201963822	2.8965006396853	1.16731303135077
171.706315908408	2.28207437176467	3.12256147873444	1.44834198569656
171.930329366867	2.50438287761166	3.47189499484961	1.65207361018709
172.154342825325	2.6908737237159	3.84658650430556	1.7968467072842
172.378356283784	2.84045450739639	4.13411146667596	1.87403056026236
172.602369742242	2.93560703730364	4.42450462623909	1.95883979626225
172.826383200701	2.93993504141371	4.56509033167581	1.9416115960369
173.050396659159	2.83445713598688	4.52762370314202	1.79270112295571
173.274410117618	2.62118369947055	4.15594929204908	1.49720029082662
173.498423576076	2.32552435820059	3.58378017707291	1.19066402373431
173.722437034535	2.00046579157341	3.25604445528795	0.886646372144683
173.946450492993	1.69917173773718	2.99047322669589	0.572891737447906
174.170463951451	1.43450317422955	2.6931602579425	0.344008153895493
174.39447740991	1.22911991959973	2.40755939840755	0.160225936878044
174.618490868368	1.10342905275517	2.14936552489927	0.0822538998534145
174.842504326827	1.07238568966148	1.94866644508062	0.135452043986518
175.066517785285	1.13199543345074	1.9486821145991	0.177643498920745
175.290531243744	1.25204307031682	2.08818857232415	0.308027843186821
175.514544702202	1.36393215060951	2.10843663963446	0.442832362160988
175.738558160661	1.40856601545975	2.04369814937748	0.646771712626388
175.962571619119	1.37792540084079	1.96695432326289	0.831533295387484
176.186585077578	1.28677619783202	1.81739373163613	0.874408038839819
176.410598536036	1.16116659036845	1.69073862995792	0.800216389371972
176.634611994494	1.02522899050192	1.46786945850618	0.672719111344671
176.858625452953	0.903702845348066	1.31816680043437	0.560574506430193
177.082638911411	0.802280469146669	1.17675122761379	0.466341781000325
177.30665236987	0.721375136349306	1.054579900923	0.402317663420998
177.530665828328	0.661397407109768	0.99748783328235	0.329340644978188
177.754679286787	0.627932436632917	1.0008523278096	0.251252342650143
177.978692745245	0.632978551053891	1.02977086533005	0.228361222051907
178.202706203704	0.696400879152488	1.08218290814845	0.293491584189411
178.426719662162	0.836549954206355	1.17652741878266	0.415222300826701
178.650733120621	1.02402781153473	1.33134557278167	0.704878890616012
178.874746579079	1.16666250874711	1.47782368442708	0.846179013946968
179.098760037538	1.23679179119677	1.58055217308095	0.904527735023783
179.322773495996	1.23016094667397	1.6126228951293	0.891755809722552
179.546786954454	1.14778806917218	1.47984473973192	0.825882092387598
179.770800412913	0.996571055461483	1.27394886733971	0.745653982237292
179.994813871371	0.831891768667537	1.1325920880552	0.585840482544175
180.21882732983	0.691400710617273	1.03591200627511	0.411649431625398
180.442840788288	0.579970875826734	0.926447267463658	0.292090600135937
180.666854246747	0.494217953064235	0.816050733648073	0.166625565389261
180.890867705205	0.428183366049137	0.722102456151132	0.11366204546576
181.114881163664	0.378801845156816	0.619232807064127	0.134525058345204
181.338894622122	0.336662824230785	0.54079031960638	0.136848882254254
181.562908080581	0.299429017546631	0.491228240959898	0.106486124985939
181.786921539039	0.267099521868286	0.450639783881791	0.0581438248541074
182.010934997497	0.239674337195798	0.41803409491322	0.0104293622385436
182.234948455956	0.217153463529128	0.393767102379156	0
182.458961914414	0.1995369008683	0.374911751282636	0
182.682975372873	0.186824649213293	0.367778639121289	0
182.906988831331	0.17901670856412	0.352029660933529	0
183.13100228979	0.176112111487667	0.350081843901267	0
183.355015748248	0.177643216709998	0.363399267025118	0
183.579029206707	0.182392441577583	0.397399233699228	0
183.803042665165	0.190164143333308	0.420587495926797	0
184.027056123624	0.200958321977212	0.424606628747543	0
184.251069582082	0.214774977509288	0.421180084210977	0
184.475083040541	0.232141022099335	0.48199068093721	0
184.699096498999	0.259550735595263	0.562221663536389	0
184.923109957457	0.312730692823712	0.687137668625206	0
185.147123415916	0.411057392305032	0.865977773578882	0.0557729253649156
185.371136874374	0.565837564453823	1.09061344599794	0.234901628785006
185.595150332833	0.799072614900849	1.36228076385811	0.467515125526818
185.819163791291	1.12295680897901	1.78230593542635	0.65981270144309
186.04317724975	1.59235466830879	2.32850675268068	1.07015042734267
186.267190708208	2.14364903064281	2.88027209440367	1.60987634573965
186.491204166667	2.62779742395226	3.27896860776591	2.00327816171945
186.715217625125	2.95945274521699	3.62893432289559	2.19175611448764
186.939231083584	3.11112493634136	3.83431521132619	2.24326958040136
187.163244542042	3.08809768047118	3.78955951264142	2.25943516671486
187.387258000501	2.93122687419481	3.48691097624223	2.23695552158977
187.611271458959	2.68987683740705	3.20490808436019	2.12932030554299
187.835284917417	2.41836731049574	2.95998940765812	2.02012806254813
188.059298375876	2.13396509215976	2.62050118499723	1.69904185983229
188.283311834334	1.84306718059865	2.29096565461358	1.35730133770085
188.507325292793	1.57053959794131	2.07441596369587	1.0729956341475
188.731338751251	1.32725718161196	1.89917446839539	0.836731636904154
188.95535220971	1.11369053621923	1.69975424722233	0.623657610022814
189.179365668168	0.932592314953871	1.54943976831152	0.45062265393673
189.403379126627	0.786084632420138	1.40656711225131	0.326151143718293
189.627392585085	0.674222257104797	1.25903595327303	0.221144360487159
189.851406043544	0.59700518900792	1.08932764595356	0.193887558678895
190.075419502002	0.554328403622401	0.943279351727996	0.175719326507428
190.29943296046	0.543201031243946	0.909286857427452	0.151796217343792
190.523446418919	0.55782996258934	0.94942103775754	0.173303834715844
190.747459877377	0.595912985419409	0.9588296156782	0.166927896856173
190.971473335836	0.65639101036295	0.996506502388402	0.223885346568205
191.195486794294	0.737795321412503	1.12615977912334	0.269438850458704
191.419500252753	0.839654972727507	1.34235462886026	0.286415832662058
191.643513711211	0.969187086622056	1.58620151365103	0.382764004660853
191.86752716967	1.12890808870264	1.78733079751374	0.594081529447719
192.091540628128	1.29972622892458	1.90959489997261	0.866249471140159
192.315554086587	1.45236320091509	2.00268146813407	1.01374103903775
192.539567545045	1.57883927038225	2.05903842341971	1.1324538886412
192.763581003504	1.67914465224264	2.15690424094974	1.23403026987488
192.987594461962	1.75327934649643	2.18928420110733	1.32087760194415
193.21160792042	1.79939103967606	2.27005737326585	1.37801037636176
193.435621378879	1.8032926810146	2.39188074984706	1.39337268848306
193.659634837337	1.75362761658987	2.46873086317732	1.32547458623754
193.883648295796	1.63715579236857	2.33351399525994	1.148449679422
194.107661754254	1.45439345350638	2.01844324017951	0.884178162203589
194.331675212713	1.21909032689149	1.67098306975845	0.594908775372959
194.555688671171	0.953785564766357	1.41839804217073	0.318301900176559
194.77970212963	0.704375219752169	1.221112763151	0.0469458060022192
195.003715588088	0.490695491932446	1.08040977402546	0
195.227729046547	0.362368928176635	0.9542159973369	0
195.451742505005	0.350582534372209	0.846665326834371	0
195.675755963463	0.44338107147031	0.865792485078979	0.0106979876429109
195.899769421922	0.580517428845398	1.08373444896743	0.162524177705645
196.12378288038	0.692017657585498	1.10787778235158	0.296195468250902
196.347796338839	0.78190934379725	1.15297840810315	0.409132061461358
196.571809797297	0.874632715244145	1.23861112262281	0.449699663801352
196.795823255756	0.990080040644955	1.3618670485763	0.494059834131727
197.019836714214	1.1252307384051	1.49238428011386	0.700660430744076
197.243850172673	1.2693629792177	1.63751095982195	0.874655843197715
197.467863631131	1.35630645606149	1.85012340364162	0.922253775163928
197.69187708959	1.33368574412881	1.87778453988436	0.913083143390336
197.915890548048	1.22162658014534	1.7472081774248	0.864372201244625
198.139904006507	1.07435803053158	1.51678207348195	0.779038316207182
198.363917464965	0.918770455552762	1.25661809452819	0.668636011353329
198.587930923423	0.800551333743891	1.16497856236662	0.507159027224113
198.811944381882	0.73145415792956	1.12061193921125	0.363214618934154
199.03595784034	0.71240467421432	1.07780954739597	0.297204248566832
199.259971298799	0.73911744579433	1.07774240417213	0.340149645277892
199.483984757257	0.804785272529307	1.08969912655166	0.474547094155581
199.707998215716	0.894353423232763	1.12174132400037	0.613654382942922
199.932011674174	0.971719028265285	1.19885531099454	0.655371717916704
200.156025132633	1.02328071861366	1.26649704821868	0.697969218504037
200.380038591091	1.04883585530565	1.29595091881516	0.724981634117981
200.60405204955	1.04838377052251	1.28773411932031	0.737070461003161
200.828065508008	1.01929443357343	1.28062892329582	0.721046427793978
201.052078966466	0.950283365936464	1.26899851657814	0.637864465957109
201.276092424925	0.839689147313662	1.17586807993708	0.472594784124347
201.500105883383	0.72292106425179	1.06483137747581	0.352904208553505
201.724119341842	0.641186032562755	0.969665370506115	0.314075643174657
201.9481328003	0.594434230281025	0.917951071013275	0.323454099283692
202.172146258759	0.5631627111425	0.909413496152214	0.226064026685049
202.396159717217	0.543229217347688	0.967332525902955	0.181015555245278
202.620173175676	0.53440756067641	0.956550495186421	0.152123550306352
202.844186634134	0.53527698807565	0.945594556598716	0.148442688800338
203.068200092593	0.545222946805394	0.929759202864298	0.176280289623397
203.292213551051	0.562855028692258	0.934341194292388	0.218981574173342
203.51622700951	0.586831575681794	0.925456858892427	0.282042541149924
203.740240467968	0.617105649364959	0.929161552369598	0.331309665517664
203.964253926426	0.653701514576551	0.952536571313393	0.331254485267859
204.188267384885	0.699565734354989	1.04116666828352	0.289112501994585
204.412280843343	0.759932009609229	1.22223547728467	0.259564461226162
204.636294301802	0.829705298227561	1.41910204321444	0.268058456056658
204.86030776026	0.901878031913863	1.50471575035431	0.326597078252519
205.084321218719	0.963591203197517	1.61009561334587	0.389203499027121
205.308334677177	1.00233214129163	1.55431065406454	0.460985163113767
205.532348135636	1.049538226334	1.59480797782105	0.545675992949032
205.756361594094	1.15015077690744	1.84548399356022	0.543969174809057
205.980375052553	1.34223277942512	2.16765494456298	0.61159801552026
206.204388511011	1.64565035849771	2.51831489103096	0.868433290368099
206.428401969469	1.99586445072786	2.86025339839	1.19959949051355
206.652415427928	2.27867182134625	3.13922370560585	1.23549397635478
206.876428886386	2.33983235254088	3.41678563532994	1.10754119859143
207.100442344845	2.14860603658629	3.39626619059325	1.02842071114764
207.324455803303	1.81356127184552	2.78566623759754	0.93016215435493
207.548469261762	1.44411889396296	2.23373744488476	0.788232018511111
207.77248272022	1.14272200298189	1.92065666049777	0.523486967008364
207.996496178679	0.916090934435992	1.81109077695617	0.212337507826417
208.220509637137	0.772237581063826	1.72156433919811	0
208.444523095596	0.727719927788703	1.72005601485905	0
208.668536554054	0.784587440450291	1.75217586903787	0
208.892550012513	0.942838357254066	1.96908033849226	0.173064141244475
209.116563470971	1.19749983242526	2.36845050037591	0.480660079451135
209.340576929429	1.51368805503697	2.69797125454662	0.617918835378691
209.564590387888	1.87092977817681	2.88588174461168	0.630648697340915
209.788603846346	2.24613256934431	3.42353795046809	0.460204237635588
210.012617304805	2.35191978505912	3.80156474069495	0.324708658897021
210.236630763263	1.86439038524468	3.41649770222001	0
210.460644221722	1.03546853754974	2.55307764787292	0
210.68465768018	0.485351678316701	2.37549026830164	0
210.908671138639	0.42392600091922	2.81737806347797	0
211.132684597097	0.837134459861237	3.68961400567436	0
211.356698055556	1.66507980126647	4.46601330367324	0
211.580711514014	2.79536605107342	5.64485727846103	0.0535681481236385
211.804724972472	4.08476466880073	6.80284517705783	1.35935405099645
212.028738430931	5.18751396831001	8.09336488840126	2.40105270312677
212.252751889389	5.92776175488111	9.45474560355667	2.98026373601832
212.476765347848	5.96081916895905	10.271250020832	2.55545571153973
212.700778806306	4.70327587797276	8.17243782758944	0.920841119419142
212.924792264765	3.24038009014907	6.97186021413802	0
213.148805723223	2.09041815393955	6.09051794163595	0
213.372819181682	1.44743059090856	5.06160038447464	0
213.59683264014	1.69113865182455	4.42247830541386	0
213.820846098599	2.80414416645788	6.07854044535841	0.509137103354932
214.044859557057	3.68530422357703	8.12781890311616	1.46030097858354
214.268873015516	3.69038182316235	6.8697255580868	1.7484141964529
214.492886473974	3.41306021405512	6.17494132367092	1.88995108969467
214.716899932432	2.98694699177172	5.41774148124661	1.81617449954833
214.940913390891	2.52982039451257	4.79956174841435	1.43608851301141
215.164926849349	2.15361194802625	3.99448391012693	0.9777519300207
215.388940307808	1.87120500012951	2.94271965731895	0.816486352592658
215.612953766266	1.78877417343105	2.61702485117903	0.86433995302435
215.836967224725	2.05979248132494	2.5759909671453	1.3822572489049
216.060980683183	2.44186336469739	2.83486389892356	1.91169823029975
216.284994141642	2.51301906058136	2.94740583102695	2.04752085407942
216.5090076001	2.32220380670626	2.80321220216167	1.87003071854783
216.733021058559	2.10795406374613	2.70918761358543	1.52961983080127
216.957034517017	2.26364529767034	2.90857574859141	1.60877915234536
217.181047975475	2.83148206246152	3.37916986251125	2.26137252015195
217.405061433934	3.7053689629049	4.11918806126164	3.29692809965486
217.629074892392	4.65496900282263	5.32231234055856	4.12445791668704
217.853088350851	5.2205805325261	5.85067134048079	4.6319096540712
218.077101809309	5.41037827403267	6.00973823218247	4.87741826924276
218.301115267768	5.29230721055827	5.86569588655953	4.76859218227029
218.525128726226	4.88073118229281	5.44677628066269	4.28523289838518
218.749142184685	4.23995087140419	4.8473031992477	3.61883739446397
218.973155643143	3.56164163102437	4.19225492409547	2.97870723064586
219.197169101602	3.00148012208736	3.74389941432465	2.35449840713811
219.42118256006	2.82328731727188	3.61422064021192	1.97245185998823
219.645196018519	3.17240860823238	3.84062985361678	2.47583234242236
219.869209476977	3.76710570031353	4.45696997506581	3.03246284764239
220.093222935435	4.04556226431652	4.70534480871729	3.19082405438838
220.317236393894	3.84788456198052	4.46427972093102	3.20359535848168
220.541249852352	3.48888016479462	4.13601778430365	2.84668381311454
220.765263310811	3.2650718166303	3.85214713739414	2.72700889041801
220.989276769269	3.0917411962114	3.59096359775594	2.5516639309008
221.213290227728	2.71787105121201	3.28918082467739	2.09182212034116
221.437303686186	2.1501336840763	2.75529726537721	1.50491838673721
221.661317144645	1.61029589904134	2.20350179125791	0.880774597320221
221.885330603103	1.229824591055	1.77499571435988	0.513535348139908
222.109344061562	1.00384510296238	1.55568498191162	0.287163063025667
222.33335752002	0.918096967358377	1.45194541922537	0.308441764015891
222.557370978479	0.968987870590904	1.59849837121755	0.482220865798422
222.781384436937	1.09093261943776	1.82117770863692	0.521804799203194
223.005397895395	1.22662722131793	2.04165965554262	0.507373496444402
223.229411353854	1.39026009935126	2.29500102512217	0.410496669639112
223.453424812312	1.58166457463411	2.69698805852457	0.334465129568597
223.677438270771	1.79042656529376	3.20669518729123	0.282966483293462
