phys	rec.rate	upper	lower
0.5	NA	NA	NA
1.5	NA	NA	NA
2.5	4.10370481409575	6.39196567166516	2.02303869897016
3.5	3.36040812575616	4.6903909089379	1.82951257954707
4.5	2.62219127687939	3.57614526512139	1.62414232265227
5.5	1.88384633141633	2.67743082539762	0.912824956631474
6.5	1.3477513207764	2.20539089125833	0.231586072039839
7.5	1.14074788479738	1.89284657297662	0.219013670698921
8.5	1.17489901390367	1.6715419803234	0.524245141768277
9.5	1.24312483657051	1.55641389459	0.687197865622991
10.5	1.33759730896099	1.57574993208262	0.923930292587379
11.5	1.43021774060682	1.6271130687394	1.16782222913581
12.5	1.48619632865024	1.65997919739656	1.27723045979474
13.5	1.55368387505676	1.72283861180203	1.39805875403203
14.5	1.62888976301605	1.80725076309681	1.47745373067847
15.5	1.67176648905239	1.84140018902421	1.53612726499988
16.5	1.68705911062123	1.90100488894833	1.4636628561251
17.5	1.618189572162	1.89711940148862	1.35095888356902
18.5	1.47665549740325	1.77348977205957	1.19944410744664
19.5	1.27344427187325	1.54842015998797	1.06727847790809
20.5	1.07585868744122	1.28045614656487	0.922344001383185
21.5	0.911742718399034	1.07111392756607	0.751957593570496
22.5	0.78041298267446	0.981787786878271	0.569455200768824
23.5	0.676311805017993	0.908534551612254	0.425105829047583
24.5	0.598723381534023	0.837334082860229	0.319953321337442
25.5	0.541236379940027	0.775626237165333	0.252095584962602
26.5	0.486709111775674	0.735686787067871	0.214527969397603
27.5	0.450907602812935	0.68035371654412	0.183968430993069
28.5	0.435169563042549	0.64123516041373	0.178282427077476
29.5	0.421921603207202	0.634958002157731	0.192677899877751
30.5	0.406193703509548	0.633674978415588	0.17236191738352
31.5	0.373785716612428	0.622255477071475	0.136846704169043
32.5	0.332516674753792	0.562633609322795	0.101151640747643
33.5	0.284738887487931	0.511926235775818	0.0574126861134865
34.5	0.240701541596995	0.461884364634757	0.0252506539248566
35.5	0.201494471843453	0.398966872835171	0.0113801220147154
36.5	0.167117678227305	0.323711331934144	0.00147087723618356
37.5	0.136655320548227	0.246706552228316	0
38.5	0.105023510154994	0.192572032253773	0
39.5	0.0704943740815978	0.16947690351472	0
40.5	0.0389695359977889	0.140844021856644	0
41.5	0.0146587942299254	0.117166445595268	0
42.5	0	0.0970077596664115	0
43.5	0	0.083196583224184	0
44.5	0	0.0652612292774401	0
45.5	0	0.0521392625060966	0
46.5	0	0.0402001342358645	0
47.5	0	0.0244275207520746	0
48.5	0	0.0137138788570694	0
49.5	0	0.0264494216229965	0
50.5	0	0.0486132743120389	0
51.5	0	0.0725350323773794	0
52.5	0	0.0915642255409534	0
53.5	0	0.111675193936776	0
54.5	0	0.126960146348626	0
55.5	0	0.142649299013341	0
56.5	0	0.158388128851291	0
57.5	0	0.173425647853135	0
58.5	0	0.188159827896126	0
59.5	0.000833663357988982	0.207341653559204	0
60.5	0.0373438104322929	0.222679428369932	0
61.5	0.0773731153316196	0.237829626046553	0
62.5	0.113558648128905	0.254314766359226	0
63.5	0.148752179195736	0.27043524851362	0
64.5	0.18631083749093	0.289469302523036	0.0511988873561917
65.5	0.222040138008332	0.320083388071612	0.108807526688531
66.5	0.254788786527328	0.357824572680501	0.161169269977941
67.5	0.283906539455876	0.392497725842914	0.183094818248197
68.5	0.309588510944337	0.426429700370959	0.192142683701747
69.5	0.331836161956661	0.460179128761744	0.200877175811043
70.5	0.350649492492845	0.490495737720043	0.206313555032868
71.5	0.366028502552893	0.523736780873297	0.211444571231882
72.5	0.377973192136801	0.544029614595713	0.212256190992201
73.5	0.386483561244573	0.565634766226308	0.210993340856078
74.5	0.391559609876206	0.574724327132944	0.208634425616668
75.5	0.393201338031702	0.579620514122958	0.2057963773987
76.5	0.39140874571106	0.578336625607474	0.202953334131426
77.5	0.386181832914279	0.572142521854501	0.198348995662965
78.5	0.377520599641361	0.562150441949939	0.19278121198171
79.5	0.365425045892308	0.54531772195229	0.18364059997244
80.5	0.349895171667112	0.521436735288688	0.173557735555224
81.5	0.33093097696578	0.496198432165453	0.162707201534439
82.5	0.308532461788311	0.464723200218214	0.15367732675218
83.5	0.282699626134703	0.432411992646819	0.135901300212148
84.5	0.253432470004958	0.402274042447116	0.116903428189646
85.5	0.224687908996073	0.362651296586146	0.102846002988258
86.5	0.201186003929594	0.334025781437026	0.0852380436408
87.5	0.178579899043932	0.308294868677527	0.0624706714111328
88.5	0.156347665734879	0.289901128762459	0.0416187080926449
89.5	0.134790566010988	0.263412304964643	0.0270726365371418
90.5	0.115054424683145	0.248731425394472	0.0163213216447046
91.5	0.0956697786630499	0.220055290532376	0.00262515492566795
92.5	0.0750379286888351	0.204480300465198	0
93.5	0.0554148345328407	0.183083111740199	0
94.5	0.0381199842382295	0.162233117922086	0
95.5	0.0231533778050014	0.141061535839301	0
96.5	0.0101502617263167	0.117950961842386	0
97.5	0	0.105313779399426	0
98.5	0	0.0919983938285239	0
99.5	0	0.0800528209246637	0
100.5	0	0.0690668895062428	0
101.5	0	0.0558277429478952	0
102.5	0	0.0464016478770256	0
103.5	0	0.0278595546806803	0
104.5	0	0.0208703292980344	0
105.5	0	0.000883557350176815	0
106.5	0	0	0
107.5	0	0	0
108.5	0	0	0
109.5	0	0	0
110.5	0	0	0
111.5	0	0	0
112.5	0	0	0
113.5	0	0	0
114.5	0	0	0
115.5	0	0	0
116.5	0	0	0
117.5	0	0	0
118.5	0	0	0
119.5	0	0	0
120.5	0	0	0
121.5	0	0	0
122.5	0	0	0
123.5	0	0	0
124.5	0	0	0
125.5	0	0	0
126.5	0	0.00768620939491135	0
127.5	0	0.0126674420198405	0
128.5	0	0.0245403781678172	0
129.5	0	0.0332082697049975	0
130.5	0	0.0420898922322305	0
131.5	0	0.0516612247097347	0
132.5	0	0.0618954115722419	0
133.5	0	0.0707104707254951	0
134.5	0.0018580128850042	0.0815018727013488	0
135.5	0.017395586029183	0.0929750531528507	0
136.5	0.031794059351839	0.104154519694727	0
137.5	0.0476680210920889	0.116032918174865	0
138.5	0.0645754542516288	0.126245194376865	0
139.5	0.0809436594590338	0.137899539096882	0.0101713944029004
140.5	0.0975330386091507	0.152847923142116	0.0263686696346539
141.5	0.114124803156287	0.167895064397895	0.0426848774552003
142.5	0.130797909979566	0.183384812383141	0.0604117265198001
143.5	0.147511286644165	0.199085534206214	0.0770914745590837
144.5	0.163803107730725	0.21693770601244	0.0946073498466502
145.5	0.179927166574673	0.236724213611727	0.112494742662074
146.5	0.195883463176008	0.255171287148178	0.129888344317653
147.5	0.212103460960593	0.274339219110265	0.147497202029023
148.5	0.228589412597886	0.291540228231206	0.165660346800672
149.5	0.244369578039777	0.305880522912043	0.185313563167385
150.5	0.259594936621961	0.321752646834153	0.204416946168687
151.5	0.275844834232374	0.338707637030403	0.219200623364522
152.5	0.291655545765219	0.355963347131587	0.230810677229406
153.5	0.307990212692796	0.371131075962782	0.242147795985091
154.5	0.322993512987985	0.390910725592639	0.250538471074005
155.5	0.336381951076519	0.412829570869722	0.260032464931698
156.5	0.348155526958402	0.433057030925491	0.271102744957738
157.5	0.35831424063363	0.44819599576434	0.280105975805146
158.5	0.366858092102206	0.463398089721058	0.288139146712033
159.5	0.373911007986186	0.471459925632246	0.295719008481375
160.5	0.380233590937275	0.47836226086616	0.30078263578195
161.5	0.385044095124952	0.484946985946588	0.300439206171748
162.5	0.388153023799403	0.48486162601685	0.301242836740293
163.5	0.389560376960632	0.478742213087846	0.298899103815149
164.5	0.389266154608638	0.469879285228774	0.297006752745427
165.5	0.386917035805205	0.464503343545429	0.294320849752742
166.5	0.378066268086867	0.457286680055227	0.289350979438788
167.5	0.36179818034626	0.445932606369177	0.271385002769668
168.5	0.349114059285265	0.43964230914767	0.248027502064291
169.5	0.341482175754823	0.433738052194406	0.227395347171331
170.5	0.330545664627238	0.423565017639942	0.216249955891558
171.5	0.310071024999927	0.413616606922808	0.202713962965977
172.5	0.281934084995491	0.386828002483163	0.181444877888079
173.5	0.26458996165805	0.369163573196626	0.153379077364406
174.5	0.258898285011231	0.359297875721025	0.137298886545097
175.5	0.261454461692035	0.363968597523005	0.135866893342131
176.5	0.282226085449626	0.380089007558575	0.133770594374423
177.5	0.30893981010299	0.405032225232694	0.142992315165679
178.5	0.304337471437526	0.421227559692628	0.154804022736623
179.5	0.294519634133879	0.427806224257408	0.135843524634427
180.5	0.304730130809185	0.444738704367953	0.133174709401686
181.5	0.33780527865964	0.477648733742622	0.186873399378005
182.5	0.393745077685246	0.537318685964273	0.236938112794455
183.5	0.457429448639463	0.607487177689671	0.295085654592494
184.5	0.518165695286714	0.665022697858124	0.38197872016025
185.5	0.594484330529333	0.730982879804155	0.487422394588479
186.5	0.686598755148598	0.793968756778861	0.602738705247185
187.5	0.795737926038927	0.908463024202653	0.713672383578739
188.5	0.920203104936033	1.06618297726176	0.809600462206142
189.5	1.05244817882332	1.22799724741567	0.907082325188147
190.5	1.18605879276363	1.36112422285662	1.01461939217071
191.5	1.29313192701837	1.47046112391561	1.09894189127895
192.5	1.34845634924583	1.53240274197388	1.16147161962514
193.5	1.37633432535954	1.53699916434967	1.20082045921207
194.5	1.3701963358439	1.53672428270299	1.2150703175103
195.5	1.36213667160938	1.54634910711676	1.19255009821703
196.5	1.30844996230787	1.50292357752236	1.14658612896375
197.5	1.23211615281303	1.41984811467616	1.0619965804699
198.5	1.12228695433783	1.29310736969917	0.941224228848586
199.5	1.0320858888846	1.18333300179004	0.811039751058182
200.5	0.971572737678853	1.12505077526803	0.700371323314237
201.5	0.916041642152766	1.08672869265409	0.603371734569145
202.5	0.925366127660837	1.08604484956473	0.688382573662559
203.5	0.96770069642192	1.16291987412787	0.793843424439509
204.5	1.01651105109492	1.30656112535173	0.857764714881932
205.5	1.05603736599588	1.32437934807263	0.909058261855494
206.5	1.09487096826464	1.39604724909935	0.927727259183509
207.5	1.09406452914271	1.34556003200898	0.922912766606833
208.5	1.03909812634736	1.3043149599836	0.811424646216642
209.5	1.03021697977134	1.26986658713587	0.725678318946729
210.5	1.04809624779162	1.29319836863599	0.723275395583946
211.5	1.12866210064598	1.36560492114764	0.814199371602269
212.5	1.30738209620119	1.49947013435993	1.07253038421188
213.5	1.53956595586743	1.81065725338258	1.28696591786099
214.5	1.68946417649712	1.99073565006247	1.34644513846047
215.5	1.6643655881529	1.94257356547681	1.35322631813508
216.5	1.53899165194694	1.75010809047464	1.32886728136179
217.5	1.41471906567194	1.57496432253445	1.28182238715389
218.5	1.28884188432688	1.5013734856748	1.17519199683747
219.5	1.16206151807342	1.49371507281829	0.980689726907517
220.5	1.01619206583402	1.44127799855968	0.738444024331566
221.5	0.864896598572501	1.36062489566964	0.494458715171336
222.2254435	0.758016580526167	1.36233391500384	0.308602149893958
