phys	rec.rate	upper	lower
0.5	NA	NA	NA
1.5	11.7283851387123	11.8841566273441	11.5585029096059
2.5	10.2900667027407	10.4462927238234	10.1817493380165
3.5	9.18623245201488	9.46152548595292	8.85485436848698
4.5	6.22837078826246	6.57315865393475	6.06668963140598
5.5	4.02693584669415	4.21738815806769	3.72153366512404
6.5	2.24679184698226	2.42555455028708	2.00602514687093
7.5	1.18986993547753	1.55700906638438	0.87261079776743
8.5	0.752734704242467	1.07182293945421	0.480874240833698
9.5	0.868566102004761	1.02689079494108	0.554202695782011
10.5	0.720759036924808	0.962516146876527	0.586827905109078
11.5	0.839927479776751	0.999880423678035	0.716465419285724
12.5	0.939647567161271	0.994902161276054	0.877323609909528
13.5	0.875637909083189	0.917882663793274	0.824835126298741
14.5	0.772875512049954	0.813150057757522	0.721673867103362
15.5	0.664268733497974	0.738970714919772	0.61994148091863
16.5	0.587828937011277	0.680078060385559	0.549833283576823
17.5	0.566459251349538	0.654771011452243	0.517106390542048
18.5	0.589823129872317	0.647625528760774	0.514083727485509
19.5	0.603158012980838	0.659301670853074	0.532332255241238
20.5	0.619086246526263	0.681139050330811	0.571004559164865
21.5	0.665157984669712	0.714295190093736	0.630946912263528
22.5	0.736894530369751	0.770762745114564	0.700971099362667
23.5	0.802376867060512	0.829424625572999	0.75646192733481
24.5	0.842307521434952	0.864850268054618	0.80102551248903
25.5	0.852035692568937	0.877401580695434	0.826755077238283
26.5	0.850455637995166	0.873342504168357	0.838477061638828
27.5	0.854301346059575	0.868833185402773	0.841421631122503
28.5	0.860654286567977	0.877356925333106	0.847912384745705
29.5	0.890678191385513	0.914747275802762	0.857803163230548
30.5	0.906327372957511	0.93073978668012	0.862950769054658
31.5	0.886732280488653	0.935962796937856	0.849728335134154
32.5	0.853108176317953	0.900662324424081	0.818139775938808
33.5	0.814550879124569	0.847316205848374	0.771184164343308
34.5	0.72592982231163	0.760267087699901	0.6914690853074
35.5	0.637288024996397	0.667821613575594	0.600505660110895
36.5	0.527112380817994	0.565486459795305	0.464411860451668
37.5	0.374110873954886	0.471569010922536	0.254213365471627
38.5	0.212836646287499	0.375540640894553	0.0200585208423632
39.5	0.133727679311138	0.330776857258081	0
40.5	0.0397734972442202	0.398865689398681	0
41.5	0.401325484507821	0.796902585693849	0
42.5	1.05077272886746	1.38705515649039	0.654902363108997
43.5	1.86208430435852	2.25444816198538	1.5282058659507
44.5	2.73244207395135	3.17746682142468	2.44727866236397
45.5	3.62140003658094	3.94746717670958	3.2832954602308
46.5	3.83700326634779	4.1298691534132	3.63262702696917
47.5	3.92426716124558	4.17728352912129	3.62823378346078
48.5	3.35765842835893	3.59537411789598	3.11973284457007
49.5	3.00247118878353	3.17272685407361	2.86037578794451
50.5	3.0516917831941	3.2385814392088	2.78158055564283
51.5	2.31051683190084	2.82476452857145	2.03894630820135
52.5	1.86791161661977	2.4157899242689	1.3462844776524
53.5	2.48974797227643	2.73332743396576	2.02661958046856
54.5	3.69662071679772	3.83643614854656	3.56850239463269
55.5	5.093029331306	5.18629182568297	5.00288527499583
56.5	6.37626902520353	6.54723654199762	6.23646110648539
57.5	7.20536784260727	7.41372240460051	6.89513316705334
58.5	8.32321679456762	8.72052063646635	7.96015583591916
59.5	11.9765051056195	12.1200708420985	11.775000604376
60.5	14.8946899463456	15.1973580345597	14.5694813558194
61.5	17.8262810104306	18.4231559829522	17.2436075045001
62.08628	19.5493292964385	20.292179079518	18.79364793951
