phys	rec.rate	upper	lower
0.5	NA	NA	NA
1.5	1.0504433540427	1.35423152903921	0.773039965962786
2.5	1.02746341056353	1.32056723042719	0.75938552565493
3.5	1.00236343269282	1.28358612071176	0.744603599651525
4.5	0.962609014936824	1.22716385435854	0.71773538179882
5.5	0.935568620258	1.1849922079143	0.699738006084392
6.5	0.90857756318119	1.14570077487827	0.682600940504129
7.5	0.881800737102201	1.10702508933617	0.662036605663249
8.5	0.855847384250527	1.06999250371483	0.643206260788812
9.5	0.830305144591726	1.03416295020444	0.629574423201901
10.5	0.805129651164622	0.999386776412744	0.612596791291233
11.5	0.780149415357064	0.965423787585212	0.595863608402643
12.5	0.755580308362083	0.932716304950046	0.57941980562707
13.5	0.731503097837736	0.901076841409368	0.563890226744182
14.5	0.707542940271375	0.865545415783529	0.548511042995043
15.5	0.683620777517246	0.826680903862585	0.532016779680986
16.5	0.660289612404831	0.790724613998754	0.514797515798571
17.5	0.637552764872301	0.761770203462202	0.501009037205931
18.5	0.614873687483694	0.737964969838671	0.485462869705813
19.5	0.590945465508763	0.701707674141463	0.468311740868253
20.5	0.567165319373007	0.672335727250277	0.45353240846886
21.5	0.542278408260067	0.635757736390044	0.436252616778145
22.5	0.516561655681982	0.603699070806824	0.42115737721528
23.5	0.491570137684919	0.57294158900185	0.404964848514009
24.5	0.46749319234916	0.549880156277762	0.381712757198533
25.5	0.444330819674705	0.529180914297621	0.362043947809669
26.5	0.421985814606177	0.509386597552693	0.337884837197863
27.5	0.398235712479663	0.481718382076265	0.309279372732466
28.5	0.373295101913686	0.450013825261793	0.276867957643278
29.5	0.349458320232585	0.428929014882094	0.245725741087799
30.5	0.326803113348511	0.409482085002811	0.216938197238593
31.5	0.305329481261466	0.39223136947027	0.192741241516121
32.5	0.285037423971448	0.37777579140773	0.166144469279793
33.5	0.26592694147846	0.363368281586548	0.14158422416442
34.5	0.246786583169246	0.348317948789545	0.117414309399531
35.5	0.225794271291989	0.326547861220166	0.102179078456924
36.5	0.205232903598188	0.303307871257023	0.0844840795436303
37.5	0.18627155176008	0.288994500031169	0.0663649426601649
38.5	0.168910215777664	0.275019373107963	0.0504239894579285
39.5	0.153148895650942	0.263890596558571	0.0369761869645843
40.5	0.138987591379911	0.253484279719336	0.02616167022256
41.5	0.126426302964574	0.24294327463727	0.0146259413148349
42.5	0.115465030404929	0.230905204537013	0.00029989098637353
43.5	0.106103773700978	0.22079962722032	0
44.5	0.0982286909192079	0.211052136732489	0
45.5	0.088909339288067	0.197482437800665	0
46.5	0.0755137431184892	0.180309099331689	0
47.5	0.0632109716126173	0.160599215008177	0
48.5	0.052312842613516	0.145715440725627	0
49.5	0.0439440278870143	0.134645942336747	0
50.5	0.0389660799019385	0.124467591452736	0
51.5	0.0371401738884827	0.114292730023043	0
52.5	0.0353576307708615	0.0970152797592751	0
53.5	0.0358720337555703	0.0867951457507403	0
54.5	0.0364614410355256	0.0768080925635186	0
55.5	0.0325956200308341	0.0637159750863113	0
56.5	0.0277182951857369	0.0510701112810349	0
57.5	0.025775282838459	0.0518417850661155	0
58.5	0.0242300983349355	0.0444486983348471	0
59.5	0.0239269728823206	0.0459026379370591	0
60.5	0.0232256719875803	0.0426485958262308	0
61.5	0.0209867228075029	0.0390978751968627	0
62.5	0.0162438973766683	0.0372034452987026	0
63.5	0.0118031330233848	0.0332782226767052	0
64.5	0.00601927437271996	0.0273324316005594	0
65.5	0.00059832729263853	0.0255330201621982	0
66.5	0	0.0176289484313652	0
67.5	0	0.00972524102478694	0
68.5	0	0.00271461302679805	0
69.5	0	0	0
70.5	0	0	0
71.5	0	0.00435586648428243	0
72.5	0	0.00429436729637844	0
73.5	0	0	0
74.5	0	0	0
75.5	0	0.00942186285526123	0
76.5	0	0.00946336968096997	0
77.5	0	0.00603901832236051	0
78.5	0	0.00292197476367998	0
79.5	0	0.00160235376926936	0
80.5	0	0.00072109479337836	0
81.5	0	0.000511177497901192	0
82.5	0	0.00136931624127818	0
83.5	0	0.00424797721797567	0
84.5	0	0.0109630179970873	0
85.5	0.00450211628920332	0.0199461646749474	0
86.5	0.0119500881292043	0.0310324106990611	0
87.5	0.0202984754317394	0.0433510175962729	0.000268790578015743
88.5	0.0287186746927385	0.053725269352178	0.00739895032732738
89.5	0.0346924365968927	0.0574542659571554	0.0145215743001888
90.5	0.0407310450264043	0.0603176938669088	0.0222626667878767
91.5	0.0479165039991361	0.0655319581261535	0.0294949060961832
92.5	0.0562327121808009	0.072250266276565	0.0355831304028692
93.5	0.0640913636420986	0.0814083087536391	0.0412609981216683
94.5	0.0716397547169579	0.0911468066064184	0.0453090654838602
95.5	0.0781645338920814	0.100816056562754	0.0470775621015914
96.5	0.0849785756741593	0.111011376926166	0.0481995310228703
97.5	0.0904421697877696	0.120546319621108	0.0516371057128029
98.5	0.0950107535156881	0.130956790810949	0.0514423425299098
99.5	0.0999455384737084	0.141050123612572	0.0542534287594567
100.5	0.10622944473632	0.148277670436587	0.0568858142267081
101.5	0.112141740432234	0.154325542440248	0.0596388921229283
102.5	0.11902103632517	0.161097451368302	0.066196793055864
103.5	0.12769402825075	0.166493860254159	0.0724245007564066
104.5	0.137414786294178	0.175786036050182	0.0802090651315784
105.5	0.140413124751192	0.184851530222497	0.0879161864833771
106.5	0.140963080356833	0.193033952823753	0.0653542035824723
107.5	0.145765815215544	0.209625183710328	0.0479336702646059
108.5	0.153942694277031	0.22804663575359	0.0454855451813578
109.5	0.166562153594762	0.252229250191579	0.0570241857152039
110.5	0.180561049408759	0.273494312912753	0.0639866797749603
111.5	0.203718181406287	0.30209514958095	0.082071327795487
112.5	0.238936774477144	0.33637264853234	0.11679592019002
113.5	0.289455673016986	0.376531991299737	0.175254589770515
114.5	0.354030122158594	0.434391506124635	0.265099636396732
115.5	0.435131554533085	0.52674513166871	0.367698878474923
116.5	0.541995922204454	0.674387870946641	0.446383542138568
117.5	0.653544370365031	0.848481591955682	0.50627426584311
118.5	0.734374444781075	0.921520068452259	0.567961478809884
119.5	0.827907145783598	1.0040292900046	0.644069035249583
120.5	0.784052826488769	0.923868292717069	0.641097079992644
121.5	0.653821215061903	0.785532300435264	0.527357435739889
122.5	0.443922784405421	0.663458069306676	0.154000240875878
123.5	0.357364185812166	0.638377847382529	0.0130808930013636
124.5	0.409602670208939	0.660354922211797	0.0728036719355705
125.5	0.576951716137086	0.759093587559142	0.255696437151056
126.5	0.758823668671905	0.935317733216818	0.584269309087543
127.5	0.916742451872383	1.17937699205896	0.71857520712484
128.5	0.986075216554313	1.27187237372891	0.759935481841772
129.5	0.991587805279332	1.22805634854152	0.76867817813545
130.5	0.923496347624596	1.11228799165962	0.767749628845467
131.5	0.8395039013512	0.931160532528826	0.760667570454253
132.5	0.819913958058484	0.919915234220153	0.730049712286019
133.5	0.807022258004015	0.919752557948192	0.69138504555626
134.5	0.796796738990904	0.909069428960002	0.679010009359466
135.5	0.787752697998572	0.885006911546206	0.686725131750406
136.5	0.779701265351131	0.859733945729062	0.710036316435829
137.5	0.775652578298586	0.846768084788388	0.705370950588641
138.5	0.774281144732091	0.850106603776999	0.703980927247698
139.5	0.768707468752045	0.851383605022639	0.700580453685783
140.5	0.757001683663413	0.841402479104193	0.680604283747536
141.5	0.737529482690803	0.818822731515179	0.652191640162678
142.5	0.709985165012238	0.79053242990832	0.621344554209495
143.5	0.674368730627717	0.747338978100917	0.587901591628751
144.5	0.630680179537241	0.698658554281101	0.551181047456218
145.5	0.578915142454976	0.64090048988444	0.510181845437173
146.5	0.520666243368555	0.587191290212528	0.437892935680413
147.5	0.457572090295301	0.53025420935944	0.357722013161503
148.5	0.387906298333796	0.472060191250514	0.287227679222876
149.5	0.320784566875904	0.409268345412141	0.218323615083496
150.5	0.26153643140169	0.347776283623775	0.159833238242376
151.5	0.207993693848362	0.297621222443805	0.110770254857183
152.5	0.146932455281958	0.240542162019254	0.0627643973101733
153.5	0.0966236956613015	0.199584750973742	0
154.5	0.0688820010657483	0.169081352543634	0
155.5	0.0544149907470851	0.157155943736571	0
156.5	0.0650872839289151	0.149988367815416	0
157.5	0.104878704424218	0.186856303753157	0.0245898630621195
158.5	0.15037299485706	0.283052862570868	0.062700136556453
159.5	0.207555576028381	0.308859859088867	0.138078119744797
160.5	0.281494342736768	0.357696442983611	0.203624632481644
161.5	0.306665093300958	0.379936679182136	0.228915532233485
162.5	0.272935921294894	0.329119237108321	0.217817840438655
163.5	0.246705194421421	0.293671826234093	0.200354359764824
164.5	0.223623537291706	0.288305174205321	0.181184589835747
165.5	0.204392137536575	0.274428423295395	0.159476788719759
166.5	0.203025736584545	0.252129134718228	0.154480519231527
167.5	0.219782907061058	0.275762340641795	0.145315984575108
168.5	0.261349308456651	0.308551562078761	0.181598661470779
169.5	0.315640418129035	0.35953403096952	0.250573859995686
170.5	0.351790905017573	0.414449248438976	0.258208758663653
171.5	0.359296154216698	0.448089730545326	0.274846906116319
172.5	0.426470074952403	0.525132367442287	0.330874005919984
173.5	0.601185572352798	0.680288301071542	0.49381041712626
174.5	0.753992675548076	0.853723988390789	0.614082183387423
175.5	0.868328264570813	1.03745096735675	0.726680674114039
176.5	1.05494122248656	1.2655090239154	0.90587839049373
177.5	1.30149655357176	1.50590696639298	1.16831094243607
178.5	1.64513853451681	1.82307868986042	1.48905789138844
179.5	2.05184733490825	2.21077945756534	1.85920180375744
180.5	2.4790391986865	2.63266894368509	2.27764874241524
181.5	2.88778192014079	3.04421917094198	2.67497496270123
182.5	3.25784945116515	3.43204345990128	3.10871415511289
183.5	3.59922597132834	3.79091818460316	3.46320078035661
184.5	3.8774898765935	4.0282157980071	3.7552758379241
185.5	4.1439805705057	4.28552148074612	4.03343627700875
186.5	4.38868869636672	4.55320135342234	4.24630523594616
187.5	4.65876188639477	4.87629637152106	4.46710516207696
188.5	4.92384543574935	5.19321849053807	4.67740528073484
189.322677	5.08453055074542	5.38582647785962	4.80461053191336
