phys	rec.rate	upper	lower
0.5	NA	NA	NA
1.5	2.16998901566207	2.41045920833651	1.90140213840776
2.5	2.17806000589725	2.47311599407908	1.95732408285152
3.5	2.10628411875885	2.31758022525214	1.93260386011367
4.5	2.02794594308461	2.18893070487806	1.87595700482751
5.5	1.94371194591901	2.17060497131158	1.56178417618142
6.5	1.89880548311807	2.18907455962251	1.657714920683
7.5	1.83007753472118	2.26705117018777	1.63024990538676
8.5	1.69645148324703	2.1296386252148	1.49371623962876
9.5	1.51485316096406	1.74076733291537	1.27625105914194
10.5	1.37382923292131	1.58938342706781	1.0527621710555
11.5	1.20959733362798	1.48037236942397	0.885966896932651
12.5	1.10268363954302	1.39099226547722	0.743886818951277
13.5	1.13186649277879	1.37647167483145	0.862962589340845
14.5	1.27989200883286	1.5428116238457	1.00736128175441
15.5	1.43435029025923	1.79781348709781	0.977213064076295
16.5	1.70641952072759	2.1052154614786	1.29468597465129
17.5	2.02301505917836	2.33700762128155	1.73176590969622
18.5	2.35688750826065	2.90420780787867	1.8789258674004
19.5	2.51843609172575	3.05482387154944	1.81102685610644
20.5	2.56077505995955	3.24662876559306	1.81636883222623
21.5	1.94687266574022	2.72513774086311	1.3774226107132
22.5	1.16181158412836	2.012784608405	0.472708468851945
23.5	0.535984664311218	1.10909941208194	0
24.5	0.0341368326009688	0.578897652985598	0
25.5	0	0.443382684929707	0
26.5	0.10189055805876	0.487109710478247	0
27.5	0.238945763013221	0.576072081171339	0
28.5	0.382835971649731	0.745688717681384	0
29.5	0.52295981633982	0.761374768783951	0.22051946480368
30.5	0.552646416368899	0.76631301925948	0.341847064835189
31.5	0.555834848440681	0.726355624838202	0.37466433820097
32.5	0.523925392913742	0.693277177752048	0.344862600502734
33.5	0.466412439490188	0.613549737817825	0.296801681519428
34.5	0.365857515873382	0.499396367311748	0.235293072538479
35.5	0.264485219455508	0.427874632541053	0.119228953287705
36.5	0.198264658075962	0.364083478195966	0.0336115822240997
37.5	0.173988132855278	0.319241243690331	0
38.5	0.145501919449786	0.305139834708151	0
39.5	0.172537379751073	0.335334536977702	0.0645267004125621
40.5	0.262880415749421	0.389123573513467	0.161422385246347
41.5	0.358839806595696	0.476996810500075	0.242375033853054
42.5	0.461977480897691	0.567077491288003	0.371808404815869
43.5	0.584614975737556	0.66056042992877	0.485544934597762
44.5	0.68114733037499	0.77993409268682	0.567734930281888
45.5	0.76582861047192	0.887734027794657	0.645607511219032
46.5	0.849022249714851	0.996770328418396	0.723828758982323
47.5	0.938480715833249	1.11462715323824	0.818628065569754
48.5	0.994370738432168	1.05621807597184	0.893674568335993
49.5	1.07251161085043	1.1459986349824	0.953826259961506
50.5	1.15055341850395	1.23315325264452	1.00518003238482
51.249205	1.20894962233481	1.29881902167289	1.04586528610003
