phys	rec.rate	upper	lower
0.5	NA	NA	NA
1.5	7.65901332800353	8.65851226738504	6.66832692048793
2.5	7.44365208456568	7.91022169251432	6.97205082471321
3.5	9.16633252925465	10.0876166207178	8.48621313892947
4.5	16.781299945643	18.0403742174595	15.0994284135231
5.5	7.02902377762305	10.4375040039774	4.41282885113387
6.5	16.8963101386707	22.447306035501	11.1133698387687
7.5	11.7522176966797	15.2087137694762	8.44484518148076
8.5	8.01349200934751	11.3822763814801	4.76040148929963
9.5	4.6775220788425	6.50620602576309	2.58031437394193
10.5	1.47210811388725	3.28823071200328	0
11.5	2.31946861038682	4.01678311152179	0.183651667742438
12.5	5.28430240725001	6.34738121523639	3.79445730205018
13.5	7.60243223563579	8.80762701902193	6.04633288002392
14.453731	9.5816542896545	11.3807967494124	7.4638329242183
