phys	rec.rate	upper	lower
0.5	NA	NA	NA
1.5	10.6497936789342	11.7544332396859	9.91466472756665
2.5	11.0880809344081	11.8977763716706	9.91058254877019
3.5	13.6492860463997	14.437170661902	12.8080999958383
4.5	8.04080826929473	9.10965092882553	7.22057128580167
5.5	5.47198374987655	6.95196208990258	3.50931851611437
6.5	3.29666259737855	4.24241291898687	2.30678394043134
7.5	2.1183966336006	3.43153651376571	1.11141487698565
8.5	2.00418201262362	2.80479921985857	0.388532259482598
9.5	1.43097095740929	2.3991574463061	0.291297737118639
10.5	1.53996315349498	2.60237941229693	0.38946265706322
11.5	2.64333447104789	4.03879478608568	1.05625903249718
12.5	5.39268956431099	6.66937240505224	3.67928293666674
13.5	8.68544793949036	10.5032546385988	7.00748969093254
14.490078	11.3827140826349	13.53359022531	9.34177899632137
