phys	rec.rate	upper	lower
0.5	NA	NA	NA
1.5	8.25913741956224	8.4972363238061	8.01533323109693
2.5	1.22588627087868	1.88954286792404	0.606245325984425
3.5	0.235598368228043	0.606014422345572	0
4.5	1.44530743386483	1.66368821093401	1.14434477768509
5.5	0.715846519734139	0.903067782276054	0.544421658949505
6.5	0.153126886366269	0.349259983772771	0
7.5	0.818639766678527	0.893478008732576	0.714594101386903
8.5	0.91403432920097	0.987475625938487	0.831666711200045
9.5	0.350748683675734	0.426301507430567	0.28027066233301
10.5	0.0400069355766578	0.175262057215221	0
11.5	0.446759391739127	0.551200992594945	0.341778214157454
12.5	0.750334844761774	0.871039398604525	0.640827637658287
13.5	0.719477851380059	0.839427685519771	0.590368536939833
14.5	0.817680591163538	0.907435110473836	0.724221824978348
15.5	1.34841196148931	1.45573714844226	1.2249258403078
16.5	2.19492437746639	2.3467812375589	2.05008015001047
17.5	2.62510828870089	2.79327270172729	2.46487751037892
18.5	2.14401416655829	2.3095718729993	1.9873009836006
19.5	4.21811960427947	4.39548457384407	4.06620047095083
20.5	8.23928342008156	8.61894655885466	7.92300114938567
21.5	10.2328506435009	10.5267722447708	9.89780905070979
22.5	8.84264887189997	9.04454666170685	8.64737331831027
23.2589445	8.40047534424548	8.9717742194802	8.05075037535271
