phys	rec.rate	upper	lower
0.5	NA	NA	NA
1.5	7.12458032461575	7.59613542800081	6.68524031177895
2.5	10.595726814136	11.02916490605	10.1833735202535
3.5	8.71009309208994	9.04343567893495	8.42468090278638
4.5	7.5742875734491	8.00351424072357	7.15269521357597
5.5	6.32718089718365	6.77785164306083	5.87229582030659
6.5	5.70347400795775	6.14046059265534	5.28038547992395
7.5	6.7086390057847	7.17496703409576	6.28392683457976
8.5	6.25621539988857	6.62186357899253	5.93838206350777
9.5	5.30755780380069	6.07829854617504	4.46924136529023
10.5	7.71118594838527	8.19020197559233	7.19763053226081
11.5	9.80288231519844	10.5428753386589	9.11050529522619
12.5	12.9499359947219	13.2450203560973	12.6391930292661
13.5	15.0055075674942	15.3790306485772	14.6310182985126
14.5	12.1958914208671	12.564173197739	11.8224772442017
15.5	8.61476697703598	8.94871461714397	8.27411297523419
16.5	5.18831412772285	5.53882596207417	4.70278368755138
17.5	2.32658559683942	2.87589256028561	1.74994453133986
18.5	0.803534164017631	1.28611295883412	0.000467900201172711
19.5	0	0.498327818927191	0
20.5	0.486306313972179	0.977378880860764	0
21.5	1.27953819358339	1.44322428899033	1.07485114752317
22.5	1.83299919510418	2.12526732712556	1.5467787141237
23.5	2.39253391127796	2.82663749910682	1.98800486648225
24.204819	2.80171410208055	3.34974416220863	2.29657703065284
