phys	rec.rate	upper	lower
0.5	NA	NA	NA
1.5	3.72818673850122	3.87729276145015	3.58630784437764
2.5	3.47395376744628	3.54781507881864	3.39993144993602
3.5	3.18442682300627	3.24358873715395	3.12574404535048
4.5	2.88222931919661	2.99306623872313	2.78080412204971
5.5	2.62403155908521	2.77408410740508	2.47253326124405
6.5	1.9972935730059	2.16634334050497	1.81129594265872
7.5	1.15225251339404	1.45356771157528	0.925021016841314
8.5	0.789716279989241	1.00147350780302	0.561157989142085
9.5	0.699759677262748	0.922773764837718	0.479955154478259
10.5	0.855562387930086	1.00020112491786	0.696707419511765
11.5	1.03673230780181	1.09337285435365	0.968166534978344
12.5	1.25771946755834	1.32867197071855	1.17925032063682
13.5	1.54372108567238	1.71699325011617	1.3560210091575
14.5	1.81464735817435	2.13643315311921	1.48481845021151
15.5	2.44204266389097	2.70009396239242	2.18740765358287
16.5	3.55884343248186	3.89310873470908	3.19396647416648
17.5	4.7977648165835	5.36424193045129	4.27603764976331
18.5	6.86768944569638	7.46421654778925	6.35219225641047
19.5	9.49682066573787	10.1837245470735	8.78234240512144
20.5	9.75156111111096	10.3012442303551	9.17273719959944
21.5	5.77796458191945	6.54603584415605	5.16555425752725
22.5	5.51503468785101	5.90980118223851	4.99994679276803
23.5	5.51582616820781	5.77151027408198	5.26745473563762
24.5	4.31361318017124	4.61080036232031	3.99637146359023
25.5	3.99891518060749	4.17558464821414	3.62205755707772
26.5	4.26283576253578	4.53940404850833	4.06216709627265
27.5	4.96135249203801	5.32480667015166	4.63581885132994
28.5	4.50893420870418	4.71984981264378	4.28765016193866
29.5	4.49161195868361	4.77345540639906	4.22038778556383
30.5	6.56633761578068	6.78153848571635	6.29879540387829
31.5	6.54849627955499	6.71476248615588	6.37439253997566
32.5	6.40919865626709	6.69766935097015	6.14615971932764
33.5	7.69175742946511	8.02069371064737	7.36480088620782
34.5	7.59158169774718	7.82681856277272	7.34492389556182
35.2506935	6.82065176668516	7.77702027410775	5.98914479658337
