phys	rec.rate	upper	lower
0.5	NA	NA	NA
1.5	1.56167795265421	1.88283197331963	1.40947729240037
2.5	3.23131379024469	3.45501439188152	3.00870990640299
3.5	5.22613049344231	5.87926617899029	4.5762872044446
4.5	6.31570438545679	7.26049689126443	5.75734587176525
5.5	6.09697011653545	6.90887662054495	5.07319592908102
6.5	5.359994767904	6.10910902436072	4.79313085456211
7.5	3.70389202771319	3.94118203511638	3.50288770713348
8.5	2.37058676334476	2.49663848367773	2.17084196064863
9.5	0.648750549531204	1.10290009187741	0.137589324382362
10.5	0	0.484326395689543	0
11.5	1.3000154580334	1.8771720425131	0.693785114885749
12.5	3.80895376366455	4.24860570943623	3.23413262428797
13.5	5.25053268602082	5.6092178787282	4.75706499770644
14.5	4.68041222171362	5.37544978624146	4.1340672972952
15.5	5.6095453140882	6.38446643110773	5.04052867535313
16.5	5.36727420378851	6.17126585164312	4.59425944251406
17.5	6.92335838142558	7.61893745632798	6.19349584651431
18.5	4.17880969395924	4.62653502569118	3.76113021797951
19.5	5.25964483295844	5.89235021606406	4.72819796254766
20.5	8.24016674237294	8.90667453521556	7.25440023878726
21.5	3.86208303464121	5.11217953054834	3.02162603081874
22.1964695	0.594973250494043	2.14597886924628	0
