phys	rec.rate	upper	lower
0.5	NA	NA	NA
1.5	2.51138737331412	2.8243738626311	2.29546237488846
2.5	2.19920418782308	2.33267474561557	2.03729319731746
3.5	1.91330747778389	2.1206238733099	1.63476498730659
4.5	1.92235439205107	2.03761532022697	1.79921044226513
5.5	1.87853170123807	2.0256779355923	1.70968134958295
6.5	1.61279624283347	1.74650768310987	1.49558383147202
7.5	1.25822773582329	1.39204748565267	1.15345929412721
8.5	1.0109022043294	1.14708130185529	0.908016995318628
9.5	0.865161448618001	0.975245005600197	0.787677293608194
10.5	0.794076930384602	0.832842266299469	0.748950451640965
11.5	0.684546037196568	0.734914580146523	0.636416390531521
12.5	0.545540876138915	0.60027871668488	0.494338538227553
13.5	0.401012973825932	0.440739263373041	0.316556561286256
14.5	0.23240172798431	0.296309961201326	0.154922114128632
15.5	0.0991232482898897	0.168414242100375	0.00306129508865585
16.5	0.0138761672774261	0.0892852954996086	0
17.5	0	0.0851146273915245	0
18.5	0	0.0469629429549634	0
19.5	0	0.0198431773375176	0
20.5	0	0.00608729428023311	0
21.5	0	0.00601505595066695	0
22.5	0	0	0
23.5	0	0.00102056137254154	0
24.5	0	0.000438545376013798	0
25.5	0	0	0
26.5	0	0	0
27.5	0	0	0
28.5	0	0	0
29.5	0	0	0
30.5	0	0.0190953940376811	0
31.5	0	0.0529673317043588	0
32.5	0.00353934418724305	0.0968363471803853	0
33.5	0	0.111659108184725	0
34.5	0	0.0987190336946251	0
35.5	0.0564805168023496	0.19131327713576	0
36.5	0.233951648411224	0.33782295714114	0.0810292376510862
37.5	0.394372701725891	0.56497764432805	0.200270482235137
38.5	0.615521281445543	0.789970479911711	0.421255118142764
39.5	0.972747975296574	1.09138816566925	0.842765507605523
40.5	1.40327061868751	1.57440768234281	1.21048791784284
41.5	1.73433437485907	2.01768893397326	1.48319283337855
42.5	1.64870484689088	1.81652062255411	1.46763836307988
43.5	1.31511470966011	1.51938488706359	1.13934624751038
44.5	1.60896140719699	1.77325775085047	1.44050451975037
45.5	2.27894440660938	2.41232592176212	2.15816968785002
46.5	2.78823671200777	2.99090432316774	2.60143502784408
47.5	3.1550724427589	3.50817149766122	2.83517796726434
48.5	2.84202316966068	3.12017010003891	2.58604923074924
49.5	2.21066893528073	2.56670805557705	1.74537961407343
50.5	2.35476183138138	2.50930887066684	2.1715533668898
51.5	2.8811746756265	3.02766762909408	2.71180236963376
52.5	3.46630579623701	3.68735392227406	3.24818239104101
53.5	4.27967453830614	4.5558891354193	4.05585160692063
54.5	4.62585123495018	4.90421155407521	4.33692494530692
55.5	4.60977214320764	5.41799764968093	3.93582611536656
56.314064	4.3439374213042	5.13876382384748	3.42816492919153
