phys	rec.rate	upper	lower
0.5	NA	NA	NA
1.5	2.75390541016146	2.89846830862596	2.6055858951171
2.5	3.27541735804313	3.38289616930759	3.16549507253492
3.5	3.80483122004407	3.93789721697665	3.60098375578776
4.5	4.48034310382703	4.65822971445173	4.31827955218596
5.5	5.13463019826608	5.45685772469571	4.88649029217031
6.5	5.47167845883646	5.71358804850309	5.21885457513878
7.5	5.91811016782547	6.3689463786985	5.40799940081006
8.5	6.25347285007311	6.63950542102706	5.93885432049123
9.5	6.03835511603661	6.56533213305647	5.67844067573825
10.5	5.29978342629495	5.77973550516621	4.87700889693271
11.5	3.9720509360384	4.3453153395081	3.6177337179664
12.5	2.5826386764028	2.94139003948429	2.22350343722551
13.5	1.6889535973226	2.03945768757082	1.36419622991175
14.5	1.17879184970954	1.42220264218932	0.8863329037633
15.5	0.788493824161007	1.01446903434475	0.48474386170392
16.5	0.549148779659469	0.78430185801307	0.305988877371511
17.5	0.43715244174875	0.58738712242484	0.232069829511873
18.5	0.342924308468761	0.44444986281651	0.14323504922805
19.5	0.238384889063435	0.348006009944516	0.0649575973357349
20.5	0.186689705573489	0.293007781551195	0.054682257511824
21.5	0.160585204136675	0.232011408178531	0.0513983759575469
22.5	0.116755099602569	0.190323295717868	0.000509316899863955
23.5	0.0751844934511493	0.167444844181803	0
24.5	0.0568053771944141	0.145816699488526	0
25.5	0.0709217147564132	0.151819129336143	0
26.5	0.102501854400042	0.16123029936224	0.0187249575635049
27.5	0.116129372648862	0.158885178902221	0.0278445590395242
28.5	0.11267890903418	0.155328363248338	0.0461100913071126
29.5	0.115470096283919	0.1533955264891	0.0593013889323796
30.5	0.125434897748711	0.176154013897071	0.0809270061300168
31.5	0.139893509609144	0.18280120706049	0.101937438817422
32.5	0.161896143101017	0.195402182106964	0.120778268288329
33.5	0.184051210840271	0.215264930407641	0.144135448698845
34.5	0.196983996031331	0.236910078391702	0.136973060078459
35.5	0.199543940814682	0.255933221978538	0.0783537608965634
36.5	0.187749810521029	0.273527211406297	0.00181687976830212
37.5	0.159055283047392	0.276629034232463	0
38.5	0.108533694512279	0.266888947526674	0
39.5	0.0665848557641691	0.268348954884811	0
40.5	0.0437443875513801	0.302088229684132	0
41.5	0	0.311792168473968	0
42.5	0	0.340909010281838	0
43.5	0.0728583599780406	0.477344147569547	0
44.5	0.271547497678083	0.682262069029518	0
45.5	0.562455764583968	0.985264687249463	0.135718103693346
46.5	0.973109017971212	1.45560102492132	0.540305595528007
47.5	1.6362855299782	2.0065059113523	1.25612196210421
48.5	2.6658508533261	2.92509336550184	2.39298581440721
49.5	3.88008270831414	4.16908152864442	3.58949834075924
50.5	5.03612832921501	5.39391002086981	4.66332634690671
51.5	5.66240184893408	5.98219940790561	5.3343705355251
52.5	5.51091400613139	5.80415111584695	5.25700131427799
53.5	4.93409988603169	5.15647538759078	4.70284403511256
54.5	4.65673518993575	4.87494875872068	4.37753412032139
55.5	4.63040823527807	4.8334989769554	4.38865593316049
56.5	4.5804331098963	4.82040876704774	4.38580449725541
57.5	4.30942686505832	4.5803022961689	4.00883543044763
58.5	3.59838304019321	3.84310263367445	3.33174919572518
59.5	3.02973862338244	3.37177098347146	2.74577659774229
60.5	3.16489186925074	3.47468920460483	2.88756571355711
61.5	3.82542438801299	4.09246062011722	3.59749817395227
62.5	4.3376118219773	4.69817479461065	3.92342100708021
63.5	4.13038607998283	4.60702611287416	3.74879471148303
64.5	3.61394860169342	3.79795696391557	3.46165114056359
65.5	3.22851545773173	3.47215152255785	2.96817023136955
66.5	2.84403592112053	3.24088030094815	2.46897779701815
67.45	2.51835978140468	3.02669187057958	2.10109530414877
