phys	rec.rate	upper	lower
0.5	NA	NA	NA
1.5	6.87221099758873	7.74803181367778	5.91440118214889
2.5	4.104390496962	4.71321940124876	3.5731838599176
3.5	4.21693873101951	4.91962256463706	3.46981263718776
4.5	3.66029366499108	4.56615469606838	2.76963663628811
5.5	6.25524088128523	7.25532116550582	5.2425121033939
6.5	4.9870267859765	5.71802122574585	4.30816066027998
7.5	4.20584583140854	5.08406204488861	3.28330651800296
8.5	4.6409881459177	5.53032885328779	3.83519599378815
9.5	2.94241945833379	3.30231419647474	2.56035498615745
10.5	2.29149061588007	2.6021590864097	1.99451630864141
11.5	2.32320990573224	2.78537329717698	1.90180728211335
12.5	1.75121818558306	2.5058683179049	0.987064296834213
13.5	1.09839583371829	1.73598706276411	0.374475362535772
14.5	0.423192764863286	1.0921777640277	0
15.5	0.692564615003458	1.51471972451628	0
16.5	1.66957427971062	2.66720434766618	0.412721332524304
17.471706	2.84886020961535	4.62439267281025	0.905566776373449
