phys	rec.rate	upper	lower
0.0131136226226226	1.2736712901136	2.88592983178161	0
0.0393408678678679	1.30134624717609	2.89116575275662	0
0.0655681131131131	1.32983922786305	2.89662305445179	0
0.0917953583583584	1.3591502321745	2.90230173686709	0
0.118022603603604	1.4856419898316	2.99424031528977	0
0.144249848848849	1.51428673969467	2.99841494137223	0
0.170477094094094	1.54375485038968	3.00263318054185	0.0330069784209596
0.196704339339339	1.57402509290647	3.00864722050407	0.0991591189773177
0.222931584584585	1.66039418489582	3.11185774285162	0.182246340512749
0.24915882982983	1.69069628222355	3.11896795749683	0.247599320936489
0.275386075075075	1.72175580453195	3.12635034907074	0.311926131128627
0.30161332032032	1.75346608871956	3.13400491757335	0.384527825997643
0.327840565565566	1.80955034365847	3.24284198355634	0.455242994336035
0.354067810810811	1.84159190111585	3.24762199361548	0.525790062042648
0.380295056056056	1.87433831314034	3.25239256639043	0.605424701061303
0.406522301301301	1.90749556121299	3.25725255298594	0.673997880946443
0.432749546546547	1.96084207058761	3.31685929442278	0.745151529236458
0.458976791791792	1.99393864317691	3.32224275407287	0.806011789919664
0.485204037037037	2.02755085174233	3.32892113591763	0.876375455575491
0.511431282282282	2.06120775553912	3.33601608938925	0.94421618366799
0.537658527527528	2.0988498111157	3.34763065488441	1.0098416431065
0.563885772772773	2.13246212202558	3.35857292952547	1.07010508758858
0.590113018018018	2.16635067821715	3.37083144912788	1.13611915989013
0.616340263263263	2.1999562758988	3.38447226549518	1.20216571008083
0.642567508508509	2.23324209736181	3.39625542941174	1.26544095985605
0.668794753753754	2.26647935470133	3.40154836790682	1.33444913028014
0.695021998998999	2.29966341324833	3.41364150535459	1.40099758133823
0.721249244244244	2.33266782893178	3.41597988606824	1.46300359750164
0.74747648948949	2.36540027737784	3.4246711371795	1.52502324354448
0.773703734734735	2.39786640858244	3.42843727710579	1.57591697030807
0.79993097997998	2.43011449347765	3.42971119388316	1.63352235386152
0.826158225225225	2.46229012980577	3.43077800347847	1.69404368240318
0.852385470470471	2.49399541626524	3.43711695307864	1.74565126371619
0.878612715715716	2.52516991916657	3.44591136526232	1.79640398621988
0.904839960960961	2.55615403923457	3.45491150370249	1.85531784111203
0.931067206206206	2.58755599344105	3.46411736839922	1.91907381968773
0.957294451451452	2.61830909176103	3.48833556876005	1.96751211963793
0.983521696696697	2.64833783268877	3.50117505002024	2.02070635206864
1.00974894194194	2.67841823088224	3.50834604110105	2.06546613857303
1.03597618718719	2.7089089462799	3.51551553431135	2.12510139584366
1.06220343243243	2.73849574349884	3.52271515394652	2.17098067987811
1.08843067767768	2.76716642666147	3.52994490000659	2.20812946383329
1.11465792292292	2.79654018439243	3.53720477249154	2.25371342502406
1.14088516816817	2.82618873774253	3.54522147473359	2.30029638429816
1.16711241341341	2.85477515786469	3.55199136827393	2.34518693951684
1.19333965865866	2.88242288880191	3.55945055546229	2.38166363866957
1.2195669039039	2.91173560424924	3.56692307955606	2.42822845335747
1.24579414914915	2.94090602374919	3.57231003454059	2.47249299665118
1.27202139439439	2.96875007959584	3.5823566521874	2.50332870468297
1.29824863963964	2.99594194164819	3.59562509704682	2.53627361764977
1.32447588488488	3.0271047129038	3.61857590928415	2.56717109259532
1.35070313013013	3.05793246299806	3.62442619397655	2.61264817520918
1.37693037537538	3.08726209535728	3.63706255659877	2.65143652764795
1.40315762062062	3.11667801931487	3.65098828937736	2.68894675458955
1.42938486586587	3.1504983718822	3.68494383460438	2.71928114516366
1.45561211111111	3.18307277033293	3.69220035826086	2.75975679111805
1.48183935635636	3.21379962992937	3.733018505484	2.79411905456044
1.5080666016016	3.24560750423312	3.76406140361371	2.82478599040922
1.53429384684685	3.28123670806767	3.81005634126101	2.85869265621881
1.56052109209209	3.31478799510771	3.85903980296173	2.89361416240082
1.58674833733734	3.34609261346459	3.91217291213198	2.91998067633761
1.61297558258258	3.3803347807145	3.97840983671529	2.95344611632665
1.63920282782783	3.41724830623152	4.04979547816498	2.98799965915352
1.66543007307307	3.45134824588923	4.13551236261337	3.01441117151262
1.69165731831832	3.48280605995157	4.18900581732882	3.03236693328958
1.71788456356356	3.51808133176598	4.2644340607067	3.07782535946108
1.74411180880881	3.55363832624705	4.33967195283767	3.09963769258667
1.77033905405405	3.58595903119219	4.40968978905213	3.11919312836948
1.7965662992993	3.61603181272188	4.44828292058365	3.14342043903661
1.82279354454454	3.6532900682034	4.50813036198599	3.17769531457219
1.84902078978979	3.68956347743587	4.55953361605291	3.20107202075465
1.87524803503504	3.72191857690542	4.60872632405703	3.22343859031594
1.90147528028028	3.7525874614487	4.69411008670886	3.22725675007543
1.92770252552553	3.78987456818079	4.76474386224141	3.25274380914594
1.95392977077077	3.82409187167228	4.7955061556127	3.26731256086626
1.98015701601602	3.85379943427989	4.84356452029455	3.28692629580532
2.00638426126126	3.88355649044245	4.88280512309374	3.29464652544618
2.03261150650651	3.91940889730089	4.92824940837526	3.3358660507731
2.05883875175175	3.94974958019384	4.97654512257119	3.36239850984976
2.085065996997	3.97401831732976	5.01773022039843	3.37085759541566
2.11129324224224	4.00011000910573	5.04763093290945	3.3906650885755
2.13752048748749	4.0305522322782	5.05459806278468	3.42022978771335
2.16374773273273	4.05517280048711	5.07585443468318	3.42973822217267
2.18997497797798	4.07404569381405	5.07855569835451	3.43500267861268
2.21620222322322	4.09732181225632	5.11129154940012	3.45967083298665
2.24242946846847	4.12140363459907	5.12460515964325	3.46885730602402
2.26865671371371	4.13969292876766	5.11670983150175	3.47881262494196
2.29488395895896	4.1528588502701	5.1336638700015	3.47302702119442
2.3211112042042	4.17060534932503	5.14241076829172	3.49283480027013
2.34733844944945	4.18644477479014	5.1145023737189	3.5127309986903
2.37356569469469	4.19693622333125	5.12853161393485	3.52036102751531
2.39979293993994	4.20455810489472	5.13009741407543	3.52209731979769
2.42602018518519	4.22261832117192	5.11093857679249	3.55657319259514
2.45224743043043	4.2390954824457	5.08070536672754	3.59240370912979
2.47847467567568	4.25140011867538	5.05613052879642	3.61020222142143
2.50470192092092	4.25953222986095	5.04756602927019	3.62137956802732
2.53092916616617	4.2634918160024	5.03579530002842	3.63207594276226
2.55715641141141	4.26327887709974	4.99985166366339	3.62451559445516
2.58338365665666	4.25889341315297	4.98252388668893	3.61714481134261
2.6096109019019	4.25033542416209	4.95528994366413	3.6110275716536
2.63583814714715	4.23760491012708	4.92003386404451	3.60359947599552
2.66206539239239	4.22070187104798	4.85363519376006	3.59435146575865
2.68829263763764	4.19964406013364	4.79798699465272	3.5795463328945
2.71451988288288	4.18127148351631	4.77459726672555	3.58247013638178
2.74074712812813	4.1645139807281	4.7313805079528	3.61295154199582
2.76697437337337	4.14388587805582	4.72068098945075	3.61537225937241
2.79320161861862	4.1196861308814	4.69189927454806	3.59261476348944
2.81942886386386	4.09885758221266	4.64091257050074	3.58082197955289
2.84565610910911	4.07783630704312	4.61533674921947	3.54552974673207
2.87188335435435	4.05372526537549	4.60281976854232	3.52668697872692
2.8981105995996	4.02747960342752	4.58188283298761	3.51609816184477
2.92433784484485	4.00611505491144	4.56877166325151	3.46402887737404
2.95056509009009	3.98393024252534	4.55496446239381	3.43670444631696
2.97679233533534	3.95925110686472	4.54477619583949	3.41159273404136
3.00301958058058	3.93395318448258	4.52145540723037	3.38185407283967
3.02924682582583	3.91370071514306	4.5000725555357	3.34082266277143
3.05547407107107	3.89221793701835	4.48402200727616	3.31784107015285
3.08170131631632	3.86878406059106	4.45357766097488	3.30102624149604
3.10792856156156	3.84339908586117	4.41819945204778	3.28475750705378
3.13415580680681	3.81606301282869	4.40744075740025	3.25777955816235
3.16038305205205	3.7867758414936	4.36834605990135	3.23774721388307
3.1866102972973	3.75553757185593	4.34114223492862	3.21247837729837
3.21283754254254	3.72635716361912	4.31228659028399	3.1943330601287
3.23906478778779	3.69964131226032	4.26828896520599	3.17873952801328
3.26529203303303	3.67133202808932	4.24687223896269	3.16089041020967
3.29151927827828	3.64154213086567	4.21738396233093	3.14311168547789
3.31774652352352	3.61489435265913	4.18513675158208	3.12274047554566
3.34397376876877	3.58930624814286	4.14551793002269	3.10218373008812
3.37020101401401	3.56234156562192	4.10953000820412	3.08102025476688
3.39642825925926	3.53447865088885	4.06221978790579	3.05343458226245
3.4226555045045	3.51055047787729	4.02760660604307	3.04189434009437
3.44888274974975	3.48678203418163	4.00692013674118	3.02006475942519
3.475109994995	3.46171598039595	3.96974646510619	2.99403534392305
3.50133724024024	3.43589429502795	3.94829986582561	2.97593952732615
3.52756448548549	3.41152042791233	3.92252506469281	2.94817621479392
3.55379173073073	3.38639407358956	3.9014299001402	2.92773171046538
3.58001897597598	3.36016174109301	3.89282059757212	2.89898516475676
3.60624622122122	3.33371144532142	3.85888854849661	2.8724923514803
3.63247346646647	3.30843904732678	3.83446189334047	2.84209307971243
3.65870071171171	3.28221976766991	3.80388624052939	2.8217965725765
3.68492795695696	3.25494241563039	3.78225270753869	2.78619929718507
3.7111552022022	3.22764586835022	3.74562025920687	2.75794199032277
3.73738244744745	3.20082899094985	3.73143893860278	2.72422989813527
3.76360969269269	3.17321430830556	3.70063948936527	2.69272944818442
3.78983693793794	3.14480492918472	3.67342399878236	2.67080930024834
3.81606418318318	3.11655890385108	3.64746563361367	2.65536681908842
3.84229142842843	3.08833615096283	3.60412280649374	2.63510573071377
3.86851867367367	3.05957126381043	3.56351247399484	2.61519066209619
3.89474591891892	3.0302514868675	3.53898764539216	2.59135330125807
3.92097316416416	3.00033164296825	3.48603146875515	2.55975631692067
3.94720040940941	2.97026879605646	3.45664666559962	2.52598266038169
3.97342765465465	2.94017434335346	3.42860223413313	2.49504642338438
3.9996548998999	2.90991773755772	3.38299985120931	2.46866472391867
4.02588214514514	2.87901327554264	3.34108752759316	2.44540623753566
4.05210939039039	2.84847647103707	3.30103635304869	2.41928065006323
4.07833663563564	2.81847735155373	3.27028776801546	2.39065487730378
4.10456388088088	2.78858561504412	3.24393673872964	2.36092151450768
4.13079112612613	2.75811580725655	3.20437173651876	2.33291366035426
4.15701837137137	2.72860390923401	3.17064008247061	2.31687076065771
4.18324561661662	2.7001599682682	3.13172506833291	2.29152909017568
4.20947286186186	2.67145122273948	3.10196504999848	2.26800626999762
4.23570010710711	2.6419371358869	3.0673800219882	2.22976732736845
4.26192735235235	2.61406655952132	3.03310224521376	2.21133549050134
4.2881545975976	2.58787077985209	2.99161838235826	2.19195962514306
4.31438184284284	2.56094845451539	2.95333909661732	2.1716412527619
4.34060908808809	2.53398723132304	2.9299632041864	2.14134888716583
4.36683633333333	2.50910321703448	2.89751500502482	2.1213668026833
4.39306357857858	2.48615583991665	2.87714216284155	2.10248100878657
4.41929082382382	2.4619263715374	2.85275531203122	2.08461576464827
4.44551806906907	2.43860291419791	2.82187296767241	2.07544578391252
4.47174531431431	2.41769986271085	2.80266337140544	2.05788788235929
4.49797255955956	2.3986031602552	2.77350071187593	2.04394304547985
4.52419980480481	2.37691711737474	2.74417302452446	2.02953296599848
4.55042705005005	2.35679816279488	2.72596781790604	2.01585565096967
4.5766542952953	2.33940887511341	2.71099686344375	2.00235552402794
4.60288154054054	2.32329017731805	2.67821736662954	1.96764400877864
4.62910878578579	2.30419785808814	2.64414129843394	1.94057676332446
4.65533603103103	2.28743294919358	2.60869461056391	1.9324013942174
4.68156327627628	2.27359759626038	2.59634890669817	1.92950098903533
4.70779052152152	2.26019543492474	2.58802232088205	1.91434562995949
4.73401776676677	2.24458096662209	2.56320314205701	1.90151489001092
4.76024501201201	2.23184324085863	2.55302461339946	1.88615631644721
4.78647225725726	2.22214488388653	2.5486214192335	1.86968598954446
4.8126995025025	2.21073760249597	2.53871729582065	1.84280275748412
4.83892674774775	2.19736753359995	2.52299672342093	1.81658307421001
4.86515399299299	2.18711495593078	2.50464087125184	1.81014331580603
4.89138123823824	2.17982160619959	2.50096362554053	1.79188956366643
4.91760848348348	2.16870390314715	2.48378499107832	1.78099280468136
4.94383572872873	2.15708969061664	2.47676925662347	1.75194466761318
4.97006297397397	2.14872189285416	2.46816083938633	1.73314297756185
4.99629021921922	2.14289737013229	2.46022844911255	1.72684558113066
5.02251746446446	2.13235942954655	2.44134540307783	1.71831630195055
5.04874470970971	2.12289426386745	2.42511641461589	1.71311106491426
5.07497195495496	2.11675791898703	2.41699208265548	1.71047325773451
5.1011992002002	2.11228320226959	2.42276106836419	1.68574196840571
5.12742644544545	2.10278418519495	2.40335871625984	1.65509187128346
5.15365369069069	2.09550872496465	2.39381643511118	1.64274512413533
5.17988093593594	2.09161386639833	2.40581157024725	1.62908452770392
5.20610818118118	2.08805523938422	2.40775919874515	1.62416545765686
5.23233542642643	2.07998509355312	2.39171527142897	1.61358711707981
5.25856267167167	2.07488079031158	2.39017186043082	1.62537914368519
5.28478991691692	2.07314657582084	2.3916613367998	1.62188547921834
5.31101716216216	2.06935984135277	2.38919694356269	1.60602315604886
5.33724440740741	2.06158023828976	2.37707198986428	1.63850269515334
5.36347165265265	2.05710545045646	2.365803939508	1.62893679572651
5.3896988978979	2.05588949128216	2.37262070828914	1.61416015311218
5.41592614314314	2.04901756561035	2.35830261973281	1.60145919951135
5.44215338838839	2.03947317198534	2.35392479393911	1.60069529998114
5.46838063363363	2.03327917325552	2.3588279142414	1.58466288100822
5.49460787887888	2.02996291237617	2.3651810779884	1.59352349629935
5.52083512412412	2.02227355877318	2.35176670903328	1.6025192146753
5.54706236936937	2.01520411244465	2.35077881575495	1.58395918722651
5.57328961461462	2.01146807566154	2.35246268959344	1.58812074790388
5.59951685985986	2.00982178554262	2.35991049458636	1.57217852055845
5.62574410510511	2.00352193720857	2.34490665584783	1.56365144884522
5.65197135035035	1.99925306052899	2.35481584081005	1.56382827489515
5.6781985955956	1.99846289588502	2.37267221220004	1.54770678659614
5.70442584084084	1.99846999278729	2.39196732173824	1.56267883159491
5.73065308608609	1.99334406172154	2.39613882884182	1.5468380010264
5.75688033133133	1.99112438267898	2.38903792324621	1.54775679434292
5.78310757657658	1.9924704397075	2.40007921203706	1.54057916781498
5.80933482182182	1.99372894006619	2.40215846574234	1.51367945458465
5.83556206706707	1.99244006678204	2.42362910234994	1.51284666660396
5.86178931231231	1.99479320281531	2.4505320502501	1.51485479597335
5.88801655755756	2.00088252781044	2.47492330990068	1.52809864320007
5.9142438028028	2.00492613081486	2.49187021645059	1.51916479992696
5.94047104804805	2.00787883911401	2.49871969102034	1.53116241175286
5.96669829329329	2.01466756214302	2.52872663868136	1.53368975813841
5.99292553853854	2.02503558600061	2.54582400142887	1.53133364533926
6.01915278378378	2.03268952740663	2.56969231930536	1.53508481094926
6.04538002902903	2.0413392204578	2.60954124442514	1.5479065652305
6.07160727427427	2.05385648993469	2.62436785078904	1.54298704309187
6.09783451951952	2.06955134080328	2.64447401783456	1.54961459424308
6.12406176476477	2.08325802371537	2.69938435490643	1.55299914026878
6.15028901001001	2.09957272501165	2.73372997413135	1.57717627479446
6.17651625525526	2.11984438135356	2.78456284444413	1.59122918007873
6.2027435005005	2.142466285188	2.79750947027517	1.60199748920396
6.22897074574575	2.16238084598616	2.80918036271998	1.6239736663513
6.25519799099099	2.1851851298057	2.85449960843273	1.63074567549124
6.28142523623624	2.21155612507211	2.87394615868938	1.66374177989977
6.30765248148148	2.23933564162939	2.90760094243106	1.68194431640506
6.33387972672673	2.2658647684927	2.95916724045877	1.71690685824579
6.36010697197197	2.29536720918339	3.00572064078392	1.73532058269576
6.38633421721722	2.32798899195659	3.04258310442133	1.75566421225927
6.41256146246246	2.36095618578312	3.09578869389652	1.78346299062926
6.43878870770771	2.39340313193376	3.14315742262802	1.80352521302741
6.46501595295295	2.4280094985882	3.18470581637269	1.8209982711063
6.4912431981982	2.46472876730534	3.21291326544049	1.86187871838177
6.51747044344344	2.50116152422894	3.26146533354981	1.88941645673434
6.54369768868869	2.53762265088198	3.30928422198839	1.90869448621773
6.56992493393393	2.57519303975345	3.35034944878054	1.93399793744562
6.59615217917918	2.61373733146526	3.38730715853376	1.95270573105638
6.62237942442442	2.65151292388774	3.45934559812401	1.98772758025166
6.64860666966967	2.68903624484959	3.49902311978096	2.02699633154736
6.67483391491491	2.72669283581188	3.53991695371023	2.04511447801948
6.70106116016016	2.76448269677463	3.57397849457424	2.0728166349968
6.72728840540541	2.8022204477921	3.6230842447911	2.11609841659048
6.75351565065065	2.83935518883195	3.63941982697718	2.13662509546175
6.7797428958959	2.87616021844733	3.68620306083389	2.18734459637688
6.80597014114114	2.91266099086717	3.72993821204572	2.19641372174893
6.83219738638639	2.94996473631135	3.76153655949704	2.23489113992135
6.85842463163163	2.98733213869267	3.79483791466875	2.26637666944961
6.88465187687688	3.02228139328215	3.83472502181787	2.28026909586077
6.91087912212212	3.05482549188435	3.86971081527436	2.31983945065606
6.93710636736737	3.09021918685185	3.91740572685149	2.35772349908124
6.96333361261261	3.12608618643175	3.95360298529719	2.37810365938499
6.98956085785786	3.15816982947179	3.99811482756612	2.39051511747392
7.0157881031031	3.18671121426491	4.05755167720463	2.43622403140884
7.04201534834835	3.21587961986608	4.07845358963526	2.47037368063573
7.06824259359359	3.24225677461146	4.10524571347715	2.4834488563993
7.09446983883884	3.26398486948057	4.15458004412405	2.50621815886784
7.12069708408408	3.28227289403627	4.15321035956136	2.53961342612308
7.14692432932933	3.30426875721258	4.16385617782709	2.5869327358605
7.17315157457458	3.32242968754857	4.18886063631811	2.61136991278633
7.19937881981982	3.33499030936523	4.23263245189484	2.62299278674529
7.22560606506507	3.34533564951678	4.25591478663733	2.63146000732395
7.25183331031031	3.36194193620823	4.2949282777371	2.64390300246363
7.27806055555556	3.37383362642979	4.3104071336207	2.65557047744513
7.3042878008008	3.37996687206864	4.30390704731428	2.67311959272377
7.33051504604605	3.38489010380088	4.3061642684363	2.68332650114588
7.35674229129129	3.39208099539373	4.28430344529527	2.68555533662
7.38296953653654	3.39294537994386	4.30091307358327	2.68872073700591
7.40919678178178	3.38729297017896	4.3039088458937	2.67968382716592
7.43542402702703	3.38451757439725	4.24939178061545	2.67606845592586
7.46165127227227	3.38411152534674	4.2636642811868	2.69894184808407
7.48787851751752	3.37737113785101	4.23836367000888	2.71007463777993
7.51410576276276	3.36473436483507	4.25048008161798	2.69852780480419
7.54033300800801	3.35952531516871	4.25006143004588	2.70405720288229
7.56656025325325	3.35430171318155	4.24235166610798	2.72287162281714
7.5927874984985	3.34243116776189	4.23201526167096	2.72314511969178
7.61901474374374	3.32543570840111	4.23437885233112	2.69797045996129
7.64524198898899	3.31643157173751	4.18543492290214	2.69565773181681
7.67146923423423	3.30447860033251	4.18961308026597	2.69418145766844
7.69769647947948	3.28591806348666	4.14878646530035	2.68302460641715
7.72392372472473	3.2642593528465	4.12622909812576	2.65120741356792
7.75015096996997	3.25164130824864	4.07348293766612	2.64879687445755
7.77637821521522	3.23447120441616	4.11029881680322	2.65166075152584
7.80260546046046	3.21090257341891	4.1074116749884	2.6391852362
7.82883270570571	3.1869910926447	4.05388433828689	2.60533789390973
7.85505995095095	3.17083023195907	3.95246340102692	2.60809477106642
7.8812871961962	3.1491110308359	3.96424491804166	2.61021394558652
7.90751444144144	3.1212731430086	3.92345477420509	2.57139839622002
7.93374168668669	3.09582199357047	3.90141954980548	2.56192508134882
7.95996893193193	3.07482553210853	3.84497185133916	2.55600037279785
7.98619617717718	3.04834272408284	3.85910994890047	2.53339435902999
8.01242342242242	3.01654820634266	3.88399755405053	2.49665169285269
8.03865066766767	2.99153029706041	3.86186006206553	2.46986227644751
8.06487791291291	2.96856411354155	3.85865478732557	2.44638047860177
8.09110515815816	2.94043160487562	3.85290352747291	2.41070953393312
8.1173324034034	2.90785644225488	3.8271533507618	2.38436083346583
8.14355964864865	2.87998101877518	3.76344144429946	2.34159475936291
8.16978689389389	2.85050579014952	3.76309360919392	2.30753138165496
8.19601413913914	2.81643221941431	3.74259794690015	2.27384246160264
8.22224138438439	2.7792984312502	3.67779366975755	2.23522170338495
8.24846862962963	2.74674593780243	3.63517445529425	2.18198550119264
8.27469587487488	2.71217576691736	3.56355998099803	2.14878962285554
8.30092312012012	2.67427382714593	3.49163480589478	2.09621808009827
8.32715036536537	2.63507292899609	3.44611291760166	2.05198063480112
8.35337761061061	2.5987621656628	3.39115608782238	1.99359245656236
8.37960485585586	2.56025071539027	3.32384261005915	1.93713185624477
8.4058321011011	2.51918447523744	3.25068041951501	1.88325810616416
8.43205934634635	2.47784915803188	3.20823731550951	1.8259912552513
8.45828659159159	2.43821754315647	3.14050130030929	1.76324899441387
8.48451383683684	2.39740877947111	3.10334818391603	1.70301119341412
8.51074108208208	2.35539890482171	3.06906238561362	1.64882495279546
8.53696832732733	2.31405220969522	3.00716443280416	1.56147663081628
8.56319557257257	2.273586208419	2.96364554965712	1.48075241012263
8.58942281781782	2.23287900570423	2.93461203126567	1.40961497865718
8.61565006306306	2.19192939449617	2.91436978281459	1.35243681943977
8.64187730830831	2.15102269884235	2.88134259332807	1.3139116701103
8.66810455355355	2.1109187426655	2.83507240417288	1.2465733241626
8.6943317987988	2.07173155857161	2.80013000699025	1.17962627696974
8.72055904404404	2.03346114656079	2.76847848756426	1.11666041737841
8.74678628928929	1.99610750663296	2.73509265248545	1.03522598929157
8.77301353453453	1.95967063878812	2.70896866480557	0.965606957144931
8.79924077977978	1.92415054302632	2.67686734336266	0.925612831856648
8.82546802502503	1.88954721934751	2.64474202246987	0.834264347790128
8.85169527027027	1.85586066775175	2.5941714201654	0.798761470745609
8.87792251551552	1.82309088823898	2.56642933210473	0.774626694160625
8.90414976076076	1.78971987935987	2.52919933236541	0.759613551976355
8.93037700600601	1.75184885394666	2.48664291336607	0.724091799224919
8.95660425125125	1.71522621948167	2.45846413729378	0.700475648402694
8.9828314964965	1.68044746438532	2.41663412506674	0.628740633262707
9.00905874174174	1.64481997945719	2.38821447800277	0.601994167842493
9.03528598698699	1.6063009549008	2.34073940628603	0.601418089968005
9.06151323223223	1.57074034166682	2.30885506080379	0.573168379177837
9.08774047747748	1.53830094407796	2.27002608347582	0.556515438918587
9.11396772272272	1.502877182012	2.23945280720349	0.546149119517736
9.14019496796797	1.46494579535202	2.20782894673694	0.54087963289169
9.16642221321321	1.43108715771067	2.17990819687622	0.504446003118393
9.19264945845846	1.4011039703506	2.14353181751236	0.466179793622034
9.2188767037037	1.36751139663325	2.09875615461938	0.401631958643651
9.24510394894895	1.33448338934615	2.06611359947239	0.364580786278547
9.27133119419419	1.30613689749751	2.0371578423179	0.348670432564973
9.29755843943944	1.28161226193091	2.00214451235784	0.326700447422178
9.32378568468468	1.25262571499528	1.97062891460222	0.348899844459912
9.35001292992993	1.22624455639664	1.9314498645907	0.354159446933869
9.37624017517518	1.20503487666785	1.90169740399367	0.36239753904011
9.40246742042042	1.18661545503869	1.87831862184056	0.338703786198759
9.42869466566567	1.16188359590513	1.84445440843907	0.337219936618703
9.45492191091091	1.14092468534282	1.81537759037385	0.340510865223697
9.48114915615616	1.12527070799436	1.79110901339924	0.382518170467004
9.5073764014014	1.11145799583198	1.75173953408144	0.389591252740997
9.53360364664665	1.09421617351702	1.72279994218002	0.389367848190275
9.55983089189189	1.08177045003814	1.69875249911203	0.390148738724218
9.58605813713714	1.07453666000665	1.68478096305395	0.396131072584216
9.61228538238238	1.06708137839719	1.65720707158752	0.403842133358509
9.63851262762763	1.05742766851739	1.6192218173521	0.419786769726294
9.66473987287287	1.05247169349556	1.59836407104954	0.432087841674399
9.69096711811812	1.05215838381533	1.56958279818899	0.443069184067241
9.71719436336336	1.04882557407063	1.54982165730273	0.461041027851227
9.74342160860861	1.04465868432681	1.52534366583173	0.472455996050367
9.76964885385386	1.04446975125523	1.50265157513758	0.499114295497513
9.7958760990991	1.04780206681899	1.4995164026997	0.496322457305511
9.82210334434435	1.04792876941569	1.49224374849181	0.511476698558337
9.84833058958959	1.04915740937665	1.47804763282275	0.529111213288432
9.87455783483484	1.05384083822121	1.49434981157989	0.544681138397876
9.90078508008008	1.06105865893744	1.49544406633833	0.569452694656125
9.92701232532533	1.06573802367668	1.48654870314121	0.577665911430951
9.95323957057057	1.07218700728656	1.47313752150719	0.586951261403559
9.97946681581582	1.08136234504746	1.47626761236794	0.597395606046693
10.0056940610611	1.09132051377928	1.47229626539141	0.628328957019077
10.0319213063063	1.09763426052894	1.48679063284688	0.654503012175447
10.0581485515516	1.10560319596529	1.49176639703299	0.662004328806664
10.0843757967968	1.11565339973577	1.49188198118979	0.660658720579693
10.110603042042	1.12491570972683	1.50121389836348	0.662641463550945
10.1368302872873	1.13108585054716	1.50738612029711	0.671049157890025
10.1630575325325	1.13849291584391	1.51127583135504	0.674278538155692
10.1892847777778	1.14719642359101	1.51858856857981	0.684570555385363
10.215512023023	1.15416577617804	1.52944869820153	0.697855800762847
10.2417392682683	1.15968808164157	1.53630650833335	0.70041899174384
10.2679665135135	1.16612622718517	1.5414874190121	0.71341608138529
10.2941937587588	1.1733011480162	1.55257368741114	0.718132022581837
10.320421004004	1.17705337342313	1.54710179585282	0.722602628507659
10.3466482492493	1.17960668945524	1.54126006402359	0.728644355374627
10.3728754944945	1.18272699499109	1.54634124292303	0.732631499088682
10.3991027397397	1.18597386288755	1.5382668055011	0.729965691060616
10.425329984985	1.18617001771906	1.53929196584412	0.747872114279642
10.4515572302302	1.18608505317108	1.52539617900352	0.759788534651768
10.4777844754755	1.18650905936104	1.52668353907305	0.766063880861542
10.5040117207207	1.18672576638319	1.51698446439135	0.791187400819039
10.530238965966	1.18468720089814	1.50653981202377	0.793849105227406
10.5564662112112	1.18295309155249	1.49836902738757	0.80266425519792
10.5826934564565	1.18180816496318	1.48414833722268	0.808323639993227
10.6089207017017	1.17990157215576	1.47411572653865	0.811122352230213
10.6351479469469	1.17608441253449	1.45449228608683	0.820789169078103
10.6613751921922	1.17327653485309	1.44500443061308	0.828047487447297
10.6876024374374	1.17156431799956	1.44025005682261	0.833473952270659
10.7138296826827	1.1677209829289	1.42666759258818	0.837009137334364
10.7400569279279	1.16171421992737	1.41676344094355	0.835542573669078
10.7662841731732	1.15698241609236	1.41169357009032	0.833225884184297
10.7925114184184	1.15341671551003	1.40125570735042	0.829428314647646
10.8187386636637	1.14666348097497	1.39447404015698	0.836189697578362
10.8449659089089	1.13918312282088	1.39720868855285	0.837110870062815
10.8711931541542	1.13343436287116	1.39231016994788	0.841496000201464
10.8974203993994	1.12941720112567	1.3902294468177	0.841759369968918
10.9236476446446	1.12713163758453	1.3798755642265	0.834614986770643
10.9498748898899	1.12657767224768	1.37336652421267	0.831184942811945
10.9761021351351	1.12775530511514	1.37664584100001	0.82600067031431
11.0023293803804	1.1291788737837	1.38664402682593	0.808379288777787
11.0285566256256	1.12530008955725	1.38820940952084	0.804449608989157
11.0547838708709	1.12290256414839	1.39001612706971	0.798720334402466
11.0810111161161	1.12300681993759	1.40344555682529	0.782897733014581
11.1072383613614	1.12288182772056	1.41092666677611	0.766235982675208
11.1334656066066	1.11858286137368	1.40428506278891	0.750434259445408
11.1596928518519	1.11702276344905	1.41394015466315	0.72890678212299
11.1859200970971	1.11855550157428	1.43991992268644	0.721010311925048
11.2121473423423	1.11846149167841	1.44583548275564	0.721950499110831
11.2383745875876	1.11553697630868	1.44626503510892	0.706952576014884
11.2646018328328	1.1162775386101	1.46332749848732	0.699941926534581
11.2908290780781	1.1206501240934	1.49164791437313	0.69318846326182
11.3170563233233	1.12254791202559	1.50991015244851	0.68935922390616
11.3432835685686	1.12448494217549	1.51523636534391	0.69214967989937
11.3695108138138	1.13067664942859	1.5331179987953	0.700502645682117
11.3957380590591	1.14050197401093	1.55498691334914	0.697687671526248
11.4219653043043	1.14485306236877	1.5553183179908	0.714365207271243
11.4481925495495	1.15052197292893	1.56167385787094	0.710624756711824
11.4744197947948	1.16097620082242	1.57701088156454	0.705091052436683
11.50064704004	1.17450329066712	1.60822342979553	0.711700589886101
11.5268742852853	1.18203934581197	1.61171062708244	0.715140679808275
11.5531015305305	1.19270911460047	1.61485234674378	0.728712146690749
11.5793287757758	1.2084425296126	1.62562551319529	0.74027738210081
11.605556021021	1.22632309001786	1.65489629563966	0.755252948845075
11.6317832662663	1.23999150919051	1.65974714769706	0.764317283212041
11.6580105115115	1.25802828463568	1.67824448983697	0.78457466813257
11.6842377567568	1.28112165929674	1.70564716518342	0.808569628485074
11.710465002002	1.30471042607913	1.73496560276348	0.841880880940067
11.7366922472472	1.32551062128286	1.74840502723689	0.85705148329509
11.7629194924925	1.35090425107879	1.7805076332728	0.893515248460084
11.7891467377377	1.38099568406918	1.80826883251817	0.93402963036558
11.815373982983	1.40841979597241	1.83170543906049	0.956408149156301
11.8416012282282	1.43404532816734	1.85123400707137	1.00573992492394
11.8678284734735	1.4638549251973	1.86870989376081	1.05238671693384
11.8940557187187	1.4975824185053	1.89141495122489	1.08989187934185
11.920282963964	1.52879655470712	1.91662409282683	1.1262967401149
11.9465102092092	1.5609283290073	1.93514979528306	1.16555999149552
11.9727374544545	1.5967661540525	1.95872881844548	1.21773897802911
11.9989646996997	1.63546541495677	1.99005823955062	1.25423722136205
12.0251919449449	1.67052646221761	2.01801208302289	1.29677609063667
12.0514191901902	1.70692453883891	2.04155104901674	1.35107224014117
12.0776464354354	1.74620180596034	2.07440823931009	1.392627704448
12.1038736806807	1.78692931344475	2.10730197752685	1.44824877966972
12.1301009259259	1.82449803812952	2.1374344905306	1.48785904232271
12.1563281711712	1.86357061139913	2.17533428540094	1.52287887300477
12.1825554164164	1.9047160875754	2.21524172622996	1.58010793556636
12.2087826616617	1.94610206719819	2.25282035040377	1.62777906885867
12.2350099069069	1.98519722270551	2.28545991767251	1.66947599516691
12.2612371521522	2.02526007449644	2.32595988118899	1.71759848924311
12.2874643973974	2.06640402032403	2.35964415308208	1.76662411328661
12.3136916426426	2.10742975559964	2.39653410171807	1.80741928700633
12.3399188878879	2.14762092259325	2.4320733137973	1.86083999033562
12.3661461331331	2.18792548080475	2.46940289789254	1.90489596961723
12.3923733783784	2.22834702852444	2.50648469251689	1.94843845097606
12.4186006236236	2.2688297541608	2.55133803443364	1.98879262921534
12.4448278688689	2.30873622827892	2.59147755414535	2.03261978713042
12.4710551141141	2.3478888412154	2.63697539601104	2.07131786487094
12.4972823593594	2.38638296407539	2.68171202592711	2.10961883691524
12.5235096046046	2.42498757061152	2.7333442039484	2.14369719438316
12.5497368498499	2.46246619019307	2.7815225037859	2.17838680587709
12.5759640950951	2.49846072863782	2.82951744375493	2.20297461637401
12.6021913403403	2.53355784658623	2.87813097843808	2.24034150354458
12.6284185855856	2.56989584534895	2.92027194127385	2.28108000060059
12.6546458308308	2.60459471814885	2.95413825532971	2.31950455156644
12.6808730760761	2.63722448969218	2.98596032347477	2.35334103615887
12.7071003213213	2.66943901931479	3.02373962829582	2.38650298100695
12.7333275665666	2.70365868157951	3.06174369875208	2.41401142815335
12.7595548118118	2.73558705499365	3.09526584145706	2.43131662421087
12.7857820570571	2.76499685864488	3.15082198914711	2.45737712090503
12.8120093023023	2.79525595181653	3.17799615704127	2.48603981033061
12.8382365475475	2.82719343884097	3.21528896476691	2.51517279641124
12.8644637927928	2.85601501611091	3.25465453100091	2.53996511659074
12.890691038038	2.88174501621179	3.29293854806108	2.5593708082313
12.9169182832833	2.90964343056508	3.32672551639659	2.58543742826668
12.9431455285285	2.93768800610887	3.35938333250406	2.61337403599227
12.9693727737738	2.96221114660431	3.40377557353827	2.6428151059779
12.995600019019	2.98370985905771	3.42967897890154	2.6575557677232
13.0218272642643	3.00977268797168	3.47161159256464	2.68081080620501
13.0480545095095	3.03493047710172	3.50579655518079	2.70374283760391
13.0742817547548	3.05627708468721	3.51550792082969	2.72362930166504
13.100509	3.0752364907678	3.54546880521145	2.73753959550508
13.1267362452452	3.09957392851634	3.58973852531669	2.77412936371222
13.1529634904905	3.12162232866394	3.64142276983604	2.79834962292506
13.1791907357357	3.13971176521863	3.64999023159683	2.81710368584244
13.205417980981	3.1565526478688	3.68765297772445	2.82624156953562
13.2316452262262	3.17815377999227	3.68636262262145	2.85411624182901
13.2578724714715	3.19634780647686	3.68978755524394	2.87379702296306
13.2840997167167	3.21046155613925	3.6959882798202	2.8845734642648
13.310326961962	3.22487688652726	3.71207688409348	2.89636293805659
13.3365542072072	3.24269873443551	3.69204453893227	2.92019440528068
13.3627814524525	3.25657467694424	3.7017356082466	2.9390899064372
13.3890086976977	3.26638843689879	3.70221293637962	2.94882481003333
13.4152359429429	3.27820271420482	3.70482019581274	2.96003052479796
13.4414631881882	3.29135625882005	3.70216148422996	2.97831220335472
13.4676904334334	3.30080592678543	3.6985135777798	2.99131574404701
13.4939176786787	3.30681834571649	3.69918640912394	3.00169406198052
13.5201449239239	3.31609106415673	3.6982091907139	3.01946967760163
13.5463721691692	3.32502894107428	3.69868065966121	3.03256583413426
13.5725994144144	3.3306582350988	3.69371791516459	3.04319573373177
13.5988266596597	3.33367866209031	3.69202618529771	3.04596121140232
13.6250539049049	3.33950734515019	3.69225022177872	3.06380948722245
13.6512811501502	3.34374344601672	3.68313558438205	3.07213840382079
13.6775083953954	3.34503363441576	3.67398691364799	3.07658045089628
13.7037356406406	3.34495875680402	3.65147588400636	3.07677650474399
13.7299628858859	3.34867659684917	3.64945575421273	3.09096440421295
13.7561901311311	3.35086565922912	3.65147310593286	3.09628255963779
13.7824173763764	3.35086402611827	3.64748662658686	3.1008635774645
13.8086446216216	3.35101796268914	3.64928524668817	3.08068118816253
13.8348718668669	3.35424552857345	3.65347450112095	3.09094081535151
13.8610991121121	3.35594984776042	3.65082290394287	3.07863180483024
13.8873263573574	3.35597040069671	3.64741984986719	3.06776529344409
13.9135536026026	3.35709301450311	3.65538060535513	3.0661914655198
13.9397808478478	3.35964208653617	3.65532386138804	3.06411963511825
13.9660080930931	3.36061900623743	3.66540909066608	3.03886958038749
13.9922353383383	3.36007979480616	3.66403915602946	3.02059675841081
14.0184625835836	3.36087199670386	3.66681964929141	3.00813020545404
14.0446898288288	3.36241135219034	3.67548063404566	2.99805441868908
14.0709170740741	3.36334208022251	3.67186061199214	2.98832719445257
14.0971443193193	3.3638197896876	3.67991129982655	2.9855522928659
14.1233715645646	3.36551104302096	3.68374772422175	2.96542497094592
14.1495988098098	3.36710828728118	3.69123645039792	2.95032623106736
14.1758260550551	3.36808472018211	3.69205574223711	2.94998063076367
14.2020533003003	3.36883327862761	3.69641576801572	2.96003814188609
14.2282805455455	3.37114308308953	3.70497894657464	2.94602425944358
14.2545077907908	3.37351171635751	3.7210158494539	2.94525602494149
14.280735036036	3.37566724498445	3.73666775509679	2.94617635469411
14.3069622812813	3.37838088003366	3.72897231101642	2.97491217110153
14.3331895265265	3.38293555122396	3.72831094283877	2.97977965761663
14.3594167717718	3.38741271271203	3.73854352754344	2.98413683685204
14.385644017017	3.3917035587402	3.73155878058402	2.99320124587774
14.4118712622623	3.3969344266716	3.74085698907699	3.00418627027582
14.4380985075075	3.40347948588556	3.75046522109906	3.00911889406765
14.4643257527528	3.40974884330568	3.74687851177541	3.02337544038724
14.490552997998	3.41574784160542	3.74847470792585	3.03953645519567
14.5167802432432	3.42321543862458	3.75030046447001	3.06028746266734
14.5430074884885	3.43145492264153	3.76286273467418	3.07034618160897
14.5692347337337	3.43921279439969	3.7628874019769	3.08947636181492
14.595461978979	3.44666722461029	3.77395000914477	3.10853470471971
14.6216892242242	3.45655385455744	3.78556861704389	3.12679834860367
14.6479164694695	3.46667475796333	3.79938648757775	3.14799692226467
14.6741437147147	3.47590839897576	3.81692697634365	3.16210187072631
14.70037095996	3.48484111123935	3.81464331440462	3.18063529297228
14.7265982052052	3.49663520723668	3.82367039002281	3.19860310630507
14.7528254504505	3.50788595103797	3.83460728653529	3.21007583130332
14.7790526956957	3.5178611492714	3.84302240619107	3.2369851888595
14.8052799409409	3.52799317863973	3.85732233639579	3.26107600780657
14.8315071861862	3.54112423288363	3.8690549009443	3.27660602330683
14.8577344314314	3.55239668208126	3.87207160357674	3.28368490930167
14.8839616766767	3.5614203164593	3.89529545829378	3.2904026269262
14.9101889219219	3.57109538799644	3.9036669446595	3.29750178910526
14.9364161671672	3.58332652162278	3.9122086673309	3.30505576459936
14.9626434124124	3.59298263544382	3.93138890083286	3.30986334112467
14.9888706576577	3.59997751453902	3.94639961328304	3.3114459217349
15.0150979029029	3.60903853644475	3.95743506229516	3.32091403086289
15.0413251481482	3.61908391505062	3.96620907414045	3.33317373669541
15.0675523933934	3.62581219110045	3.98658994427619	3.33382792779805
15.0937796386386	3.62950935751156	4.00347694902435	3.31420503722281
15.1200068838839	3.63743093333692	4.02283545952108	3.32538212932455
15.1462341291291	3.64496651274757	4.0393045526489	3.31726867907394
15.1724613743744	3.64862850736581	4.04907296552294	3.29957085645446
15.1986886196196	3.64945771356305	4.06447164104881	3.28946801691296
15.2249158648649	3.65538974919598	4.07495610236588	3.29934062608322
15.2511431101101	3.65912734440847	4.09420629551289	3.28667910913102
15.2773703553554	3.65850831401056	4.11745334860762	3.26592625571958
15.3035976006006	3.65579826635216	4.13118950085179	3.25709937896612
15.3298248458458	3.65791699945849	4.13293577730588	3.25043965907861
15.3560520910911	3.65627906750625	4.14858372374985	3.23983270985923
15.3822793363363	3.64985202295581	4.15126102932354	3.21941853219824
15.4085065815816	3.64257050647952	4.1591928866612	3.20963730508877
15.4347338268268	3.63884802529567	4.16049566216856	3.20514984607051
15.4609610720721	3.63029933257164	4.15757081127894	3.19731356130775
15.4871883173173	3.61662856415821	4.15503821749349	3.17000559363795
15.5134155625626	3.60469868966444	4.14201589007652	3.16361174674269
15.5396428078078	3.5951800002667	4.13967099912286	3.15485779056843
15.5658700530531	3.58038177331746	4.13459517586318	3.12373516863401
15.5920972982983	3.56047678571552	4.11901346443048	3.09714260499421
15.6183245435435	3.54409967707671	4.09332951549588	3.07028279746362
15.6445517887888	3.52723048814781	4.05993532081346	3.04955910769303
15.670779034034	3.50493074889084	4.04786761700444	3.01039163450667
15.6970062792793	3.4779696192645	4.04846367187878	2.98733279777196
15.7232335245245	3.45505447277459	4.03034325697238	2.96191854526989
15.7494607697698	3.43003292966252	3.99657895619561	2.94436133549288
15.775688015015	3.40022808800459	3.97010123413683	2.91839674878757
15.8019152602603	3.3674254554722	3.93212835457828	2.89273241029489
15.8281425055055	3.33942213752421	3.89430488657389	2.86251113540002
15.8543697507508	3.3085148068025	3.86564357445181	2.83765765636473
15.880596995996	3.27336562095975	3.81829250948191	2.80461458539621
15.9068242412412	3.23649609346854	3.75822364077965	2.77257699932856
15.9330514864865	3.20257445223475	3.72521060651917	2.73130759955171
15.9592787317317	3.16557971189068	3.66518205853546	2.69734673104908
15.985505976977	3.12514612232197	3.62660226490428	2.65775640165852
16.0117332222222	3.08485244592511	3.59213956180348	2.62800174841748
16.0379604674675	3.04691994337364	3.54632523712326	2.60208205105248
16.0641877127127	3.00680894056567	3.48835175400667	2.56735823665705
16.090414957958	2.96450626384692	3.43642218387981	2.53445463486987
16.1166422032032	2.92295429711049	3.38792106017535	2.49517151494478
16.1428694484485	2.88207830760672	3.3332827459453	2.45688760622658
16.1690966936937	2.8401258671413	3.26330388121837	2.41203422541952
16.1953239389389	2.79709282764929	3.20812737107001	2.36756535927119
16.2215511841842	2.75319028757712	3.15761551682912	2.33552171569838
16.2477784294294	2.70911729609887	3.10906711392076	2.2900103158082
16.2740056746747	2.66498793467418	3.06129536599484	2.24257717206266
16.3002329199199	2.62049850771427	3.01270353639064	2.20404232031984
16.3264601651652	2.57439989221466	2.96135741085792	2.16757947357784
16.3526874104104	2.5291989509355	2.92218413684587	2.11767828644727
16.3789146556557	2.48534746222739	2.87756219395181	2.05950898455777
16.4051419009009	2.44145109788236	2.83112875974301	2.01709069175675
16.4313691461461	2.39490907299853	2.79062030911693	1.96512997042512
16.4575963913914	2.3508090161665	2.7634685217918	1.90426327252016
16.4838236366366	2.30955955579015	2.72138125174784	1.84504321586258
16.5100508818819	2.26741593903055	2.67882206352125	1.79082172795303
16.5362781271271	2.22228412805236	2.65029172700319	1.71441002697066
16.5625053723724	2.18126905359518	2.62930359099098	1.65812519091036
16.5887326176176	2.14449642253173	2.62126657014646	1.60019689056783
16.6149598628629	2.10465878130312	2.58848040937108	1.54627299710517
16.6411871081081	2.06345518673262	2.56439179162474	1.48451056089325
16.6674143533534	2.02773699155666	2.54974191375302	1.445117356862
16.6936415985986	1.99714118349607	2.53652010057783	1.41152873181397
16.7198688438438	1.96207751837122	2.50321258260623	1.36233578277874
16.7460960890891	1.92868858544081	2.48588620705682	1.32291220055381
16.7723233343343	1.9016974319675	2.49174262377662	1.27646800316598
16.7985505795796	1.8796550000151	2.50008987412803	1.22833169968928
16.8247778248248	1.85122225636006	2.45355225193127	1.1801964169529
16.8510050700701	1.82679118273919	2.42774361998839	1.15915241961599
16.8772323153153	1.80950977523567	2.43139930527152	1.13245558014249
16.9034595605606	1.79567356743246	2.43544009493536	1.12088100620611
16.9296868058058	1.77353250468808	2.3964327515637	1.10192109214648
16.9559140510511	1.75716488654118	2.37581590807086	1.09004019964551
16.9821412962963	1.74832484288675	2.40094590010477	1.06077600946555
17.0083685415415	1.7400382988963	2.39748405005047	1.04576915763666
17.0345957867868	1.7240426277808	2.35426133503771	1.05044844838915
17.060823032032	1.7152966971256	2.34450255386057	1.04610018865222
17.0870502772773	1.71435584568865	2.3624581389759	1.05397673857974
17.1132775225225	1.71205847189839	2.35711529234289	1.04567618277081
17.1395047677678	1.70722670139352	2.32598659604531	1.04822312424663
17.165732013013	1.71029204335127	2.30844335306852	1.05516494605835
17.1919592582583	1.7209777411774	2.32455866100209	1.04029183250695
17.2181865035035	1.7243943866714	2.32302838278551	1.04778839889259
17.2444137487488	1.72704237734382	2.33139880134066	1.0810965265161
17.270640993994	1.73749539522443	2.35558442273335	1.08707558783751
17.2968682392392	1.75449662802243	2.37181246832449	1.1117598270297
17.3230954844845	1.76362786374106	2.37301053263073	1.13724844320442
17.3493227297297	1.77567148759229	2.37631400271651	1.16176473510959
17.375549974975	1.79527108240892	2.38459113558261	1.18124309067312
17.4017772202202	1.81939738439309	2.40050793812157	1.21192995627363
17.4280044654655	1.83453066534752	2.3953222305059	1.25142102328917
17.4542317107107	1.85401044671889	2.39725681378722	1.2799848040523
17.480458955956	1.88020816035457	2.399534307587	1.31984154067838
17.5066862012012	1.90824656311708	2.41652571889659	1.35840868893254
17.5329134464464	1.92914592597574	2.40387077268051	1.40831749208433
17.5591406916917	1.95503278286604	2.41624991287883	1.45655007295601
17.5853679369369	1.98666044837245	2.45201177600885	1.48990043784794
17.6115951821822	2.01711087138785	2.48088603614721	1.5438837404234
17.6378224274274	2.04274964402385	2.48367134522318	1.59808171357105
17.6640496726727	2.07307025480977	2.49591471582508	1.63740522846087
17.6902769179179	2.10809241877411	2.50395245381072	1.6760879358787
17.7165041631632	2.13943959803982	2.52887011446721	1.70900719401983
17.7427314084084	2.16892630019958	2.54193964411228	1.75097772001715
17.7689586536537	2.20230140975365	2.55665960675833	1.78413882471657
17.7951858988989	2.23914252163366	2.57905739610118	1.82784424436554
17.8214131441441	2.27182269522342	2.60490517304914	1.871373883336
17.8476403893894	2.30428617446588	2.64164594620347	1.90912713833047
17.8738676346346	2.33927393522214	2.67194917290893	1.95247206683558
17.9000948798799	2.37621727148803	2.70038732294263	1.98763377590424
17.9263221251251	2.4114484631072	2.73904288481809	2.03084806418426
17.9525493703704	2.44766607026718	2.77916824637887	2.06774417007956
17.9787766156156	2.48558480654614	2.82002096119928	2.0997629323587
18.0050038608609	2.52423906061351	2.86288354095659	2.14363964463424
18.0312311061061	2.5607909297806	2.90518976894693	2.18274265896444
18.0574583513514	2.5976895880227	2.94360798547863	2.22434039546021
18.0836855965966	2.63518794792709	2.99338565758566	2.25437554585393
18.1099128418418	2.67275851829032	3.03561815471129	2.29090678980136
18.1361400870871	2.70949981323732	3.09000126652797	2.33491276698897
18.1623673323323	2.74597780360723	3.12606732468142	2.3684187030705
18.1885945775776	2.78220877265563	3.18293000040978	2.39259351963974
18.2148218228228	2.81886024952077	3.23252297493772	2.42119312601584
18.2410490680681	2.8551902261766	3.27842438015124	2.45487723776396
18.2672763133133	2.89028321182392	3.31703120893006	2.4844049773671
18.2935035585586	2.92423751434613	3.35213308308652	2.52529768824825
18.3197308038038	2.95964059330282	3.4013121958293	2.54869048035341
18.3459580490491	2.9944263149432	3.43474302892162	2.59077337990832
18.3721852942943	3.02717821749374	3.47657496472942	2.62372169179762
18.3984125395395	3.05831300845374	3.51760453076474	2.64041191049947
18.4246397847848	3.09104314062654	3.54430971687622	2.67231917340926
18.45086703003	3.12205831014142	3.57785379005845	2.70810193498187
18.4770942752753	3.15038697762311	3.60340706965508	2.74020859963896
18.5033215205205	3.17724724914431	3.63059480498973	2.77253640796911
18.5295487657658	3.20643518714025	3.64433651980386	2.80221815367202
18.555776011011	3.23302854059783	3.66607289997204	2.83866758449875
18.5820032562563	3.25641366119571	3.69057863319708	2.85944584193965
18.6082305015015	3.27921116433299	3.72943208066756	2.8843135651383
18.6344577467467	3.30455856772374	3.75320812985059	2.9123788437268
18.660684991992	3.32667945712439	3.77843949581569	2.94136144087984
18.6869122372372	3.34535091395716	3.79035341356249	2.97238840140978
18.7131394824825	3.36429023663369	3.80322888119895	3.00035357403567
18.7393667277277	3.38420102479161	3.81729326698819	3.01777836355171
18.765593972973	3.40084458545773	3.82578861902243	3.03744615121261
18.7918212182182	3.41431525630624	3.84449792901747	3.05937014120486
18.8180484634635	3.43018364002259	3.84797735620909	3.09200830167141
18.8442757087087	3.44620638639867	3.85686758648224	3.11067897119738
18.870502953954	3.45916257178545	3.85861498703257	3.1272829308383
18.8967301991992	3.46947920016712	3.85372531107715	3.15156492523509
18.9229574444444	3.48222533113604	3.83692003453966	3.175386875601
18.9491846896897	3.49369405630353	3.83532695469284	3.1916897893975
18.9754119349349	3.50223567175969	3.84365015477873	3.20981588187438
19.0016391801802	3.50880686382718	3.83561582875691	3.23163857535597
19.0278664254254	3.51781988857092	3.8287879361587	3.25174643423879
19.0540936706707	3.52504590553243	3.82821403127793	3.26925011313824
19.0803209159159	3.52970717398116	3.82012186445226	3.27804586499521
19.1065481611612	3.5337907889575	3.81736747095193	3.27787185213421
19.1327754064064	3.54112201661666	3.81482166418092	3.28805834596166
19.1590026516517	3.54674977977996	3.82165680559697	3.29736852065241
19.1852298968969	3.55035283853001	3.82387064531428	3.30694505486261
19.2114571421421	3.55415619005224	3.82243669039712	3.31069690817456
19.2376843873874	3.55948428346325	3.82373210847118	3.3145668598132
19.2639116326326	3.56329044452696	3.83251183324231	3.31177529671543
19.2901388778779	3.56556278668272	3.83866092472467	3.30777570583329
19.3163661231231	3.56893038852203	3.84920861208984	3.30545835943543
19.3425933683684	3.57303064828328	3.85053365476248	3.30556817944888
19.3688206136136	3.57609253447289	3.85905839728386	3.30278651910472
19.3950478588589	3.5782433948768	3.86463244002122	3.30497628139104
19.4212751041041	3.58188750960823	3.87298347046213	3.29784782561307
19.4475023493493	3.58585687834255	3.87999134840823	3.27968130562498
19.4737295945946	3.58928664805507	3.88237985623563	3.26646207979608
19.4999568398398	3.592478562424	3.88332412364779	3.27377519720551
19.5261840850851	3.5973596289642	3.89146204836142	3.27307427162081
19.5524113303303	3.60235995804393	3.89838462106106	3.27744164693228
19.5786385755756	3.6070745396138	3.9051339584055	3.28227890319663
19.6048658208208	3.61187296326306	3.91521275747242	3.29935561973681
19.6310930660661	3.61769630221154	3.92254163324848	3.29828775315986
19.6573203113113	3.62339439172725	3.92668116294009	3.31348133852274
19.6835475565566	3.62885800221561	3.92926640519126	3.30827633841434
19.7097748018018	3.63476061567177	3.93289376198746	3.30756962684029
19.736002047047	3.64167408630327	3.93779570861575	3.33468082446221
19.7622292922923	3.64839484303151	3.94707656435603	3.34009378651468
19.7884565375375	3.6548966606885	3.95085130915367	3.3632065526864
19.8146837827828	3.66215914768959	3.9519532310265	3.37329337542536
19.840911028028	3.66996436436386	3.9471568181528	3.37915826895824
19.8671382732733	3.67734453972405	3.95351947094775	3.39038116408566
19.8933655185185	3.68435565898538	3.9592561453316	3.41893731637724
19.9195927637638	3.69260296224399	3.95555482541827	3.44394123095024
19.945820009009	3.70102934387009	3.95759877680117	3.45630868474847
19.9720472542543	3.70880134148294	3.95179795081707	3.4667782752393
19.9982744994995	3.71611465885971	3.95576938931314	3.48195465451489
20.0245017447447	3.72455615915445	3.95986886820128	3.49921116871623
20.05072898999	3.7326048305661	3.96275249379842	3.51516825081832
20.0769562352352	3.73979036071923	3.97320869721637	3.5259840155039
20.1031834804805	3.74659063191835	3.97905136194816	3.53883242550396
20.1294107257257	3.75452263708784	3.99907978911624	3.54566381852862
20.155637970971	3.76160875990384	4.00005333397624	3.56384634228223
20.1818652162162	3.76759681639894	4.00496601919676	3.57095018786729
20.2080924614615	3.77343754407529	4.02012839604312	3.5755147745924
20.2343197067067	3.78027741814334	4.03029006942483	3.58514151015214
20.260546951952	3.78595954661281	4.04045954099468	3.59938350798443
20.2867741971972	3.7903975596217	4.04524314712838	3.60677778125098
20.3130014424424	3.79509467125949	4.0528159225016	3.61008626499053
20.3392286876877	3.80012447607029	4.06309273719579	3.61277475076909
20.3654559329329	3.80359959757399	4.07778259584738	3.6224215670106
20.3916831781782	3.80555961241309	4.07803721826542	3.62302181184654
20.4179104234234	3.80854944242556	4.0843067885976	3.62651098210724
20.4441376686687	3.81157780165637	4.09246730268682	3.62970488348893
20.4703649139139	3.81314931144773	4.10243384163235	3.62924552441598
20.4965921591592	3.81350586167194	4.09996612019887	3.62769088738807
20.5228194044044	3.8156059516376	4.09385964490193	3.62806621769933
20.5490466496497	3.81729533567216	4.10347476307968	3.62687199817153
20.5752738948949	3.81759296678433	4.1009209670638	3.62586870601487
20.6015011401401	3.8170368606952	4.09004989012608	3.62852794140194
20.6277283853854	3.81811267768913	4.08249651691913	3.6287354097915
20.6539556306306	3.81831673183963	4.07811359690758	3.62901388164933
20.6801828758759	3.8171870010682	4.0752295872329	3.62994441221408
20.7064101211211	3.81575501468062	4.08019099757361	3.62994173269569
20.7326373663664	3.81597603417099	4.08811200487567	3.63070361869994
20.7588646116116	3.8151527397463	4.09070643651772	3.63043377622234
20.7850918568569	3.81310715626915	4.0747061358654	3.62811294093494
20.8113191021021	3.81143873213976	4.08002879502578	3.62658365882073
20.8375463473473	3.81094881321729	4.08148772359184	3.61967080725366
20.8637735925926	3.80927603217213	4.08181774160772	3.62041062813791
20.8900008378378	3.80640782709244	4.07205642625778	3.62186032729047
20.9162280830831	3.80428313078443	4.07618620132581	3.62280963306464
20.9424553283283	3.80263876209284	4.07464699078084	3.61870829327948
20.9686825735736	3.800134580082	4.08312246792204	3.6174716509497
20.9949098188188	3.79685099188193	4.08629119488963	3.61715217418623
21.0211370640641	3.79434330129401	4.07675451127527	3.61271850554138
21.0473643093093	3.79181065015357	4.0669986620744	3.60939389020587
21.0735915545546	3.7886702461551	4.06139544553776	3.59971261056858
21.0998187997998	3.78505807519562	4.060727677086	3.59599495151848
21.126046045045	3.78194432157771	4.04376800817013	3.58749426749503
21.1522732902903	3.77874394506325	4.0322333904438	3.57252106388915
21.1785005355355	3.77527766882264	4.00199188702067	3.55647563767039
21.2047277807808	3.77184062652163	3.99318388101852	3.5498738099296
21.230955026026	3.76929174186961	3.98744187647478	3.54996932953768
21.2571822712713	3.76680195277697	3.9838886705713	3.54646794120859
21.2834095165165	3.7642841411312	3.97329100773731	3.53657287659437
21.3096367617618	3.7618907642589	3.96364210046758	3.53189417082204
21.335864007007	3.75991047869145	3.96090651293024	3.52178415442024
21.3620912522523	3.75818724839081	3.95738907762749	3.51723057783634
21.3883184974975	3.75671587720757	3.9502188922239	3.50764866246286
21.4145457427427	3.75534817734995	3.95420075392262	3.50434929642634
21.440772987988	3.75423705900868	3.95758142651013	3.4934373331521
21.4670002332332	3.75359045784703	3.96492435260872	3.48352171981805
21.4932274784785	3.75337474306641	3.96970130515479	3.47458536339861
21.5194547237237	3.75258491144871	3.9682678028966	3.46657219342389
21.545681968969	3.75189637463021	3.97094759845643	3.45964484533713
21.5719092142142	3.75184618531234	3.96955881291341	3.45380331913881
21.5981364594595	3.75228095982619	3.96795658671026	3.44435489810802
21.6243637047047	3.75191744696146	3.97558031376261	3.4310360093536
21.65059094995	3.75196503657112	3.98056204232906	3.42260441542806
21.6768181951952	3.75280830660847	3.98691847483112	3.42103768486088
21.7030454404404	3.75396794273132	3.99406277840194	3.40976561710218
21.7292726856857	3.75380979661817	4.0017066185934	3.39887569022817
21.7554999309309	3.75425264992546	4.00736232264003	3.39865491196668
21.7817271761762	3.75555537794339	4.01286933831752	3.38098094241055
21.8079544214214	3.75711454030467	4.01777396965411	3.38280858144483
21.8341816666667	3.75812974671371	4.02038365270219	3.37035426530863
21.8604089119119	3.75994858356567	4.02559467783816	3.3596419304298
21.8866361571572	3.76262833842011	4.02397614459521	3.36329870995119
21.9128634024024	3.76538559644575	4.0309809051706	3.37543153488873
21.9390906476476	3.76799548224878	4.03351576021642	3.3785591170897
21.9653178928929	3.77136407721656	4.03686084796188	3.38781914898695
21.9915451381381	3.7754690422105	4.03557691065713	3.38916725673318
22.0177723833834	3.77874568882967	4.03668953451536	3.39206828091068
22.0439996286286	3.7817455218479	4.03904433700622	3.40770086436004
22.0702268738739	3.78539034757021	4.04481893159552	3.39925166387753
22.0964541191191	3.78963557511036	4.05537153957946	3.40427375214061
22.1226813643644	3.79386092208691	4.04720754725264	3.40848618010764
22.1489086096096	3.79834864201176	4.03774620155867	3.42936110354556
22.1751358548549	3.80327363305341	4.04789786835709	3.45963359834981
22.2013631001001	3.80855533061296	4.05472092782323	3.47631342064394
22.2275903453453	3.81374682036485	4.05661636063858	3.49090777374091
22.2538175905906	3.81913023002031	4.07057348638449	3.51392068144583
22.2800448358358	3.82477096458268	4.07710440772985	3.53008668872645
22.3062720810811	3.83083311443263	4.07566671421131	3.55036308120619
22.3324993263263	3.83735501302032	4.07524283411643	3.56544314375988
22.3587265715716	3.84360708074236	4.08185721621001	3.58078867431541
22.3849538168168	3.84955080650668	4.09393054248341	3.5863374473282
22.4111810620621	3.85590260382473	4.09786857196179	3.60249009200129
22.4374083073073	3.86277917828965	4.10377232278758	3.6210281706548
22.4636355525526	3.86892523554887	4.12035347651	3.63154731242815
22.4898627977978	3.87433822650069	4.13282392348792	3.64151987705222
22.516090043043	3.88093937125889	4.14756923864611	3.65059573356933
22.5423172882883	3.88793369896137	4.16361155103806	3.65477501937029
22.5685445335335	3.89374073819917	4.17887704077052	3.66402376881291
22.5947717787788	3.89855494652898	4.19702244600435	3.66781048292779
22.620999024024	3.90598850383596	4.2247403944261	3.68065181860761
22.6472262692693	3.91334847985869	4.24332064631915	3.68611022806803
22.6734535145145	3.91904634483837	4.25015819671004	3.69390674569438
22.6996807597598	3.92367190767514	4.27515901856358	3.69972917284051
22.725908005005	3.93087494996421	4.28967200525452	3.70364152361419
22.7521352502503	3.93694215262741	4.30118644812154	3.70827757708723
22.7783624954955	3.94096610380674	4.31256811252518	3.71301649884691
22.8045897407407	3.94428256761196	4.33177126832551	3.71338502723032
22.830816985986	3.95028414490261	4.34997146996633	3.72644458881504
22.8570442312312	3.95446060851323	4.33546114858286	3.72494909321165
22.8832714764765	3.95637018074964	4.33693657220305	3.72221675759949
22.9094987217217	3.95875725836199	4.32635321377104	3.72548800246041
22.935725966967	3.96391506278436	4.31974117265632	3.72722820378677
22.9619532122122	3.96659431479743	4.30971154412082	3.7253651576844
22.9881804574575	3.96666739151865	4.2992730217334	3.7230243715593
23.0144077027027	3.96837806581919	4.29828332520707	3.72936659190952
23.040634947948	3.9714241949034	4.29751994603145	3.73614332696118
23.0668621931932	3.97167296963466	4.29619727045652	3.72950382160912
23.0930894384384	3.96929394585349	4.29491017661674	3.72152958872422
23.1193166836837	3.96982812575807	4.29767432116997	3.72776471096363
23.1455439289289	3.97034305606922	4.27331131547265	3.72766816248967
23.1717711741742	3.96804455397688	4.26681829632554	3.72147884292642
23.1979984194194	3.96352074895825	4.25752875500682	3.71089574054271
23.2242256646647	3.96202369005311	4.2579494129388	3.7179806815305
23.2504529099099	3.95918525414675	4.23161928850107	3.71032306031723
23.2766801551552	3.9535010048169	4.2191711416063	3.6989982718577
23.3029074004004	3.94609112650495	4.21272790602014	3.68688690280074
23.3291346456456	3.94096416194179	4.20617924264616	3.69291113505372
23.3553618908909	3.93368754746189	4.19766483326702	3.68119611091863
23.3815891361361	3.92363649507056	4.19391704309497	3.67632078629488
23.4078163813814	3.91275911072336	4.17151163671119	3.66714553054652
23.4340436266266	3.90377440157213	4.15110059090706	3.66120319636228
23.4602708718719	3.89231032930745	4.13492395732116	3.65279122845076
23.4864981171171	3.8781719032826	4.12814217079231	3.62380639755054
23.5127253623624	3.86474662080585	4.12197957812465	3.60940073221222
23.5389526076076	3.85293594639926	4.11285211160731	3.59366767906709
23.5651798528529	3.83865634744325	4.10298791948523	3.58195884536031
23.5914070980981	3.8219634994185	4.0886190852429	3.55874373733519
23.6176343433433	3.80739727421293	4.07570912782035	3.54641252548609
23.6438615885886	3.79322271436904	4.06091809312454	3.53139855811455
23.6700888338338	3.77665331662052	4.04263409516898	3.51828884169836
23.6963160790791	3.75803529597716	4.02332751846571	3.49505330069056
23.7225433243243	3.74192855586363	4.0031386534932	3.48023190111197
23.7487705695696	3.72521440640362	3.99032645614825	3.46405021726699
23.7749978148148	3.70635935886007	3.97288343878135	3.44500156528852
23.8012250600601	3.68625814626277	3.95451189839739	3.41618056484082
23.8274523053053	3.6692236585065	3.93071394558185	3.40437932079796
23.8536795505506	3.65090154710279	3.91450056766683	3.39430313795118
23.8799067957958	3.63045240583129	3.89085266749617	3.37852548214996
23.906134041041	3.60964635932505	3.87434817535493	3.36289775036606
23.9323612862863	3.59204374491595	3.84864235103271	3.3533187849131
23.9585885315315	3.57288780708019	3.82913127010908	3.34135139774589
23.9848157767768	3.55184152023738	3.81246064318852	3.32620321480264
24.011043022022	3.5308942992237	3.78895793947356	3.30894776059698
24.0372702672673	3.5111389389475	3.76578256426855	3.29052161337305
24.0634975125125	3.48952046676482	3.74050810385656	3.27733780685834
24.0897247577578	3.46601769138766	3.72877196206244	3.25726344525967
24.115952003003	3.44400784660313	3.69333450642167	3.23941635578888
24.1421792482483	3.42287070645672	3.66796227483617	3.23215114772074
24.1684064934935	3.40007493292704	3.64414260846836	3.22109428380274
24.1946337387387	3.3757971732859	3.61959328445177	3.19017212534246
24.220860983984	3.35360362700194	3.59324083156596	3.17305174365901
24.2470882292292	3.33135836946123	3.56251078276116	3.15779747792853
24.2733154744745	3.30759099972417	3.52954457083277	3.13088909344276
24.2995427197197	3.28279433028718	3.49602760298416	3.11125057956672
24.325769964965	3.26026929096445	3.48193049213561	3.09234742100716
24.3519972102102	3.2371481958405	3.45792861479816	3.07744174489727
24.3782244554555	3.21266492968838	3.42406901685485	3.05655808270922
24.4044517007007	3.18765236610767	3.40768212359281	3.03189072256508
24.4306789459459	3.16441585028752	3.37978338467771	3.01185500306877
24.4569061911912	3.140259710223	3.35038355101982	2.9928713998836
24.4831334364364	3.11490259075458	3.32082890840139	2.96972779222141
24.5093606816817	3.09008559864289	3.29858555510644	2.94679813591482
24.5355879269269	3.06745983022908	3.26803674268846	2.92555710090178
24.5618151721722	3.04374882377121	3.24058860509421	2.90700155363541
24.5880424174174	3.01886671640868	3.2126062602806	2.8813511068209
24.6142696626627	2.99495926783543	3.18286357723154	2.85456023621524
24.6404969079079	2.97226016031202	3.16333703519878	2.83450432826501
24.6667241531532	2.94880504417813	3.14758287718065	2.8113605242273
24.6929513983984	2.92464087462927	3.12864462983006	2.78773239698308
24.7191786436436	2.90141093008593	3.10455434835386	2.76753808241446
24.7454058888889	2.87835772607032	3.08669182815281	2.74628194980944
24.7716331341341	2.85466722474144	3.06172233254817	2.72137183382325
24.7978603793794	2.83048838769564	3.03276613815473	2.69803181378416
24.8240876246246	2.80722984818872	3.01819373019317	2.6732429098169
24.8503148698699	2.78384091934676	2.99550029014473	2.64897056583588
24.8765421151151	2.75993120066256	2.97285441730118	2.62236979664731
24.9027693603604	2.73585411155122	2.95072638589254	2.59303707138774
24.9289966056056	2.71294364111128	2.92700078101266	2.56937412831259
24.9552238508509	2.6898300046326	2.90803023970395	2.54371344462298
24.9814510960961	2.66631030452805	2.8912771255247	2.51148779527713
25.0076783413413	2.64282506978084	2.8746031949589	2.4796685624935
25.0339055865866	2.62004482184168	2.85796532564085	2.45174580085869
25.0601328318318	2.59699912910201	2.84121525206118	2.42595845373483
25.0863600770771	2.57364202771938	2.82242189105422	2.39974893230177
25.1125873223223	2.55047583770318	2.80566393603457	2.37280270351226
25.1388145675676	2.52766010854705	2.78880008042695	2.34741554350913
25.1650418128128	2.50458565950984	2.77183032423417	2.3213183751663
25.1912690580581	2.48125694038772	2.75600275796384	2.29337017670566
25.2174963033033	2.45815271294025	2.73972268230704	2.26565586459048
25.2437235485486	2.43512507942506	2.72124509447965	2.23979831365414
25.2699507937938	2.41188530548736	2.70516897701181	2.21128015982279
25.296178039039	2.38845096841635	2.68954077956715	2.18236776193869
25.3224052842843	2.36507241562682	2.67407890027472	2.15304252956524
25.3486325295295	2.34161247450226	2.65877961985207	2.12346821020465
25.3748597747748	2.31799244280647	2.64283849342751	2.08927313540542
25.40108702002	2.29424306675505	2.6280554773508	2.05568182598741
25.4273142652653	2.27054143187274	2.61367344850265	2.02811167724541
25.4535415105105	2.2467742269788	2.59835386387717	1.99880720576865
25.4797687557558	2.22291411637481	2.58032206704921	1.96419886353911
25.505996001001	2.19897125080272	2.56520054048708	1.93001648937074
25.5322232462462	2.17499750442241	2.55018365130772	1.89769703929228
25.5584504914915	2.15099816282377	2.53525412684572	1.86603495421831
25.5846777367367	2.12697223691347	2.52042192723348	1.83277609142212
25.610904981982	2.10152764874848	2.5055294587103	1.79628631138866
25.6371322272272	2.07737680964776	2.49097749200703	1.76169572207172
25.6633594724725	2.05326623064741	2.47647849029008	1.72631331115074
25.6895867177177	2.02694585645883	2.4527462502614	1.69331616455088
25.715813962963	2.00277223066947	2.43734425362263	1.65908738833841
25.7420412082082	1.97860917754454	2.42198157403744	1.6249438898374
25.7682684534535	1.95454830012929	2.4066582115034	1.58758027760859
25.7944956986987	1.92624839407446	2.36583966592429	1.55386458139465
25.8207229439439	1.90214996781638	2.34984179081747	1.51752850920688
25.8469501891892	1.87813788193007	2.33399965135469	1.48372207162757
25.8731774344344	1.85428255737018	2.31831324753504	1.45141046143777
25.8994046796797	1.81960465538815	2.26987265599533	1.41682759615679
25.9256319249249	1.79575122020056	2.25488995228706	1.38404473287552
25.9518591701702	1.77206732107325	2.23999210767091	1.35180596537412
25.9780864154154	1.74857611328224	2.22517912214716	1.31788408204173
26.0043136606607	1.70261678738269	2.16573541401298	1.2674150655873
26.0305409059059	1.67904426617996	2.15221190203833	1.22936465037967
26.0567681511512	1.65567503947299	2.13892626609032	1.19538624349277
26.0829953963964	1.63251236466707	2.12587850617108	1.16358266665167
26.1092226416416	1.57178450907491	2.06949321485061	1.11839395780074
26.1354498868869	1.54831564378831	2.05276269656629	1.0854878703552
26.1616771321321	1.52505728680046	2.03613697118419	1.05301996788346
26.1879043773774	1.50200967445997	2.01961603870564	1.02126034170848
