phys	rec.rate	upper	lower
0.0150589224224224	NA	NA	NA
0.0451767672672673	NA	NA	NA
0.0752946121121121	NA	NA	NA
0.105412456956957	NA	NA	NA
0.135530301801802	NA	NA	NA
0.165648146646647	NA	NA	NA
0.195765991491491	NA	NA	NA
0.225883836336336	NA	NA	NA
0.256001681181181	NA	NA	NA
0.286119526026026	NA	NA	NA
0.316237370870871	NA	NA	NA
0.346355215715716	NA	NA	NA
0.376473060560561	NA	NA	NA
0.406590905405405	5.28030435725397	7.30804529279186	2.83034561131925
0.43670875025025	5.27450117035359	7.27179383145113	2.83875555591396
0.466826595095095	5.26826633602739	7.23547847170715	2.84679777880046
0.49694443993994	5.26159985427541	7.20898918041984	2.85447227997862
0.527062284784785	5.25450172509764	7.18382276816025	2.86177905944846
0.55718012962963	5.24697194849406	7.15900601815291	2.86933800621571
0.587297974474474	5.2390105244647	7.13453893039803	2.87684800846169
0.617415819319319	5.23061745300955	7.11042150489551	2.8841680489628
0.647533664164164	5.22179273412862	7.08665374164555	2.89129812771859
0.677651509009009	5.21253636782188	7.06323564064774	2.89823824472942
0.707769353853854	5.20284835408931	7.0397141273434	2.90498839999526
0.737887198698699	5.19272869293098	7.01135497736171	2.91154859351588
0.768005043543543	5.18217738434686	6.9831836156916	2.91791882529149
0.798122888388388	5.17119442833694	6.95520004233296	2.92409909532201
0.828240733233233	5.15977982490124	6.92740425728597	2.93008940360752
0.858358578078078	5.1479335740397	6.90203652933729	2.92226669605261
0.888476422922923	5.13565567575241	6.88043350341009	2.90309348536723
0.918594267767768	5.12409149274954	6.85913084544734	2.88830916888687
0.948712112612613	5.20616164340073	7.2405641648564	2.97080997212447
0.978829957457457	5.19745256160817	7.2202453437019	2.98431144656206
1.0089478023023	5.18665536627467	7.19519709999947	2.97806273547193
1.03906564714715	5.17426178419477	7.166222492601	2.97533117360687
1.06918349199199	5.15535241211406	7.12031644185734	2.9318319492803
1.09930133683684	5.14630546166066	7.09980424978611	2.94119898645754
1.12941918168168	5.1368576273035	7.07934014050072	2.95082165541222
1.15953702652653	5.12700890904251	7.05892411400125	2.96114745740049
1.18965487137137	5.11683352618447	7.03855617028748	2.96524330662582
1.21977271621622	5.09351629981688	7.012421691935	2.91458421186264
1.24989056106106	5.08377396127702	6.98993401950274	2.91730715277011
1.28000840590591	5.07416976979808	6.95757339960609	2.92123501265126
1.31012625075075	5.06470372537996	6.92313620641903	2.9263677915064
1.3402440955956	5.05537582802273	6.88495729233238	2.93270548933515
1.37036194044044	5.04618607772638	6.8439781953004	2.9402481061378
1.40047978528529	5.03713447449084	6.82120505115223	2.9489956419142
1.43059763013013	5.02822101831622	6.79359904558942	2.95894809666432
1.46071547497497	5.01944570920245	6.75562437962173	2.97010547038824
1.49083331981982	5.01080854714951	6.71662763220445	2.97180526096659
1.52095116466466	5.00230953215746	6.68773375596596	2.97142550987859
1.55106900950951	4.99394866422629	6.6657587237088	2.97052423273396
1.58118685435435	4.98572594335597	6.64325310492696	2.96910142953279
1.6113046991992	4.9776413695465	6.62352108285186	2.9672083162629
1.64142254404404	4.96964529256544	6.59318627491018	2.96540554809931
1.67154038888889	4.95565358301054	6.55581487564616	2.9554261668465
1.70165823373373	4.94493238502289	6.51773254235954	2.95990752833636
1.73177607857858	4.93431999404517	6.48077856311854	2.96252654553338
1.76189392342342	4.9238164100774	6.45357777698717	2.96817517281686
1.79201176826827	4.91342163311959	6.42644189553988	2.97332025312711
1.82212961311311	4.90313566317171	6.40298307613359	2.97818705021098
1.85224745795796	4.89295850023377	6.38040230648934	2.98366256514212
1.8823653028028	4.88289014430578	6.33732947519201	2.98983539568519
1.91248314764765	4.87293059538776	6.30868716837117	2.9799931748481
1.94260099249249	4.86307985347964	6.27407346978021	2.99132494153172
1.97271883733734	4.8533379185815	6.25478006905729	3.00274946340551
2.00283668218218	4.84370479069333	6.23221953326538	3.01411794666654
2.03295452702703	4.83418046981502	6.20671810643338	3.02338538340811
2.06307237187187	4.8247649559467	6.18560746598223	3.03081428580774
2.09319021671672	4.81545824908842	6.1658732616494	3.03847416897562
2.12330806156156	4.80626034923991	6.13234802677567	3.04636503291167
2.15342590640641	4.79717125640149	6.10780375281932	3.04616456911974
2.18354375125125	4.78819097057295	6.08283231134506	3.0496555782695
2.2136615960961	4.77931949175434	6.05800575880867	3.05850289932301
2.24377944094094	4.77055681994573	6.03917661717944	3.06711852207392
2.27389728578579	4.76190295514706	6.02223314925491	3.06364334022948
2.30401513063063	4.75335789735828	6.00604874144126	3.06792858629629
2.33413297547548	4.7449216465795	5.97282757698282	3.08276971714132
2.36425082032032	4.73659420281064	5.93814127962888	3.0760129598333
2.39436866516516	4.72837556605172	5.91875302485862	3.06922927736297
2.42448651001001	4.72026573630278	5.90798745043661	3.07749963702777
2.45460435485485	4.71226471356374	5.89517423738004	3.08294705267242
2.4847221996997	4.7043724978347	5.8573185357818	3.09337978921544
2.51484004454454	4.69658908911557	5.83852848508648	3.10122089174711
2.54495788938939	4.68891448740639	5.81284204549656	3.10917403179854
2.57507573423423	4.68134869270713	5.798303454385	3.08513458614199
2.60519357907908	4.67389170501788	5.78379516878711	3.08018700667898
2.63531142392392	4.66654352433851	5.76931718870306	3.0860491045866
2.66542926876877	4.65930415066914	5.75486951413263	3.10338587521081
2.69554711361361	4.65217358400968	5.73745541259886	3.12484937666788
2.72566495845846	4.64515182436018	5.70563984354459	3.14620071840428
2.7557828033033	4.63819942173437	5.68745956327884	3.16743990042012
2.78590064814815	4.62592702432839	5.67309454360141	3.15015635325299
2.81601849299299	4.6148612722806	5.65898153752357	3.15710707653384
2.84613633783784	4.604162943908	5.64493143480007	3.17153061991273
2.87625418268268	4.59383203921061	5.63090491421142	3.16339773306729
2.90637202752753	4.58386855818846	5.60907601557123	3.17313199030602
2.93648987237237	4.57427250084144	5.58741337965418	3.15260205312051
2.96660771721722	4.56504386716963	5.55386298928667	3.16023092872266
2.99672556206206	4.5561826571731	5.53130860063587	3.1657232932953
3.02684340690691	4.54768887085166	5.51846274075905	3.16133117781597
3.05696125175175	4.53956250820553	5.50151460859355	3.15137718626894
3.0870790965966	4.53180356923449	5.4865877891617	3.11826926282154
3.11719694144144	4.52441205393871	5.46904529309663	3.06859590504078
3.14731478628629	4.51738796231816	5.45212377133011	3.05855997127146
3.17743263113113	4.51073129437277	5.43184069515517	3.04979208349289
3.20755047597598	4.50444205010258	5.41996446862825	3.04768011021768
3.23766832082082	4.49829503814276	5.40627364999978	3.03299498146274
3.26778616566567	4.48760374668332	5.39053028118972	3.01909617706635
3.29790401051051	4.47514401193411	5.37427691069813	3.01493966652626
3.32802185535536	4.46287235953217	5.35870566425201	3.01166196333852
3.3581397002002	4.45078878947764	5.34314802694905	3.00892994308116
3.38825754504504	4.43889330177054	5.32563601143185	3.00599935817192
3.41837538988989	4.4271858964108	5.31244622296868	3.0048449042984
3.44849323473473	4.41566657339847	5.28278554441714	3.01423569995706
3.47861107957958	4.40433533273345	5.26457077849201	3.0233149618188
3.50872892442442	4.3931921744159	5.24489439739375	3.01856756999144
3.53884676926927	4.38223709844574	5.22201846768304	2.99637155680783
3.56896461411411	4.37147010482288	5.20785105009298	2.99251055150255
3.59908245895896	4.36089119354745	5.19390046937997	2.99242056372131
3.6292003038038	4.35050036461943	5.17569742335019	2.97792637656616
3.65931814864865	4.34029761803877	5.16230300093493	2.96184717747697
3.68943599349349	4.33028295380552	5.15215467361063	2.88904457397816
3.71955383833834	4.3204563719196	5.13743779199484	2.82240323574546
3.74967168318318	4.31081787238113	5.12596660456367	2.84205408865447
3.77978952802803	4.30136745519002	5.11453611691392	2.84178384370534
3.80990737287287	4.2921051203463	5.10138390134865	2.84761715781877
3.84002521771772	4.28303086784999	5.0816068493388	2.83465866501374
3.87014306256256	4.27414469770099	5.07377116495786	2.84007490631062
3.90026090740741	4.26544660989947	5.05648218883878	2.77789885010731
3.93037875225225	4.25693660444529	5.04438073093222	2.75502012258883
3.9604965970971	4.24861468133842	5.03495420701179	2.72348226387932
3.99061444194194	4.24048084057909	5.02328977738756	2.7084291232405
4.02073228678679	4.23253508216704	5.0115898782986	2.68788798987227
4.05085013163163	4.2247774061024	4.999817588364	2.66174893213439
4.08096797647648	4.21720781238516	4.9800953874148	2.62258476743076
4.11108582132132	4.20982630101531	4.96755674843433	2.61140089436184
4.14120366616617	4.20263287199279	4.95797997076818	2.6083690833263
4.17132151101101	4.19562752531772	4.94400603579169	2.5844785572482
4.20143935585586	4.18881026098999	4.9307169856423	2.54643720514857
4.2315572007007	4.18218107900972	4.92042376745499	2.51020525662093
4.26167504554555	4.17573997937677	4.90975612482921	2.47639843205025
4.29179289039039	4.16948696209121	4.89951971389216	2.44501673143653
4.32191073523524	4.16342202715296	4.8923834782159	2.41627148960616
4.35202858008008	4.15754517456229	4.87632648761929	2.39014968098365
4.38214642492492	4.15185640431889	4.86591684192915	2.36772115820979
4.41226426976977	4.14635571642284	4.85360695910387	2.37825299290123
4.44238211461461	4.14104311087423	4.84115378154663	2.3901119792315
4.47249995945946	4.13591858767304	4.82996938046399	2.40329811720114
4.5026178043043	4.13098214681921	4.81562347089435	2.41781140681029
4.53273564914915	4.12623378831262	4.80274134959619	2.43365184805788
4.56285349399399	4.12167351215362	4.79178568444789	2.44321979176934
4.59297133883884	4.11730131834194	4.78081842651746	2.43844885522907
4.62308918368368	4.11311720687767	4.76975303617831	2.43621311092678
4.65320702852853	4.10912117776065	4.7573374631121	2.43605093214762
4.68332487337337	4.1053132309912	4.74488780415342	2.4379623188922
4.71344271821822	4.10169336656902	4.73686154487303	2.43994400470703
4.74356056306306	4.09826158449426	4.72604715304946	2.43764572341696
4.77367840790791	4.09501788476686	4.71504172474897	2.4551585810699
4.80379625275275	4.09196226738692	4.7040272060022	2.46444949791336
4.8339140975976	4.08909473235427	4.6930035968076	2.4764652778373
4.86403194244244	4.08641527966908	4.68197089716538	2.49476428732941
4.89414978728729	4.08392390933124	4.67128157413311	2.52629404046523
4.92426763213213	4.08162062134083	4.66005655471259	2.55938176167305
4.95438547697698	4.07950541569766	4.64848706139863	2.59402745095298
4.98450332182182	4.07757829240207	4.63768228530544	2.63023110830507
5.01462116666667	4.07583925145379	4.62660210740126	2.66799273372928
5.04473901151151	4.07428829285288	4.61509828825918	2.70731232722541
5.07485685635636	4.07292541659934	4.6011013252149	2.70532435443222
5.1049747012012	4.0717506226932	4.58485648875266	2.7216723233
5.13509254604605	4.07076391113447	4.57170663017491	2.77882956780056
5.16521039089089	4.0699652819231	4.56111670447709	2.81595401768217
5.19532823573574	4.06935473505912	4.55125137263119	2.82619790598468
5.22544608058058	4.06893227054256	4.54125886677312	2.86368727742774
5.25556392542543	4.06869788837338	4.53561095285552	2.88702841008936
5.28568177027027	4.06865158855152	4.52418105306075	2.90531398491133
5.31579961511511	4.06879337107704	4.51183995466366	2.94010985396298
5.34591745995996	4.06912323595008	4.50613963736589	2.9613032460079
5.37603530480481	4.06964118317043	4.50345490055909	2.98223293334012
5.40615314964965	4.07034721273812	4.49500317198677	3.00464025856246
5.43627099449449	4.07124132465323	4.48514791491054	3.0614131889944
5.46638883933934	4.07232351891572	4.47406327156569	3.11615323667518
5.49650668418418	4.07359379552562	4.45837290607603	3.18351121245683
5.52662452902903	4.07505215448288	4.45585461758759	3.25333039809534
5.55674237387387	4.07669859578758	4.45661522051676	3.27340208143383
5.58686021871872	4.07853311943953	4.45633797574699	3.33892118113127
5.61697806356356	4.08055572543906	4.45457064046502	3.38833278271475
5.64709590840841	4.08276641378579	4.44875498949681	3.44124959956918
5.67721375325325	4.08516518448002	4.45399683069884	3.48943697628716
5.7073315980981	4.08775203752165	4.45865235075351	3.5244035031582
5.73744944294294	4.09052697291055	4.4731810183139	3.55269534075616
5.76756728778779	4.09348999064697	4.47393536410539	3.58477697709217
5.79768513263263	4.09663716103081	4.49443089839473	3.58903514383711
5.82780297747748	4.09311086946118	4.52436190280647	3.5737130136158
5.85792082232232	4.08445831935123	4.57380344546066	3.55822016742582
5.88803866716717	4.07735332655029	4.6212119865611	3.49084268750147
5.91815651201201	4.07179589105853	4.68022024381076	3.45253159280941
5.94827435685686	4.06778601287582	4.71449333420999	3.46829484265593
5.9783922017017	4.06532369200224	4.75443682022565	3.46767764293545
6.00851004654655	4.06440892843791	4.77394422741734	3.48892451555407
6.03862789139139	4.06504172218247	4.73922017576781	3.53078415582002
6.06874573623624	4.06722207323622	4.76292844233327	3.55719879894738
6.09886358108108	4.07094998159908	4.71707595410211	3.63899827984625
6.12898142592593	4.07632186423072	4.69740270386337	3.66690414725046
6.15909927077077	4.08711561278297	4.81134313947021	3.65779889441399
6.18921711561562	4.09440486914969	4.91188531971531	3.57711863439602
6.21933496046046	4.09341664902395	4.84672220772263	3.64748611690044
6.2494528053053	4.08871552175813	4.76390481164308	3.67216614498854
6.27957065015015	4.08929156422649	4.79030784197176	3.65606403260559
6.309688494995	4.08998941687864	4.82739547883116	3.6442715930195
6.33980633983984	4.09060946555927	4.87155491344161	3.62804547001358
6.36992418468468	4.09115171026848	4.90789337753752	3.61189959082889
6.40004202952953	4.09161615100619	4.94544244655527	3.59342122965083
6.43015987437437	4.09200278777243	5.0059060736291	3.57590345671821
6.46027771921922	4.0923116205672	5.02785747929316	3.55198951755533
6.49039556406406	4.09254264939058	5.10034466022589	3.53068253699032
6.52051340890891	4.09269587424239	5.14609360883636	3.50834577569184
6.55063125375375	4.0927712951227	5.19076204607094	3.48728400547186
6.5807490985986	4.09276891203157	5.24308733253123	3.46416515031075
6.61086694344344	4.09268872496907	5.29412142977141	3.44761992455219
6.64098478828829	4.09253073393494	5.3367760261092	3.42636309340181
6.67110263313313	4.09229493892943	5.37320838547286	3.41328490116778
6.70122047797798	4.0919813399523	5.40723888581512	3.39864288022025
6.73133832282282	4.09158993700396	5.4402445415184	3.38557854169274
6.76145616766767	4.091120730084	5.47198617983121	3.36967742019629
6.79157401251251	4.09057371919245	5.48954956666024	3.34837205151086
6.82169185735736	4.08994890432963	5.51841605572134	3.33192908893139
6.8518097022022	4.08924628549523	5.56007794309815	3.31524059930859
6.88192754704705	4.08846586268936	5.5871124791378	3.29315187624204
6.91204539189189	4.08760763591201	5.61686519600456	3.27155375179933
6.94216323673674	4.08667160516325	5.63765922363042	3.25254903897932
6.97228108158158	4.08565777044292	5.66117849458704	3.23704990931022
7.00239892642643	4.08456613175124	5.68352836468328	3.22669300174966
7.03251677127127	4.08339668908801	5.70470883391938	3.21288904487633
7.06263461611612	4.08214944245323	5.73306046532123	3.19522658092057
7.09275246096096	4.0808243918471	5.75687031487156	3.1822627785983
7.12287030580581	4.07942153726944	5.77677634239037	3.17093677285144
7.15298815065065	4.07794087872039	5.79537552522839	3.1573081018663
7.1831059954955	4.07638241619976	5.81291557614616	3.14422610311771
7.21322384034034	4.07474614970766	5.82025184797808	3.13429902833413
7.24334168518519	4.07303207924413	5.83451098073532	3.13387798123714
7.27345953003003	4.07124020480915	5.84589316531485	3.12198370376614
7.30357737487487	4.06937052640261	5.8537158889624	3.11374695105765
7.33369521971972	4.06742304402479	5.86019700900487	3.10352546310168
7.36381306456456	4.06539775767517	5.86515982052062	3.09715083577398
7.39393090940941	4.06329466735433	5.86834744902664	3.09209096888975
7.42404875425425	4.06111377306196	5.87033588927869	3.08387584294912
7.4541665990991	4.05885507479809	5.86742890066413	3.08217032993198
7.48428444394394	4.05651857256276	5.87046367895436	3.07160372063143
7.51440228878879	4.05410426635596	5.86639482922452	3.06067400435489
7.54452013363363	4.05161215617763	5.86549177551178	3.04939650910069
7.57463797847848	4.049042242028	5.86093946102242	3.04341554709296
7.60475582332332	4.04639452390666	5.85499735876457	3.03483290509184
7.63487366816817	4.04366900181401	5.84709007948348	3.02118186435822
7.66499151301301	4.04086567574986	5.85510035783792	3.01892101738251
7.69510935785786	4.03798454571417	5.85028472651234	3.01350285296205
7.7252272027027	4.03502561170702	5.81865202517831	3.00739501139532
7.75534504754755	4.0319888737285	5.79690923286623	3.00685889461008
7.78546289239239	4.02887433177842	5.76776516027881	3.00772130537444
7.81558073723724	4.02568198585689	5.77490843704909	3.00927094933036
7.84569858208208	4.02241183596382	5.73872382799882	3.01143067976717
7.87581642692693	4.0190638820993	5.69300070884123	3.01420049668646
7.90593427177177	4.01563812426339	5.69630180346243	3.01758040008661
7.93605211661662	4.012134562456	5.69886737137923	3.01516541240246
7.96616996146146	4.00855319667703	5.67822216611706	3.0091138490667
7.99628780630631	4.00489402692666	5.67501065537576	3.00345058479136
8.02640565115115	4.00115705320481	5.7040798310893	2.99974529594118
8.056523495996	3.99734227551145	5.64761855889794	3.00467028875069
8.08664134084084	3.99344969384667	5.63592110716425	3.00770924324727
8.11675918568569	3.98947930821038	5.62316333857402	3.00540353808406
8.14687703053053	3.98543111860263	5.61066038771118	3.0017259967063
8.17699487537537	3.98130512502341	5.59717105809927	2.99779677756409
8.20711272022022	3.97771841154217	5.58194847367499	2.99445686833322
8.23723056506507	3.97743669543024	5.56569772220049	2.99907084707474
8.26734840990991	3.97734276277943	5.65499983407933	2.99823405750416
8.29746625475475	3.97687552636512	5.64192182860075	2.99625883004419
8.3275840995996	3.97603498618723	5.61654759562737	2.98275884683775
8.35770194444444	3.97482114224574	5.63176399749764	2.97902606296796
8.38781978928929	3.97323399454068	5.62829002382105	2.97318853763367
8.41793763413413	3.97127354307205	5.65173250360534	2.9641716511093
8.44805547897898	3.96893978783987	5.63419478959299	2.96086471909406
8.47817332382382	3.96623272884409	5.60839391377542	2.95631425737578
8.50829116866867	3.96315236608472	5.5945657634898	2.95330900678478
8.53840901351351	3.95969869956185	5.57760858168642	2.95126940543397
8.56852685835836	3.95587172927529	5.58949787268727	2.94970234065339
8.5986447032032	3.95167145522519	5.57583086578359	2.94979583756862
8.62876254804805	3.94709787741153	5.57291175152202	2.95018850232782
8.65888039289289	3.9421509958343	5.55909476857297	2.94627038877078
8.68899823773774	3.9368308104935	5.54428827417749	2.94462650122805
8.71911608258258	3.93113732138911	5.52838154688137	2.94144913122627
8.74923392742743	3.92507052852106	5.48735931502888	2.94601516270422
8.77935177227227	3.91863043188962	5.48839054969012	2.94652700808185
8.80946961711712	3.91181703149447	5.41516603215371	2.95051705016843
8.83958746196196	3.90463032733579	5.37268378639658	2.95366888298548
8.86970530680681	3.89707031941347	5.32510292362205	2.96418548156952
8.89982315165165	3.88913700772768	5.29020513030076	2.96752143048832
8.9299409964965	3.88221269364538	5.24338936710479	2.95968168293017
8.96005884134134	3.87827321891278	5.21925120934919	2.96346770764318
8.99017668618619	3.87438744765369	5.22127738898367	2.9603452214159
9.02029453103103	3.87042892184754	5.21489308337285	2.95922081551144
9.05041237587588	3.86639764149402	5.1863460488066	2.95575719643651
9.08053022072072	3.86229360659315	5.18577287221652	2.9592864009457
9.11064806556557	3.85811681714502	5.20559950994273	2.95600072601437
9.14076591041041	3.85386727314973	5.16692449263779	2.95999188430791
9.17088375525526	3.84954497460692	5.15650187710468	2.95804485124662
9.2010016001001	3.84514992151711	5.14525889116766	2.94614878329962
9.23111944494494	3.84068211387998	5.13341608408079	2.92783654703757
9.26123728978979	3.83614155169545	5.12111064465975	2.92850141140144
9.29135513463464	3.83152823496369	5.10887516243203	2.93377452878957
9.32147297947948	3.82684216368471	5.10130518042643	2.93449945782674
9.35159082432432	3.82208333785838	5.13253364282202	2.9340935826868
9.38170866916917	3.81725175748491	5.11765157337305	2.93045516945019
9.41182651401401	3.81234742256401	5.10904985499225	2.92929503739099
9.44194435885886	3.80737033309588	5.11452022793065	2.92867563593391
9.4720622037037	3.80232048908058	5.11460736928625	2.92835293199374
9.50218004854855	3.79719789051794	5.07482572715785	2.92386981018719
9.53229789339339	3.79200253740794	5.03338531245001	2.92119455292847
9.56241573823824	3.78673442975078	5.0267203462233	2.93029624783379
9.59253358308308	3.78139356754629	4.99296409674143	2.94274029014109
9.62265142792793	3.77597995079456	4.98546785254097	2.94740697982912
9.65276927277277	3.77049357949554	4.98103532062203	2.9489636911422
9.68288711761762	3.76493445364925	4.93862241288666	2.94991910772047
9.71300496246246	3.75930257325561	4.9065582042454	2.95328822130076
9.74312280730731	3.75359793831487	4.89466372360723	2.9645700467598
9.77324065215215	3.74782054882675	4.86073778767305	2.96955311968025
9.803358496997	3.74197040479135	4.83874294855929	2.97477983821914
9.83347634184184	3.73604750620866	4.82822870283554	2.98212879752198
9.86359418668669	3.73005185307872	4.80933355045036	2.98181220751502
9.89371203153153	3.72398344540155	4.79001155736995	2.98354669997387
9.92382987637638	3.71784228317706	4.77258389643539	2.98094446615386
9.95394772122122	3.71162836640529	4.75097863575109	2.9795368847584
9.98406556606607	3.70534169508629	4.73114564729425	2.97843860360935
10.0141834109109	3.69898226921999	4.69958385057652	2.97198930954134
10.0443012557558	3.69203381408614	4.69197497777535	2.97526002385713
10.0744191006006	3.68369689918496	4.6588673798445	2.97505235520499
10.1045369454454	3.67542657783322	4.64714952169469	2.97533006332164
10.1346547902903	3.66730869926404	4.63932160889891	2.97609314820702
10.1647726351351	3.65934326347699	4.63483880453439	2.97610363742236
10.19489047998	3.65153027047247	4.62571119114086	2.97032942416392
10.2250083248248	3.64386972025012	4.60924869827579	2.94824954444403
10.2551261696697	3.63636161281026	4.59206651002468	2.93491396166103
10.2852440145145	3.62900594815279	4.57204620531004	2.92298514587176
10.3153618593594	3.62180272627754	4.56481230464244	2.92202697401578
10.3454797042042	3.61475194718471	4.55491790815225	2.91797147266411
10.375597549049	3.6078536108743	4.52891787380277	2.91624103875328
10.4057153938939	3.60110771734614	4.51434792681584	2.90421103378271
10.4358332387387	3.59451426660029	4.50509684134459	2.90061318513769
10.4659510835836	3.58807325863698	4.49412219980487	2.88077133198058
10.4960689284284	3.58178469345586	4.47517720193256	2.85200249583556
10.5261867732733	3.57564857105715	4.46135403575638	2.85217673010363
10.5563046181181	3.56966489144087	4.45728216375948	2.86086888799041
10.586422462963	3.56383365460677	4.45295054055442	2.87081430420603
10.6165403078078	3.55815486055518	4.44835916613954	2.88166704626453
10.6466581526527	3.55262850928585	4.44133353588821	2.86734757097594
10.6767759974975	3.54725460079891	4.42715068079283	2.87561804848194
10.7068938423423	3.54203313509435	4.41111807451961	2.89460571890817
10.7370116871872	3.5369641121721	4.41001104560201	2.91210086880345
10.767129532032	3.53204753203222	4.41211965387193	2.93241540425418
10.7972473768769	3.5272833946747	4.41233763809425	2.94390675338117
10.8273652217217	3.52267170009951	4.4042789359668	2.94174851618532
10.8574830665666	3.51821244830674	4.3863146807327	2.93972070015404
10.8876009114114	3.51390563929624	4.35184014758182	2.91815869832561
10.9177187562563	3.50975127306813	4.31679880224709	2.94213814252948
10.9478366011011	3.50574934962236	4.3081898596921	2.96632131409135
10.9779544459459	3.50189986895893	4.29243557508554	2.9778751086177
11.0080722907908	3.49820283107792	4.28137844521434	2.98370257652272
11.0381901356356	3.49465823597925	4.27279343701604	3.00058850007232
11.0683079804805	3.4912660836629	4.25828078132732	3.00778659938564
11.0984258253253	3.48802637412885	4.24093365738089	3.03487484977474
11.1285436701702	3.48498212794445	4.23047837815201	3.03157452446911
11.158661515015	3.4830913679943	4.21949720437529	3.02777585254877
11.1887793598599	3.4815914439524	4.20809390383367	3.00877413304322
11.2188972047047	3.4800002830052	4.19149841865684	3.0065434857328
11.2490150495495	3.47831788515229	4.18375757967522	3.00431996840104
11.2791328943944	3.47654425039397	4.17183811021922	3.00179863805054
11.3092507392392	3.47467937873029	4.16104958661157	2.99313369898826
11.3393685840841	3.47272327016102	4.15723150629185	2.99343787054292
11.3694864289289	3.47067592468634	4.15331605906514	2.99387214875778
11.3996042737738	3.46853734230616	4.14314440652427	2.99450254265134
11.4297221186186	3.46630752302058	4.12598343676355	2.98346313047775
11.4598399634635	3.46398646682947	4.12089077042349	2.98396411664588
11.4899578083083	3.46157417373289	4.10749372220606	2.97666052467684
11.5200756531532	3.4590706437308	4.10450021255233	2.96408956642027
11.550193497998	3.45647587682332	4.07919721174817	2.94863803694129
11.5803113428428	3.45378987301041	4.08160633564708	2.92748832190417
11.6104291876877	3.45101263229182	4.07192015836232	2.9108964182091
11.6405470325325	3.44814415466797	4.05789917741475	2.90541918478461
11.6706648773774	3.44518444013859	4.05541626704915	2.90166079640731
11.7007827222222	3.44213348870374	4.06695273779042	2.89556021936463
11.7309005670671	3.43899130036344	4.07078143928196	2.89076462446591
11.7610184119119	3.43575787511765	4.08040829478228	2.88646393397181
11.7911362567568	3.43243321296629	4.07151315408092	2.88157280958798
11.8212541016016	3.42901731390954	4.06860928181722	2.86648763088988
11.8513719464464	3.4255101779474	4.06461011240849	2.86896768398637
11.8814897912913	3.42191180507972	4.05637388217302	2.86533233382953
11.9116076361361	3.41822219530668	4.06747806213345	2.8616963881154
11.941725480981	3.41444134862798	4.06197024659532	2.85871801409611
11.9718433258258	3.41056926504386	4.0559762832571	2.85633270503321
12.0019611706707	3.40660594455433	4.04646262888275	2.85431069782195
12.0320790155155	3.40255138715931	4.03897372282735	2.85301726671201
12.0621968603604	3.39840559285881	4.03042349636871	2.84905958786221
12.0923147052052	3.39416856165283	4.02589211741782	2.84385706865945
12.12243255005	3.38984029354154	4.01255685111324	2.84439464718748
12.1525503948949	3.3854207885245	4.01209296723941	2.84981863836196
12.1826682397397	3.38091004660213	4.00759283154795	2.85604868597932
12.2127860845846	3.3763080677743	4.00668580149866	2.85899709424466
12.2429039294294	3.37161485204107	4.00529292528461	2.85726364490567
12.2730217742743	3.36683039940222	3.99372160511411	2.85581983680869
12.3031396191191	3.36195470985801	3.98593143534969	2.85513428964523
12.333257463964	3.35698778340835	3.97881727095016	2.8529436614955
12.3633753088088	3.35192962005305	3.96569588303398	2.84687148641003
12.3934931536537	3.34678021979239	3.95209661196923	2.84938306350021
12.4236109984985	3.34153958262639	3.9451434457854	2.83881642260865
12.4537288433433	3.33620770855467	3.93738501866513	2.84221788965164
12.4838466881882	3.33078459757767	3.92859247045713	2.83893070524353
12.513964533033	3.32527024969513	3.91580972729312	2.83564429393397
12.5440823778779	3.31966466490717	3.89896011097964	2.83151271079515
12.5742002227227	3.3139678432136	3.88278084181333	2.83136785027717
12.6043180675676	3.30817978461471	3.87404814014098	2.83013746799223
12.6344359124124	3.30230048911037	3.86561328526547	2.83311877135332
12.6645537572573	3.29632995670035	3.85022073173014	2.8347963430437
12.6946716021021	3.29026818738513	3.8396751489875	2.83284651253801
12.7247894469469	3.2841151811642	3.82330713270005	2.83079887835297
12.7549072917918	3.277870938038	3.81421005554386	2.83249426034916
12.7850251366366	3.27153545800627	3.78947942388829	2.83481329043405
12.8151429814815	3.26510874106889	3.76936562092943	2.82741994546979
12.8452608263263	3.25859078722632	3.74611825643032	2.82657886855746
12.8753786711712	3.25218039921615	3.73566212268329	2.81586804549173
12.905496516016	3.24771775189134	3.74841629644933	2.80022734566911
12.9356143608609	3.24339322037329	3.79291204537125	2.78340544759093
12.9657322057057	3.23859063916167	3.8076720507427	2.76852265285506
12.9958500505506	3.23331000825639	3.8097712268166	2.74515283321563
13.0259678953954	3.22755132765769	3.81588900015455	2.7355115743775
13.0560857402402	3.22131459736543	3.81497949862936	2.7267983875509
13.0862035850851	3.21459981737941	3.80015669622981	2.73095516494603
13.1163214299299	3.20740698770009	3.7634705815698	2.72278315694664
13.1464392747748	3.19973610832716	3.73389217254588	2.71751318900771
13.1765571196196	3.19206441267007	3.71456760600711	2.71745811809207
13.2066749644645	3.18579755040027	3.70001397649542	2.71483652737781
13.2367928093093	3.17967277997643	3.72021458333574	2.69172668257892
13.2669106541542	3.17355785048484	3.70836186240624	2.6886326513572
13.297028498999	3.16745276192545	3.70011431863847	2.67389048982207
13.3271463438438	3.16135751429825	3.69987763011973	2.66001053601185
13.3572641886887	3.15527210760342	3.70647287443544	2.64071378759091
13.3873820335335	3.14919654184064	3.70342746399616	2.62416708245237
13.4174998783784	3.14313081701012	3.70722896140119	2.60880947326023
13.4476177232232	3.13707493311177	3.70792110356374	2.59866303279633
13.4777355680681	3.13102889014576	3.7077793868285	2.59351931663829
13.5078534129129	3.12499268811179	3.70514576559362	2.58213000231124
13.5379712577578	3.11896632701012	3.70205395327648	2.57297190787939
13.5680891026026	3.11294980684056	3.69750392262779	2.56565427912967
13.5982069474474	3.10694312760344	3.68407656990066	2.56589712574977
13.6283247922923	3.10094628929835	3.6825482743741	2.55960413604178
13.6584426371371	3.09495929192553	3.67828942200754	2.55186269234938
13.688560481982	3.08898213548488	3.66207291317571	2.56722170581325
13.7186783268268	3.08301481997645	3.63897659522727	2.5530523013366
13.7487961716717	3.07705734540025	3.61655825561341	2.53708429503059
13.7789140165165	3.07110971175626	3.59526996305671	2.52473352782819
13.8090318613614	3.06517191904444	3.58736897658779	2.51238240702648
13.8391497062062	3.05854510434574	3.57880425470353	2.49490562877796
13.8692675510511	3.05091231930509	3.56481268842819	2.480929701418
13.8993853958959	3.04344763451434	3.55293816792393	2.45370558887226
13.9295032407407	3.03616609070727	3.55497204740911	2.43446368914437
13.9596210855856	3.02906768788406	3.55577179526556	2.41392555629066
13.9897389304304	3.02215242604471	3.54984558662366	2.3984037907265
14.0198567752753	3.01542030518906	3.53741553502818	2.38636995346469
14.0499746201201	3.00887132531727	3.53470760296102	2.3744085482521
14.080092464965	3.0025054864291	3.53679126408379	2.35581703248168
14.1102103098098	2.99632278852491	3.53047066310152	2.34786995046438
14.1403281546547	2.99032323160431	3.52119588359953	2.34869303385228
14.1704459994995	2.98450681566772	3.52549848059642	2.34248432692771
14.2005638443443	2.97887354071469	3.50369011168457	2.34713133872725
14.2306816891892	2.97342340674562	3.47961973560048	2.33746338257072
14.260799534034	2.96815641376021	3.4697470972236	2.32930681382831
14.2909173788789	2.96107678285503	3.45855675613732	2.31818313482419
14.3210352237237	2.95125330931532	3.45259709888328	2.33022901007415
14.3511530685686	2.94240229367151	3.44179159193122	2.31589587227938
14.3812709134134	2.93458471055459	3.43751079798923	2.2892894764105
14.4113887582583	2.92780055996427	3.43432459931563	2.24270819618939
14.4415066031031	2.9220498419006	3.42593639324973	2.23515339306543
14.4716244479479	2.9173325563635	3.41661758276144	2.23126590714347
14.5017422927928	2.91364870335324	3.41018107704147	2.22620756717092
14.5318601376376	2.90895615428297	3.40492610280755	2.21308868693805
14.5619779824825	2.90031677328234	3.40108946384016	2.21980859506667
14.5920958273273	2.89475235120815	3.40930372851648	2.19781070420224
14.6222136721722	2.89272387426943	3.39850187335469	2.21164067457849
14.652331517017	2.89407705359499	3.39207736407677	2.21447062957566
14.6824493618619	2.89129366855329	3.39193402373274	2.18489549494327
14.7125672067067	2.8853393803981	3.39790759780123	2.16260571577873
14.7426850515516	2.87954479132087	3.41501336994703	2.14843030626804
14.7728028963964	2.87390990132164	3.41343744756993	2.13370262616667
14.8029207412412	2.86843471040049	3.40805033943856	2.1224950215211
14.8330385860861	2.86311921855735	3.40924460589029	2.11939819773545
14.8631564309309	2.85796342579217	3.4016167322832	2.11066676335286
14.8932742757758	2.8529673321053	3.3992861141859	2.09466141569028
14.9233921206206	2.84812817478097	3.39243661312164	2.09552975224135
14.9535099654655	2.84241020512297	3.3918451195006	2.07489836611101
14.9836278103103	2.83589928399073	3.39317465282432	2.0385337286019
15.0137456551552	2.82938757594784	3.39522572327801	2.01107297586304
15.0438635	2.82287508099448	3.38815054497176	2.00498494765313
15.0739813448448	2.81636179913024	3.39292499950917	1.991326755485
15.1040991896897	2.80984773035556	3.38091822468982	1.96660297609438
15.1342170345345	2.80333287467048	3.37716243115875	1.95551809481041
15.1643348793794	2.79681723207442	3.3761143325283	1.94569257382913
15.1944527242242	2.79030080256789	3.37502102024394	1.92527047648214
15.2245705690691	2.7837835861508	3.37247152038058	1.89936057063723
15.2546884139139	2.77726558282296	3.36819331074303	1.88061767083751
15.2848062587588	2.7707467925847	3.36522043140751	1.87728567655283
15.3149241036036	2.76422721543559	3.35829178012648	1.87529639534503
15.3450419484484	2.75770685137617	3.35200309032753	1.86584800666122
15.3751597932933	2.75118570040579	3.35030577830325	1.85827687004087
15.4052776381381	2.74466376252519	3.34876903257166	1.83272207135573
15.435395482983	2.73814103773365	3.34715360111285	1.80735683277133
15.4655133278278	2.73161752603161	3.34055605896416	1.78411720389456
15.4956311726727	2.72509322741894	3.33849778982444	1.78695937096607
15.5257490175175	2.71856814189559	3.33622455007252	1.78466965786486
15.5558668623624	2.7120422694618	3.33225129901891	1.76165415778912
15.5859847072072	2.70551561011735	3.32887795790597	1.75934867976028
15.6161025520521	2.69898816386223	3.32505076613967	1.77239648553432
15.6462203968969	2.69245993069647	3.32174492072355	1.75981511634643
15.6763382417417	2.6859309106201	3.32016425598022	1.74444846581862
15.7064560865866	2.67940110363323	3.31120571185389	1.74914717572216
15.7365739314314	2.67287050973561	3.30772571659642	1.70687072830768
15.7666917762763	2.66633912892753	3.30021873033654	1.68440350023797
15.7968096211211	2.65980696120856	3.29367851009948	1.69998926133516
15.826927465966	2.65327400657932	3.29422230420021	1.67338425768589
15.8570453108108	2.64642323020578	3.29055691354933	1.64630875946722
15.8871631556557	2.63880989782843	3.28665370048923	1.65448864591503
15.9172810005005	2.63123961689934	3.27778236453734	1.63330660528041
15.9473988453453	2.6237528606055	3.27461563325918	1.60972989611704
15.9775166901902	2.61634962894667	3.27821295845992	1.58522013857293
16.007634535035	2.60902992192314	3.27483215160807	1.56959068638727
16.0377523798799	2.60179373953477	3.2738710706456	1.5751318754531
16.0678702247247	2.59464108178165	3.26826005279965	1.54809738508987
16.0979880695696	2.58757194866352	3.27295094549787	1.48854240332982
16.1281059144144	2.58058013042977	3.27700367361028	1.47008536357284
16.1582237592593	2.57342316262	3.28067946897512	1.45463894718221
16.1883416041041	2.56610770453689	3.27863089488521	1.45619619187573
16.2184594489489	2.55872103382328	3.27644778610082	1.48919597973454
16.2485772937938	2.55126315047897	3.25286091581337	1.54220990306144
16.2786951386386	2.54373405450404	3.25799863738553	1.57917585245789
16.3088129834835	2.53613374589846	3.26125769884146	1.54372541423485
16.3389308283283	2.52846222466214	3.26060047993198	1.51381649210238
16.3690486731732	2.5207194907955	3.25995082273243	1.48929664774992
16.399166518018	2.51290554429777	3.25908119306853	1.47009432621579
16.4292843628629	2.50502038516977	3.25810755645637	1.46405873055272
16.4594022077077	2.4970640134109	3.25738551423648	1.46931048650099
16.4895200525526	2.4890364290215	3.25671047638988	1.46608438525722
16.5196378973974	2.48093763200139	3.25676263842608	1.48892333214852
16.5497557422422	2.47276762235076	3.29473078337821	1.46872635817429
16.5798735870871	2.46452640006926	3.30110182591088	1.4664505661074
16.6099914319319	2.45621396515734	3.31105952003693	1.4703297383608
16.6401092767768	2.44783031761466	3.32134730671964	1.46160636525453
16.6702271216216	2.43937545744154	3.336149532733	1.44693926558565
16.7003449664665	2.43084938463743	3.34220143906827	1.43213275517592
16.7304628113113	2.4222520992029	3.34854131840228	1.41726975596112
16.7605806561562	2.41359141082397	3.39166797419359	1.40296265375984
16.790698501001	2.40511226164987	3.39324217072802	1.43143398754328
16.8208163458458	2.39664256014836	3.38978603182833	1.39794543831122
16.8509341906907	2.38804573219111	3.39827635155503	1.37935772859097
16.8810520355355	2.37932177777822	3.4087164276386	1.37227930428082
16.9111698803804	2.37047069690963	3.41445214199802	1.35353634094387
16.9412877252252	2.36149248958549	3.39819410855648	1.35430321030691
16.9714055700701	2.35238715580557	3.39809337223248	1.35129493639622
17.0015234149149	2.34287496876264	3.44370476670988	1.3203530761569
17.0316412597598	2.33074492780116	3.53305854332369	1.30358381654193
17.0617591046046	2.31818828500834	3.5003480558993	1.30449532267576
17.0918769494494	2.30586509793678	3.46060789027093	1.30574593806144
17.1219947942943	2.29377536658634	3.48177985969292	1.30845737526376
17.1521126391391	2.28191909095692	3.49454739679514	1.30685482763142
17.182230483984	2.27029627104899	3.51977810043344	1.29065522254798
17.2123483288288	2.25890690686199	3.5332726325601	1.25918889841521
17.2424661736737	2.24775099839638	3.54761861298627	1.26051162017047
17.2725840185185	2.23682854565173	3.55807796898209	1.25766797672636
17.3027018633634	2.2261395486285	3.56547858458939	1.24235868820055
17.3328197082082	2.2156840073263	3.57111370745684	1.22384735232889
17.3629375530531	2.20546192174531	3.57429810161119	1.22040934540074
17.3930553978979	2.19547329188544	3.57461821962338	1.22573020581789
17.4231732427427	2.18571811774694	3.57314741065044	1.23206795813755
17.4532910875876	2.17619639932943	3.56757681885065	1.23778234195584
17.4834089324324	2.16690813663316	3.56085152274099	1.24289045170607
17.5135267772773	2.15785332965817	3.5523162451351	1.22290342953577
17.5436446221221	2.14828395513678	3.54917511578372	1.18391536759446
17.573762466967	2.13184556989125	3.51577916948417	1.18784784921654
17.6038803118118	2.11379856140092	3.48232485854338	1.19221152536241
17.6339981566567	2.0958848342494	3.44906329551657	1.19655026621093
17.6641160015015	2.07810438843644	3.41599448040281	1.18057293391366
17.6942338463463	2.06045722396226	3.38311841320399	1.15589026466785
17.7243516911912	2.04294334082661	3.35043509391732	1.13200462056617
17.754469536036	2.02556273902975	3.31794452254515	1.10909361902638
17.7845873808809	2.00831541857152	3.28564669908733	1.11636032572889
17.8147052257257	1.99120137945198	3.25345231831229	1.12528390110048
17.8448230705706	1.97422062167101	3.22113846227426	1.11514630711838
17.8749409154154	1.95737314522884	3.17713568336516	1.09547644726831
17.9050587602603	1.94065895012517	3.12971505488963	1.0761421740912
17.9351766051051	1.92407803636042	3.08287587339463	1.05607343937094
17.96529444995	1.90763040393411	3.04917592290914	1.03646462421529
17.9954122947948	1.89131605284647	3.01568806194823	1.05061302801499
18.0255301396396	1.87513498309767	2.98229112347446	1.07041899038095
18.0556479844845	1.8590871946874	2.9485442722423	1.08696794768395
18.0857658293293	1.8431726876159	2.91368120425091	1.05855734208506
18.1158836741742	1.82739146188295	2.86895948199151	1.02969221125622
18.146001519019	1.81174351748888	2.85023506903954	1.00043139603661
18.1761193638639	1.79622885443313	2.81765677987272	0.972502698547426
18.2062372087087	1.78084747271633	2.7722238905802	0.963933779620738
18.2363550535536	1.76559937233807	2.7401834863162	0.944953328916083
18.2664728983984	1.7504845532986	2.69785120085906	0.957944744417546
18.2965907432432	1.73550301559763	2.67254675986859	0.957800221058542
18.3267085880881	1.72065475923547	2.64587816170149	0.945615625374239
18.3568264329329	1.70593978421184	2.60900001156377	0.956924843912007
18.3869442777778	1.69135809052699	2.57209807379073	0.969580440251054
18.4170621226226	1.67690967818086	2.53538703412453	0.971992212753192
18.4471799674675	1.66259454717341	2.49859452185341	0.954188868157816
18.4772978123123	1.64841269750436	2.46533405476053	0.93599074381898
18.5074156571572	1.63436412917417	2.42685769985887	0.925312359391533
18.537533502002	1.62044884218265	2.391641338467	0.935276240203021
18.5676513468468	1.60666683652969	2.35634789604141	0.933093914115312
18.5977691916917	1.59301811221556	2.3414524209438	0.911237286792228
18.6278870365365	1.57950266924012	2.32728069561633	0.883079233410233
18.6580048813814	1.56612050760312	2.29738912187303	0.855433254352134
18.6881227262262	1.55287162730506	2.26597887009457	0.846175525497655
18.7182405710711	1.53975602834543	2.25927536900293	0.833609771716822
18.7483584159159	1.52677371072463	2.24472968731069	0.810717946422052
18.7784762607608	1.51392467444236	2.19236390975396	0.79185181157617
18.8085941056056	1.50120891949888	2.17869862624209	0.768605112080922
18.8387119504504	1.48862644589398	2.1613973731467	0.7435234389994
18.8688297952953	1.47617725362785	2.14969179801005	0.721773363626907
18.8989476401401	1.46386134270032	2.1427158334967	0.700325692278881
18.929065484985	1.45167871311133	2.13581112845807	0.675372376052785
18.9591833298298	1.43962936486138	2.12898749180077	0.651010694404947
18.9893011746747	1.42771329794967	2.12217148492742	0.635375398786942
19.0194190195195	1.41593051237679	2.1132509550111	0.618268519976354
19.0495368643644	1.40428100814278	2.08773504166514	0.598925534407835
19.0796547092092	1.39276478524705	2.06275673443915	0.57994322338854
19.1097725540541	1.38138184369046	2.03674617615734	0.561065488224878
19.1398903988989	1.37013218347212	2.01941221100437	0.542392577053657
19.1700082437437	1.35901580459268	1.98956528838689	0.521119409274357
19.2001260885886	1.34803270705177	1.98566025645468	0.50513911772009
19.2302439334334	1.33718289084975	1.96316176223772	0.489317358820347
19.2603617782783	1.32646635598606	1.95327804813516	0.472225905744898
19.2904796231231	1.3158831024612	1.95031785180307	0.455499976840367
19.320597467968	1.30543313027511	1.94793762011956	0.439139572109019
19.3507153128128	1.29511643942761	1.94564425723615	0.425896237561673
19.3808331576577	1.28493302991874	1.94334391383895	0.425570514849405
19.4109510025025	1.27488290174846	1.94103658992972	0.409921400938679
19.4410688473473	1.26496605491734	1.9387222855078	0.394606057986375
19.4711866921922	1.25518248942414	1.93054386843679	0.379733009707179
19.501304537037	1.24553220527003	1.92765889560659	0.365260054467363
19.5314223818819	1.23601520245465	1.9033405042399	0.354210746924679
19.5615402267267	1.22663148097782	1.90040688229208	0.347432272300354
19.5916580715716	1.21738104083971	1.89154357445917	0.337397032005651
19.6217759164164	1.20826388204003	1.88619430707649	0.318604852283704
19.6518937612613	1.1992800045794	1.87631348197757	0.300195399226115
19.6820116061061	1.19042940845712	1.86902621373781	0.284327992092798
19.712129450951	1.1817120936736	1.8655290345241	0.271860436023578
19.7422472957958	1.1731280602288	1.86217477344256	0.259810031160427
19.7723651406406	1.1646773081227	1.85882331919513	0.248261959439506
19.8024829854855	1.15635983735521	1.85544354567313	0.240850645662802
19.8326008303303	1.1481756479264	1.85360390978732	0.238610480223181
19.8627186751752	1.1401247398362	1.8510181054843	0.223207865574774
19.89283652002	1.13220711308473	1.84800708366388	0.206406698130361
19.9229543648649	1.12442276767194	1.84727567693569	0.194953421055558
19.9530722097097	1.11677170359791	1.84547018014366	0.185312184393227
19.9831900545546	1.10925392086235	1.84366026996036	0.176004718686511
20.0133078993994	1.10186941946538	1.85097237061502	0.167031023939054
20.0434257442442	1.0946181994074	1.85837661231137	0.158543889464189
20.0735435890891	1.08750026068777	1.86565819678519	0.149686942427325
20.1036614339339	1.08051560330712	1.87268074335976	0.139844793252468
20.1337792787788	1.07366422726495	1.86820875562935	0.128472278952866
20.1638971236236	1.0669461325616	1.86190560797044	0.126993995941531
20.1940149684685	1.06036131919671	1.86100741232268	0.126177333809706
20.2241328133133	1.05390978717058	1.86465909741874	0.120792759258049
20.2542506581582	1.04759153648298	1.86176675896397	0.115771096899949
20.284368503003	1.04140656713441	1.86858319570476	0.111112346735801
20.3144863478478	1.03535487912406	1.84565722848786	0.106816508765126
20.3446041926927	1.02943647245272	1.83807192931113	0.0968815887343321
20.3747220375375	1.02365134711992	1.830509444706	0.0891137494922372
20.4048398823824	1.01799950312581	1.82296977466875	0.0696397576928855
20.4349577272272	1.01248094047031	1.81702527874041	0.0703885068979723
20.4650755720721	1.00709565915365	1.82185261040217	0.0504385046677768
20.4951934169169	1.00184365917523	1.81430966116164	0.0327832734291408
20.5253112617618	0.996724940536002	1.80658838675783	0.0355945811238855
20.5554291066066	0.991739503235197	1.80102188243178	0.0416575163479047
20.5855469514515	0.986887347273015	1.79841209756074	0.0422952431341848
20.6156647962963	0.982168472649696	1.79009004330032	0.0406777983909961
20.6457826411411	0.977582879364888	1.78229909310982	0.0107970285598727
20.675900485986	0.973130567418594	1.78900581569348	0.00484602101726333
20.7060183308308	0.968811536811326	1.78992883781743	0.00736247187448473
20.7361361756757	0.964625787542387	1.78498565793341	0.0103327551272959
20.7662540205205	0.960573319612352	1.78326955158349	0.0137568707775364
20.7963718653654	0.956654133021021	1.77770796491311	0
20.8264897102102	0.952868227768085	1.77215962065385	0
20.8566075550551	0.949215603854175	1.77152452192253	0
20.8867253998999	0.945696261278584	1.77124903334532	0
20.9168432447447	0.942310200041939	1.77095479175745	0
20.9469610895896	0.93905742014379	1.77064179715773	0
20.9770789344344	0.935937921584252	1.77019311587328	0
21.0071967792793	0.932951704363386	1.7647148613086	0
21.0373146241241	0.930098768481583	1.75836347908795	0
21.067432468969	0.927379113937968	1.75201332605192	0
21.0975503138138	0.92479274073331	1.74566440219989	0
21.1276681586587	0.922339648867194	1.74115161404541	0
21.1577860035035	0.920019838339696	1.74267433453124	0
21.1879038483483	0.917833309151005	1.75028512780669	0
21.2180216931932	0.915780061300928	1.75281549558164	0
21.248139538038	0.913860094789396	1.75087795279363	0
21.2782573828829	0.912073409616689	1.7487611720722	0
21.3083752277277	0.910420005782658	1.7466168213204	0
21.3384930725726	0.908899883287237	1.74447226031981	0
21.3686109174174	0.907513042130412	1.74232748906978	0
21.3987287622623	0.906259482312379	1.74018250757081	0
21.4288466071071	0.905139203832972	1.73803731582103	0
21.458964451952	0.904152206692196	1.73589191382406	0
21.4890822967968	0.903298490890217	1.73374630157654	0
21.5192001416416	0.902578056426746	1.73158655372424	0
21.5493179864865	0.901990903301853	1.73046752649976	0
21.5794358313313	0.901537031515938	1.73207300844165	0
21.6095536761762	0.901216441068495	1.73363998717978	0
21.639671521021	0.901029131959807	1.73508878977352	0
21.6697893658659	0.900975104189707	1.7364541455157	0
21.6999072107107	0.901054357758189	1.73149808932104	0
21.7300250555556	0.901266892665639	1.72482297906041	0
21.7601429004004	0.901612708911487	1.73719491623835	0
21.7902607452452	0.902091806496096	1.73610430735108	0
21.8203785900901	0.902704185419347	1.73324162406746	0.00777177786128276
21.8504964349349	0.903449845681307	1.73037241651079	0.019485652591913
21.8806142797798	0.904328787281855	1.72749668468117	0.0309525178471058
21.9107321246246	0.905341010221156	1.72461442857823	0.0355196176222975
21.9408499694695	0.906486514499092	1.72172564820239	0.0395584999319671
21.9709678143143	0.907765300115712	1.7188303435528	0.0440340041793466
22.0010856591592	0.909177367071014	1.71592851463114	0.0502373700828486
22.031203504004	0.910722715364981	1.71302016143551	0.0548708303458829
22.0613213488488	0.912401344997515	1.71010528396691	0.0660456970547814
22.0914391936937	0.914213255968852	1.70718388222598	0.0739258464608686
22.1215570385385	0.916158448278715	1.70557172632524	0.085768739207734
22.1516748833834	0.918236921927515	1.70416110280856	0.0952540248729358
22.1817927282282	0.920448676914661	1.70090535298795	0.0950114974668251
22.2119105730731	0.922793713240638	1.69884135316621	0.0949042196739791
22.2420284179179	0.925272030905273	1.70026731823724	0.0954997759577535
22.2721462627628	0.92788362990851	1.6999667752253	0.102330789754174
22.3022641076076	0.930628510250468	1.69960696053217	0.109517830516129
22.3323819524525	0.933506671931178	1.69912816978452	0.121494748804427
22.3624997972973	0.936518114950416	1.69993521090727	0.12528519432406
22.3926176421421	0.939662839308333	1.69835608080992	0.136120325682442
22.422735486987	0.942940845005051	1.70161557219359	0.142354849323768
22.4528533318318	0.946352132040263	1.70868395890183	0.150713359244219
22.4829711766767	0.94989670041431	1.71290958695051	0.159741511749039
22.5130890215215	0.953574550126865	1.71831439092646	0.169068025593082
22.5432068663664	0.957385681178209	1.72377349410804	0.178692900779981
22.5733247112112	0.961330093568112	1.72936905241779	0.188616137305595
22.6034425560561	0.96540778729682	1.72661524464393	0.198837735174575
22.6335604009009	0.969618762364181	1.72846596886631	0.204712196628154
22.6636782457457	0.973963018770011	1.74710448428513	0.212007357892194
22.6937960905906	0.978440556514734	1.75301083447908	0.217255959081576
22.7239139354354	0.983051375598026	1.75879016332635	0.222735339134731
22.7540317802803	0.987795476020016	1.76236092391809	0.230359953724292
22.7841496251251	0.99267285778071	1.75903495680283	0.24009179448174
22.81426746997	0.997683520879804	1.76791371764699	0.250234492961303
22.8443853148148	1.00282746531797	1.76850787393813	0.258200401218053
22.8745031596597	1.00810469109456	1.78233009784702	0.270980425581925
22.9046210045045	1.0135151982099	1.80414989142593	0.275713008788283
22.9347388493494	1.01905898666385	1.80242303292066	0.282987030083435
22.9648566941942	1.02473605645656	1.80849668339312	0.290907866314737
22.994974539039	1.03054640758788	1.81638437668855	0.298786318117246
23.0250923838839	1.03649004005787	1.8374120935206	0.305808999823649
23.0552102287287	1.04256695386641	1.86248022882717	0.310959397438784
23.0853280735736	1.04877714901388	1.85759436931227	0.316341148289549
23.1154459184184	1.05512062549976	1.88794326372553	0.321954252380627
23.1455637632633	1.06159738332444	1.90186120958208	0.327897910961849
23.1756816081081	1.06820742248781	1.91519404501803	0.345050818244164
23.205799452953	1.07495074298978	1.94020544821519	0.349947550587481
23.2359172977978	1.08182734483043	1.94425217511544	0.353128288889426
23.2660351426426	1.08883722800987	1.95244756464814	0.358764611249201
23.2961529874875	1.09598039252779	1.95808618972767	0.368349181670512
23.3262708323323	1.10325683838448	1.99948506157803	0.378240355911363
23.3563886771772	1.11066656557976	1.99933065572052	0.385953893509342
23.386506522022	1.11820957411373	1.99804904408235	0.385323582178248
23.4166243668669	1.12588586398652	1.99570598597625	0.390183526567363
23.4467422117117	1.13369543519772	1.99668278272672	0.417669608501389
23.4768600565566	1.14163828774782	2.00892588558464	0.431130475923019
23.5069779014014	1.14971442163646	2.03554702602317	0.442395349685837
23.5370957462462	1.1579238368638	2.06372995818375	0.454325634801338
23.5672135910911	1.16626653342992	2.06120735761206	0.466394825583629
23.5973314359359	1.17474251133447	2.0820757089816	0.490451142653983
23.6274492807808	1.18335177057786	2.08445220423705	0.502313261621455
23.6575671256256	1.19209431115986	2.09802489135005	0.507780422739595
23.6876849704705	1.20097013308054	2.10795750996307	0.505309890108657
23.7178028153153	1.20997923633992	2.11425793162508	0.500923664473284
23.7479206601602	1.21912162093795	2.12823179863642	0.519452568302968
23.778038505005	1.22839728687458	2.1393803035613	0.545606191524229
23.8081563498498	1.23780623414988	2.15275571292323	0.565230087143932
23.8382741946947	1.24734846276401	2.16703993744124	0.576736012724772
23.8683920395395	1.2570239727167	2.18490488453614	0.588563958863876
23.8985098843844	1.26683276400805	2.19720247843349	0.606456899980565
23.9286277292292	1.27677483663796	2.23620201131604	0.620080681953113
23.9587455740741	1.28685019060672	2.26613281636381	0.631303630948202
23.9888634189189	1.29705882591415	2.3098762930318	0.637114395076987
24.0189812637638	1.30740074256017	2.34691045789782	0.65565662702881
24.0490991086086	1.31787594054492	2.35270417113136	0.669902019127721
24.0792169534535	1.32848441986818	2.37672201861353	0.679709922603652
24.1093347982983	1.33922618053022	2.41501683620722	0.6897039282337
24.1394526431431	1.35010122253093	2.44673807550903	0.702104935852938
24.169570487988	1.36110954587022	2.49081505997378	0.710013348264537
24.1996883328328	1.37225115054844	2.53690611293256	0.717395564908902
24.2298061776777	1.38352603656497	2.57123445375542	0.720501723423926
24.2599240225225	1.39493420392055	2.59874076021269	0.738736997189241
24.2900418673674	1.40647565261433	2.62646172780715	0.748309882983817
24.3201597122122	1.41815038264727	2.66214799116961	0.758265042099185
24.3502775570571	1.42995839401853	2.69905311045249	0.765036958948614
24.3803954019019	1.44189968672865	2.73625051472037	0.769639664714582
24.4105132467467	1.45362915869231	2.76852960637514	0.780030445853587
24.4406310915916	1.46338404572184	2.79614522610208	0.795019234309485
24.4707489364364	1.47261334128088	2.83211381466328	0.810653796127438
24.5008667812813	1.48161493929511	2.8865564960876	0.819284175470546
24.5309846261261	1.49038883976451	2.94144710117963	0.832485546110843
24.561102470971	1.49893504268914	2.97720075191912	0.836919537732931
24.5912203158158	1.50725354806898	2.99081302821677	0.839938828937952
24.6213381606607	1.51534435590408	3.00430161740373	0.843941114035426
24.6514560055055	1.52320746619446	3.01807624951459	0.846045757208033
24.6815738503504	1.53084287893995	3.03199515156075	0.844506343378538
24.7116916951952	1.53825059414077	3.04043041327776	0.85220001416576
24.74180954004	1.54543061179687	3.03422942967805	0.864475195180036
24.7719273848849	1.55238293190801	3.0295500310219	0.866540923214837
24.8020452297297	1.55910755447445	3.07083939433803	0.867412104183842
24.8321630745746	1.56560447949624	3.09345168983484	0.889061599823236
24.8622809194194	1.57187370697306	3.09912772315977	0.890265188832537
24.8923987642643	1.5779152369051	3.10372740314696	0.88940202867849
24.9225166091091	1.58372906929254	3.09879891976521	0.902269921879549
24.952634453954	1.58931520413508	3.09293653670693	0.913141256023933
24.9827522987988	1.5946736414329	3.08814397289335	0.906215331887868
25.0128701436436	1.599804381186	3.10089691586351	0.895513857156368
25.0429879884885	1.60470742339411	3.11820768198588	0.905799073153753
25.0731058333333	1.60938276805774	3.14758638143732	0.900776593383246
25.1032236781782	1.61383041517642	3.15733811483614	0.901447256469163
25.133341523023	1.62077880762111	3.17608820530199	0.90579436351314
25.1634593678679	1.62692625144331	3.18170395979128	0.910278722267936
25.1935772127127	1.63235087748889	3.18515394856159	0.915639761120866
25.2236950575576	1.63682094171677	3.17303208699115	0.920441446043648
25.2538129024024	1.64033644412647	3.15602328415154	0.923956516604539
25.2839307472472	1.64289738471866	3.16848238570625	0.928565080834894
25.3140485920921	1.64450376349276	3.18256690031836	0.934160533718857
25.3441664369369	1.64515558044901	3.19674985832839	0.940209407137935
25.3742842817818	1.64485283558751	3.20911911843708	0.942089198492938
25.4044021266266	1.64359552890818	3.26653288481057	0.948193064240359
25.4345199714715	1.64260978368352	3.30733086202141	0.952909332214131
25.4646378163163	1.64597426829739	3.30640852098522	0.951771686221779
25.4947556611612	1.64637931373674	3.29076403585245	0.950668410870416
25.524873506006	1.64275889012894	3.27398230462578	0.94959950616148
25.5549913508509	1.63796500118103	3.28554023177896	0.948564972094145
25.5851091956957	1.63871151461356	3.29717785440206	0.947564808667015
25.6152270405405	1.63972726442508	3.30817491961234	0.946599015885768
25.6453448853854	1.64064703639491	3.29043852940906	0.945667593741115
25.6754627302302	1.64147083052262	3.27163072415554	0.944770542240754
25.7055805750751	1.64219864680878	3.25276270960977	0.943924586466868
25.7356984199199	1.6428304852531	3.23383448576986	0.941703782417414
25.7658162647648	1.6433663458554	3.21484605263356	0.941530393853189
25.7959341096096	1.64380622861605	3.1966845406982	0.941130759237536
25.8260519544545	1.64415013353486	3.20869618390654	0.940232655126512
25.8561697992993	1.64439806061165	3.21073065422628	0.939448438277533
25.8862876441441	1.6445500098469	3.20690014207657	0.938911519389899
25.916405488989	1.64460598124044	3.21724187745741	0.938409464769657
25.9465233338338	1.64456597479153	3.19794526039281	0.939496378821204
25.9766411786787	1.6444299905014	3.19171958934346	0.941041289743692
26.0067590235235	1.64419802836914	3.19662679046488	0.94266643912004
26.0368768683684	1.64387008839529	3.18963052783811	0.943925537708933
26.0669947132132	1.6434461705794	3.19292083070343	0.944086572026135
26.0971125580581	1.64292627492169	3.18182588707128	0.945712578899496
26.1272304029029	1.64231040142241	3.15140500736867	0.946359223464226
26.1573482477477	1.64159855008105	3.14232611967543	0.944986542958298
26.1874660925926	1.64079072089795	3.11912389988973	0.944232775496168
26.2175839374374	1.63988691387305	3.11114293254225	0.940396675451167
26.2477017822823	1.63888712900622	3.10981807406224	0.938522473829204
26.2778196271271	1.63779136629778	3.10266655449042	0.936936930702867
26.307937471972	1.63659962574729	3.13333752953508	0.93555342890894
26.3380553168168	1.6353119073552	3.15606276557612	0.931511671885505
26.3681731616617	1.63392821112102	3.15493066440019	0.925326035229043
26.3982910065065	1.63244853704546	3.15932000090284	0.921320592039246
26.4284088513513	1.63087288512744	3.17575320062115	0.919806839088169
26.4585266961962	1.62920125536809	3.1764921017201	0.918277732868715
26.488644541041	1.6274336477668	3.14922550268485	0.913221190495268
26.5187623858859	1.62557006232356	3.16041937387265	0.908096545440645
26.5488802307307	1.62361049903863	3.1711668832493	0.9029037977048
26.5789980755756	1.62155495791186	3.16224979017614	0.897998369368632
26.6091159204204	1.61940343894321	3.17107707233522	0.902396858739135
26.6392337652653	1.61715594213278	3.17870394673978	0.897997496487215
26.6693516101101	1.62163573677828	3.18650310328943	0.925075282096171
26.699469454955	1.62107735609833	3.19686489461819	0.92315480682984
26.7295872997998	1.62175775300125	3.20669531912592	0.924921525520518
26.7597051446446	1.62211698959596	3.21649642647544	0.922390963884076
26.7898229894895	1.62215506588241	3.24558373844773	0.919875231155074
26.8199408343343	1.62187198186062	3.25863661665772	0.917374327330328
26.8500586791792	1.62126773753038	3.27162095130527	0.914888252414326
26.880176524024	1.62034233289209	3.28453674238858	0.912417006403464
26.9102943688689	1.6190957679455	3.29738398990807	0.909960589299157
26.9404122137137	1.61752804269051	3.31016269386498	0.907519001101192
26.9705300585586	1.61563915712746	3.32287285425613	0.905092241809049
27.0006479034034	1.61342911125593	3.30998485633229	0.899634542769981
27.0307657482482	1.61089790507623	3.29690276563986	0.891428018208883
27.0608835930931	1.60804553858834	3.30716828914778	0.882317612823633
27.0910014379379	1.60487201179212	3.31740654969788	0.872303326616326
27.1211192827828	1.60137732468774	3.32761754728967	0.861934208637754
27.1512371276276	1.5918833866566	3.2919312232956	0.853697169032153
27.1813549724725	1.59412993120751	3.31165877361235	0.849994521915527
27.2114728173173	1.59593959030926	3.32853271309989	0.846310107251735
27.2415906621622	1.59723508931843	3.35543422160441	0.84259811698243
27.271708507007	1.59801642823479	3.35431594842302	0.838858551109579
27.3018263518519	1.59828360705882	3.3661862749104	0.835091409632443
27.3319441966967	1.59803662579001	3.37789094407855	0.834131982939111
27.3620620415415	1.59727548442879	3.38942995592568	0.829782132802991
27.3921798863864	1.59600018297478	3.40080331045205	0.825223089771047
27.4222977312312	1.59421072142832	3.41201100765844	0.820858013948229
27.4524155760761	1.59190709978909	3.42305304754402	0.817203215774455
27.4825334209209	1.58908931805742	3.43392943011021	0.813749206762402
27.5126512657658	1.58575737623303	3.44464015535493	0.810742392148643
27.5427691106106	1.58191127431604	3.45518522327891	0.8077166314684
27.5728869554555	1.57755101230644	3.41256350322389	0.804671924722805
27.6030048003003	1.57267659020421	3.42351468637833	0.796134274267947
27.6331226451451	1.56728800800951	3.43435383514851	0.791296684805913
27.66324048999	1.56138526572196	3.44508094953568	0.786588147739557
27.6933583348348	1.47703702426493	2.26418036228737	0.773109474218872
27.7234761796797	1.47439800978698	2.26467667296296	0.760173200688486
27.7535940245245	1.47175912956261	2.26832167257154	0.757514109946184
27.7837118693694	1.46909832546064	2.27407420971695	0.754143699280808
27.8138297142142	1.46641559748071	2.27977380343059	0.750749761776014
27.8439475590591	1.46371094562284	2.2854204537131	0.736687428616858
27.8740654039039	1.4609843698872	2.29101416056569	0.728816076509637
27.9041832487487	1.45823587027348	2.29655492398661	0.724493808625547
27.9343010935936	1.45546544678195	2.28888626961812	0.694960241797542
27.9644189384384	1.45267309941275	2.29125854895185	0.677938612995185
27.9945367832833	1.44985882816516	2.28546924852926	0.661744843139418
28.0246546281281	1.44702263304014	2.29055572297214	0.656421277554045
28.054772472973	1.44416451403707	2.29575631674832	0.635964322989433
28.0848903178178	1.44128447115619	2.3009283200999	0.598111265778784
28.1150081626627	1.43838250439726	2.30607173302684	0.565347369451411
28.1451260075075	1.43545861376061	2.31118655553014	0.540676601312889
28.1752438523524	1.43251279924588	2.31258643639267	0.516816030809671
28.2053616971972	1.42954506085345	2.31456743435538	0.480028002792692
28.235479542042	1.42655539858287	2.31956605134139	0.453439602400397
28.2655973868869	1.42354381243487	2.32454247195081	0.424346673798842
28.2957152317317	1.42051030240847	2.32949669618588	0.392251079549309
28.3258330765766	1.41745486850453	2.33442872404207	0.374707568590619
28.3559509214214	1.41437751072237	2.339338555523	0.354048910701301
28.3860687662663	1.41127822906275	2.34422619062604	0.334904084628227
28.4161866111111	1.4081570235249	2.34909162935415	0.317287355948024
28.446304455956	1.40501389410934	2.35393487170544	0.312162496288195
28.4764223008008	1.40184884081566	2.35764682953985	0.303770507440058
28.5065401456456	1.39866186364433	2.36030889298722	0.264667924807645
28.5366579904905	1.39545296259515	2.36284005616915	0.24020143244717
28.5667758353353	1.3922221376678	2.36538712408229	0.204041174267362
28.5968936801802	1.38896938886277	2.36795009672591	0.154250584578505
28.627011525025	1.38569471617992	2.37052897410158	0.117058664170828
28.6571293698699	1.38239811961896	2.37312375620757	0.10341650388906
28.6872472147147	1.37907959918018	2.37573444304476	0.0855795527914472
28.7173650595596	1.37573915486362	2.37836103461223	0.0607990724976937
28.7474829044044	1.37237678666907	2.38100353091196	0.00384078667011279
28.7776007492492	1.36899249459657	2.38366193194142	0
28.8077185940941	1.3655862786464	2.38633623770323	0
28.8378364389389	1.36215813881818	2.38902644819443	0
28.8679542837838	1.35870807511202	2.3917325634181	0
28.8980721286286	1.35523608752815	2.3944545833715	0
28.9281899734735	1.35174217606624	2.39719250805662	0
28.9583078183183	1.34822634072646	2.39994633747287	0
28.9884256631632	1.34468858150882	2.40271607161892	0
29.018543508008	1.34112889841333	2.40550171049754	0
29.0486613528529	1.33754729143988	2.40838038028718	0
29.0787791976977	1.3339437605886	2.41237443589452	0
29.1088970425425	1.33031830585933	2.41636458464891	0
29.1390148873874	1.32667092725235	2.42035082654926	0
29.1691327322322	1.32300162476726	2.42433316159758	0
29.1992505770771	1.23758085558761	1.92943915805234	0
29.2293684219219	1.23288988178948	1.93227074895548	0
29.2594862667668	1.2282427003912	1.93546710831089	0
29.2896041116116	1.22365027462242	1.93905022462034	0
29.3197219564565	1.21911260448303	1.94422261191384	0
29.3498398013013	1.21462968997286	1.94933276518477	0
29.3799576461461	1.21020153109222	1.95438068443366	0
29.410075490991	1.20582812784087	1.95349062757151	0
29.4401933358358	1.20150948021918	1.95422747683354	0
29.4703111806807	1.19724558822678	1.95730071666624	0
29.5004290255255	1.19303645186361	1.96031051045948	0
29.5305468703704	1.18888207113005	1.96325685821571	0
29.5606647152152	1.18478244602571	1.96576399063867	0
29.5907825600601	1.07308628571138	1.80055409955083	0
29.6209004049049	1.06666018286978	1.80257798047356	0
29.6510182497498	1.06030757087913	1.80466507340198	0
29.6811360945946	1.05411862381307	1.80681537833363	0
29.7112539394394	1.04809334167075	1.80916308124251	0
29.7413717842843	1.04223172445296	1.81180481037611	0
29.7714896291291	1.03653377215915	1.80751765908708	0
29.801607473974	1.03099948478964	1.81040311032292	0
29.8317253188188	1.02562886234437	1.8132666338802	0
29.8618431636637	1.02042190482327	1.81610822975941	0
29.8919610085085	1.01537861222626	1.8189278979594	0
29.9220788533534	1.01049898455363	1.82172563848228	0
29.9521966981982	1.00578302180519	1.82450145132657	0
29.982314543043	1.00123072398086	1.82725533649204	0
30.0124323878879	0.996842091080747	1.82998729397934	0
30.0425502327327	0.992617123104906	1.83269732378847	0
30.0726680775776	0.988555820053031	1.83538542591895	0
