phys	rec.rate	upper	lower
0.0145696586586587	NA	NA	NA
0.043708975975976	NA	NA	NA
0.0728482932932933	NA	NA	NA
0.101987610610611	NA	NA	NA
0.131126927927928	NA	NA	NA
0.160266245245245	NA	NA	NA
0.189405562562563	NA	NA	NA
0.21854487987988	NA	NA	NA
0.247684197197197	NA	NA	NA
0.276823514514515	NA	NA	NA
0.305962831831832	NA	NA	NA
0.335102149149149	NA	NA	NA
0.364241466466466	NA	NA	NA
0.393380783783784	NA	NA	NA
0.422520101101101	NA	NA	NA
0.451659418418418	NA	NA	NA
0.480798735735736	NA	NA	NA
0.509938053053053	NA	NA	NA
0.53907737037037	NA	NA	NA
0.568216687687688	NA	NA	NA
0.597356005005005	NA	NA	NA
0.626495322322322	NA	NA	NA
0.65563463963964	NA	NA	NA
0.684773956956957	NA	NA	NA
0.713913274274274	NA	NA	NA
0.743052591591592	NA	NA	NA
0.772191908908909	NA	NA	NA
0.801331226226226	NA	NA	NA
0.830470543543544	NA	NA	NA
0.859609860860861	NA	NA	NA
0.888749178178178	NA	NA	NA
0.917888495495496	NA	NA	NA
0.947027812812813	NA	NA	NA
0.97616713013013	NA	NA	NA
1.00530644744745	NA	NA	NA
1.03444576476476	NA	NA	NA
1.06358508208208	NA	NA	NA
1.0927243993994	NA	NA	NA
1.12186371671672	NA	NA	NA
1.15100303403403	NA	NA	NA
1.18014235135135	NA	NA	NA
1.20928166866867	NA	NA	NA
1.23842098598599	NA	NA	NA
1.2675603033033	3.44480301652776	4.27670323344829	2.60133496151041
1.29669962062062	3.44419983501947	4.26741899583102	2.6144329658239
1.32583893793794	3.44392286517794	4.25809953667253	2.6287619061707
1.35497825525526	3.4439721070032	4.24874485597281	2.64515445285208
1.38411757257257	3.44434756049523	4.23935495373186	2.65778083827196
1.41325688988989	3.44495517224512	4.2299298299497	2.65452320921192
1.44239620720721	3.43244302450261	4.19652679576527	2.66840481971611
1.47153552452452	3.4319908712451	4.18657971357363	2.67340326181611
1.50067484184184	3.43166358850557	4.17918879173513	2.67464457597145
1.52981415915916	3.43146117628403	4.17170269982221	2.67402318823076
1.55895347647648	3.43138363458047	4.16804030889596	2.67503012489796
1.58809279379379	3.43143096339489	4.16540917305178	2.68486114053708
1.61723211111111	3.431603122898	4.16336312703989	2.69829260713803
1.64637142842843	3.43472913320328	4.18105772747324	2.70880664937808
1.67551074574575	3.43463782809945	4.16814130563288	2.71876959256372
1.70465006306306	3.4345302879592	4.15910600285429	2.722466861546
1.73378938038038	3.43440651278251	4.15136828694347	2.72758348726231
1.7629286976977	3.43426650256942	4.14429412500494	2.73313109872052
1.79206801501502	3.4341102573199	4.13958468993619	2.73629701145382
1.82120733233233	3.43393777703395	4.13478866711505	2.73967831555569
1.85034664964965	3.43374906171159	4.1291674807284	2.7431925118183
1.87948596696697	3.43354411135281	4.12020087556916	2.74994428132541
1.90862528428428	3.4333229259576	4.11736970901654	2.76162091236112
1.9377646016016	3.43308550552597	4.11011800213751	2.77272888032597
1.96690391891892	3.43283185005792	4.10147122400795	2.78381230106885
1.99604323623624	3.43256195955346	4.09222486602167	2.78859431147838
2.02518255355355	3.43227583401255	4.08349512051309	2.78864267409807
2.05432187087087	3.43197347343524	4.07777840888409	2.79238828631481
2.08346118818819	3.4316548778215	4.07123280971366	2.80061203108934
2.11260050550551	3.43132004717134	4.06601988401474	2.80684767495851
2.14173982282282	3.43096898148477	4.05705515590917	2.81467946810095
2.17087914014014	3.43060168076176	4.05649109924151	2.82199715631397
2.20001845745746	3.43021814500234	4.04858235763791	2.82451896302779
2.22915777477477	3.42981837420649	4.04602847309614	2.82723847429985
2.25829709209209	3.42940236837423	4.04204082818815	2.83325458459766
2.28743640940941	3.42897012750554	4.0339850215351	2.83539668086013
2.31657572672673	3.42852165160043	4.02590574261644	2.83810305272871
2.34571504404404	3.4280569406589	4.01692468765576	2.85054600266143
2.37485436136136	3.42757599468094	4.01115749837006	2.85985089451882
2.40399367867868	3.42707881366658	4.00703180492686	2.85627050835011
2.433132995996	3.42656539761578	4.00141761264404	2.86590873937733
2.46227231331331	3.42603574652856	3.99423768618762	2.87279237389276
2.49141163063063	3.42548986040492	3.98566635366059	2.86184411416614
2.52055094794795	3.42492773924486	3.97893431960698	2.86692718571125
2.54969026526527	3.42434938304838	3.97228524919237	2.87224774085252
2.57882958258258	3.42375479181547	3.96205187084516	2.87780577959004
2.6079688998999	3.42314396554615	3.95132711868435	2.88360130192386
2.63710821721722	3.42251690424041	3.94175197822829	2.88727373883611
2.66624753453453	3.42187360789822	3.93659250915662	2.89038560550853
2.69538685185185	3.42121407651965	3.93356101426409	2.89335395181378
2.72452616916917	3.42053831010462	3.92761909452223	2.89178207523746
2.75366548648649	3.4198463086532	3.92051417804774	2.89213452883757
2.7828048038038	3.41913807216535	3.91342555800084	2.89603098138669
2.81194412112112	3.41841360064106	3.90599082079525	2.90080577227321
2.84108343843844	3.41767289408036	3.89861251126573	2.90326440040304
2.87022275575576	3.41691595248325	3.89309144959143	2.90455873144866
2.89936207307307	3.4161427758497	3.88752185948922	2.90590743955327
2.92850139039039	3.41596346250787	3.88277715687823	2.90770377200709
2.95764070770771	3.41790674536286	3.89057418302263	2.90272961771503
2.98678002502503	3.4181520521413	3.89453024039749	2.9033953039802
3.01591934234234	3.4180348918239	3.89322786446565	2.90415731845193
3.04505865965966	3.41755526441064	3.88994069240757	2.9078100836222
3.07419797697698	3.41728698894577	3.88722031344143	2.9119351852459
3.10333729429429	3.42032725217282	3.90520841454734	2.9182714187529
3.13247661161161	3.42098316779325	3.90312157026134	2.91870939238887
3.16161592892893	3.42158400479007	3.90268110555815	2.91957059657707
3.19075524624625	3.42212976316329	3.90296081150997	2.90193252545756
3.21989456356356	3.42262044291292	3.90242400909841	2.90068964951788
3.24903388088088	3.42305604403895	3.9014374225805	2.89933550104369
3.2781731981982	3.42343656654138	3.90014523198637	2.88841427864087
3.30731251551552	3.42376201042022	3.90746627510573	2.87892772125198
3.33645183283283	3.42403237567545	3.90825725411955	2.86529964129271
3.36559115015015	3.42424766230709	3.91936471118132	2.85729396099063
3.39473046746747	3.42440787031513	3.93639538662827	2.84826022250209
3.42386978478478	3.42451299969955	3.94729120819652	2.85231192216081
3.4530091021021	3.4245630504604	3.95313893446278	2.85857082700183
3.48214841941942	3.42455802259767	3.9651094683805	2.86600950610161
3.51128773673674	3.42449791611129	3.96774301157963	2.87244589422129
3.54042705405405	3.42438273100136	3.97883421569016	2.86750879517942
3.56956637137137	3.42421246726778	3.98792281732169	2.8656124335709
3.59870568868869	3.42398712491066	3.99529383274351	2.84486818996751
3.62784500600601	3.42370670392989	4.00732998548513	2.84393343736153
3.65698432332332	3.42337120432556	4.02093840973673	2.84522184295119
3.68612364064064	3.42298062609761	4.03258905048547	2.84613695429631
3.71526295795796	3.42253496924608	4.04461281559806	2.84564546787238
3.74440227527528	3.42203423377092	4.05089002550422	2.84662269790535
3.77354159259259	3.4214784196722	4.04656054229368	2.84825738038245
3.80268090990991	3.42086752694986	4.04195973249488	2.84348172112164
3.83182022722723	3.42020155560392	4.05419406014959	2.83888496580706
3.86095954454454	3.4194805056344	4.06683232711512	2.83529182023399
3.89009886186186	3.41870437704127	4.06994956720651	2.8386172403875
3.91923817917918	3.41787316982453	4.08378447121168	2.84410624426253
3.9483774964965	3.4169868839842	4.08604198123874	2.84257585076336
3.97751681381381	3.4160455195203	4.08582604956084	2.83960123735365
4.00665613113113	3.41504907643276	4.08655090549834	2.83843432781892
4.03579544844845	3.41399755472164	4.08229134379863	2.83065457162564
4.06493476576577	3.41289095438693	4.10357713385176	2.82292030832187
4.09407408308308	3.4117292754286	4.11455381099922	2.81539155716358
4.1232134004004	3.41051251784671	4.1088825662391	2.80999526643999
4.15235271771772	3.40924068164118	4.11685304164958	2.80792966641947
4.18149203503503	3.40791376681206	4.12756833425498	2.79788646334163
4.21063135235235	3.40653177335938	4.12757059635559	2.80755893579164
4.23977066966967	3.40509470128304	4.12338950611034	2.81298917911533
4.26890998698699	3.40360255058316	4.13194977932864	2.8124925314351
4.29804930430431	3.40205532125966	4.14883816255438	2.80844232775322
4.32718862162162	3.40045301331253	4.13604657776749	2.80622410225001
4.35632793893894	3.39879562674186	4.12704741648599	2.8034088911742
4.38546725625626	3.39708316154755	4.13030702721003	2.79891565117661
4.41460657357357	3.39531561772965	4.12414217716163	2.79903454098032
4.44374589089089	3.39505631652603	4.12513371246613	2.79605734195478
4.47288520820821	3.39777998091981	4.13861228340268	2.77690083599727
4.50202452552553	3.40046580668077	4.16336533421134	2.77225186036073
4.53116384284284	3.4024722082315	4.19348603506487	2.76009319340665
4.56030316016016	3.40379918557206	4.23053318241414	2.7496841814394
4.58944247747748	3.40444673870233	4.2419753725365	2.74264105820989
4.6185817947948	3.40441486762245	4.24453473745596	2.73986685007142
4.64772111211211	3.40370357233233	4.25448995832636	2.73725290675483
4.67686042942943	3.40231285283198	4.2514531120363	2.73479922826059
4.70599974674675	3.40024270912143	4.24760100680601	2.72250753174696
4.73513906406406	3.39749314120064	4.23839754787898	2.70708750154755
4.76427838138138	3.39406414906967	4.23367979393953	2.69780340023393
4.7934176986987	3.38995573272847	4.2393406830831	2.6867397868852
4.82255701601602	3.38522497286955	4.2435611477343	2.68200364723889
4.85169633333333	3.38157986043148	4.27617324860623	2.67368859094969
4.88083565065065	3.37859147788403	4.27598022777006	2.6607135960359
4.90997496796797	3.37560330496824	4.3106637913041	2.63837803794352
4.93911428528529	3.3726153416841	4.34169934735737	2.62416961594872
4.9682536026026	3.36962758803158	4.34619290594642	2.60554375431906
4.99739291991992	3.36664004401076	4.34674501906216	2.5982819684929
5.02653223723724	3.3636527096215	4.36368795134783	2.58278600331992
5.05567155455456	3.360665584864	4.39699197305299	2.57220635244888
5.08481087187187	3.35767866973806	4.39494976924168	2.55173286509313
5.11395018918919	3.35469196424381	4.41226191901145	2.53771533661791
5.14308950650651	3.35170546838118	4.44629182689926	2.52062856048334
5.17222882382382	3.34871918215022	4.46267517923804	2.50617378007836
5.20136814114114	3.3457331055509	4.46720179581155	2.49214461308633
5.23050745845846	3.34274723858324	4.47582376296469	2.48230257951171
5.25964677577578	3.3397615812472	4.48002033389761	2.46873289229266
5.28878609309309	3.33677613354285	4.48480382952583	2.4469486052994
5.31792541041041	3.33379089547009	4.48823709881787	2.43639104268752
5.34706472772773	3.33080586702903	4.48986600449124	2.40717671915355
5.37620404504505	3.32782104821958	4.47468101326055	2.37926131039531
5.40534336236236	3.3248364390418	4.47831084702693	2.36536724275002
5.43448267967968	3.32185203949568	4.48619590558197	2.342701374727
5.463621996997	3.31886784958117	4.48338604807221	2.32832913761383
5.49276131431431	3.31588386929833	4.49064208258001	2.30410636758088
5.52190063163163	3.31290009864716	4.49688418189659	2.287827625012
5.55103994894895	3.3099165376276	4.50151279638995	2.26481450437072
5.58017926626627	3.30693318623969	4.50951908514577	2.25756977836548
5.60931858358358	3.30395004448344	4.50736932556521	2.24359067428845
5.6384579009009	3.30096711235884	4.50951522239851	2.23082227911915
5.66759721821822	3.29798438986589	4.51022234892218	2.23087366582796
5.69673653553554	3.29500187700458	4.50792047122975	2.21914605870859
5.72587585285285	3.2920195737749	4.50068502276476	2.19635481259729
5.75501517017017	3.28903748017691	4.4956831792828	2.18606057581682
5.78415448748749	3.28605559621054	4.49612134250477	2.17691097742125
5.81329380480481	3.28307392187582	4.49441760833662	2.16852824787621
5.84243312212212	3.28009245717273	4.49190724431772	2.16355642201775
5.87157243943944	3.27711120210131	4.48917090922064	2.16097148005757
5.90071175675676	3.27413015666156	4.48232481677975	2.14765122463411
5.92985107407407	3.27114932085344	4.47749288017176	2.14770499150019
5.95899039139139	3.26816869467694	4.46767973529788	2.13758974745412
5.98812970870871	3.2651882781321	4.45992290553317	2.13354718385586
6.01726902602603	3.26220807121894	4.45134655663811	2.12955209393969
6.04640834334334	3.2592280739374	4.44397639824726	2.12339988567395
6.07554766066066	3.25624828628749	4.4391684461081	2.1264375539643
6.10468697797798	3.25326870826928	4.43252447577278	2.12552725239877
6.1338262952953	3.25028933988266	4.42214858061945	2.12127417904652
6.16296561261261	3.24731018112771	4.41091359019992	2.12277605290227
6.19210492992993	3.24433123200446	4.39881950451415	2.12602669437418
6.22124424724725	3.24135249251277	4.38586632356261	2.12604236688457
6.25038356456457	3.23837396265275	4.36260508309299	2.13294749875899
6.27952288188188	3.23539564242443	4.35549593159875	2.13660862437545
6.3086621991992	3.23241753182772	4.35116842017766	2.13450867802951
6.33780151651652	3.22943963086265	4.32023535868376	2.12152894383144
6.36694083383383	3.22646193952923	4.28421096018009	2.12160775997932
6.39608015115115	3.22348445782746	4.23919450506811	2.12290309447962
6.42521946846847	3.22050718575735	4.22454831241569	2.12481173804
6.45435878578579	3.21753012331891	4.2243590276087	2.13059570554523
6.4834981031031	3.21455327051204	4.22736327809487	2.13770458189264
6.51263742042042	3.21157662733689	4.22514612675908	2.14554681746315
6.54177673773774	3.20860019379339	4.20072156870853	2.15434554845687
6.57091605505506	3.20562396988148	4.17745866508145	2.15371732908429
6.60005537237237	3.20264795560128	4.1470872336329	2.15953380902079
6.62919468968969	3.19967215095265	4.1312038007908	2.15340805175772
6.65833400700701	3.19669655593573	4.11656076767533	2.15239306265238
6.68747332432432	3.19372117055045	4.08716377938533	2.15566759421443
6.71661264164164	3.1907459947968	4.07903148348038	2.17949870041886
6.74575195895896	3.18777102867484	4.04448614598232	2.16303557218391
6.77489127627628	3.18479627218446	4.05381075463829	2.17686633681984
6.80403059359359	3.18182172532577	4.04386769041397	2.17982698372352
6.83316991091091	3.17884738809872	4.01808664933042	2.15855508082173
6.86230922822823	3.17587326050335	3.97257015487057	2.16563294467553
6.89144854554555	3.17289934253956	3.95764908439235	2.20889684561327
6.92058786286286	3.16992563420747	3.94168468439868	2.18607318074484
6.94972718018018	3.16695213550698	3.91731295478977	2.20246616953188
6.9788664974975	3.16397884643821	3.91085837744764	2.1887150725894
7.00800581481482	3.16100576700104	3.89869795312619	2.17220678153646
7.03714513213213	3.1580328971955	3.87475853188116	2.12198945347618
7.06628444944945	3.15506023702166	3.85953388411961	2.14136045493585
7.09542376676677	3.15208778647941	3.84688460791805	2.1379114768629
7.12456308408408	3.1491155455689	3.83570243581007	2.05243246446239
7.1537024014014	3.14614351428992	3.82257669872043	1.99737568977882
7.18284171871872	3.14317169264262	3.82160417596754	1.98194733056088
7.21198103603604	3.14020008062706	3.82915458230495	1.93514161841509
7.24112035335335	3.13722867824303	3.84170386979025	1.84053681577075
7.27025967067067	3.13215098557802	3.84915834203201	1.6919048346995
7.29939898798799	3.12457519430869	3.90768595186036	1.58600750242233
7.32853830530531	3.11749818463762	3.959025313306	1.51977579419241
7.35767762262262	3.11093475066357	3.94463861027974	1.45531303821513
7.38681693993994	3.10488489238642	4.03290805588644	1.36087603676223
7.41595625725726	3.09934860980623	4.11601198842949	1.32356182592367
7.44509557457457	3.09432590292296	4.22821512517968	1.25627336960951
7.47423489189189	3.08981677173664	4.24835284313697	1.20762068920225
7.50337420920921	3.08582121624728	4.28511585272377	1.1615767916268
7.53251352652653	3.08233923645477	4.31178605011499	1.12737280922317
7.56165284384385	3.07937083235931	4.33852409314804	1.18268818242483
7.59079216116116	3.07691600396074	4.35305241766491	1.24007923220874
7.61993147847848	3.07497475125909	4.370677274559	1.14637861361232
7.6490707957958	3.07354707425445	4.39111564226702	1.06102802878086
7.67821011311311	3.07263297294671	4.40390149929261	0.952367147795441
7.70734943043043	3.07223244733586	4.41038440391189	0.842280710304481
7.73648874774775	3.07234549742204	4.4459335767604	0.993557443107012
7.76562806506507	3.07297212320508	4.4971450105645	0.863936725535343
7.79476738238238	3.07725939606391	4.46673880704318	0.743945076406504
7.8239066996997	3.08571774145118	4.51014883550072	0.828958367969071
7.85304601701702	3.09319557170966	4.49712708458991	0.85242927292669
7.88218533433433	3.09965165250782	4.6139395322319	0.861558061499365
7.91132465165165	3.10508598384539	4.62874052593847	0.892840095328127
7.94046396896897	3.10949856572271	4.66041475282033	0.863637791244895
7.96960328628629	3.11288939813958	4.72956186885432	0.773302232656941
7.9987426036036	3.11525848109601	4.74857779447354	0.596977471341785
8.02788192092092	3.11660581459203	4.72767139487281	0.526983864839101
8.05702123823824	3.11693139862771	4.65004430778669	0.45175382510103
8.08616055555555	3.11623523320297	4.64112105833589	0.276927872007666
8.11529987287287	3.11451731831775	4.60110177590006	0.126401450898266
8.14443919019019	3.11178549206601	4.60695157761815	0
8.17357850750751	3.12558352097535	4.62270178851073	0.02686905187507
8.20271782482483	3.14689408697112	4.5722140768433	0.270378915946544
8.23185714214214	3.15593298042376	4.50206010403175	0.411206132726509
8.26099645945946	3.15270020133337	4.40202436588841	0.448007719912879
8.29013577677678	3.16415034269433	4.34884420891664	0.388112452291321
8.3192750940941	3.16606113481185	4.30187847379413	0.559889424500911
8.34841441141141	3.18648753930535	4.32857010452055	0.790535129594604
8.37755372872873	3.20609768783961	4.3445074134877	1.08660546210009
8.40669304604605	3.22489158041457	4.37733942615062	1.2264858109312
8.43583236336336	3.24286921703029	4.41985970298434	1.29970184701353
8.46497168068068	3.26003059768671	4.48613239525438	1.35557074416126
8.494110997998	3.27637572238385	4.55604163923622	1.42739389678291
8.52325031531532	3.29190459112177	4.60995153590027	1.47132586000763
8.55238963263263	3.30661720390041	4.67955250145964	1.46579079452314
8.58152894994995	3.32051356071975	4.73206046321707	1.55414408027101
8.61066826726727	3.33359366157982	4.78827164410951	1.55524844359351
8.63980758458458	3.34585750648066	4.84411986669405	1.51670939261321
8.6689469019019	3.35730509542214	4.8791966589529	1.48633927120319
8.69808621921922	3.36793642840447	4.92897064560851	1.5142301800531
8.72722553653654	3.37775150542748	4.97988262716378	1.56622549408539
8.75636485385385	3.38675032649121	5.02621173360727	1.55920887098307
8.78550417117117	3.39493289159571	5.06795796493976	1.5140891907635
8.81464348848849	3.40229920074083	5.11556034967847	1.56343516916526
8.84378280580581	3.40884925392683	5.14867950668645	1.57334786939331
8.87292212312313	3.41458305115346	5.1776568960347	1.52311026436898
8.90206144044044	3.41950059242087	5.18911413915273	1.49759724753318
8.93120075775776	3.42360187772894	5.22409746885376	1.47087764292257
8.96034007507508	3.42688690707789	5.23172154747324	1.46122367281838
8.98947939239239	3.42935568046735	5.24235245066764	1.44243354671054
9.01861870970971	3.43100819789772	5.25957574537564	1.43646217698813
9.04775802702703	3.43184445936881	5.26672545478402	1.43903344197644
9.07689734434435	3.43186446488052	5.26691164005728	1.45599534000145
9.10603666166166	3.43106821443303	5.27166835481203	1.44134012980229
9.13517597897898	3.42945570802629	5.28546532860567	1.42772058886833
9.1643152962963	3.42702694566023	5.27390077692365	1.41582563417692
9.19345461361361	3.42378192733495	5.27678201318183	1.40538184444956
9.22259393093093	3.41972065305037	5.27045491798248	1.39638921968461
9.25173324824825	3.41484312280652	5.26091907335702	1.38884775988316
9.28087256556557	3.4091493366034	5.2227164351508	1.3828427925403
9.31001188288288	3.40263929444101	5.20050173154094	1.38865871497714
9.3391512002002	3.39531299631937	5.17020126396379	1.3903844931504
9.36829051751752	3.38717044223847	5.14939185036135	1.38222527718197
9.39742983483483	3.37821163219824	5.10117085155363	1.37902565689117
9.42656915215215	3.3684365661988	5.06131244972461	1.37407346529999
9.45570846946947	3.3578452442401	5.02444618215242	1.37908110798454
9.48484778678679	3.34643766632202	5.0481694290709	1.390598531004
9.51398710410411	3.33421383244483	5.01710122662688	1.40844192824117
9.54312642142142	3.32117374260821	4.94780616710073	1.40535360035148
9.57226573873874	3.30731739681249	4.89829485033584	1.46116661773871
9.60140505605606	3.29264479505738	4.88241227709814	1.46790248450473
9.63054437337338	3.27715593734303	4.83519678185313	1.51124930628491
9.65968369069069	3.26085082366942	4.81022367241928	1.53671379138882
9.68882300800801	3.24372945403651	4.78574943275298	1.54067075852781
9.71796232532533	3.22579182844438	4.74173550389147	1.54754980604531
9.74710164264264	3.20703794689292	4.73399771647248	1.54226205848139
9.77624095995996	3.18746780938229	4.72629917304715	1.53882081198495
9.80538027727728	3.16708141591226	4.70309607756862	1.52208582698526
9.8345195945946	3.14587876648307	4.65695824014648	1.49267571619563
9.86365891191191	3.13690381710998	4.66953699035482	1.46237775749042
9.89279822922923	3.14344165064268	4.76978812670877	1.45569124159126
9.92193754654655	3.14433287688537	4.89940240324896	1.3454711399244
9.95107686386386	3.13938941126811	4.94644281041042	1.31603056909823
9.98021618118118	3.12861125379093	4.87241889169307	1.34580691102387
10.0093554984985	3.12335680734604	4.88984581292855	1.39661853741679
10.0384948158158	3.12686242216688	4.91758182253362	1.42075123878501
10.0676341331331	3.10520973788222	4.86349878790182	1.44735976699937
10.0967734504505	3.10788835622292	4.87951656555138	1.41032860915203
10.1259127677678	3.1104112491913	4.87550133813616	1.44463584042834
10.1550520850851	3.11114347994927	4.9904626635416	1.44313366851182
10.1841914024024	3.11008504849688	5.0391804350093	1.43412879933854
10.2133307197197	3.10723595483412	5.1041157369008	1.41986317009365
10.242470037037	3.10259619896101	5.17692124525489	1.36195195296123
10.2716093543544	3.09616578087749	5.2337188817197	1.35993834706486
10.3007486716717	3.08794470058363	5.25397502659644	1.37895742279891
10.329887988989	3.07793295807938	5.26298741423937	1.373150134272
10.3590273063063	3.06613055336477	5.24314845345677	1.35728802836087
10.3881666236236	3.05253748643978	5.24020608314616	1.33786660621332
10.4173059409409	3.03715375730447	5.27448105697534	1.32529743036069
10.4464452582583	3.01997936595868	5.25410816668412	1.28475809469237
10.4755845755756	3.00101431240253	5.21851764168651	1.29538386826042
10.5047238928929	2.98025859663615	5.20631286101428	1.29159775019352
10.5338632102102	2.95771221865922	5.23247334569161	1.300408518506
10.5630025275275	2.93337517847206	5.14678769731663	1.26236146496708
10.5921418448448	2.90724747607449	5.15135280313306	1.22753800527118
10.6212811621622	2.87932911146647	5.17252720782411	1.22789172181638
10.6504204794795	2.84962008464813	5.1906556576484	1.24788655249838
10.6795597967968	2.82410905731281	5.13650919777266	1.23076720733699
10.7086991141141	2.80456675864874	5.19386947489013	1.19905694828196
10.7378384314314	2.78149169742506	5.20523220697957	1.11115232854559
10.7669777487488	2.7547996908345	5.20459034911559	1.14933832899404
10.7961170660661	2.72449073887709	5.14786599581805	1.05057421492737
10.8252563833834	2.69056484155274	5.16027767955485	0.997624200861781
10.8543957007007	2.65302199886163	5.05502731131674	0.997747678648797
10.883535018018	2.61186221080365	4.94932570380419	0.999297413930711
10.9126743353353	2.56708547737868	4.77752381162056	1.00762920059672
10.9418136526527	2.51869179858702	4.65246706101728	0.994894767163778
10.97095296997	2.47100101323147	4.5551159365307	0.964665539971853
11.0000922872873	2.43449331799013	4.51089936127994	0.944316650540874
11.0292316046046	2.39738559615139	4.47301329407372	0.937545125039648
11.0583709219219	2.35866863780371	4.37964263688648	0.910550942140792
11.0875102392392	2.318342442947	4.43429325400688	0.876091149798901
11.1166495565566	2.27640701158145	4.33877033779875	0.855762026594948
11.1457888738739	2.23286234370689	4.21164290514466	0.826729394947802
11.1749281911912	2.1877084393234	4.12811261273613	0.804712732902033
11.2040675085085	2.14094529843091	4.05591604190856	0.783353203327973
11.2332068258258	2.09257292102957	3.93524456373897	0.762818468569068
11.2623461431431	2.04259130711918	3.79545549626772	0.739170590078698
11.2914854604605	1.99100045669995	3.66745299219772	0.720422311420429
11.3206247777778	1.93780036977167	3.41559626437284	0.675342087886029
11.3497640950951	1.88188356557852	3.17837859686496	0.651468878516944
11.3789034124124	1.81685810496766	3.05633506497597	0.594605444056334
11.4080427297297	1.75174179219665	2.96245801129822	0.518396797621651
11.437182047047	1.68859203715094	2.84842483872773	0.443011935370114
11.4663213643644	1.62740883983053	2.73844423911981	0.373613603673583
11.4954606816817	1.56819220023546	2.6821615186662	0.306149226649388
11.524599998999	1.51094211836584	2.57976983281298	0.275151297111278
11.5537393163163	1.4556585942215	2.52422190507222	0.192965062358152
11.5828786336336	1.40234162780248	2.47755103999896	0.12434560051375
11.612017950951	1.35099121910892	2.44305292582676	0.0632505794500826
11.6411572682683	1.3016073681406	2.40848990266002	0.0197345009831292
11.6702965855856	1.25419007489769	2.36066228954972	0
11.6994359029029	1.20873933938005	2.33270963516213	0
11.7285752202202	1.16525516158788	2.2752420771918	0
11.7577145375375	1.12373754152095	2.22649743106452	0
11.7868538548549	1.08418647917948	2.21054163345074	0
11.8159931721722	1.04660197456332	2.18053884698021	0
11.8451324894895	1.01098402767241	2.14993986788849	0
11.8742718068068	0.977332638507032	2.12327939738706	0
11.9034111241241	0.945647807066813	2.10536355486175	0
11.9325504414414	0.915929533352066	2.09888671569688	0
11.9616897587588	0.888177817362614	2.08636984929465	0
11.9908290760761	0.862392659098517	2.07480644033248	0
12.0199683933934	0.838574058559813	2.06787187428938	0
12.0491077107107	0.816722015746422	2.054969162687	0
12.078247028028	0.796836530658471	2.0466915106824	0
12.1073863453453	0.778917603295635	2.05456574947612	0
12.1365256626627	0.762965233658396	2.07195687932454	0
12.16566497998	0.74897942174641	2.07261185610236	0
12.1948042972973	0.736960167559777	2.06862106622641	0
12.2239436146146	0.726907471098412	2.09437290626525	0
12.2530829319319	0.7188213323626	2.10442448874127	0
12.2822222492493	0.712701751351991	2.10645911540457	0
12.3113615665666	0.708548728066796	2.10573270816408	0
12.3405008838839	0.706362262506802	2.12351402797017	0
12.3696402012012	0.706142354672372	2.13362874308779	0
12.3987795185185	0.707889004563139	2.14237455181437	0
12.4279188358358	0.711602212179253	2.15103304263773	0
12.4570581531532	0.717281977520839	2.16495628605779	0
12.4861974704705	0.724928300587646	2.18936208324915	0
12.5153367877878	0.734541181379898	2.2002742592588	0
12.5444761051051	0.746120619897502	2.22225140147468	0
12.5736154224224	0.759666616140395	2.2348301638375	0
12.6027547397397	0.775179170108688	2.24760169632749	0
12.6318940570571	0.792658281802225	2.26078944984878	0
12.6610333743744	0.812103951221245	2.28464544177111	0
12.6901726916917	0.833516178365522	2.31712701098918	0
12.719312009009	0.85689496323517	2.35062328430844	0
12.7484513263263	0.882240305830265	2.39413276396583	0
12.7775906436436	0.909552206150554	2.43433311905703	0
12.806729960961	0.938830664196328	2.46459510458128	0
12.8358692782783	0.970075679967349	2.49844017461553	0
12.8650085955956	1.0032872534638	2.52396318767809	0
12.8941479129129	1.03846538468556	2.56395345447778	0
12.9232872302302	1.0756100736326	2.60894189660321	0
12.9524265475475	1.11472132030516	2.63650589274993	0
12.9815658648649	1.15579912470287	2.68532196356917	0
13.0107051821822	1.19884348682612	2.77246560815615	0
13.0398444994995	1.24385440667461	2.82221610750749	0
13.0689838168168	1.29083188424849	2.8815906329899	0
13.0981231341341	1.33977591954766	2.93252536865947	0
13.1272624514515	1.39068651257222	2.96380109308053	0.0144356183998245
13.1564017687688	1.44356366332215	3.01533057005964	0.0810047898003809
13.1855410860861	1.49840737179744	3.0774683986353	0.125771321659231
13.2146804034034	1.555217637998	3.10579206325569	0.190527577973424
13.2438197207207	1.61399446192403	3.16366453909823	0.245993839897795
13.272959038038	1.67473784357526	3.2041396993696	0.304571034533955
13.3020983553554	1.73744778295193	3.25759359501455	0.376378353798079
13.3312376726727	1.80212428005399	3.33124261952337	0.437350384038548
13.36037698999	1.86876733488133	3.40648943653263	0.509907218821178
13.3895163073073	1.93737694743409	3.48195868560752	0.597659375322585
13.4186556246246	2.00795311771205	3.54435148508755	0.653693123310981
13.4477949419419	2.08049584571555	3.63701889535953	0.708818276773713
13.4769342592593	2.15384891215638	3.69390685932844	0.754130737689196
13.5060735765766	2.21122815575665	3.7107795470415	0.798754441742974
13.5352128938939	2.26410948704813	3.8337191504952	0.873258828593812
13.5643522112112	2.31852531051593	3.9605999413832	0.928605299361002
13.5934915285285	2.37447562616032	4.1390160037408	1.00106697848405
13.6226308458458	2.43196043398099	4.18465979213311	1.08480209316693
13.6517701631632	2.49097973397823	4.28498893972781	1.1498999654089
13.6809094804805	2.55153352615186	4.431070056036	1.22812099964835
13.7100487977978	2.61362181050187	4.55091993948447	1.27203688426936
13.7391881151151	2.67724458702845	4.65471261385388	1.3238066643317
13.7683274324324	2.74240185573135	4.73725382326199	1.37306010374556
13.7974667497498	2.80909361661079	4.86228895030574	1.45422818202645
13.8266060670671	2.87731986966655	4.94792994324827	1.51572017188244
13.8557453843844	2.94708061489885	5.04854100364102	1.56502702643289
13.8848847017017	3.01837585230748	5.22772399954894	1.62297642161557
13.914024019019	3.09120558189272	5.42148498460141	1.6857226043932
13.9431633363363	3.16505910336541	5.52352967605413	1.77447233740508
13.9723026536537	3.2200264278455	5.52133058650205	1.859482262599
14.001441970971	3.26717760553432	5.51478606043688	1.91035333695661
14.0305812882883	3.31758649487677	5.47272430490397	1.95953210540099
14.0597206056056	3.37125309587296	5.40246230565206	2.01064299843035
14.0888599229229	3.42817740852285	5.40832725576989	2.08358177980661
14.1179992402402	3.48835943282643	5.43348143105047	2.14997142692641
14.1471385575576	3.54003619542001	5.47750054591991	2.19674905036975
14.1762778748749	3.57885787528748	5.43275645693346	2.24247567582407
14.2054171921922	3.61783745266683	5.41716558714221	2.28505141414517
14.2345565095095	3.6570035834636	5.36232308164166	2.33506810568079
14.2636958268268	3.69635626767765	5.33295397671206	2.4037531431125
14.2928351441441	3.7358955053091	5.32305931523469	2.47088458654572
14.3219744614615	3.77562129635794	5.32991105006753	2.52100866302339
14.3511137787788	3.81553364082401	5.32489126664662	2.57695342663604
14.3802530960961	3.85546680809198	5.29386246980182	2.64907248591637
14.4093924134134	3.8879885031366	5.20930978871706	2.69918420832567
14.4385317307307	3.91659669914235	5.17706431332738	2.73798307461189
14.4676710480481	3.9454259841495	5.12736453931899	2.78644418051676
14.4968103653654	3.97447635815771	5.11424475966205	2.85483412114365
14.5259496826827	4.00374782116733	5.10922086705155	2.89513196957282
14.555089	4.03324037317815	5.09341607558336	2.9409511117138
14.5842283173173	4.06295401419024	5.08473216949364	2.99158852039192
14.6133676346346	4.0928887442036	5.05968540614968	3.05816237482456
14.642506951952	4.12304456321821	5.0604051874972	3.09641037088627
14.6716462692693	4.15342147123401	5.05246123241028	3.12913378521041
14.7007855865866	4.18401946825115	5.04432377346314	3.14559969035408
14.7299249039039	4.2105468377297	5.07453894613425	3.18802049853052
14.7590642212212	4.23123968684622	5.08178238946991	3.22290009917452
14.7882035385385	4.25244894223455	5.08421696733817	3.2058469717691
14.8173428558559	4.27422890100076	5.0943849183686	3.22216417773452
14.8464821731732	4.29657956314476	5.13213119856717	3.1795314663146
14.8756214904905	4.31950092866678	5.1672331367883	3.15424459735921
14.9047608078078	4.3429929975667	5.21202820177076	3.16615342254181
14.9339001251251	4.36705576984462	5.24925519366238	3.17503190299461
14.9630394424424	4.39168924550038	5.30031627466181	3.21429790289005
14.9921787597598	4.41689342453416	5.35315853330895	3.21452559464103
15.0213180770771	4.44266830694571	5.39002301028766	3.24136050842765
15.0504573943944	4.46901389273532	5.42951158349882	3.28360805518944
15.0795967117117	4.49593018190281	5.45557417093919	3.3425859037207
15.108736029029	4.52341717444825	5.48796266636717	3.37944878295548
15.1378753463463	4.55147487037156	5.51276487548343	3.36700840214303
15.1670146636637	4.5801032696728	5.55454894121529	3.419925648535
15.196153980981	4.60930237235191	5.60209825701108	3.47726577507384
15.2252932982983	4.63907217840916	5.64783075100138	3.56585684096596
15.2544326156156	4.66941268784405	5.68442690252084	3.61477136543017
15.2835719329329	4.7003239006571	5.7130319196384	3.67849237506683
15.3127112502503	4.73180581684799	5.74571783774256	3.72541480266854
15.3418505675676	4.76385843641672	5.77794571214187	3.76782107242151
15.3709898848849	4.79690674549004	5.81348622582364	3.8070022027773
15.4001292022022	4.83145855434144	5.84120675398014	3.83509667790476
15.4292685195195	4.86585290518369	5.88173300562593	3.86320737368397
15.4584078368368	4.89997985830893	5.8895443672145	3.88976678348589
15.4875471541542	4.93383941371752	5.92044021806905	3.90292397077838
15.5166864714715	4.96743157140925	5.92959351549577	3.91634558612834
15.5458257887888	5.000756331384	5.98011005097299	3.94252147961998
15.5749651061061	5.0338136936421	6.00461408213382	3.97264684750304
15.6041044234234	5.06660365818318	6.03338155439535	3.99032441609601
15.6332437407407	5.09912622500759	6.09270350531174	4.02455181118034
15.6623830580581	5.13138139411504	6.10860021595067	4.06910279170057
15.6915223753754	5.16336916550572	6.16627072985705	4.09882217659463
15.7206616926927	5.19508953917954	6.23689463760455	4.13426897197011
15.74980101001	5.22654251513652	6.30138699123544	4.17461657752177
15.7789403273273	5.25772809337666	6.32448472238379	4.2176516533774
15.8080796446446	5.28864627389996	6.36073720371721	4.26401914599304
15.837218961962	5.31929705670643	6.3987845889167	4.29879435003591
15.8663582792793	5.34968044179605	6.44041987085011	4.34518915000141
15.8954975965966	5.37979642916891	6.46808865283595	4.40441191008323
15.9246369139139	5.40964501882479	6.48338035660391	4.44960991084387
15.9537762312312	5.43922621076393	6.50309297152551	4.49167242510555
15.9829155485486	5.4685400049862	6.52359664916052	4.5576910677943
16.0120548658659	5.49758640149162	6.53314402448468	4.62592985105104
16.0411941831832	5.52636540028033	6.51610645581747	4.64785358214284
16.0703335005005	5.55487700135198	6.53462563757221	4.71387312312156
16.0994728178178	5.58312120470699	6.52522329839681	4.78901941001041
16.1286121351351	5.61109801034503	6.51847573558046	4.84066603799055
16.1577514524525	5.63880741826627	6.53124416482306	4.87340023830666
16.1868907697698	5.6662494284707	6.55987204315408	4.90069254356858
16.2160300870871	5.70036193165894	6.57336707540609	4.95767855668436
16.2451694044044	5.76376406141237	6.67015250836374	5.02455621786387
16.2743087217217	5.82220559106589	6.90101195227413	5.09274913144706
16.303448039039	5.87100674252294	7.11267028459578	5.12650595753236
16.3325873563564	5.91016751578354	7.19906768941696	5.17139017116586
16.3617266736737	5.93968791084753	7.28705629284961	5.20584929067246
16.390865990991	5.95956792771503	7.26973973589415	5.22402915919441
16.4200053083083	5.969807566386	7.25414110782695	5.21355851074197
16.4491446256256	5.97777017746505	7.16403369718182	5.23095843947981
16.4782839429429	6.04173461888008	7.34752405028073	5.20937100995213
16.5074232602603	6.04220218771887	7.27666539176037	5.19155714726183
16.5365625775776	6.07703548166094	7.28983557251072	5.18349291219735
16.5657018948949	6.06882544445175	7.23886366572405	5.13960920414651
16.5948412122122	6.09821059756376	7.36530236932129	5.13645521944483
16.6239805295295	6.14746646450177	7.4115806057444	5.14603953825729
16.6531198468468	6.18361343132224	7.45139417122673	5.15204084597051
16.6822591641642	6.20665149802491	7.49857277884397	5.16776521144219
16.7113984814815	6.2165806646101	7.44413196620148	5.17715450014521
16.7405377987988	6.21340093107739	7.41795314447198	5.14824822342422
16.7696771161161	6.20316272519127	7.30702317063222	5.08424745058039
16.7988164334334	6.23393304860236	7.37821673315455	5.1069437357739
16.8279557507508	6.27152694344807	7.42500303575761	5.13897394608182
16.8570950680681	6.30484449383001	7.50566773433744	5.17208953648265
16.8862343853854	6.33388569974815	7.49354072301691	5.1568121964591
16.9153737027027	6.3586505612024	7.48716421404952	5.14303441444197
16.94451302002	6.37913907819277	7.53825464881755	5.15260964780285
16.9736523373373	6.39535125071944	7.5248940399053	5.13162755756663
17.0027916546547	6.40728707878229	7.52839360205375	5.15362113227412
17.031930971972	6.41494656238123	7.53878912773225	5.12555474778407
17.0610702892893	6.4183297015164	7.57814326664866	5.10106498403046
17.0902096066066	6.41743649618774	7.62354980989699	5.06430054683668
17.1193489239239	6.42628216878882	7.66737193238252	5.02789782804359
17.1484882412412	6.46297816931355	7.65341080588872	5.06808772894634
17.1776275585586	6.49245334534106	7.66544897733808	5.06009687702325
17.2067668758759	6.51307345539973	7.6701324060943	5.01562823315167
17.2359061931932	6.52483849948947	7.66685825092182	4.93575163859726
17.2650455105105	6.52858329739771	7.67919748631878	4.89189960681163
17.2941848278278	6.55989924822458	7.68433816685729	4.85986139853044
17.3233241451451	6.60442328750143	7.73582980548709	4.82381167744429
17.3524634624625	6.64367787364882	7.78065997768979	4.80492555560442
17.3816027797798	6.67766300666676	7.83498685118543	4.7914961784501
17.4107420970971	6.70637868655515	7.91823116998298	4.76948785900774
17.4398814144144	6.72982491331437	7.92187699058169	4.74586667896459
17.4690207317317	6.74800168694379	7.96867328807974	4.72253255542759
17.4981600490491	6.76090900744407	7.99548799659177	4.69948548839724
17.5272993663664	6.76854687481472	8.02931159869591	4.67672547787229
17.5564386836837	6.770915289056	8.0505073970018	4.65425252385313
17.585578001001	6.76801425016783	8.02546762872315	4.63206662634081
17.6147173183183	6.75984375815018	7.99772147439501	4.61016778533369
17.6438566356356	6.74640381300296	7.9966528851378	4.58402732701403
17.672995952953	6.72769441472663	7.97904160985409	4.55016648359122
17.7021352702703	6.70371556332049	7.97275827145524	4.51678709333713
17.7312745875876	6.67446725878516	7.9498116127868	4.48388915624969
17.7604139049049	6.63994950112023	7.93114170873962	4.45147267233152
17.7895532222222	6.60016229032601	7.9198469884104	4.42177262582748
17.8186925395395	6.55510562640216	7.89653495875619	4.39695188927413
17.8478318568569	6.50477950934894	7.91212697321857	4.36255139213648
17.8769711741742	6.47174849656061	7.90908597772442	4.32638071606903
17.9061104914915	6.46165579648402	7.88999571239056	4.29390705241027
17.9352498088088	6.44754343347369	7.8468840884724	4.26305727009074
17.9643891261261	6.42934735920468	7.79880077409683	4.2205004196679
17.9935284434434	6.407067573677	7.75429950466219	4.1862277816377
18.0226677607608	6.38070407689102	7.70370745967464	4.15255031441961
18.0518070780781	6.3502568688464	7.70008448755936	4.12198990754856
18.0809463953954	6.31572594954302	7.66307022776865	4.09684392660167
18.1100857127127	6.27711131898123	7.62377838288464	4.05772256904694
18.13922503003	6.23441297716083	7.58886073309829	4.02171471658843
18.1683643473473	6.18763092408185	7.51807180206382	3.95211227412391
18.1975036646647	6.13676515974433	7.43206036131405	3.91411478999922
18.226642981982	6.08181568414841	7.40525700908456	3.85336723875504
18.2557822992993	6.02278249729362	7.37440695381461	3.8046968814832
18.2849216166166	5.95966559918054	7.31050175489988	3.75305071562518
18.3140609339339	5.89246498980864	7.28912981287609	3.69473673589218
18.3432002512513	5.82118066917835	7.25708353527565	3.64873674812919
18.3723395685686	5.74581263728947	7.17242724674361	3.60643991888677
18.4014788858859	5.66636089414192	7.07080317143704	3.55672466156094
18.4306182032032	5.582825439736	6.98442280588088	3.49951888363865
18.4597575205205	5.49520627407129	6.87925922699783	3.45266730121659
18.4888968378378	5.40350339714819	6.77953764150263	3.42008570404995
18.5180361551552	5.30771680896637	6.69495802028204	3.37068035886876
18.5471754724725	5.20784650952608	6.61331119983865	3.32237322781387
18.5763147897898	5.1038924988273	6.51372703088582	3.27578414913131
18.6054541071071	4.99585477686973	6.45366792929851	3.22654874899986
18.6345934244244	4.8837333436538	6.39816155345421	3.18695040577249
18.6637327417417	4.76752819917928	6.35116766475067	3.14358600363344
18.6928720590591	4.6472393434461	6.30213618875435	3.07590612934503
18.7220113763764	4.53178792374979	6.23954069526602	3.04111551231632
18.7511506936937	4.44718718360487	6.20010221886418	2.90863855287746
18.780290011011	4.32809454499598	6.1061727297711	2.92262835589703
18.8094293283283	4.22073579736756	5.95629570778281	2.83142913558189
18.8385686456456	4.08682784148027	5.85438752739038	2.8782825999451
18.867707962963	3.95621803595799	5.65213882953328	2.84019918502674
18.8968472802803	3.83123071794733	5.50135235979247	2.75555952761466
18.9259865975976	3.70934977754421	5.32990295257312	2.65876968293766
18.9551259149149	3.59057521474846	5.18791242764091	2.51005468780835
18.9842652322322	3.47490702956019	5.0051752071019	2.39935376326723
19.0134045495496	3.3623452219793	4.82500651211486	2.24488363456292
19.0425438668669	3.25288979200575	4.69286119330994	2.07916164823159
19.0716831841842	3.14654073963977	4.56254450759806	1.91601990061293
19.1008225015015	3.04329806488113	4.44194943081546	1.76065155106158
19.1299618188188	2.94316176772987	4.39071036550718	1.60631946076664
19.1591011361361	2.8461318481861	4.26664075413883	1.43527283391786
19.1882404534535	2.75220830624976	4.16190036192538	1.27213412247412
19.2173797707708	2.66139114192089	4.04800690426649	1.12853720391145
19.2465190880881	2.57368035519918	3.95627023803482	0.994748846168729
19.2756584054054	2.4890759460852	3.90722608234907	0.848433286931215
19.3047977227227	2.40757791457846	3.86418872545988	0.723696409283227
19.33393704004	2.3291862606793	3.82159454800944	0.605443383500518
19.3630763573574	2.25390098438732	3.7938196046224	0.485126232797674
19.3922156746747	2.18172208570307	3.72090327716352	0.376398809301468
19.421354991992	2.11264956462602	3.69897988039822	0.262808543644596
19.4504943093093	2.04668342115633	3.67255025010777	0.164682916943596
19.4796336266266	1.9838236552943	3.62241065387558	0.0640403384632357
19.5087729439439	1.92407026703967	3.59375494048192	0
19.5379122612613	1.86742325639214	3.58132579346386	0
19.5670515785786	1.81388262335234	3.57657022142946	0
19.5961908958959	1.76344836791987	3.55556404792326	0
19.6253302132132	1.71612049009484	3.52179286037681	0
19.6544695305305	1.67189898987719	3.51511318442416	0
19.6836088478479	1.63078386726696	3.51930755914425	0
19.7127481651652	1.5927751222642	3.51673397934857	0
19.7418874824825	1.55787275486897	3.52411927448704	0
19.7710267997998	1.52607676508088	3.49784167923336	0
19.8001661171171	1.49738715290039	3.50543708852223	0
19.8293054344344	1.47180391832725	3.51153945325356	0
19.8584447517518	1.44932706136173	3.50046275858774	0
19.8875840690691	1.42995658200329	3.49091058465044	0
19.9167233863864	1.41369248025254	3.4926184030712	0
19.9458627037037	1.40053475610918	3.49148647899863	0
19.975002021021	1.39048340957314	3.48853759730695	0
20.0041413383383	1.38353844064457	3.48210496512672	0
20.0332806556557	1.37969984932342	3.48396050996412	0
20.062419972973	1.37896763560967	3.49366086643324	0
20.0915592902903	1.38134179950346	3.48764951950563	0
20.1206986076076	1.38682234100441	3.50413710323157	0
20.1498379249249	1.39540926011301	3.50857024627892	0
20.1789772422422	1.40710255682908	3.51312762886887	0
20.2081165595596	1.42190223115245	3.52465943306456	0
20.2372558768769	1.43980828308314	3.54546341679441	0
20.2663951941942	1.46082071262143	3.55370468008799	0
20.2955345115115	1.48493951976705	3.56122705808655	0
20.3246738288288	1.51216470452016	3.57055341123855	0
20.3538131461461	1.54249626688054	3.56785510683673	0
20.3829524634635	1.57593420684855	3.58916601539121	0.0129022563879271
20.4120917807808	1.61247852442388	3.59943873173808	0.0728717479133843
20.4412310980981	1.65212921960654	3.6104463666107	0.114612320295774
20.4703704154154	1.6948862923968	3.62119693944377	0.123640698719721
20.4995097327327	1.74074974279434	3.62757437941495	0.136464120296935
20.5286490500501	1.78971957079945	3.62536718035099	0.19612318687021
20.5577883673674	1.84179577641182	3.65062080102609	0.27078286888595
20.5869276846847	1.8969783596317	3.6767292441764	0.335952667978456
20.616067002002	1.95526732045894	3.68943165527925	0.374794757649067
20.6452063193193	2.01666265889366	3.73190368721599	0.455214141505582
20.6743456366366	2.08116437493575	3.7600785133931	0.542410074909944
20.703484953954	2.14877246858534	3.79600700771157	0.590595816051083
20.7326242712713	2.21948693984231	3.85948386491673	0.62041033446188
20.7617635885886	2.29330778870666	3.8994105874192	0.654327218500167
20.7909029059059	2.37023501517849	3.95174465328747	0.712176492170149
20.8200422232232	2.44734275869089	3.98217089998778	0.830342438898045
20.8491815405405	2.50545935303754	4.05022563078835	0.91003042932252
20.8783208578579	2.55982227752087	4.13510190517388	0.964653942143992
20.9074601751752	2.61447568427452	4.18932339073265	1.0215275040337
20.9365994924925	2.66941957329843	4.30302862872988	1.07023517500452
20.9657388098098	2.72465394459281	4.3684020526348	1.12909351400398
20.9948781271271	2.78017879815715	4.46748334620028	1.21376941514105
21.0240174444444	2.83599413399206	4.55644875377475	1.2922904166394
21.0531567617618	2.89209995209723	4.61415791164569	1.35287013107619
21.0822960790791	2.94849625247261	4.68720063963701	1.39796966550567
21.1114353963964	3.00518303511825	4.8262180807045	1.44654451495452
21.1405747137137	3.06216030003437	4.91989513420302	1.52293513963867
21.169714031031	3.11942804722072	5.01465780658359	1.61951988439509
21.1988533483484	3.17698627667727	5.07520593497057	1.683743818536
21.2279926656657	3.23483498840419	5.14487225948547	1.73999341081396
21.257131982983	3.29297418240148	5.20460588215232	1.8220579364895
21.2862713003003	3.35140385866891	5.27573963299816	1.8590212712783
21.3154106176176	3.4101240172068	5.36436782764511	1.91367594350008
21.3445499349349	3.46913465801476	5.43127317694923	1.97554148673276
21.3736892522523	3.52843578109328	5.49436842569522	2.05494739345581
21.4028285695696	3.58802738644196	5.51313821742167	2.13530289978611
21.4319678868869	3.647909474061	5.58436091163588	2.21883961466102
21.4611072042042	3.70808204395028	5.61635842952681	2.30508009959699
21.4902465215215	3.76854509610983	5.69130537414754	2.39505905030626
21.5193858388388	3.8292986305397	5.73999330984292	2.48670719036656
21.5485251561562	3.89034264723998	5.76846297651499	2.55509923674819
21.5776644734735	3.95167714621044	5.93787626150761	2.63359802713172
21.6068037907908	4.01330212745121	6.0429937749205	2.71223672584864
21.6359431081081	4.074159087763	6.08579986991875	2.80183736927806
21.6650824254254	4.13083832768948	6.11972679830587	2.87615276684975
21.6942217427427	4.18503885009321	6.16762714530071	2.93368727465129
21.7233610600601	4.23694464618233	6.16462654617001	2.94903494787626
21.7525003773774	4.28655571595671	6.26614772601581	3.00839369789122
21.7816396946947	4.33387205941613	6.38459211673519	3.0631731688323
21.810779012012	4.37889367656087	6.51276897661094	3.13692486150963
21.8399183293293	4.42162056739087	6.57844451194271	3.22427734822612
21.8690576466466	4.46245258142457	6.74262497577327	3.30218063226931
21.898196963964	4.51223768739487	6.75450080647499	3.31959396948855
21.9273362812813	4.54991898346731	6.71315668970611	3.39780202097773
21.9564755985986	4.57675129656058	6.64380076998691	3.43130862183439
21.9856149159159	4.60492657466602	6.57921631575767	3.4946857858247
22.0147542332332	4.63324839964844	6.61483458082039	3.54890114067166
22.0438935505506	4.65990819916345	6.4542497395229	3.59397812339153
22.0730328678679	4.68507454733635	6.39623671682479	3.61623940879083
22.1021721851852	4.70874744416749	6.36570531693521	3.6521329557151
22.1313115025025	4.73092688965673	6.3456625823115	3.73535496537699
22.1604508198198	4.75161288380416	6.38253400498835	3.81012684624134
22.1895901371371	4.7708054266097	6.35819844790532	3.9115270923003
22.2187294544545	4.79317122330995	6.34519687299667	3.93021392420212
22.2478687717718	4.82079724082442	6.35666253605108	3.94425755177831
22.2770080890891	4.84661618398069	6.2808443942848	3.96156785736759
22.3061474064064	4.87055967578092	6.280917143422	3.9665593814644
22.3352867237237	4.89262771622476	6.23141858370403	3.97320148564454
22.364426041041	4.91282030531247	6.12387563670296	3.97526876950686
22.3935653583584	4.93113744304393	6.1296919848898	3.98362366098975
22.4227046756757	4.94757912941913	6.0789252370923	4.02088305335073
22.451843992993	4.96214536443823	6.03297135631853	4.03401132549198
22.4809833103103	4.97483614810111	5.9860674991791	4.04114716813539
22.5101226276276	4.98565148040755	5.94383481489971	4.0443680749498
22.5392619449449	4.99459136135793	5.90598701518235	4.05119551569898
22.5684012622623	5.00165579095211	5.8658258629897	4.0560001326162
22.5975405795796	5.00684476919002	5.84616691511409	4.06082934757926
22.6266798968969	5.01015829607178	5.81502911547394	4.06075688446677
22.6558192142142	5.01159637159718	5.79545324438826	4.06955034176725
22.6849585315315	5.0111589957665	5.78085975442427	4.06884816171989
22.7140978488489	5.00878581124418	5.77710937273325	4.07362599078114
22.7432371661662	5.01686572207212	5.77335991352966	4.07776400803825
22.7723764834835	5.03315041590336	5.79612087417665	4.0824667814415
22.8015158008008	5.0482715367879	5.81632322350257	4.07701668113916
22.8306551181181	5.06222908472596	5.83762978266005	4.07174388157447
22.8597944354354	5.07502305971759	5.85395793701722	4.0665736130194
22.8889337527528	5.08665346176264	5.86751552281945	4.06150587547514
22.9180730700701	5.09712029086106	5.87600336886378	4.05873177260921
22.9472123873874	5.10642354701314	5.88100989812073	4.05936246945959
22.9763517047047	5.11456323021843	5.90378026923331	4.05519988919819
23.005491022022	5.12153934047761	5.92257270565485	4.05455981817964
23.0346303393393	5.12735187778967	5.93127016596756	4.05354592745372
23.0637696566567	5.13200084215579	5.94216912981142	4.05116961440548
23.092908973974	5.13548623357492	5.94346866525516	4.04787170934459
23.1220482912913	5.13780805204789	5.9568013065261	4.05081457114522
23.1511876086086	5.13896629757403	5.9693544262648	4.05058231401234
23.1803269259259	5.13896097015383	5.9813320597492	4.04539736738734
23.2094662432432	5.13779206978708	5.99362085599769	4.04821355636838
23.2386055605606	5.13545959647359	5.99744253225014	4.04416550631442
23.2677448778779	5.13196355021399	5.99935706770059	4.03584643235713
23.2968841951952	5.12730393100746	5.99572940268526	4.03197639132962
23.3260235125125	5.12148073885464	5.99991344719813	4.05238647914706
23.3551628298298	5.11449397375508	6.00399304899336	4.06526352346534
23.3843021471471	5.10634363570921	5.99609891618931	4.06943810149769
23.4134414644645	5.09702972471665	6.0073495668574	4.08104142209111
23.4425807817818	5.08655224077769	5.99124064205215	4.09481170965901
23.4717200990991	5.07491118389207	5.97894163164728	4.09561539185745
23.5008594164164	5.06210655406008	5.97581664966914	4.09393257986099
23.5299987337337	5.04813835128141	5.97021292510451	4.09152369828797
23.5591380510511	5.0330065755563	5.95172650141876	4.08987568763267
23.5882773683684	5.01671122688461	5.94339180985732	4.08152044204093
23.6174166856857	4.99925230526642	5.91901762396618	4.07328474001268
23.646556003003	4.98466331937127	5.91909071884061	4.05934084446222
23.6756953203203	4.9855194968136	5.90616142788468	4.04501640540642
23.7048346376376	4.98531389342639	5.9157763446334	4.03446678546256
23.733973954955	4.98290832719573	5.91247022695151	4.03143125085287
23.7631132722723	4.97830279812167	5.92578432378228	3.99767580325262
23.7922525895896	4.97149730620423	5.95000852513985	3.9913354557043
23.8213919069069	4.96249185144316	5.95996403480909	3.97964734266149
23.8505312242242	4.95128643383885	5.95580001815437	3.94539605737975
23.8796705415415	4.93788105339092	5.97454730338577	3.93347435285752
23.9088098588589	4.92227571009954	5.96539040675303	3.91199695309169
23.9379491761762	4.90447040396495	5.96686949245851	3.90677246736778
23.9670884934935	4.88335075925539	5.95353485174198	3.89999196021463
23.9962278108108	4.87682327969844	5.96936531181602	3.90951158432102
24.0253671281281	4.87217052795382	5.96963005673879	3.90715326341489
24.0545064454454	4.86619320738138	5.96126491108068	3.90322142160206
24.0836457627628	4.85889131798122	5.96667212166271	3.90059191113331
24.1127850800801	4.85026485975365	5.96011568938677	3.89330064894312
24.1419243973974	4.84031383269821	5.97032010556757	3.8649465916829
24.1710637147147	4.82903823681544	5.98039834579134	3.85761051545269
24.200203032032	4.81643807210478	5.94525499790456	3.85473880940902
24.2293423493494	4.80251333856661	5.95412096688128	3.85309879034756
24.2584816666667	4.78726403620084	5.97567452588616	3.84872075865747
24.287620983984	4.7706901650073	5.99827186026943	3.84159000666705
24.3167603013013	4.75279172498637	6.02085029869485	3.83714688582165
24.3458996186186	4.73356871613765	6.02188418891495	3.83501288411531
24.3750389359359	4.71302113846124	6.03889442120819	3.83064161855273
24.4041782532533	4.68008992494966	5.97880798871307	3.80202465442129
24.4333175705706	4.6676247924499	5.99867040177726	3.79534751901122
24.4624568878879	4.65987688112584	6.01952129319621	3.78235406248608
24.4915962052052	4.64925039710919	6.03577412676838	3.77054189821713
24.5207355225225	4.63574534039965	6.04796857911164	3.76870681623757
24.5498748398398	4.61936171099776	6.06757044341629	3.76523664096057
24.5790141571572	4.57231984826087	5.99230010211098	3.75431431315149
24.6081534744745	4.55920567998159	6.01009467936708	3.74828149308897
24.6372927917918	4.55178108972918	6.02816085031509	3.75213969561609
24.6664321091091	4.54395008964618	6.0481744091113	3.74713337750013
24.6955714264264	4.5357126797324	6.06815793905646	3.7454276037481
24.7247107437437	4.52706885998798	6.08811144014738	3.74167731284441
24.7538500610611	4.51801863041293	6.10803491238529	3.73801536215889
24.7829893783784	4.50856199100731	6.12792835577041	3.73426616659398
24.8121286956957	4.49869894177087	6.14779177030303	3.73042972614714
24.841268013013	4.48842948270391	6.16762515598238	3.72650604082187
24.8704073303303	4.47775361380622	6.18742851280942	3.72249511061526
24.8995466476477	4.46667133507789	6.20491294545984	3.71839693552867
24.928685964965	4.45518264651903	6.22054633704479	3.71421151556024
24.9578252822823	4.4432875481294	6.23642914994471	3.7099388507134
24.9869645995996	4.43098603990908	6.2569681749703	3.70557894098462
25.0161039169169	4.41827812185818	6.27828693596583	3.70113178637547
25.0452432342342	4.40516379397663	6.29993833868835	3.70057128246447
25.0743825515516	4.3916430562644	6.32192238313968	3.70107570157129
25.1035218688689	4.37771590872148	6.34423906932287	3.69817844473278
25.1326611861862	4.36338235134807	6.36430742586784	3.68895166249752
25.1618005035035	4.34864238414376	6.38381049416422	3.67590142555203
25.1909398208208	4.19942597906088	4.87378158552438	3.65078573716061
25.2200791381381	4.18776506483783	4.87697751960995	3.64206194287343
25.2492184554555	4.17645628796301	4.88013765149758	3.63462858617457
25.2783577727728	4.1650681079204	4.88185862460003	3.62715233180013
25.3074970900901	4.1536005247096	4.86730935672989	3.62474504952757
25.3366364074074	4.14205353833096	4.86183673125471	3.61197868394573
25.3657757247247	4.13042714878427	4.86093275733381	3.6093706318161
25.394915042042	4.1187213560696	4.86661897215204	3.60452094820825
25.4240543593594	4.10693616018688	4.86339591106188	3.60048873718511
25.4531936766767	4.09507156113626	4.86280317329884	3.59777868089187
25.482332993994	4.0831275589176	4.86582825150183	3.59501068268956
25.5114723113113	4.07110415353119	4.86862854624212	3.59218474257572
25.5406116286286	4.05900134497631	4.86955361895736	3.58214798486924
25.5697509459459	4.04681913325389	4.87473902924716	3.57967726183506
25.5988902632633	4.0345575183632	4.88052646797415	3.57642480051329
25.6280295805806	4.02221650030478	4.8840666604226	3.57114159978153
25.6571688978979	4.00979607907813	4.88760536404423	3.55804454415608
25.6863082152152	3.9972962546836	4.89041552256582	3.54814916147626
25.7154475325325	3.98471702712111	4.89418034777284	3.5325163836711
25.7445868498499	3.97205839639051	4.90050032539225	3.52240638641349
25.7737261671672	3.95932036249219	4.9051789092156	3.51583080011043
25.8028654844845	3.94650292542559	4.90951599132458	3.50254390517026
25.8320048018018	3.93360608519097	4.91255429161512	3.4886564539503
25.8611441191191	3.9206298417887	4.91729676500592	3.4712116986493
25.8902834364364	3.90757419521835	4.92498113698873	3.45508011152211
25.9194227537538	3.8944391454798	4.93126048429349	3.43854668884917
25.9485620710711	3.88122469257336	4.93524190412705	3.42318891330304
25.9777013883884	3.86793083649904	4.94203513139916	3.41229457871579
26.0068407057057	3.85455757725652	4.94428343353155	3.39488797207896
26.035980023023	3.84110491484623	4.94646765842847	3.37671669078409
26.0651193403403	3.82757284926791	4.94858780609338	3.36069479527751
26.0942586576577	3.81396138052144	4.95491318643508	3.34611952738107
26.123397974975	3.8002705086072	4.96212103391961	3.32803895789633
26.1525372922923	3.7865002335248	4.96840023107036	3.31010036885361
26.1816766096096	3.7726505552746	4.97416501551602	3.29092903750421
26.2108159269269	3.75872147385616	4.97964022882049	3.27358530419558
26.2399552442442	3.74471298926999	4.98508116782436	3.25521879462294
26.2690945615616	3.73062510151562	4.98852047162364	3.23797947451085
26.2982338788789	3.71645781059346	4.99508567290292	3.2199124125125
26.3273731961962	3.70221111650322	5.00117392206375	3.20247147818602
26.3565125135135	3.68788501924505	5.00432128608794	3.18314844087079
26.3856518308308	3.67347951881857	5.00567672552648	3.1654271863884
26.4147911481482	3.65899461522466	5.0065766801649	3.14565613059867
26.4439304654655	3.64443030846239	5.00741652259391	3.12613984626188
26.4730697827828	3.62978659853213	5.00819625281417	3.10503346069621
26.5022091001001	3.61506348543408	5.00891587082596	3.08356303939419
26.5313484174174	3.60026096916795	5.01250929869489	3.06253731511923
26.5604877347347	3.5853790497337	5.01647627016111	3.03602174913045
26.5896270520521	3.57041772713154	5.02044864260485	3.01172518798681
26.6187663693694	3.55537700136147	5.02442641602331	2.98920009175491
26.6479056866867	3.54025687242353	5.02840959041807	2.96809746181023
26.677045004004	3.52505734031727	5.03239816578882	2.94765023616927
26.7061843213213	3.5097784050433	5.03639214213582	2.92705846227921
26.7353236386386	3.49442006660131	5.04039151945871	2.90346469031016
26.764462955956	3.47898232499102	5.04439629775796	2.8807582749635
26.7936022732733	3.46346518021334	5.04840647703251	2.85648552558512
26.8227415905906	3.44786863226702	5.05242205728284	2.83280781290731
26.8518809079079	3.43219268115319	5.05644303851002	2.81136203791935
26.8810202252252	3.41643732687115	5.06046942071358	2.79066570212
26.9101595425425	3.4006025694212	5.06450120389203	2.76998787793117
26.9392988598599	3.38468840880311	5.06765364009175	2.74932856535306
26.9684381771772	3.36869484501725	5.07071438793032	2.72868776438647
26.9975774944945	3.35262187806331	5.0737635817802	2.70806547503002
27.0267168118118	3.3364695079414	5.07680122164279	2.68330155522775
27.0558561291291	3.32023773465155	5.08087688073985	2.65805737719529
27.0849954464464	3.30392655819353	5.08611280916797	2.63507352709471
27.1141347637638	3.28753597856767	5.09133484499865	2.61204569076797
27.1432740810811	3.27106599577397	5.09654298823424	2.57453421305417
27.1724133983984	3.254516609812	5.10173723887006	2.54254852140942
27.2015527157157	3.23788782068208	5.10691759691137	2.51681369807869
27.230692033033	3.22117962838439	5.11208406235533	2.48830469322541
27.2598313503504	3.20439203291859	5.11723663520167	2.44120715927967
27.2889706676677	3.18752503428469	5.12209469016545	2.3882174998613
27.318109984985	2.80930736430177	3.55863255854374	2.31687698080552
27.3472493023023	2.79060440346436	3.55120508327943	2.27800900626895
27.3763886196196	2.77277122005353	3.54627385849133	2.24557747030528
27.4055279369369	2.7549081648797	3.54176542337124	2.21308341445466
27.4346672542543	2.73701523794249	3.53723096383557	2.1799552714724
27.4638065715716	2.71909243924208	3.53110554010358	2.14391479324642
27.4929458888889	2.70113976877827	3.52152957761733	2.11059246373914
27.5220852062062	2.68315722655148	3.51017551534525	2.07950661841528
27.5512245235235	2.66514481256113	3.50248155891963	2.05313195885155
27.5803638408408	2.64710252680771	3.50311888018288	2.02607213925435
27.6095031581582	2.62903036929091	3.49899949735724	1.99639096696883
27.6386424754755	2.6109283400111	3.49219007880918	1.96270896641954
27.6677817927928	2.59279643896769	3.48332861437756	1.92895138973471
27.6969211101101	2.57463466616123	3.4744474429323	1.89516513707938
27.7260604274274	2.55644302159139	3.46610646477465	1.86190970318369
27.7551997447447	2.53822150525857	3.45868268544552	1.83214792055961
27.7843390620621	2.51997011716196	3.44921577093382	1.79942584532738
27.8134783793794	2.50168885730253	3.441891611711	1.76651591642209
27.8426176966967	2.48337772567978	3.43450849734194	1.7329760822012
27.871757014014	2.4650367222937	3.42706642782648	1.69937393990982
27.9008963313313	2.44666584714436	3.41860720389189	1.66570948954955
27.9300356486487	2.42826510023171	3.40997186497611	1.63198273111734
27.959174965966	2.40983448155612	3.40127332256644	1.59819366461832
27.9883142832833	2.39137399111671	3.39251157666214	1.56473689003048
28.0174536006006	2.37288362891447	3.38403464801335	1.53832842038984
28.0465929179179	2.35436339494879	3.37840409242225	1.51009070610299
28.0757322352352	2.33581328921983	3.3740430059558	1.47834481404733
28.1048715525526	2.31723331172804	3.36967265109659	1.44756792375554
28.1340108698699	2.29862346247215	3.36529302784181	1.42038013617179
28.1631501871872	2.27998374145392	3.36070447260257	1.39225561749202
28.1922895045045	2.26131414867185	3.35522965281935	1.35821946507596
28.2214288218218	2.24261468412666	3.34972912930317	1.32409222861602
28.2505681391391	2.22388534781812	3.34420290205355	1.28987390810989
28.2797074564565	2.20512613974663	3.33895929324633	1.25845958701633
28.3088467737738	2.18633705991165	3.33559820495634	1.23192385255186
28.3379860910911	2.16751810831314	3.3336852580838	1.20046634580939
28.3671254084084	2.1486692849519	3.3337065405115	1.1660949737803
28.3962647257257	2.12979058982719	3.3337645320528	1.13162774094635
28.425404043043	2.11088202293918	3.32976032929461	1.0973678560192
28.4545433603604	2.09194358428805	3.32547284777274	1.06317515296385
28.4836826776777	2.07297527387337	3.32251398619672	1.0289285490909
28.512821994995	2.05397709169568	3.32150187004126	0.994883560268012
28.5419613123123	2.03494903775465	3.32006406191421	0.960777874804293
28.5711006296296	2.01589111205029	3.31663961842404	0.926611492699141
28.6002399469469	1.99680331458279	3.3110076357798	0.892384413952774
28.6293792642643	1.977685645352	3.29990114928756	0.858096638563389
28.6585185815816	1.95853810435791	3.29920901590304	0.823763409852484
28.6876578988989	1.93936069160058	3.29434431718351	0.789114400388557
28.7167972162162	1.92015340708003	3.28892858801895	0.754120203996793
28.7459365335335	1.90091625079631	3.28514194460936	0.719039038799779
28.7750758508509	1.88164922274898	3.28035910756284	0.683870904795706
28.8042151681682	1.86235232293882	3.27554024489566	0.648692333511085
28.8333544854855	1.84302555136502	3.27068535660831	0.61395152377306
28.8624938028028	1.82366890802823	3.26502241506197	0.579141432775319
28.8916331201201	1.8042823929282	3.2573013798966	0.544262060518489
28.9207724374374	1.78486600606461	3.24950521864555	0.509313407001184
28.9499117547548	1.76541974743826	3.24163393131051	0.474295472225174
28.9790510720721	1.74594361704812	3.23368751788875	0.439208256189413
29.0081903893894	1.72643761489505	3.22566597838228	0.404051758894459
29.0373297067067	1.70690174097845	3.21756931279022	0.369275718493406
29.066469024024	1.68733599529895	3.20939752111328	0.334463138675808
29.0956083413413	1.66774037785593	3.20152334137107	0.299592879121894
