phys	rec.rate	upper	lower
0.00471505755755756	NA	NA	NA
0.0141451726726727	NA	NA	NA
0.0235752877877878	NA	NA	NA
0.0330054029029029	NA	NA	NA
0.042435518018018	NA	NA	NA
0.0518656331331331	NA	NA	NA
0.0612957482482483	NA	NA	NA
0.0707258633633634	NA	NA	NA
0.0801559784784785	NA	NA	NA
0.0895860935935936	NA	NA	NA
0.0990162087087087	NA	NA	NA
0.108446323823824	NA	NA	NA
0.117876438938939	NA	NA	NA
0.127306554054054	NA	NA	NA
0.136736669169169	NA	NA	NA
0.146166784284284	NA	NA	NA
0.155596899399399	NA	NA	NA
0.165027014514515	NA	NA	NA
0.17445712962963	NA	NA	NA
0.183887244744745	NA	NA	NA
0.19331735985986	NA	NA	NA
0.202747474974975	7.43070015080457	14.7451866919538	1.24502777235836
0.21217759009009	8.38133161020033	15.9789102294779	1.60984638638372
0.221607705205205	8.54284044192536	16.0338800186008	1.90150073132607
0.23103782032032	8.70562408311484	16.0912758030575	2.19283907626835
0.240467935435435	8.86968253376885	16.1500608270284	2.48636142571975
0.249898050550551	9.03501579388734	16.2098722105489	2.78433944273747
0.259328165665666	9.20162386347031	16.2719305802209	3.09446846100033
0.268758280780781	9.3695067425178	16.3327965040583	3.4032758295401
0.278188395895896	9.53866443102975	16.3756194914691	3.69139665489942
0.287618511011011	9.70909692900621	16.4199019552806	3.97997758933888
0.297048626126126	9.88080423644717	16.4647088710797	4.26901863285847
0.306478741241241	10.0537863533526	16.5113386567862	4.56408198793876
0.315908856356356	10.2280432797225	16.559791312401	4.84460217288696
0.325338971471472	10.403575015557	16.6100668379233	5.1254569532029
0.334769086586587	10.5803815608559	16.6621652333533	5.42903630412617
0.344199201701702	10.7584629156193	16.730586540055	5.72698438350386
0.353629316816817	10.9378190798472	16.8165075866542	6.00695361786226
0.363059431931932	11.1184500535396	16.9047289118251	6.2822746211114
0.372489547047047	11.3003558366965	16.9952505155673	6.55855228008747
0.381919662162162	11.4835364293178	17.0880723978815	6.83635138979974
0.391349777277277	11.6679918314037	17.1831945587674	7.11502219305392
0.400779892392392	11.8537220429541	17.2850486151081	7.39395569257712
0.410210007507508	12.0407270639689	17.3969202647722	7.67311521337452
0.419640122622623	12.2290068944483	17.5113726285712	7.94889386941073
0.429070237737738	12.4185615343921	17.6210719898029	8.24044990466882
0.438500352852853	12.6093909838005	17.7193670715474	8.52800045538147
0.447930467967968	12.8014952426733	17.8400031589713	8.81575644904739
0.457360583083083	12.9948743110106	18.0049666842119	9.09908054676778
0.466790698198198	13.1895281888124	18.153429603471	9.37593839565366
0.476220813313313	13.3854568760787	18.2897455061188	9.62525965822047
0.485650928428428	13.5826603728095	18.4238540274799	9.91522278391101
0.495081043543544	13.7811386790048	18.5455724678139	10.1970957440178
0.504511158658659	13.9808917946645	18.6623277824392	10.4888371731732
0.513941273773774	14.1819197197888	18.7784365844731	10.7671538482465
0.523371388888889	14.3842224543776	18.8912281429711	11.0535061859293
0.532801504004004	14.5877999984308	19.009458177022	11.3697655197783
0.542231619119119	14.7926523519486	19.1513280347737	11.628432554053
0.551661734234234	14.9987795149308	19.2855114015985	11.87429651325
0.561091849349349	15.2061814873775	19.4297876425268	12.1682154103427
0.570521964464465	15.4148582692888	19.5611347257631	12.4206647634363
0.57995207957958	15.6248098606645	19.72018788215	12.6952676312445
0.589382194694695	15.8360362615047	19.8775854932017	12.9777364367749
0.59881230980981	16.0485374718094	20.0330668300749	13.2112299302819
0.608242424924925	16.2623134915786	20.2266729005852	13.4626166943341
0.61767254004004	16.4773643208122	20.3869773997181	13.7331357874034
0.627102655155155	16.6936899595104	20.5492979477493	13.9838922046359
0.63653277027027	16.9112904076731	20.7092417669839	14.2302109002257
0.645962885385385	17.1301656653002	20.945037299383	14.4559552264003
0.655393000500501	19.2406227271053	37.3152633754622	14.706856388172
0.664823115615616	19.4149031486479	37.0281621472723	14.9358720642045
0.674253230730731	19.5886097350336	36.713115807828	15.1302721747517
0.683683345845846	19.7617424862626	36.3670998218151	15.3224247588559
0.693113460960961	19.9343014023347	35.9923544282947	15.5510202857464
0.702543576076076	20.1882732271415	35.6460229565396	15.7751321941913
0.711973691191191	20.3570387236833	35.2534508347067	15.9822617749355
0.721403806306306	20.5929228647702	34.8646199581878	16.1877192259725
0.730833921421421	20.754174931559	34.3983796231501	16.3765733811579
0.740264036536537	20.9168808674961	34.031554132979	16.5557937610812
0.749694151651652	21.0853005928156	33.6952722670538	16.7526076345862
0.759124266766767	21.2232295259466	33.4742053083487	17.0132717708438
0.768554381881882	21.3592575316832	33.3072139037884	17.269617046958
0.777984496996997	21.5065267465753	33.0820436552274	17.493577413617
0.787414612112112	21.6609759921988	32.8514564850668	17.7375486772108
0.796844727227227	21.8215176374863	32.5549857488168	17.9412363679988
0.806274842342342	21.9973082608919	32.2496761351549	18.101930992561
0.815704957457458	22.2332582753584	31.9219538700038	18.3030867915382
0.825135072572573	22.5344852019204	31.6308188333344	18.5203246299722
0.834565187687688	22.8910284654034	31.2520773341194	18.7702697845386
0.843995302802803	23.232139836395	30.9952236494466	18.9720890302649
0.853425417917918	23.5792854831945	31.286854370453	19.2124632316923
0.862855533033033	24.031445522429	31.1328938517708	19.7019917588439
0.872285648148148	24.4839726870026	30.9822847448214	20.2167710228952
0.881715763263263	24.8885146341434	31.1655049712851	20.4492365835191
0.891145878378379	25.2445384340968	31.3544610373727	20.6590114754131
0.900575993493494	25.5520440868628	31.8008557897674	20.8461266471846
0.910006108608609	25.8110315924416	31.8905732495049	21.0472326689898
0.919436223723724	26.0215009508329	32.042428062808	21.2201841032409
0.928866338838839	26.1834521620369	32.2501889021749	21.3850195687256
0.938296453953954	26.2968852260536	31.7984767314861	21.5441917016681
0.947726569069069	26.3618001428829	31.7362119420175	21.6977005020693
0.957156684184184	26.3960931817045	31.4923600141315	22.0147672079884
0.966586799299299	26.4626335906912	31.4277764492352	22.2423321132354
0.976016914414415	26.4830727135469	31.1283588782379	22.4763033974602
0.98544702952953	26.468484356301	30.7192266575096	22.6569947171821
0.994877144644645	26.4405978719886	30.4247572001818	22.6384610119258
1.00430725975976	26.3526394525523	30.2598060845133	22.7056846801139
1.01373737487488	26.2231963268936	30.3060508356717	22.5578151370338
1.02316748998999	26.0723838467179	30.3952919632646	22.6540418419233
1.03259760510511	25.8849419022316	30.2548496984338	22.2857654843566
1.04202772022022	25.6482528245537	30.4835322542203	21.8992993210709
1.05145783533534	25.3877511382234	30.3564986426537	21.4159569329687
1.06088795045045	25.1097154273929	29.7414745182093	21.0410551262008
1.07031806556557	24.8114377949626	29.1717534723245	20.9620246172932
1.07974818068068	24.5115475426228	28.5623392240904	20.666381150088
1.0891782957958	24.2165454037703	27.8807368633447	20.4979355689215
1.09860841091091	23.9276453530348	27.102279589327	20.261242685915
1.10803852602603	23.6328795978158	26.805229332946	19.5397924895228
1.11746864114114	23.3383739948017	26.8219499861766	18.9015225047412
1.12689875625626	23.0615541101562	26.8021525675359	18.2417725112416
1.13632887137137	22.8024425593391	26.7515962249678	17.3466571850295
1.14575898648649	22.5610393423502	26.7483320516315	16.8750802893937
1.1551891016016	22.3373444591896	26.7145495938535	16.8265288494428
1.16461921671672	22.1313579098573	26.6394466036615	16.4325384869003
1.17404933183183	21.9430796943533	26.4984666053799	16.1647764855535
1.18347944694695	21.7725098126776	26.416891234909	15.8348454222161
1.19290956206206	21.6196482648302	26.3463718387142	15.59700931465
1.20233967717718	21.4844950508111	26.259622396648	15.3411414492422
1.21176979229229	21.3670501706202	26.2497624663755	15.2435429144647
1.22119990740741	21.2673136242577	26.0506236765535	15.1737305355016
1.23063002252252	21.1852854117234	25.9916357240933	15.5306035342406
1.24006013763764	21.1209655330175	25.8126603582097	15.7577320736056
1.24949025275275	21.0743539881398	25.6495430911172	15.7590311820666
1.25892036786787	21.0454507770905	25.5386742922629	15.9581572123618
1.26835048298298	21.0342558998694	25.375720831261	16.2620398651069
1.2777805980981	21.01117892861	25.0803892778028	16.7195554220512
1.28721071321321	20.921085521078	24.9881486046059	17.0054989331865
1.29664082832833	20.8628469673993	24.9083535317592	16.8090992805787
1.30607094344344	20.8444293692466	24.8237699098194	16.6006264796349
1.31550105855856	20.8529339349266	24.873696573566	15.9898737005994
1.32493117367367	20.886938265616	25.2803399044174	15.6735196759706
1.33436128878879	20.9671097529366	25.6456404022522	15.4123417615324
1.3437914039039	21.0995930870065	25.9657402219396	15.3100287820133
1.35322151901902	21.3199406217923	26.2531307276674	15.4099797887028
1.36265163413413	21.5933114908033	26.6201079676783	16.0684328418871
1.37208174924925	21.9395537632924	27.0947331317372	17.14637499212
1.38151186436436	22.3736715884793	27.4463349772996	18.3611652981306
1.39094197947948	22.8130446165279	27.9556497776327	18.4231357425669
1.40037209459459	23.2126097977419	28.5374267330424	18.1650816446968
1.40980220970971	23.5705928002251	29.1036709646217	17.5791337896483
1.41923232482482	23.8869936239775	29.6755307665998	17.363087300736
1.42866243993994	24.161812268999	30.2011037685455	16.964914755457
1.43809255505506	24.3950487352897	30.6159275206163	16.7309245821387
1.44752267017017	24.5867030228495	31.2006627665073	16.3975116878232
1.45695278528529	24.7367751316784	31.5930416121725	16.108948293796
1.4663829004004	24.8452650617766	31.9931398992914	15.7450997839658
1.47581301551552	24.9121728131438	32.3439037731459	15.4321092221873
1.48524313063063	24.9374983857802	32.6555099321483	15.1309923586511
1.49467324574575	24.9212417796857	32.929813960269	14.7879994370539
1.50410336086086	24.8634029948603	33.0092467721703	14.5587405779074
1.51353347597598	24.7639820313042	33.1289476841664	14.2884755904878
1.52296359109109	24.6229788890171	33.0652119008105	14.0278541692119
1.53239370620621	24.4403935679993	32.8875152291838	13.7769789625332
1.54182382132132	24.2162260682505	32.6141398634129	13.5364522183778
1.55125393643644	23.950476389771	32.2525605957167	13.3187952925883
1.56068405155155	23.6431445325605	31.7807168727537	13.1380326231953
1.57011416666667	23.2942304966192	31.4545807075259	12.9647782193505
1.57954428178178	22.9037342819471	31.0427493626269	12.7548363210506
1.5889743968969	22.471655888544	30.3717334340769	12.5204950573712
1.59840451201201	21.9979953164102	29.6429971054368	12.2945589664606
1.60783462712713	21.4827525655455	28.7628606381801	12.0990559442496
1.61726474224224	20.9259276359498	27.7607373204988	11.8629232616727
1.62669485735736	20.3275205276235	26.6971684079764	11.7207819275083
1.63612497247247	19.6875312405661	25.696833359623	11.5770660540543
1.64555508758759	19.005959774778	24.7893963649905	11.4731240563404
1.6549852027027	18.282806130259	23.7561028229747	11.3844434962956
1.66441531781782	17.5180703070092	22.7657392403221	11.0244678567272
1.67384543293293	16.7117523050285	21.5765786032187	10.5857749949927
1.68327554804805	15.8638521243169	20.3029805789834	10.095052736559
1.69270566316316	14.9743697648745	19.1898395343865	9.76063663184934
1.70213577827828	14.040764819587	18.1044852263853	9.14415881389233
1.71156589339339	13.0027135778719	17.0293078044027	7.95796513870701
1.72099600850851	11.903183566394	15.9237651161642	6.06517487799454
1.73042612362362	10.7717827596766	15.1984076131641	3.76705325991287
1.73985623873874	9.46451399784569	14.3820172537135	0.81062486968268
1.74928635385385	7.52827598238276	13.8181745865135	0
1.75871646896897	5.49729552310901	13.2467941570531	0
1.76814658408408	3.44775667000633	12.6761956463128	0
1.7775766991992	1.28338860772081	12.3473942763005	0
1.78700681431431	0	12.1667416452411	0
1.79643692942943	0	11.8197261571251	0
1.80586704454454	0	11.8903190098101	0
1.81529715965966	0	11.7394394480088	0
1.82472727477478	0	11.7632209320447	0
1.83415738988989	0	11.6251993840074	0
1.84358750500501	0	11.1845228879688	0
1.85301762012012	0	11.1246871746563	0
1.86244773523524	0	12.3538773170161	0
1.87187785035035	0	13.8159515134702	0
1.88130796546547	0	15.3165122574296	0
1.89073808058058	0	14.9810655939555	0
1.9001681956957	0	16.109222427496	0
1.90959831081081	0	16.055298559775	0
1.91902842592593	0	16.0796986660865	0
1.92845854104104	0	16.1983977278083	0
1.93788865615616	0	16.403785481032	0
1.94731877127127	0.439321728407384	16.6823099244521	0
1.95674888638639	2.00789478664785	16.9682883432778	0
1.9661790015015	3.68490616758348	17.5464917481087	0
1.97560911661662	5.47035587121411	18.1356208386046	0
1.98503923173173	7.36424389754	18.8148097181811	0
1.99446934684685	9.36657024656097	19.6544168346263	1.65221503559197
2.00389946196196	11.477334918277	20.7046277509039	3.83868272413712
2.01332957707708	13.6962697791262	21.9210939465616	6.50422894196137
2.02275969219219	15.2187046874409	22.7968048249366	2.87681641337033
2.03218980730731	16.7885021299746	23.5351377074215	4.40726831257201
2.04161992242242	18.3272163278825	25.1328734762163	4.35531286473743
2.05105003753754	19.9954398224817	27.2202152208008	4.71414298110691
2.06048015265265	21.6847630928029	29.4171852187922	6.54628807077362
2.06991026776777	23.515099503396	31.5844997198518	10.3665781187663
2.07934038288288	25.4933901991198	33.2319481298271	16.4432626991462
2.088770497998	27.5901470749782	36.1879327006838	20.3580061027043
2.09820061311311	29.4818097772461	40.858590976861	20.6405011835961
2.10763072822823	31.2589356547955	44.0010114887981	20.990537472213
2.11706084334334	32.8680248243544	46.2643650818536	21.8257810424408
2.12649095845846	34.3727943240263	46.9550504460426	23.0075223380398
2.13592107357357	35.8631024873641	47.5876722111256	23.9435330442224
2.14535118868869	37.1378553204792	48.4372394733785	24.9331444513328
2.1547813038038	38.3777467096548	49.2116603651941	25.3165540238152
2.16421141891892	39.6157229659373	50.5195455072119	25.3054040324069
2.17364153403403	41.0220891617746	52.3969930889828	26.210409405048
2.18307164914915	42.4295804449666	54.371272739843	26.4452436616614
2.19250176426426	43.7665583367929	55.8759278204059	27.4342224915679
2.20193187937938	45.0399065135548	56.2795159981065	29.173630582757
2.21136199449449	46.3729923845125	56.9150725319342	30.578043086957
2.22079210960961	47.7485394874662	56.6545775499417	32.1239508116272
2.23022222472472	49.1359314225287	57.5444781951781	32.9788290237356
2.23965233983984	50.3804284807257	59.3046419916339	32.6443420220412
2.24908245495496	51.2018562197999	60.888295829861	33.5438394701136
2.25851257007007	51.9866022578728	62.6693448151224	33.9156172613785
2.26794268518519	52.6318411488954	64.3055531021971	33.5585550940237
2.2773728003003	53.0829629774975	65.2679492566586	33.8714449898793
2.28680291541542	53.2844582950278	65.9110092527104	34.4815198635115
2.29623303053053	53.3239507174135	67.2419337808363	34.4403537877864
2.30566314564565	53.3425295024071	68.8022188979605	34.0837532021713
2.31509326076076	53.3939459974807	70.4358732590286	34.0862061693016
2.32452337587588	53.4782002026345	71.9150539127476	33.309149743061
2.33395349099099	53.5952921178684	73.5819895660446	32.4461192799159
2.34338360610611	53.7452217431824	75.3616475385108	31.8612124773495
2.35281372122122	53.8086702710928	76.9693451574988	31.3825787489543
2.36224383633634	53.6197780193567	77.8772132358606	30.6062205931085
2.37167395145145	52.4602088101084	76.2648270897461	29.6966255082103
2.38110406656657	50.7059209052049	74.4906889102003	28.7744397326991
2.39053418168168	48.9877997471058	74.4837097125182	27.8630826091921
2.3999642967968	47.3059175085661	74.3004531682805	26.9658231269402
2.40939441191191	45.6602741895862	75.4110665605824	26.0991859345781
2.41882452702703	44.0508634211356	76.706148100382	25.2526008474515
2.42825464214214	42.2858077374906	75.4652586482757	24.4446853521311
2.43768475725726	40.3710613621186	71.7870404877664	23.7278106235407
2.44711487237237	38.4949120020806	68.3979003362709	22.902402532921
2.45654498748749	36.6573596573768	65.0393733125776	22.1117295357151
2.4659751026026	34.8584043280072	61.6193910316902	21.3546327069603
2.47540521771772	33.0980460139716	58.2627418033995	20.5445773731052
2.48483533283283	31.3762847152702	54.9766608008137	19.765422832114
2.49426544794795	29.693120431903	51.7610856709435	19.0375438192542
2.50369556306306	28.0485531638697	48.6131978430986	18.287692369656
2.51312567817818	26.4425829111707	45.5574261141862	17.4754180495982
2.52255579329329	24.8752096738059	42.5983258934661	16.7382458788304
2.53198590840841	23.3464334517751	39.7323009215439	16.0243860829438
2.54141602352352	21.8562542450783	36.9215207342568	15.2565675470518
2.55084613863864	20.404672053716	34.0653553191558	14.3637274653747
2.56027625375375	18.9916868776874	31.4759829881151	13.4718648899913
2.56970636886887	17.6172987169932	28.6962805549185	12.5866823756974
2.57913648398398	16.2815075716331	26.2221582911367	11.7725117025303
2.5885665990991	14.984313441607	23.6305972475427	10.9733472045203
2.59799671421421	13.7257163269152	21.2691744350481	10.0596920973718
2.60742682932933	12.5057162275574	18.9875671828005	9.09761906874879
2.61685694444444	11.3243131435337	16.777369874858	8.10162255738003
2.62628705955956	10.1815070748443	14.914255083891	7.01705385919963
2.63571717467468	9.07729802148888	13.3618473440874	5.7967478927185
2.64514728978979	8.01168598346746	12.2227119636942	4.39141524976717
2.65457740490491	6.98467096078057	11.284956831994	3.12605135502344
2.66400752002002	5.9962529534274	10.6391134220295	1.75728037428514
2.67343763513514	5.04643196140865	10.1858108909099	0.329046218016967
2.68286775025025	4.13520798472387	9.68894488003269	0
2.69229786536537	3.26258102337324	9.30532527090322	0
2.70172798048048	2.42855107735668	8.94619601598058	0
2.7111580955956	1.63311814667439	8.60590208245929	0
2.72058821071071	0.876282231326205	8.23368992189655	0
2.73001832582583	0.15804333131204	7.9320817517914	0
2.73944844094094	0	7.64707635393546	0
2.74887855605606	0	7.42600328434563	0
2.75830867117117	0	7.21655702981267	0
2.76773878628629	0	6.99702340092902	0
2.7771689014014	0	6.80713087767556	0
2.78659901651652	0	6.64983338798308	0
2.79602913163163	0	6.50928842967574	0
2.80545924674675	0	6.38549600275882	0
2.81488936186186	0	6.27845610722789	0
2.82431947697698	0	6.16478550216465	0
2.83374959209209	0	5.86709371645011	0
2.84317970720721	0	5.79267435339138	0
2.85260982232232	0	5.73641569990892	0
2.86203993743744	0	5.69821803536685	0
2.87147005255255	0	5.6780813597615	0
2.88090016766767	0	5.67600567309497	0
2.89033028278278	0	5.69199097536804	0
2.8997603978979	0	5.74853279470592	0
2.90919051301301	0	5.83001736690778	0
2.91862062812813	0	5.92933518698923	0
2.92805074324324	0	6.04648625495314	0
2.93748085835836	0	6.18147057079431	0
2.94691097347347	0	6.33428813451583	0
2.95634108858859	0	6.50493894611839	0
2.9657712037037	0	6.69296764861055	0
2.97520131881882	0	6.87809215776136	0
2.98463143393393	0	7.0353375848519	0
2.99406154904905	0	7.2096782465946	0
3.00349166416416	0	7.42154111514147	0
3.01292177927928	0	7.68496955900727	0
3.02235189439439	0	7.93173898732707	0
3.03178200950951	0	8.14259726439757	0
3.04121212462463	0	8.45351926183807	0
3.05064223973974	0	8.79867815699402	0
3.06007235485486	0	9.11382553239404	0
3.06950246996997	0.00705514333261607	9.4799422151108	0
3.07893258508509	0.71690581068118	9.86161533574834	0
3.0883627002002	1.46535349336393	10.2250373638053	0
3.09779281531532	2.25239819138078	10.6675978291153	0
3.10722293043043	3.07803990473171	11.1220534636642	0
3.11665304554555	3.9422786334168	11.57992716895	0
3.12608316066066	4.84511437743604	12.075789042988	0
3.13551327577578	5.78654713678935	12.5635912324349	0
3.14494339089089	6.76657691147688	13.0624116740634	0
3.15437350600601	7.78520370149839	13.5940664648901	0
3.16380362112112	8.84242750685425	14.1605538379926	0
3.17323373623624	9.93824832754404	14.8114730725515	1.2808190695267
3.18266385135135	11.0726661635681	15.4597792195106	2.8355295641418
3.19209396646647	12.2382581371773	16.1836190978004	4.45792062163342
3.20152408158158	13.3392432204622	16.8603755182374	5.96676866058827
3.2109541966967	14.3401017512841	17.41370603801	7.59948431625814
3.22038431181181	15.2765665055755	17.8637869320624	9.21622778442699
3.22981442692693	16.0430236289479	18.0639153048131	11.1127888899191
3.23924454204204	16.6021264079137	18.2583876168476	13.0109139414827
3.24867465715716	16.9854751304964	18.4261225417798	14.9721805920947
3.25810477227227	17.2410852869548	18.4250220098374	16.2356621689715
3.26753488738739	17.4360074425301	18.4631712656502	16.5090615021236
3.2769650025025	17.5924291071099	18.7769222104992	16.6921495061987
3.28639511761762	17.8602162111843	19.1213063122141	16.789638821885
3.29582523273273	18.1876613521043	19.4575661018212	17.0283799233136
3.30525534784785	18.4908848918764	19.8022466206096	17.2624015801739
3.31468546296296	18.7698868305007	20.1393727302693	17.4766339331523
3.32411557807808	19.0246671679775	20.4086898323271	17.6583828331561
3.33354569319319	19.2552259043066	20.6463693768882	17.8658993669436
3.34297580830831	19.4615630394879	20.8989989057999	18.038609984295
3.35240592342342	19.6436785735215	21.0808119119823	18.1885572164301
3.36183603853854	19.8015725064075	21.2717586206802	18.3497183244055
3.37126615365365	19.9352448381458	21.430244037144	18.4370556167884
3.38069626876877	20.0446955687363	21.5754602207286	18.4375223736985
3.39012638388388	20.1299246981793	21.6561636014276	18.422681843388
3.399556498999	20.1909322264744	21.7840270328505	18.2995991696062
3.40898661411411	20.2388611433216	21.9069848795921	18.1975611951011
3.41841672922923	20.2918083109157	22.0038386901628	18.3805438373992
3.42784684434434	20.342747300372	22.0959034706485	18.4789417174247
3.43727695945946	20.3834732313742	22.1678898533575	18.4738343014223
3.44670707457457	20.4213807705699	22.2221571280072	18.6029747124574
3.45613718968969	20.4508014409727	22.2401711602399	18.6235644745393
3.46556730480481	20.4695310814022	22.2754736936577	18.6840254205527
3.47499741991992	20.4931054063923	22.290823694596	18.8075426383297
3.48442753503504	20.5364208167759	22.3468564645327	18.8640819873132
3.49385765015015	20.5847177893655	22.3133768084307	18.9161523887452
3.50328776526527	20.6283397400047	22.2826047543232	18.9680243895444
3.51271788038038	20.6607426688104	22.2363357824351	19.042454845917
3.5221479954955	20.6819265757826	22.1981067811068	19.1187783521266
3.53157811061061	20.6918914609215	22.1997511692991	19.1124912045805
3.54100822572573	20.6906373242265	22.1019283846631	19.109243494849
3.55043834084084	20.6781641656984	22.041805902496	19.1490414705422
3.55986845595596	20.6615756185147	21.9885911321132	19.1586319415526
3.56929857107107	20.6498972924098	21.9847942324835	19.1496427837109
3.57872868618619	20.6308057953014	22.0015841775796	19.157850015005
3.5881588013013	20.6048272396254	22.0021584055988	19.1955142218967
3.59758891641642	20.5955857443235	21.9898806419792	19.1952408643292
3.60701903153153	20.5937325062616	21.9952883353336	19.2255945809124
3.61644914664665	20.5899060882045	21.9814473288702	19.2619598183466
3.62587926176176	20.5841064901525	21.9480666686786	19.2527004530591
3.63530937687688	20.5763337121055	21.9340854481882	19.2112670942862
3.64473949199199	20.5665877540635	21.8916209850343	19.160215792237
3.65416960710711	20.5548686160265	21.8802518074548	19.1549170229985
3.66359972222222	20.5411762979943	21.818391226009	19.1029961223682
3.67302983733734	20.5255107999674	21.7540076852512	19.0850731020203
3.68245995245245	20.5078721219454	21.7106784713077	19.0604104590241
3.69189006756757	20.4889584278488	21.6627802027935	19.0673323706718
3.70132018268268	20.4721469394696	21.5931583618769	19.0902025421852
3.7107502977978	20.4553502330117	21.567623493791	19.0992444734549
3.72018041291291	20.4381558242435	21.5210307594401	19.1094219173692
3.72961052802803	20.4205632501322	21.5095032088738	19.1160875455072
3.73904064314314	20.4015383216657	21.4620653422688	19.1392150468361
3.74847075825826	20.3815164435624	21.4346446828736	19.1591720472138
3.75790087337337	20.364094844102	21.3688750826635	19.1737772125698
3.76733098848849	20.3495135500827	21.3429783715463	19.2087571534378
3.7767611036036	20.3376900063483	21.3196270540057	19.1727924678133
3.78619121871872	20.3157666922985	21.3030088772875	19.1939419839349
3.79562133383383	20.2860736009679	21.2506131007822	19.1556182790292
3.80505144894895	20.2545026466603	21.2523019112549	19.1373995704898
3.81448156406406	20.2283149369878	21.2483183861815	19.0529646543376
3.82391167917918	20.2056618497245	21.236415286908	19.0065729772305
3.8333417942943	20.155176493411	21.2189719317721	18.906211123472
3.84277190940941	20.096538488301	21.2109247420532	18.8357786430007
3.85220202452452	20.0447316009231	21.2066326894099	18.7225594746366
3.86163213963964	19.9997558312777	21.2028358558787	18.6462886142901
3.87106225475476	19.9616111793643	21.230716986074	18.5918828474287
3.88049236986987	19.9302976451835	21.2381809843474	18.5143498498961
3.88992248498499	19.9058152287348	21.2820409953286	18.4429331328351
3.8993526001001	19.8881639300185	21.2884557554726	18.3590674282182
3.90878271521522	19.8737022574665	21.3636755599786	18.2912409104768
3.91821283033033	19.8457176255544	21.3953694573363	18.2207407268681
3.92764294544545	19.8202380585389	21.403875696953	18.1687098272249
3.93707306056056	19.7944106017588	21.4235673617214	18.1523147219825
3.94650317567568	19.7753657497358	21.4430143876709	18.1537071453171
3.95593329079079	19.7640736563761	21.4574023423755	18.1056616877945
3.96536340590591	19.7605343216801	21.4749143920819	18.1121057331772
3.97479352102102	19.7647477456476	21.4959839836396	18.0959695912873
3.98422363613614	19.7767139282786	21.5190393481851	18.094106767578
3.99365375125125	19.7964328695731	21.5462772292494	18.0704031170753
4.00308386636637	19.8239045695312	21.5837575134255	18.0425656839991
4.01251398148148	19.8591290281527	21.6263336489963	18.0627137371979
4.0219440965966	19.9021062454378	21.6740207403204	18.0603002399094
4.03137421171171	19.9528362213866	21.7253921848965	18.0569497907876
4.04080432682683	20.0113189559987	21.77886432121	18.108445482053
4.05023444194194	20.0775544492744	21.8187679333263	18.1911097077004
4.05966455705706	20.1515427012138	21.8861189848092	18.2500182014233
4.06909467217217	20.2332837118163	21.9412712729351	18.2788509068867
4.07852478728729	20.3227774810828	21.9974659364949	18.3794192300323
4.0879549024024	20.4200240090126	22.0798697012336	18.4213655258799
4.09738501751752	20.5248180304983	22.1510870007102	18.5872625063223
4.10681513263263	20.6192232172547	22.2045888133562	18.7178204722484
4.11624524774775	20.7060721823078	22.3081193120476	18.8490720600948
4.12567536286286	20.8009205714532	22.3745342628884	18.9625924206046
4.13510547797798	20.9037914251998	22.4900197588074	19.0997740321076
4.14453559309309	21.0146847435476	22.6447946060739	19.2457431125681
4.15396570820821	21.1336005264964	22.727772225843	19.4350820711478
4.16339582332332	21.2605387740466	22.8059477646821	19.6227159263919
4.17282593843844	21.3944854359519	22.9040429649558	19.7595539604264
4.18225605355355	21.5299459106509	23.0057407985839	19.9005766132141
4.19168616866867	21.6714493573878	23.1154284748016	20.0681842841132
4.20111628378378	21.8199865420906	23.2539683687607	20.1844236958735
4.2105463988989	21.97555746476	23.4242779147816	20.3377662910066
4.21997651401401	22.1381534857498	23.592846297547	20.5149399543637
4.22940662912913	22.3056698191972	23.7286972919204	20.6081075196499
4.23883674424424	22.4769421068432	23.8942009238118	20.7235622707229
4.24826685935936	22.6409024455866	24.0943088759697	20.8257108743639
4.25769697447448	22.798952006631	24.2774507406107	20.9522491049202
4.26712708958959	22.9553229195553	24.5382841853877	21.1136225368601
4.27655720470471	23.1100151843598	24.7825037181753	21.2636319325112
4.28598731981982	23.263028801044	25.0753379406754	21.4162152995132
4.29541743493494	23.4143637696083	25.3803982190357	21.607875666793
4.30484755005005	23.5640200900525	25.6282077302775	21.7927927579104
4.31427766516517	23.7119977623766	25.8178620865184	21.9845727376119
4.32370778028028	23.8582967865809	26.0006079556133	22.1878951965547
4.3331378953954	24.002917162665	26.1680763136717	22.3923806784541
4.34256801051051	24.1458588906291	26.2987206779263	22.5887373622538
4.35199812562563	24.2871219704731	26.4895188661752	22.7879211646112
4.36142824074074	24.4267064021973	26.6533650358577	22.9792035042546
4.37085835585586	24.5646121858011	26.8469655388044	23.1447617948181
4.38028847097097	24.7009593927713	27.0387347636228	23.335454444666
4.38971858608609	24.8656060607686	27.1983972363073	23.5022560895751
4.3991487012012	25.0477351150683	27.3896078531417	23.6717624796506
4.40857881631632	25.2292056330073	27.5274305945609	23.8284848430314
4.41800893143143	25.4078668282438	27.6430409600183	23.9938398172323
4.42743904654655	25.6368542666931	27.7344626639351	24.1675143771438
4.43686916166166	25.8995345047871	27.8951333557043	24.3807544853544
4.44629927677678	26.1470463761947	28.0578351676273	24.568659659427
4.45572939189189	26.3793898809168	28.3342661283398	24.6857858943256
4.46515950700701	26.5965650189525	28.6245601025483	24.800102193588
4.47458962212212	26.7985717903025	28.8124609146155	24.8787886072068
4.48401973723724	26.9854101949663	29.0329236332468	24.955062599967
4.49344985235235	27.1570802329445	29.2969546635929	25.0094988872842
4.50287996746747	27.3135819042364	29.5588201083125	25.0645818937939
4.51231008258258	27.4549152088425	29.7785531989957	25.118731395656
4.5217401976977	27.5810801467623	29.9874304062436	25.1733300312989
4.53117031281281	27.6920767179969	30.1552624343605	25.2264979554746
4.54060042792793	27.7879049225446	30.3175064126156	25.2810485680701
4.55003054304304	27.8685647604067	30.483340660247	25.3168535299149
4.55946065815816	27.9340562315831	30.5351155616815	25.3426803185259
4.56889077327327	27.9843793360731	30.6596446403499	25.3644368901775
4.57832088838839	28.0195340738776	30.7269172251959	25.4112648148184
4.5877510035035	28.0395204449956	30.7645459857118	25.4129022241518
4.59718111861862	28.0443384494281	30.8077081783148	25.4324024372263
4.60661123373373	28.0339880871743	30.8519441054702	25.4399633611818
4.61604134884885	28.0084693582348	30.7346409329855	25.467450343977
4.62547146396397	28.0183528071514	30.7516382202928	25.5690856483194
4.63490157907908	28.08938953992	30.7859009830085	25.8252045400332
4.64433169419419	28.1382074584892	30.7584304077104	25.9499439761933
4.65376180930931	28.1637058672454	30.7569643389038	25.9145452125271
4.66319192442442	28.1659027070137	30.8021236754171	25.8938522330505
4.67262203953954	28.1627191058464	30.7678672314821	25.8609323932718
4.68205215465466	28.1517905083583	30.8190416537204	25.8145482229105
4.69148226976977	28.1344692789259	30.9000111844751	25.777570290876
4.70091238488489	28.1802044986254	30.8683942538968	25.9021642058394
4.7103425	28.2168544948578	30.8836618664419	26.0106405024728
4.71977261511512	28.2329372677358	30.7925550356286	25.9990646885058
4.72920273023023	28.2486260776467	30.7608049792884	26.0263087017518
4.73863284534535	28.2612064979646	30.632578336635	26.0870295428283
4.74806296046046	28.2542394378213	30.6323393817646	26.0658763255549
4.75749307557558	28.227724897216	30.60654672364	26.0359699601166
4.76692319069069	28.2016572615785	30.6040318185347	25.9654363913888
4.77635330580581	28.1984813066749	30.5728236588077	26.0410642712095
4.78578342092092	28.1800331958981	30.5681322926088	26.0935342624136
4.79521353603604	28.1451359135752	30.4795066587222	26.0905055474827
4.80464365115115	28.0937894597064	30.4058895551893	26.0827806452063
4.81407376626627	28.0259938342915	30.2775744415467	26.0298303704887
4.82350388138138	27.9490305471023	30.135474837162	25.9275396379687
4.8329339964965	27.8742702862331	29.9579509006969	25.8901166482738
4.84236411161161	27.7856404264366	29.7951107375809	25.8280914301073
4.85179422672673	27.6823599141139	29.6071011887566	25.7286705952304
4.86122434184184	27.5644287492651	29.4500453115269	25.6370983987215
4.87065445695696	27.4326270203249	29.2437560869232	25.5118386540953
4.88008457207207	27.2972026028795	29.0246969658471	25.414491950112
4.88951468718719	27.1523161302546	28.811007687597	25.2910104848349
4.8989448023023	26.9978357931911	28.5131497878263	25.1451953866434
4.90837491741742	26.8385535535019	28.367632149357	24.9630886565209
4.91780503253253	26.668877964184	28.1721291190022	24.8078145583525
4.92723514764765	26.4885643254217	27.9777752871755	24.6159843573795
4.93666526276276	26.2976126372147	27.8037492585941	24.4811627274013
4.94609537787788	26.0957809604865	27.6556267231581	24.2695289020724
4.95552549299299	25.8826924621074	27.5028713869813	24.0474167024899
4.96495560810811	25.6579345133382	27.3637696830814	23.8568606100137
4.97438572322322	25.4296518318892	27.2287723911412	23.6209717736133
4.98381583833834	25.2101150787804	27.0844482588191	23.3899834045502
4.99324595345345	24.9998853238342	26.9086382744216	22.9269876646137
5.00267606856857	24.7989625670511	26.7334393348243	22.5535878398635
5.01210618368368	24.6027991909058	26.5944354341558	22.2891158594086
5.0215362987988	24.3881625749403	26.4199006233245	22.0138006654658
5.03096641391391	24.1848125456434	26.261593792985	21.7324899273136
5.04039652902903	23.9988565172723	26.0747440836369	21.5653624481273
5.04982664414415	23.8302944898261	25.9037727735647	21.3963461078564
5.05925675925926	23.6791264633051	25.7675754942822	21.1104539376408
5.06868687437438	23.5421979850062	25.5939979787261	20.9518109016266
5.07811698948949	23.4016558445858	25.4149113621266	20.8093334139614
5.0875471046046	23.2792052898034	25.2328930368686	20.7218648189238
5.09697721971972	23.1589529876826	25.0082836262107	20.6386780267896
5.10640733483484	23.0265224663836	24.7801120123324	20.4152841041178
5.11583744994995	22.8132682650346	24.5386293721809	20.3032294235057
5.12526756506507	22.5958545436497	24.361199460613	20.142290614046
5.13469768018018	22.4055060667597	24.2032617125477	19.8600900798512
5.1441277952953	22.2488182113407	24.0813316758735	19.5906050693308
5.15355791041041	22.1126465785742	24.0071683806282	19.4686499386181
5.16298802552553	21.9541429242877	23.835695202902	19.3494720061805
5.17241814064064	21.8196341258541	23.6653748813621	19.1684766692452
5.18184825575576	21.7149489861385	23.6746745232878	19.0894953609152
5.19127837087087	21.6248440694361	23.7057692807748	18.9898814106956
5.20070848598599	21.5030632302672	23.5663856791943	18.8855060680973
5.2101386011011	21.4002833033874	23.5027030032334	18.784278467382
5.21956871621622	21.3148716197521	23.4912134204015	18.7738443775763
5.22899883133133	21.2243961016361	23.3712527502015	18.6844036393285
5.23842894644645	21.1535220862691	23.277758011051	18.6785178676521
5.24785906156156	21.1050097457266	23.2074086652456	18.6853554961261
5.25728917667668	21.0788590800096	23.1339473134698	18.7046747319461
5.26671929179179	21.0750700891174	23.0805450161256	18.760810401368
5.27614940690691	21.0936427730503	23.0914017441425	18.795788180586
5.28557952202202	21.1345771318081	23.1071720722712	18.931812387456
5.29500963713714	21.1978731653912	23.1378955167009	18.9831861112468
5.30443975225225	21.2835308737992	23.2246185318163	19.1735769698445
5.31386986736737	21.3854517304973	23.3323457221838	19.3172357742325
5.32329998248248	21.494479177607	23.4101473847879	19.4891338999818
5.3327300975976	21.6237752466964	23.4444405133646	19.7030007708864
5.34216021271271	21.764101838337	23.5808626324602	19.7971771470017
5.35159032782783	21.9097652451341	23.6066944309511	19.8851631701867
5.36102044294294	22.0746402787815	23.6709239545872	20.0222160395457
5.37045055805806	22.2569435198858	23.8677211643113	20.145628441965
5.37988067317317	22.4017652457539	24.0005001413937	20.2990652135133
5.38931078828829	22.5201005117856	24.185263312921	20.4800362120839
5.3987409034034	22.6453145726805	24.3666337726451	20.7042969797489
5.40817101851852	22.7774413497989	24.5790688290186	20.9122307175775
5.41760113363363	22.9164808431402	24.7507407249381	21.1703892758294
5.42703124874875	23.0624330527051	24.8439484073964	21.3572101761768
5.43646136386386	23.2152979784924	24.9659707500955	21.5626606070381
5.44589147897898	23.3750756205036	25.1135317987326	21.722277973057
5.45532159409409	23.5417659787374	25.2343955985237	21.9485595614876
5.46475170920921	23.6946435522181	25.3638282809632	22.1414537235236
5.47418182432432	23.8161410607527	25.4682907219588	22.1388385082763
5.48361193943944	23.9346944717607	25.6663678652752	22.1276714450088
5.49304205455456	24.0492525273538	25.9004672024061	22.1147652735857
5.50247216966967	24.160506224541	26.1571761474092	22.0345324061197
5.51190228478479	24.2670512309246	26.3858350111267	22.1239284462949
5.5213323998999	24.3667573125514	26.5932815642262	22.1471290680376
5.53076251501502	24.4574448512421	26.7557846405291	22.1406049961633
5.54019263013013	24.5401113402486	27.0315866532422	22.1652197526664
5.54962274524525	24.6147567795702	27.27567612805	22.2254355432944
5.55905286036036	24.6788788430991	27.3471956872563	22.3717314207573
5.56848297547548	24.7197386956612	27.4750853023374	22.4800550720232
5.57791309059059	24.7343687240783	27.4074776177118	22.4099729628531
5.58734320570571	24.7384511076397	27.4320403375532	22.337043142329
5.59677332082082	24.7335614299574	27.6115337030332	22.244046956871
5.60620343593594	24.7182359286756	27.7092284812576	22.2185915638665
5.61563355105105	24.7017655393478	27.9047971270599	22.0490030268148
5.62506366616617	24.6929867406967	28.2025074110834	21.9327902998311
5.63449378128128	24.691936766658	28.4828913414947	21.7748460098679
5.6439238963964	24.6986156172322	28.6542122045398	21.7141551623543
5.65335401151151	24.7130232924192	28.750779578355	21.6496285145954
5.66278412662663	24.7351597922186	28.7725793210946	21.6074167265812
5.67221424174174	24.765025116631	28.6369924750569	21.5474492927525
5.68164435685686	24.8026192656561	28.6097778572458	21.5545492664442
5.69107447197197	24.8479422392938	28.6458721396387	21.5380479076326
5.70050458708709	24.9009940375442	28.5638414225403	21.5861347250249
5.7099347022022	24.9598959744897	28.5368191348863	21.6733452454148
5.71936481731732	25.0212245387831	28.4164224674112	21.9799673894745
5.72879493243243	25.0835306052938	28.3386804642719	22.0968976021807
5.73822504754755	25.1506561689088	28.1738824343392	22.0376799337713
5.74765516266266	25.2047677552278	28.2871068779517	22.1777138207664
5.75708527777778	25.2579709704446	28.3802855303666	22.1165689877635
5.76651539289289	25.3296771688132	28.4081588846171	22.1849983125834
5.77594550800801	25.4208954826468	28.4744595473066	21.992587453144
5.78537562312312	25.5313761446467	28.54873105887	22.1324607438279
5.79480573823824	25.6407617005176	28.7264042078534	22.2288227399065
5.80423585335335	25.7432673230325	28.8963084087268	22.0413061758091
5.81366596846847	25.8651244841145	29.2026596942857	22.0181737320879
5.82309608358358	26.0072418915484	29.295345680205	21.9748777551423
5.8325261986987	26.1696195453341	29.5782751234183	21.9797561185902
5.84195631381381	26.3522574454723	29.7647554387172	22.1925829514165
5.85138642892893	26.5549560161681	29.8471588656824	22.5766489051671
5.86081654404405	26.7729128264788	29.9051444233866	22.8043403938983
5.87024665915916	27.005057081191	29.9902174765118	23.102542251466
5.87967677427427	27.2471549770015	30.1883745851163	23.5417764858216
5.88910688938939	27.5017486175936	30.3666728173294	23.9674334401127
5.89853700450451	27.7434566396479	30.6276043476749	24.4366164173205
5.90796711961962	27.9663047635426	30.8718719232896	24.7892371913611
5.91739723473474	28.1650506367684	30.9032881892204	25.2758512638025
5.92682734984985	28.3584329994682	31.0805349625541	25.9379521936088
5.93625746496497	28.5528834895232	31.2660710053641	26.0970614534972
5.94568758008008	28.7160525581069	31.3675007793293	26.2838199308433
5.9551176951952	28.8670839936752	31.7684861549899	26.3971707577789
5.96454781031031	29.0273362722861	32.085631240715	26.4429945368555
5.97397792542543	29.1931374325854	32.3469826992372	26.4859555750676
5.98340804054054	29.3158254688734	32.6937644355451	26.5503492901296
5.99283815565566	29.3879046818075	32.9220007078085	26.601615509381
6.00226827077077	29.409375071387	32.943521991331	26.5786677164169
6.01169838588589	29.3802366376126	33.0014966340898	26.590247876769
6.021128501001	29.3130351600097	32.9646011107946	26.5495953611835
6.03055861611612	29.2347752569969	32.7451329487303	26.5264975467626
6.03998873123123	29.106298610212	32.6088674423404	26.4980914155033
6.04941884634635	28.9244009733516	32.4485156078161	26.4514642054457
6.05884896146146	28.6890823464156	32.0451874317194	26.4036781001478
6.06827907657658	28.5232920126022	32.0060703072246	26.3662566426037
6.07770919169169	28.4673706938773	31.5791431439794	26.3540317454152
6.08713930680681	28.4253993849994	31.352267413135	26.3621667606294
6.09656942192192	28.4692294786757	31.4030781206556	26.3874771091024
6.10599953703704	28.5067399703227	31.2887592592058	26.4224858551755
6.11542965215215	28.5324220166946	31.1725141639716	26.4771370335991
6.12485976726727	28.546275617792	31.0768988536299	26.4500728025787
6.13428988238238	28.5483007736144	31.0292563957598	26.4221544118931
6.1437199974975	28.5384974841625	30.9550924587192	26.4238027402054
6.15315011261261	28.5168657494356	30.8646604347807	26.4157556337482
6.16258022772773	28.4834055694341	30.8456255430491	26.4084372494062
6.17201034284284	28.4381169441578	30.7436695727336	26.3738112293254
6.18144045795796	28.380999873607	30.6556243999069	26.3188138921117
6.19087057307307	28.3120543577812	30.5892249786655	26.2754288808661
6.20030068818819	28.2312803966809	30.5049720404919	26.2302305121049
6.2097308033033	28.1386779903057	30.3921090922172	26.1422937238629
6.21916091841842	28.034247138656	30.3602740666812	26.1083830353018
6.22859103353353	27.9223423090556	30.3190105377259	26.0375675806044
6.23802114864865	27.8645041761393	30.3161737175075	26.0073291975836
6.24745126376376	27.8413834783497	30.3666930329209	25.9367219410507
6.25688137887888	27.8113567754721	30.322729655747	25.8693788873843
6.266311493994	27.7752858447461	30.3406001818659	25.8248688145018
6.27574160910911	27.7349344815219	30.3458084306913	25.7454420582379
6.28517172422423	27.6876201580128	30.3143836684253	25.6285567665308
6.29460183933934	27.6332713842871	30.3159879763734	25.5114244300075
6.30403195445446	27.5718881603458	30.2805434572354	25.3446084954685
6.31346206956957	27.5034704861886	30.30077113797	25.2335709360742
6.32289218468468	27.4280183618151	30.2966960838843	25.0615243957212
6.3323222997998	27.3455317872265	30.3127568983377	24.9277465446024
6.34175241491492	27.256010762421	30.3033122344498	24.8305689249092
6.35118253003003	27.1596765393259	30.2756376919758	24.6424582958012
6.36061264514515	27.0582329492055	30.3132508662868	24.479656485123
6.37004276026026	26.9514823450842	30.3354016749927	24.2906369674725
6.37947287537538	26.8402161499992	30.3285267721902	24.1378345551658
6.38890299049049	26.7244414112992	30.3009977211392	23.9655893710283
6.39833310560561	26.6041581289843	30.2365804765856	23.7953970945594
6.40776322072072	26.4793663030538	30.1570932834459	23.6049272389921
6.41719333583584	26.3500659335083	30.0683716169612	23.4317180894422
6.42662345095095	26.2162570203477	29.9540804407493	23.249245045529
6.43605356606607	26.0779395635719	29.8379822025641	23.0741087693152
6.44548368118118	25.9351135631812	29.7463410592331	22.8877966206294
6.4549137962963	25.7877790191752	29.61938783404	22.7120986133385
6.46434391141141	25.6359359315539	29.4472354425819	22.5568589779709
6.47377402652653	25.4795843003177	29.3357791677282	22.4219719961611
6.48320414164164	25.3183652568021	29.1086935527954	22.2544557901939
6.49263425675676	25.1520850573722	28.974203201248	22.0800629829784
6.50206437187187	24.9821496239038	28.8086204177719	21.9172540908442
6.51149448698699	24.8086316057415	28.6700339995305	21.7348441603508
6.5209246021021	24.6315310028846	28.4891771615061	21.5493132303573
6.53035471721722	24.4508478153342	28.3159369337306	21.3648744170395
6.53978483233233	24.2665820430888	28.1603686744943	21.2065707053224
6.54921494744745	24.0787336861501	27.9852816912572	21.0353003658922
6.55864506256256	23.8871914479816	27.7694122883658	20.8720099754285
6.56807517767768	23.6915895719934	27.560758009971	20.6665127864405
6.57750529279279	23.4933348723268	27.3641218904558	20.5130100905208
6.58693540790791	23.292680266103	27.1554624296668	20.3328062692655
6.59636552302302	23.0896257533226	26.9155861859043	20.1463359798041
6.60579563813814	22.8841713339854	26.6623643578542	19.9629058056947
6.61522575325325	22.6763170080913	26.4296748717901	19.7886186509408
6.62465586836837	22.4655859946078	26.1307705305722	19.6109529545179
6.63408598348348	22.2503240643103	25.8469002826522	19.441410440208
6.6435160985986	22.0347002002926	25.5654630386589	19.2666420522411
6.65294621371372	21.8194057935935	25.2653143780923	19.0758285998507
6.66237632882883	21.6044408442133	24.9130684833774	18.9386210628548
6.67180644394394	21.3898053521517	24.5569398903753	18.7726291129626
6.68123655905906	21.1754993174085	24.2482835777278	18.5695472926432
6.69066667417417	20.9615227399843	23.933768701605	18.4137367057746
6.70009678928929	20.7478756198789	23.6821687359475	18.2123580275541
6.70952690440441	20.534557957092	23.3405533789562	18.0202861045685
6.71895701951952	20.3215697516238	23.001969465652	17.7985995283831
6.72838713463464	20.1089110034746	22.691016322091	17.6199724333855
6.73781724974975	19.8965817126438	22.4730412175815	17.406498976097
6.74724736486487	19.6845818791318	22.1173914574607	17.1860058736627
6.75667747997998	19.4729115029383	21.9189681633814	16.958311120831
6.7661075950951	19.2615705840642	21.6847400737524	16.6683419114055
6.77553771021021	19.0490469940978	21.5472060749488	16.3872142557345
6.78496782532533	18.8270602916272	21.4081347044477	16.1652675167055
6.79439794044044	18.6035496233792	21.2602578645863	15.9183575769162
6.80382805555556	18.3853324885606	21.1233785650285	15.6949336143651
6.81325817067067	18.1724327506899	20.9562918107418	15.4684936081875
6.82268828578579	17.9648504097688	20.7665398847848	15.236164900897
6.8321184009009	17.7625854657962	20.6137714587327	15.0284479987267
6.84154851601602	17.5656379187724	20.437694138045	14.8218704711625
6.85097863113113	17.3740077686975	20.3012881417135	14.6003747147733
6.86040874624625	17.1876950155714	20.0980946809666	14.3739102953134
6.86983886136136	17.0066996593943	19.919366178988	14.0340879636956
6.87926897647648	16.8310217001655	19.722147345614	13.8006047242179
6.88869909159159	16.6606611378861	19.5420874914141	13.4827064327026
6.89812920670671	16.4956179725552	19.3616981765939	13.2971548660481
6.90755932182182	16.3358922041733	19.1881703589342	13.0358010824703
6.91698943693694	16.1814838327401	19.0271079348461	12.8259532670457
6.92641955205205	16.0323928582557	18.8521798694062	12.5491942611198
6.93584966716717	15.88861928072	18.6788264023744	12.2780730608822
6.94527978228228	15.7501631001336	18.5110531531047	12.0765808026435
6.9547098973974	15.6170243164956	18.353960317859	11.8512747871391
6.96414001251251	15.4892029298064	18.198089598214	11.6446740738051
6.97357012762763	15.3666989400665	18.0258411506167	11.4799144391068
6.98300024274274	15.2495123472747	17.900006892691	11.2861792980363
6.99243035785786	15.1376431514324	17.7847199730237	11.1295276149354
7.00186047297297	15.0310913525385	17.659496157288	11.0241282372602
7.01129058808809	14.9274408826654	17.5487451687137	10.880453004099
7.0207207032032	14.814440538543	17.4155768106469	10.9281396049849
7.03015081831832	14.7057771429571	17.2978168039427	10.8446455643498
7.03958093343343	14.5998892049648	17.1972085707142	10.7467582961727
7.04901104854855	14.4662429491005	17.0716075517588	10.6807583877986
7.05844116366366	14.3228072087499	17.0005530946434	10.5683274472401
7.06787127877878	14.1910770359256	16.9156475049551	10.533867499656
7.0773013938939	14.0710524306271	16.8323128494926	10.4678659334108
7.08673150900901	13.9627333928548	16.764206824552	10.3600153561704
7.09616162412413	13.8661199226086	16.7067682875358	10.3415555184527
7.10559173923924	13.7812120198881	16.6452949330219	10.2899640705847
7.11502185435435	13.7080096846937	16.5702310003045	10.2783333489652
7.12445196946947	13.6465129170259	16.5257166457496	10.3150109404867
7.13388208458459	13.5964893320265	16.5053496709314	10.3328392849502
7.1433121996997	13.5462413504968	16.3879207247098	10.3468530175055
7.15274231481482	13.5017162014208	16.3316378588906	10.3598737990731
7.16217242992993	13.4698966993314	16.2998415574447	10.3624981561246
7.17160254504505	13.4375099966583	16.286435620527	10.4672279375804
7.18103266016016	13.406338322303	16.2271714322609	10.4564412852558
7.19046277527528	13.3891324736126	16.2098934946693	10.3875079031853
7.19989289039039	13.3858924505879	16.2119037465173	10.3673378011499
7.20932300550551	13.3966182532274	16.213510083915	10.4968386459597
7.21875312062062	13.4213098815328	16.2242477270391	10.5373382497871
7.22818323573574	13.4599673355031	16.245945269071	10.5752388715875
7.23761335085085	13.5125906151381	16.2673506131716	10.629572205861
7.24704346596597	13.5791797204384	16.284016406543	10.6379469698193
7.25647358108108	13.6593026781184	16.3033698339323	10.6409275242884
7.2659036961962	13.7304121041547	16.3143936627325	10.6844350283637
7.27533381131131	13.7768821489222	16.3640747725163	10.8826750456198
7.28476392642643	13.7842236933418	16.3822539040578	10.9906764923637
7.29419404154154	13.7480689006405	16.372669669405	11.1038573465235
7.30362415665666	13.727409097393	16.3733476648898	11.1525424021803
7.31305427177177	13.7290958276719	16.3732930197983	11.2081759650634
7.32248438688689	13.7531290914774	16.3572322141572	11.2846659653458
7.331914502002	13.7953435362522	16.3816754537807	11.3325659651783
7.34134461711712	13.8273485086367	16.4906351521413	11.3918364908235
7.35077473223223	13.8763435329519	16.4393555009505	11.4107052614862
7.36020484734735	13.9496094431292	16.4839399146505	11.4705573914609
7.36963496246246	14.0471462391677	16.5387596284398	11.5604265178559
7.37906507757758	14.1640508883811	16.5630142048042	11.6280735649478
7.38849519269269	14.2466598037175	16.6329809120287	11.6538179947845
7.39792530780781	14.3026437279012	16.6496299997234	11.7062734738135
7.40735542292292	14.3537870806184	16.7206985604012	11.716967489999
7.41678553803804	14.4342087021869	16.7855968095132	11.7391221218812
7.42621565315315	14.5264150833131	16.8673441125259	11.7856083413433
7.43564576826827	14.6425965836538	16.9104983979571	11.8212331090858
7.44507588338338	14.7533091500058	16.9042288973903	12.0453119233754
7.4545059984985	14.8150087096345	16.9177738426581	11.9150302398255
7.46393611361361	14.8833802872935	17.0166799283179	11.8001639789211
7.47336622872873	14.9106913933244	17.0472481171348	11.8004075656775
7.48279634384384	14.9555587818822	17.0000372576323	11.9194295496765
7.49222645895896	15.0113219307744	17.0676837748678	12.2406938094721
7.50165657407408	15.086449146579	17.1379602230272	12.3761313777729
7.51108668918919	15.1723445289716	17.1868191500355	12.5380000981011
7.52051680430431	15.2594338644762	17.2185051445053	12.5753269411683
7.52994691941942	15.3499695756057	17.2975362670076	12.7771767355442
7.53937703453454	15.4430652263564	17.3803929810051	13.024432202168
7.54880714964965	15.5387959816611	17.5292390969352	13.3202285734109
7.55823726476477	15.6429711920393	17.6741839457918	13.5799165753501
7.56766737987988	15.7567310329561	17.9367732866989	13.783054773151
7.577097494995	15.8770546108828	18.1609618440769	13.9338897379666
7.58652761011011	15.9951628302433	18.4958456654004	14.0598198982436
7.59595772522523	16.1154478828961	18.801334444058	14.1931124986501
7.60538784034034	16.2356492788881	19.2556835663401	14.2059132401006
7.61481795545546	16.3490786291723	19.5660843347022	14.2631454207773
7.62424807057057	16.4544555753584	19.878692820596	14.3498812766469
7.63367818568569	16.5517801174467	20.1924434368972	14.35874733674
7.6431083008008	16.6414721486958	20.4386945914236	14.3754133893488
7.65253841591592	16.7339080080802	20.6203897073495	14.4355521406734
7.66196853103103	16.8228839882256	20.8714346091891	14.4525525418095
7.67139864614615	16.9036148053849	21.1228099829488	14.4542738994908
7.68082876126126	16.9761004595587	21.3241467511893	14.4965788449727
7.69025887637638	17.0403409507466	21.5554194295604	14.5228663221447
7.69968899149149	17.0963362789488	21.7031631730269	14.5507264193529
7.70911910660661	17.1440864441653	21.8545483347036	14.5564756530878
7.71854922172172	17.1835914463958	21.8467606760807	14.5641533683126
7.72797933683684	17.2148512856411	22.0226906959043	14.5739010165788
7.73740945195195	17.2383090257835	22.1593524609757	14.5821979668811
7.74683956706707	17.2701178827103	21.9881811215188	14.6682840205854
7.75626968218218	17.3019897821966	21.7624045525633	14.7100724557626
7.7656997972973	17.3254544769946	21.8971952677024	14.7872542302098
7.77512991241241	17.3405119671028	21.9512769795805	14.8624122085279
7.78456002752753	17.3471622525216	21.8449935180137	14.9109573200661
7.79399014264264	17.3454053332514	21.5980190888892	14.9353656667643
7.80342025775776	17.3352412092918	21.413564957672	14.9846594616596
7.81285037287287	17.3166698806431	21.3121024863961	15.10250189157
7.82228048798799	17.2898113754614	21.1029217741686	15.1050017172805
7.8317106031031	17.2661990902219	21.0426135421293	15.1531504926074
7.84114071821822	17.2508541386699	20.7760253483877	15.2654643861551
7.85057083333333	17.2366304069367	20.5563476634377	15.2955516257033
7.86000094844845	17.2149465144149	20.3636171720049	15.379572842089
7.86943106356356	17.1858024247943	20.0322440338335	15.3904859576145
7.87886117867868	17.1534775001905	19.9489249293837	15.4378275699782
7.8882912937938	17.1248979969992	19.7777341294085	15.4444339868831
7.89772140890891	17.0900612403842	19.6395737617999	15.4900248972958
7.90715152402402	17.0606367252403	19.687060990444	15.4795823713209
7.91658163913914	17.064515198636	19.7133587387411	15.5182162407397
7.92601175425426	17.0781632813894	19.7095159977429	15.5796714320724
7.93544186936937	17.0890976062516	19.6786554713163	15.6248831272346
7.94487198448449	17.0964868263533	19.5870972425255	15.5917004567065
7.9543020995996	17.1003309416945	19.5433371336736	15.6346922273325
7.96373221471472	17.100629952275	19.4587694627315	15.6203762028602
7.97316232982983	17.0973838580955	19.3878053781395	15.5124587585471
7.98259244494495	17.0905926591555	19.3114198186122	15.4316264177877
7.99202256006006	17.0802563554548	19.2376420231064	15.3571552808532
8.00145267517518	17.0663749469941	19.1588158885658	15.2792417925584
8.01088279029029	17.0489484337728	19.1184774529795	15.2556396997279
8.02031290540541	17.027976815791	19.0719166173407	15.1151296275962
8.02974302052052	17.0034600930492	18.9506654894046	15.0310121111386
8.03917313563564	16.9753982655466	18.8303483215634	14.9573831623989
8.04860325075075	16.9437913332836	18.7553805562735	14.9041216886493
8.05803336586587	16.9086392962605	18.690230263565	14.8094856062779
8.06746348098098	16.8699421544769	18.5831523239542	14.7461525009813
8.0768935960961	16.8276999079328	18.5403925654497	14.669940146946
8.08632371121121	16.7819125566283	18.4227077527905	14.5385773188245
8.09575382632633	16.7325801005634	18.3629328869711	14.4005422902743
8.10518394144144	16.6797025397381	18.3539382225431	14.2681098919682
8.11461405655656	16.6232798741526	18.3146972529395	14.141280123902
8.12404417167167	16.5633121038063	18.2279909776851	14.0351594172714
8.13347428678679	16.4997992287001	18.1976390344074	13.9625052799505
8.1429044019019	16.432741248833	18.1539007664787	13.9016280975868
8.15233451701702	16.3621381642062	18.1183922700237	13.8399748803662
8.16176463213213	16.2879899748179	18.0301324116155	13.7645124285733
8.17119474724725	16.2102966806702	17.9880820144215	13.7110809736022
8.18062486236236	16.1290582817617	17.9363041953099	13.6244190303279
8.19005497747748	16.044274778093	17.8704856843488	13.5668920641
8.19948509259259	15.9559461696635	17.7787812428941	13.4025297529399
8.20891520770771	15.8650276402303	17.6862550807624	13.0876745549431
8.21834532282282	15.7752485867132	17.6399921104166	12.8441959357558
8.22777543793794	15.6843337813412	17.5587508740624	12.7271966499124
8.23720555305306	15.5919449302863	17.4790585323966	12.5251262949006
8.24663566816817	15.4980820335486	17.3882464487898	12.452912871616
8.25606578328328	15.4027450911286	17.3060439942857	12.2416282482513
8.2654958983984	15.3059341030256	17.2024189558319	12.0760816745776
8.27492601351351	15.20764906924	17.1252433769806	11.9676570470922
8.28435612862863	15.1078899897716	17.0341493263582	11.8259971096879
8.29378624374375	15.0066568646206	16.9376976477761	11.8058435027769
8.30321635885886	14.903949693787	16.8330536383105	11.7270510475197
8.31264647397398	14.8015986124573	16.7102802553822	11.6249346366683
8.32207658908909	14.706568715703	16.6004401788933	11.544981629457
8.33150670420421	14.6155211337507	16.4794513242066	11.4861098913288
8.34093681931932	14.5451585679494	16.3400478854853	11.4938003533688
8.35036693443444	14.4794756802834	16.2220608023598	11.5266199355534
8.35979704954955	14.4146582605826	16.0975573395849	11.5205009230011
8.36922716466467	14.3557832423412	15.9653136061598	11.4474284645846
8.37865727977978	14.3045248727651	15.8279567135903	11.4725952846766
8.3880873948949	14.2535281909469	15.6642044279402	11.5609731826836
8.39751751001001	14.2027419730393	15.5413286575127	11.6731585546275
8.40694762512513	14.1521662190424	15.4212425633662	11.810711328974
8.41637774024024	14.1018009289573	15.2572072916375	11.9509850202086
8.42580785535536	14.0516461027827	15.1506645792289	12.1620693255389
8.43523797047047	14.0017017405191	15.0344727420756	12.3873812179502
8.44466808558559	13.9561874848717	14.925488367678	12.5952243401748
8.4540982007007	13.9357456531597	14.8681797885164	12.8742753616055
8.46352831581582	13.9276839329578	14.9190672329299	12.8979275044987
8.47295843093093	13.9030593551883	14.868161173714	12.9585799931106
8.48238854604605	13.8564553941084	14.7444460820328	12.9779798892751
8.49181866116116	13.8069327777285	14.6865948038682	12.9389018898659
8.50124877627628	13.7702519134405	14.6688346024779	12.8874648580963
8.51067889139139	13.7255742992759	14.6398187182656	12.8419250694956
8.52010900650651	13.6733691969653	14.6123594971843	12.7756162232297
8.52953912162162	13.6295071723404	14.5743270594679	12.7260321385515
8.53896923673674	13.5883515950317	14.5558820259319	12.6747767586956
8.54839935185185	13.5445583050389	14.4972740566105	12.6214714271646
8.55782946696697	13.4981273023614	14.4627309361791	12.5840082297702
8.56725958208208	13.4490585869997	14.3963956820917	12.5220786586878
8.5766896971972	13.3973521589538	14.3431387654281	12.4782562523632
8.58611981231231	13.3430080182234	14.2824863617595	12.41791085352
8.59554992742743	13.2860261648087	14.217446252131	12.3586996178649
8.60498004254254	13.2264065987094	14.1108912521895	12.3125431375892
8.61441015765766	13.1645150793646	14.0547930033657	12.2555934818334
8.62384027277277	13.1054134096637	13.9795378496164	12.2149837997017
8.63327038788789	13.0484547756106	13.9329218159737	12.1585777406294
8.642700503003	12.9901725326659	13.8789705454731	12.0837297284533
8.65213061811812	12.9362477457415	13.842403958619	12.0246925884573
8.66156073323323	12.8905981094712	13.8050302904436	11.9703586754641
8.67099084834835	12.8451294480434	13.7661656306623	11.9133081914421
8.68042096346347	12.7996193507958	13.7401485249753	11.8534632142786
8.68985107857858	12.7540678177268	13.7133383567314	11.7906705412979
8.69928119369369	12.7084748488375	13.6805315151919	11.7389980516079
8.70871130880881	12.662840444127	13.6660301360833	11.6737375375978
8.71814142392392	12.6171646035964	13.6485087210916	11.6113269663681
8.72757153903904	12.5714473272437	13.6245502496236	11.5582423205406
8.73700165415416	12.525688615072	13.6095821508184	11.5066317872196
8.74643176926927	12.4798884670784	13.5863862259127	11.4503057745261
8.75586188438439	12.4340468832647	13.5577299320751	11.393161390108
8.7652919994995	12.3881638636296	13.5249284584212	11.3311878872363
8.77472211461462	12.3422394081744	13.4915398149007	11.2905730548184
8.78415222972973	12.2962735168981	13.4579455612333	11.2230513824008
8.79358234484485	12.2502661898006	13.4250137352116	11.1754235830682
8.80301245995996	12.2042174268832	13.3914532447214	11.121355992449
8.81244257507508	12.1581272281445	13.3608426587623	11.0553310230523
8.82187269019019	12.1119955935857	13.3331758459576	10.9845864048438
8.83130280530531	12.0658225232057	13.3029537202952	10.9253569967721
8.84073292042042	12.0196080170044	13.2767369934868	10.8531829694377
8.85016303553554	11.9733520749832	13.2536594283942	10.7903965105832
8.85959315065065	11.9270546971412	13.2270279779067	10.7164946463118
8.86902326576577	11.8807158834783	13.2005894861281	10.6425433564012
8.87845338088088	11.8343356339941	13.1743439530378	10.5700316989027
8.887883495996	11.7879139486898	13.1547555898895	10.5077213968749
8.89731361111111	11.7414508275646	13.1220721892483	10.4520699852423
8.90674372622623	11.6949462706186	13.0964816290767	10.3979713813335
8.91617384134134	11.6484002778521	13.071083783534	10.341664184281
8.92560395645646	11.6018128492642	13.047154962786	10.2817782986358
8.93503407157157	11.5551839848563	13.020187199099	10.2106560409913
8.94446418668669	11.5085136846274	13.0024204072736	10.1397232035788
8.9538943018018	11.4618019485774	12.9705929427957	10.0687146753173
8.96332441691692	11.4150487767068	12.9357830934011	9.99808230183945
8.97275453203203	11.368254169016	12.9147061061356	9.93095097675371
8.98218464714715	11.3214181255038	12.8796418382297	9.88896737771875
8.99161476226226	11.2745406461713	12.8480297644172	9.82480727371785
9.00104487737738	11.2276217310175	12.8081314515914	9.7707300478483
9.01047499249249	11.1806613800436	12.7679150211589	9.67977797560732
9.01990510760761	11.1336595932486	12.747558306454	9.61740720961309
9.02933522272272	11.0866163706329	12.7354434452611	9.54705723197553
9.03876533783784	11.0395317121964	12.7234903039528	9.47210098112296
9.04819545295295	10.9927605388821	12.7204472336498	9.39040569492741
9.05762556806807	10.9469935975442	12.69988729541	9.31783669157938
9.06705568318318	10.901331763542	12.6597972993539	9.24548610341736
9.0764857982983	10.8555737482159	12.633426603672	9.17644955675836
9.08591591341341	10.8095827003278	12.6250212820446	9.1102430714576
9.09534602852853	10.7633883611455	12.6168203086477	9.04692685028591
9.10477614364364	10.7171122525167	12.599780218714	8.98380669379427
9.11420625875876	10.6706342907769	12.5861123457702	8.92126247121074
9.12363637387388	10.6236920019123	12.5736120662783	8.85895129088934
9.13306648898899	10.576259285774	12.5634369973483	8.79677902310049
9.1424966041041	10.5285809619646	12.5527356979613	8.73474566784809
9.15192671921922	10.4806458163133	12.5412663810318	8.67285177025923
9.16135683433433	10.4321987652281	12.5287881900948	8.606734496444
9.17078694944945	10.3834535698582	12.4957711157508	8.53948927730469
9.18021706456457	10.3344708391453	12.4637309851176	8.47260305770585
9.18964717967968	10.2819196114962	12.4406253243668	8.40400809764408
9.1990772947948	10.2312424727004	12.4628707836551	8.3367300104889
9.20850740990991	10.1810767681794	12.4651240761337	8.25690515055777
9.21793752502503	10.130840297489	12.4493378897317	8.189695714038
9.22736764014014	9.95913975703481	12.0628537572265	8.09087086984637
9.23679775525526	9.64679807009441	11.5673611463907	7.87704243893516
9.24622787037037	9.59004801975722	11.5347870289431	7.8008986219707
9.25565798548549	9.53359722652339	11.502394611749	7.72421304824773
9.2650881006006	9.47744569039485	11.4701838948114	7.64291461098912
9.27451821571572	9.42159341137085	11.4381548781036	7.57443160321478
9.28394833083083	9.36604038945255	11.4063075616728	7.49968045051227
9.29337844594595	9.31078662463845	11.3746419454631	7.42516214450409
9.30280856106106	9.25583211692841	11.3431580295245	7.35087668519384
9.31223867617618	9.20117686632477	11.3106842057025	7.27669921824159
9.32166879129129	9.14682087282455	11.2778753666647	7.20256383216323
9.33109890640641	9.0927641364302	11.2451772784104	7.12868845989423
9.34052902152152	9.03900665713988	11.2125899409306	7.05507310141359
9.34995913663664	8.98554843495502	11.1801133542285	6.98171775673651
9.35938925175175	8.9323894698748	11.1477475183071	6.90862242585111
9.36881936686687	8.87952976189941	11.1154924331631	6.83836385362869
9.37824948198198	8.82696931102825	11.0833480988026	6.7678389323934
9.3876795970971	8.7747081172635	11.0550258353262	6.69700657910296
9.39710971221221	8.72274618060153	11.0302847802236	6.62586679374769
9.40653982732733	8.67108350104619	11.006182366235	6.55441957632815
9.41596994244244	8.61972007859461	10.9812604189641	6.48266492685327
