phys	rec.rate	upper	lower
0.0139252912912913	NA	NA	NA
0.0417758738738739	0.263670835471746	2.82431825803026	0
0.0696264564564565	0.204326481311305	2.76684183745329	0
0.097477039039039	0.300242038854924	2.80295001182478	0
0.125327621621622	0.39444352551192	2.84327923851666	0
0.153178204204204	0.462940299256889	2.88902108138811	0
0.181028786786787	0.554590992578013	2.93108058348203	0
0.208879369369369	0.635964548019968	2.96505930440915	0
0.236729951951952	0.728884398883424	3.00500607276063	0
0.264580534534535	0.821428742433311	3.05017728307748	0
0.292431117117117	0.913515577671307	3.08565866278814	0
0.3202816996997	1.00514490459741	3.12517221197525	0
0.348132282282282	1.09631672321163	3.16481475764606	0
0.375982864864865	1.18712944965671	3.20438662618637	0
0.403833447447447	1.27786457654162	3.24388781759618	0
0.43168403003003	1.36855431397181	3.28238754154563	0
0.459534612612613	1.45919857646551	3.31497960857948	0
0.487385195195195	1.54979736402273	3.35526226053045	0
0.515235777777778	1.64035067664346	3.39674511338646	0
0.54308636036036	1.7300821257457	3.43547796476595	0
0.570936942942943	1.81828990430907	3.46796848142819	0.0681985034275128
0.598787525525525	1.90693437389401	3.50035983829732	0.206674875277626
0.626638108108108	1.99608906439173	3.5326520353734	0.343484403320641
0.654488690690691	2.08560157991846	3.56549852530868	0.478493090659469
0.682339273273273	2.17292452160418	3.59745043710026	0.63622560580728
0.710189855855856	2.25457526605389	3.65043964152248	0.793534328076498
0.738040438438438	2.33334981571593	3.67855877461539	0.949151834948259
0.765891021021021	2.41299297453433	3.70084696689693	1.10441262124761
0.793741603603604	2.49391354576058	3.76273538791911	1.26384503648895
0.821592186186186	2.57797099444381	3.81190772361039	1.42618383521042
0.849442768768769	2.66516532058401	3.8518927215166	1.58223066554328
0.877293351351351	2.7554965241812	3.89541746461821	1.73456032743438
0.905143933933934	2.84896460523537	3.9573403568502	1.89164198025417
0.932994516516517	2.94556956374652	4.01519902281649	2.00192327823598
0.960845099099099	3.04531139971465	4.0472745511579	2.17065834134245
0.988695681681682	3.14819011313976	4.09225122500494	2.30248558774813
1.01654626426426	3.25420570402185	4.15797651522144	2.43150455564227
1.04439684684685	3.36307151304747	4.27053371412539	2.58161990712782
1.07224742942943	3.47032385375682	4.39406378541761	2.71502995487949
1.10009801201201	3.57803454812269	4.51731848191037	2.85538275881697
1.12794859459459	3.67945819209159	4.64281649776056	2.99715150775288
1.15579917717718	3.78372423009836	4.77509239284966	3.12246469207779
1.18364975975976	3.89347320008963	4.91128775493542	3.21809929637169
1.21150034234234	4.00864057795753	5.05427497554939	3.2681111921107
1.23935092492492	4.12134774033337	5.20805425795272	3.29171895452366
1.26720150750751	4.23532080894347	5.33502504534775	3.31511008182603
1.29505209009009	4.35660761680944	5.47282564317526	3.39606553657522
1.32290267267267	4.48520816393128	5.60902388467133	3.42884108228329
1.35075325525526	4.61799978697169	5.74361976983587	3.42882200572278
1.37860383783784	4.72010258818772	5.87674685193901	3.39794228482279
1.40645442042042	4.78705315873773	6.00847005029531	3.35070795048696
1.434305003003	4.82801752354775	6.13831968382397	3.2142877601682
1.46215558558559	4.84462429661465	6.27304751707553	3.06204590132392
1.49000616816817	4.86371981970012	6.41862763551727	2.87257886308572
1.51785675075075	4.86485639260311	6.59999043021442	2.70070367251901
1.54570733333333	4.85888264653681	6.77492233220121	2.56211706056741
1.57355791591592	4.87087959393626	6.94350684253392	2.4884017785448
1.6014084984985	4.89667224442788	7.10818367215161	2.34449442121162
1.62925908108108	4.91890099522849	7.27605590624521	2.28799978238933
1.65710966366366	4.96115519518474	7.43047530539045	2.19143889800405
1.68496024624625	5.02468615622432	7.57806079282588	2.12264273591253
1.71281082882883	5.10949387834722	7.72450942142221	2.06701829171181
1.74066141141141	5.21557836155342	7.88371516462901	2.11206740675009
1.76851199399399	5.34293960584296	8.03577367483201	2.20192318685399
1.79636257657658	5.49157761121581	8.16878560111471	2.35796486197671
1.82421315915916	5.66149237767197	8.326344424727	2.51849533927326
1.85206374174174	5.85268390521147	8.46697031574761	2.70989276607583
1.87991432432432	6.06515219383427	8.61760738788226	2.96790739700202
1.90776490690691	6.2988972435404	8.74537145638032	3.26994487393341
1.93561548948949	6.55391905432985	8.87976541597303	3.5508830080844
1.96346607207207	6.83021762620261	9.01630791686498	3.98843220632558
1.99131665465465	7.12779295915869	9.13827964815859	4.36673563471715
2.01916723723724	7.44664505319809	9.26874248526245	4.89311837527842
2.04701781981982	7.78650809866265	9.43671684786037	5.34505445987394
2.0748684024024	8.13316133809503	9.56971166716737	5.82089803581351
2.10271898498498	8.47830464972743	9.74974834892989	6.28152643713006
2.13056956756757	8.80640444836819	9.9772304637674	6.6638054697305
2.15842015015015	9.13638073704056	10.4134034884466	7.21876067282318
2.18627073273273	9.46456570191299	10.879934202286	7.5982634380687
2.21412131531532	9.78410371371452	11.3360555123986	8.01191858339419
2.2419718978979	10.0993821386839	11.7136153391709	8.43047802524193
2.26982248048048	10.4139506772616	12.0658070483553	8.83993422194729
2.29767306306306	10.7244090121056	12.3947537107098	9.24801797691296
2.32552364564565	11.0224712914172	12.7142212796473	9.56304789201702
2.35337422822823	11.3050365173878	13.0005076755455	9.73169136553767
2.38122481081081	11.5818385315462	13.4014777518597	9.92852833211981
2.40907539339339	11.8571506676702	13.7828585318688	10.1823141361463
2.43692597597598	12.1200750686487	14.0525022587943	10.395694103221
2.46477655855856	12.4049532225383	14.3276608830807	10.5887768725514
2.49262714114114	12.6976865910521	14.7312597993757	10.823393568488
2.52047772372372	12.9656514138548	14.9392664224302	11.0439222651019
2.54832830630631	13.1868840860065	15.2554346664857	11.3088224093988
2.57617888888889	13.5156500671843	15.7429343844317	11.571931179821
2.60402947147147	13.8323351283509	16.1261717013908	11.6640185936295
2.63188005405405	14.1774122235741	16.438107637948	11.8113187864331
2.65973063663664	14.4883885511074	16.7029021503061	11.9563824812891
2.68758121921922	14.7771693990199	17.0457211901436	12.0288339220709
2.7154318018018	15.0336160420396	17.4661784353778	12.3402235272109
2.74328238438438	15.3184982444796	17.9055194320042	12.522108108941
2.77113296696697	15.548662854645	18.3593746494124	12.628371791515
2.79898354954955	15.7512492169511	18.7628691312408	12.6816475542739
2.82683413213213	16.032477717759	19.1076790369073	12.9619755741703
2.85468471471471	16.3439363551369	19.4091678180216	13.2045483182221
2.8825352972973	16.6021787428381	19.7498440881554	13.5216730866771
2.91038587987988	16.8061816419172	20.0105709818197	13.6834724265344
2.93823646246246	16.9670963956463	20.2129190715329	13.4593321831752
2.96608704504504	17.1528547372004	20.4078979880645	13.6636359308664
2.99393762762763	17.3487259144418	20.6738783485376	14.0719910508513
3.02178821021021	17.4947449868946	20.8474344879443	14.1196583345738
3.04963879279279	17.5890827536227	20.9494243894227	14.167699428674
3.07748937537538	17.6317392146262	21.0934538155215	13.9613455189328
3.10533995795796	17.6233899651495	21.1184641861175	13.7069901709085
3.13319054054054	17.6202535279583	21.1864017330523	13.6765886711016
3.16104112312312	17.6015419336108	21.2152009925272	13.5375432016649
3.18889170570571	17.5633804980996	21.2106097200427	13.4511700270497
3.21674228828829	17.5595116946162	21.1660414041993	13.4060237821765
3.24459287087087	17.5417938250242	21.1323476040423	13.2589137864869
3.27244345345345	17.5729367870063	21.0361122435384	13.4204121620543
3.30029403603604	17.6389909023832	20.8622065485488	13.5764906588581
3.32814461861862	17.6563542331409	20.7099031565484	13.6032142277719
3.3559952012012	17.6195184745072	20.6329510653775	13.5591344018781
3.38384578378378	17.5284836264819	20.4973601410768	13.5725820346816
3.41169636636637	17.3832496890651	20.3626999955015	13.3819959694503
3.43954694894895	17.1838166622569	20.2155058895073	13.1528419134024
3.46739753153153	16.9301845460572	20.1663210406712	12.8665965571563
3.49524811411411	16.6386761994524	20.1137725658384	12.5573700743363
3.5230986966967	16.4173775043136	20.0588321094888	12.4228963653798
3.55094927927928	16.291926570061	19.9000890644548	12.2868299612327
3.57879986186186	16.154794018081	19.6720397255696	12.1721040969392
3.60665044444444	15.9541320271854	19.4472797999257	12.0285890182387
3.63450102702703	15.6899405973744	19.2825533151793	11.8541775598741
3.66235160960961	15.362219728648	19.1642930526478	11.6926008045482
3.69020219219219	14.9799889799745	19.0143695781714	11.4827736341943
3.71805277477477	14.5839758648548	18.6872640453465	11.2914867777491
3.74590335735736	14.1331587823802	18.3382092007075	11.1037334752589
3.77375393993994	13.6202060000834	17.9203503136392	10.8990782402774
3.80160452252252	13.0886455424556	17.325829525532	10.6997316737725
3.82945510510511	12.581790522658	16.6749531767157	10.4577136409163
3.85730568768769	12.1506812687852	15.803475039867	10.2185953941898
3.88515627027027	11.7146683441183	15.3314984764372	9.94640758521089
3.91300685285285	11.2493119762237	14.9568364452499	9.60351743716836
3.94085743543544	10.911323343257	14.5684263000815	9.28165522176372
3.96870801801802	10.6246685702745	14.1810411532665	8.94794918764032
3.9965586006006	10.3336185762025	13.9325455230717	8.60500291288358
4.02440918318318	10.038173361041	13.7213591888244	8.24659526391756
4.05225976576577	9.74671297682958	13.4880734933988	7.92615583659837
4.08011034834835	9.49590196944628	13.1976374504337	7.60785751007131
4.10796093093093	9.25446146040382	12.9316547378631	7.26825354606883
4.13581151351351	9.01698113394025	12.6951651925623	6.98658204734928
4.1636620960961	8.78346099005566	12.3981355286414	6.68781226732323
4.19151267867868	8.55390102874999	12.0977409839394	6.40185327036806
4.21936326126126	8.32830125002328	11.6662342211169	6.11824908265833
4.24721384384384	8.10666165387545	11.3493903688102	5.85067579302166
4.27506442642643	7.88898224030662	11.0325573120993	5.61215299720118
4.30291500900901	7.67526300931669	10.8090298790342	5.39914169101365
4.33076559159159	7.46550396090573	10.5742933359537	5.1836985153351
4.35861617417417	7.2605166657656	10.3926410398673	4.98228119202688
4.38646675675676	7.06822874462838	10.2685196000868	4.79038817009328
4.41431733933934	6.88380747804547	10.025352236279	4.61769951905013
4.44216792192192	6.70528041587913	9.7749632468843	4.45539634676483
4.4700185045045	6.53264755812941	9.47659788732927	4.29573615068183
4.49786908708709	6.36590890479626	9.24346139283526	4.16087828835814
4.52571966966967	6.20506445587975	8.90880623083937	4.05309986548438
4.55357025225225	6.05011421137982	8.68609682193795	3.95139347584069
4.58142083483483	5.9007944181504	8.49501240900537	3.81881079667125
4.60927141741742	5.75404332121846	8.38258956903345	3.70859746359803
4.637122	5.61293863368794	8.28581026853207	3.6485736832817
4.66497258258258	5.47870085320872	8.17952950950016	3.57636604080591
4.69282316516516	5.35132997978077	8.07225189746159	3.51138076870257
4.72067374774775	5.23082601340406	7.96339406941213	3.45851311898781
4.74852433033033	5.11718895407857	7.85201079183561	3.40894344530746
4.77637491291291	5.01041880180438	7.74037644744766	3.34617257061299
4.8042254954955	4.91051555658142	7.59894923120741	3.26543238414942
4.83207607807808	4.81747921840971	7.44678533635545	3.20861974678483
4.85992666066066	4.73130978728927	7.32161040635194	3.11944361055435
4.88777724324324	4.65200726322006	7.22480095681095	3.01109790322759
4.91562782582583	4.57957164620212	7.1457210094494	2.95622493272817
4.94347840840841	4.51400293623541	7.00139107112917	2.86954643291913
4.97132899099099	4.45530113331998	6.8902248922379	2.80115896136859
4.99917957357357	4.40346599222178	6.77814460177099	2.72470031835447
5.02703015615616	4.33989882649459	6.60873909722801	2.62786045663049
5.05488073873874	4.26108096603048	6.39937176840291	2.56274647467344
5.08273132132132	4.18915438256069	6.26516321474636	2.51854883473706
5.1105819039039	4.12420916418201	6.17301436733444	2.46401523039275
5.13843248648649	4.06624531089443	6.12118714498102	2.4157103291012
5.16628306906907	4.0062808988916	6.02737307711849	2.3704506446968
5.19413365165165	3.94143374927502	5.91344735246881	2.29423630774961
5.22198423423423	3.88332387688515	5.95274648636378	2.26821895666179
5.24983481681682	3.82075688491748	5.84423797239739	2.22778671680883
5.2776853993994	3.7548814651877	5.68397922773404	2.2128859392552
5.30553598198198	3.69563803141124	5.58539027718804	2.19678146642516
5.33338656456456	3.64302658358812	5.47866536790427	2.19262734177164
5.36123714714715	3.59704712171833	5.39466236465968	2.17125026270734
5.38908772972973	3.55769964580185	5.32757570721666	2.15459728700705
5.41693831231231	3.52498415583868	5.24654001818018	2.13468087374241
5.4447888948949	3.49890065182885	5.21474045523378	2.10598144055977
5.47263947747748	3.47944913377234	5.17999440709403	2.0892401834808
5.50049006006006	3.46662960166913	5.13841278182979	2.08177175966869
5.52834064264264	3.4604420555193	5.09966121152044	2.11035520062923
5.55619122522523	3.46088649532274	5.0621260095334	2.11666145945008
5.58404180780781	3.46796292107954	5.03374047343742	2.10381738048696
5.61189239039039	3.48167133278962	5.01485962515922	2.08162137496358
5.63974297297297	3.50201173045305	5.01179644349358	2.10500851400854
5.66759355555556	3.52898411406979	5.03892182246271	2.14758823166819
5.69544413813814	3.56258848363985	5.03346718711505	2.14409268426059
5.72329472072072	3.60282483916326	5.05062039354447	2.17846952258533
5.7511453033033	3.64969318063996	5.14771918480051	2.22384970406672
5.77899588588589	3.70319350806999	5.18340583722063	2.27256360361459
5.80684646846847	3.7606213626263	5.28727222454488	2.30999852369768
5.83469705105105	3.81131900790835	5.2737593937507	2.32680764142689
5.86254763363363	3.86634107130106	5.27781040029631	2.38323278102639
5.89039821621622	3.92740955746777	5.26222634423933	2.4670543429957
5.9182487987988	3.99452446640863	5.25173729527149	2.49313723703826
5.94609938138138	4.0676857981235	5.25384657297094	2.56370012295505
5.97394996396396	4.14569976434951	5.25824096950598	2.60972224738366
6.00180054654655	4.21122703306799	5.29319066541484	2.65047423198217
6.02965112912913	4.26735037650229	5.28390704453384	2.72635825606497
6.05750171171171	4.32920830991848	5.27474811347727	2.80117272626858
6.08535229429429	4.39047922724101	5.28229802701078	2.88377183672715
6.11320287687688	4.44871995587454	5.29150099683992	2.97731083466881
6.14105345945946	4.51280494680021	5.30048689348777	3.04145960904134
6.16890404204204	4.58135364718724	5.30046632544582	3.09931983614689
6.19675462462462	4.63835099768124	5.31445399661884	3.14255939652698
6.22460520720721	4.68606182878586	5.32428159442224	3.21410951825098
6.25245578978979	4.70089777763186	5.33630099907231	3.28209904667651
6.28030637237237	4.71187242552331	5.37368143060477	3.39496627203611
6.30815695495495	4.72049096083035	5.38558284665096	3.51658545776696
6.33600753753754	4.72796044583087	5.41353337342389	3.64046607949622
6.36385812012012	4.73711471630254	5.44481038396978	3.74038566017652
6.3917087027027	4.74300977149011	5.45343286681989	3.83753489624178
6.41955928528528	4.7491997773537	5.47503200958459	3.91075914044284
6.44740986786787	4.75020903206209	5.49709529314559	3.98653955875575
6.47526045045045	4.74783099984427	5.48721016815082	4.00448163155396
6.50311103303303	4.74685702017937	5.50603120847982	4.04741231388641
6.53096161561561	4.74750488018811	5.51357579161003	4.07325932917603
6.5588121981982	4.7474829713036	5.52006249715084	4.05892187540166
6.58666278078078	4.74386574981495	5.50358086684358	4.03647231536406
6.61451336336336	4.73960023565328	5.50846309076031	4.01919909370892
6.64236394594595	4.73324589321551	5.52218689420969	4.06026878870818
6.67021452852853	4.72805180975853	5.51592713244892	4.06062272278864
6.69806511111111	4.72408933682131	5.49413236199904	4.09381064421143
6.72591569369369	4.72135847440395	5.47061877918835	4.15111438560894
6.75376627627628	4.71985922250651	5.45104258091176	4.1588446384398
6.78161685885886	4.71959158112887	5.42791392063512	4.1757889262721
6.80946744144144	4.72055555027111	5.39546919625671	4.15977052700879
6.83731802402402	4.72004725386961	5.38597205563704	4.15061873665519
6.86516860660661	4.7155258317271	5.33204694382519	4.14686930851597
6.89301918918919	4.71065842007932	5.29258915567511	4.13126365187121
6.92086977177177	4.70438663923747	5.27446451642225	4.11481491122042
6.94872035435435	4.6973067367197	5.25407649940873	4.10521124014237
6.97657093693694	4.68693085249481	5.24676517482558	4.10183674027527
7.00442151951952	4.67552273703668	5.23451362734961	4.0830279606805
7.0322721021021	4.66544331808956	5.22154220835359	4.07819838766078
7.06012268468468	4.65670551110236	5.21596312391731	4.08189828052813
7.08797326726727	4.64930931607508	5.22556394130874	4.08358506488033
7.11582384984985	4.64325473300768	5.23464794817952	4.08477977232407
7.14367443243243	4.63854176190024	5.21805808013346	4.0916373748431
7.17152501501501	4.63517040275273	5.21637804922541	4.06274648420078
7.1993755975976	4.6331406555651	5.21368514264841	4.06564422065059
7.22722618018018	4.63245252033735	5.20681883153604	4.04162940096411
7.25507676276276	4.63310599706959	5.19844231515834	4.03309015805129
7.28292734534535	4.63510108576172	5.1958260450657	4.01486053708032
7.31077792792793	4.63843778641372	5.20114803119395	4.01019715660446
7.33862851051051	4.6431160990257	5.20038465799829	3.99061125350712
7.36647909309309	4.64913602359753	5.20572587558258	3.97949658686327
7.39432967567568	4.65639672991593	5.21432403706909	3.97028712755124
7.42218025825826	4.66201749769428	5.20439571754256	3.95193170828053
7.45003084084084	4.66562395852559	5.21145827638763	3.93126033756741
7.47788142342342	4.66836599387213	5.21785705112731	3.91718713189365
7.50573200600601	4.67244510668383	5.2218906831206	3.89714266363786
7.53358258858859	4.67786291537693	5.22842732454117	3.88498848811673
7.56143317117117	4.68232061793391	5.23397128572435	3.88146902198606
7.58928375375375	4.68030000437781	5.24229278707172	3.88297330161358
7.61713433633634	4.67897314010951	5.24885332792002	3.87554416411887
7.64498491891892	4.67923708546869	5.25654424940779	3.87237089530271
7.6728355015015	4.68109184045514	5.26009141170905	3.87555018831338
7.70068608408408	4.68453740506905	5.26803227605755	3.86115899878327
7.72853666666667	4.6895737793103	5.27608056767257	3.81220580898629
7.75638724924925	4.69620096317897	5.28756500289306	3.80837189329588
7.78423783183183	4.70432371507123	5.29335033498518	3.81861791059101
7.81208841441441	4.7101479277103	5.30378334478579	3.83015904922677
7.839938996997	4.71534188157674	5.31084716991822	3.83170327282158
7.86778957957958	4.72186862623181	5.32006997044304	3.83484893666439
7.89564016216216	4.72773671715771	5.33346795560273	3.84224839891565
7.92349074474475	4.73231106280059	5.34626197550073	3.84920754125393
7.95134132732733	4.73820776664621	5.34969231498873	3.87819147387463
7.97919190990991	4.74543904973396	5.34779220425295	3.88126723296537
8.00704249249249	4.75400491206377	5.35605034913981	3.91411817268573
8.03489307507508	4.76390535363571	5.36558757265386	3.93469549541989
8.06274365765766	4.77514037444969	5.37004530285605	3.98037720818272
8.09059424024024	4.78770997450588	5.38390117173539	4.02364983265332
8.11844482282282	4.80096998287398	5.38583486610795	4.05907428766479
8.1462954054054	4.81203446775573	5.37365995606849	4.08049017912318
8.17414598798799	4.82395449360228	5.37802757152607	4.07268924267429
8.20199657057057	4.83727667836566	5.37974914296836	4.10615820970384
8.22984715315315	4.85084770594271	5.38215557979847	4.13627402049916
8.25769773573574	4.86255590665866	5.38279648408002	4.16447961288979
8.28554831831832	4.87428561538352	5.38936373294232	4.18332468241166
8.3133989009009	4.88454482574155	5.39124043204539	4.21804971036496
8.34124948348348	4.89609232086812	5.40539706590366	4.24825843144784
8.36910006606607	4.90906149415608	5.42204399094695	4.26589102946843
8.39695064864865	4.92264944813882	5.4418787396692	4.288344704739
8.42480123123123	4.93594206967891	5.44327505732844	4.30185696288762
8.45265181381381	4.95048380634608	5.46843997587108	4.33059408469092
8.4805023963964	4.96572623055126	5.49414274236072	4.3480569763933
8.50835297897898	4.98167377639148	5.524398102375	4.36777530545056
8.53620356156156	4.99856616677708	5.55562671935263	4.41502886853817
8.56405414414414	5.01640340170828	5.58531285697081	4.449694404885
8.59190472672673	5.03518548118489	5.66340645169544	4.49378787201787
8.61975530930931	5.05491240520705	5.71498026226854	4.52942878265417
8.64760589189189	5.07558417377471	5.73838075584699	4.57838658293508
8.67545647447447	5.09795734913251	5.76565794219657	4.62932977041389
8.70330705705706	5.12465285511221	5.78282893827929	4.65883175877325
8.73115763963964	5.15262196168372	5.83829791210865	4.69678203929118
8.75900822222222	5.1846098921626	5.93609571799988	4.69810870106623
8.7868588048048	5.215963630341	6.03213013450363	4.6951909079486
8.81470938738739	5.24742074448595	6.11424185210279	4.68825605039974
8.84255996996997	5.27711404102885	6.21536582152977	4.68175780175542
8.87041055255255	5.30628857300557	6.31779654145984	4.66874878299283
8.89826113513513	5.33658431343807	6.42239680534895	4.65321782860626
8.92611171771772	5.36333350380657	6.48383471393709	4.64414632053207
8.9539623003003	5.3868848350328	6.57105895504692	4.62436336660692
8.98181288288288	5.40515266824312	6.62976362763338	4.61547127635095
9.00966346546547	5.41806620549731	6.66205255844081	4.60794130808297
9.03751404804805	5.42757605136841	6.72221623660941	4.60276391069854
9.06536463063063	5.43376592810012	6.72683978228556	4.57204403832363
9.09321521321321	5.43425442861001	6.74852700847908	4.56599781648253
9.1210657957958	5.43065882434181	6.69912633022472	4.56437065049257
9.14891637837838	5.42538582159814	6.67888430625349	4.57362713720035
9.17676696096096	5.41646139857474	6.65699067014264	4.55220634949032
9.20461754354354	5.40649337946079	6.66861837559588	4.54512654238962
9.23246812612613	5.39093743067525	6.59944151507743	4.54428657300391
9.26031870870871	5.36956525775213	6.57611845517664	4.56223626693735
9.28816929129129	5.34809114750892	6.51028555143467	4.57155174084585
9.31601987387387	5.33335919109075	6.49391664697643	4.54548986490934
9.34387045645646	5.31574556650067	6.50916430964103	4.53589504462543
9.37172103903904	5.29996618228076	6.43745825917755	4.50533230992265
9.39957162162162	5.28026404186914	6.39932983888044	4.50372804840678
9.4274222042042	5.25736672212363	6.34796323511558	4.49345798463809
9.45527278678679	5.23523663159591	6.27999219115367	4.4766492715056
9.48312336936937	5.2144891342215	6.19923280745366	4.44319739019226
9.51097395195195	5.19377375011513	6.11832350855386	4.41752557796452
9.53882453453453	5.16977942550326	6.07380552479176	4.40640923925929
9.56667511711712	5.14250616038589	6.03501699151282	4.35176267960687
9.5945256996997	5.11384123683681	5.98286193695822	4.30239493788783
9.62237628228228	5.08621388137998	5.92700179766076	4.26100979974786
9.65022686486487	5.06005327621918	5.85750763798166	4.23298436964369
9.67807744744745	5.0348880943894	5.82859077701872	4.21078575055753
9.70592803003003	5.009367605126	5.79595692950442	4.1765308774193
9.73377861261261	4.9816122343566	5.76712290781717	4.11741096285957
9.76162919519519	4.95275301426916	5.75233447953946	4.07178117247813
9.78947977777778	4.92335259254581	5.74191884095209	4.03193534498399
9.81733036036036	4.88863523347661	5.69664700013732	3.98549380723575
9.84518094294294	4.85007570320461	5.66821579364707	3.9338803641101
9.87303152552553	4.8125811672384	5.60702959802747	3.87705048409314
9.90088210810811	4.77204199687422	5.54842401282667	3.83498190804683
9.92873269069069	4.72893778175145	5.4648120001466	3.77876452989833
9.95658327327327	4.68781930687713	5.41705630198689	3.71362854569257
9.98443385585585	4.6428447774332	5.32834367200077	3.67298382311671
10.0122844384384	4.59082713113548	5.28886585717615	3.63024018027719
10.040135021021	4.52567163494039	5.2561389777024	3.55743028186437
10.0679856036036	4.46007758562844	5.20327979462295	3.50160554739538
10.0958361861862	4.39882611185885	5.18031308446051	3.44676165884199
10.1236867687688	4.33647843356214	5.15465280325213	3.34431427781878
10.1515373513514	4.27684194227328	5.12620416875158	3.29088061460095
10.1793879339339	4.2220849269689	5.10263637786228	3.22941867557405
10.2072385165165	4.17220738764915	5.07597426304712	3.15066853410626
10.2350890990991	4.12720932431394	5.06909021067254	3.09092897953222
10.2629396816817	4.0870907369633	5.06657175379831	3.05431516698358
10.2907902642643	4.05185162559716	5.05233829923535	3.0132468848151
10.3186408468468	4.02149199021563	5.04829619069069	2.9626596526684
10.3464914294294	3.99601183081867	5.05280712371689	2.90046079806917
10.374342012012	3.97541114740622	5.05970114319401	2.85670703576427
10.4021925945946	3.95968993997836	5.07351973908486	2.81131312958932
10.4300431771772	3.94884820853506	5.10695146270053	2.77429556766911
10.4578937597598	3.94288595307628	5.14582834846741	2.72126407124786
10.4857443423423	3.94047416274612	5.17976003750952	2.68248954956495
10.5135949249249	3.9311573375246	5.20652004616853	2.67532089920911
10.5414455075075	3.92389693114282	5.2118007974912	2.65297313275304
10.5692960900901	3.92145554674872	5.24478610763442	2.6206239170244
10.5971466726727	3.91849109729418	5.27781029817622	2.59566888323942
10.6249972552553	3.9129975401175	5.2633617413253	2.58491566053718
10.6528478378378	3.91211161747541	5.26393984563741	2.59335526444914
10.6806984204204	3.91587364176226	5.26229462283011	2.61137875735616
10.708549003003	3.92428361297816	5.26501349228689	2.63247577542445
10.7363995855856	3.93734153112294	5.26860048931068	2.67148192019444
10.7642501681682	3.95504739619665	5.2717085786205	2.69599534404694
10.7921007507508	3.97740120819938	5.28183834317991	2.73141160171767
10.8199513333333	4.00440296713098	5.293981297448	2.78427908047635
10.8478019159159	4.03605267299161	5.31601935641093	2.83896055423878
10.8756524984985	4.07235032578115	5.33980344189351	2.90680431788843
10.9035030810811	4.11329592549965	5.36061043329772	2.94623887148309
10.9313536636637	4.15888947214707	5.37663920283357	2.99528274515877
10.9592042462462	4.20913096572352	5.39876532549075	3.0939573283804
10.9870548288288	4.26402040622885	5.41984131580053	3.16981704308405
11.0149054114114	4.32355779366318	5.44907264626145	3.23502836535102
11.042755993994	4.3877431280264	5.4760265093668	3.30819772467267
11.0706065765766	4.45657640931865	5.50932695511595	3.42154251357361
11.0984571591592	4.53005763753983	5.54474874118256	3.50095265775877
11.1263077417417	4.60818681268991	5.58241108782757	3.59748292063305
11.1541583243243	4.69096393476899	5.62245610429589	3.69196998009539
11.1820089069069	4.77838900377705	5.65860793828573	3.806639614742
11.2098594894895	4.87046201971397	5.70837707985302	3.89392150259422
11.2377100720721	4.96718298257992	5.78187336943296	3.99012100157673
11.2655606546547	5.06855189237475	5.84398644814921	4.12874511475732
11.2934112372372	5.17456874909864	5.94437417064019	4.26934392685598
11.3212618198198	5.28523355275142	6.04038733724025	4.3849934619582
11.3491124024024	5.40054630333312	6.15297923542598	4.50904690386403
11.376962984985	5.52050700975266	6.31118927949142	4.63402656604879
11.4048135675676	5.65263892749785	6.57329171564788	4.7721594037171
11.4326641501501	5.79507340993543	6.87830817698512	4.8912118772441
11.4605147327327	5.94898101524162	7.24043272725148	5.02012744651472
11.4883653153153	6.10998510210404	7.55376992896914	5.1606621330428
11.5162158978979	6.27989291642514	7.85376091280371	5.27360857348942
11.5440664804805	6.45118566592501	8.11657934033503	5.40033723912189
11.5719170630631	6.62334384246465	8.34952620650918	5.53748619848582
11.5997676456456	6.79070815756073	8.57130730863681	5.65428134353166
11.6276182282282	6.96244390462375	8.75909752424184	5.78572887536636
11.6554688108108	7.15052148189783	8.91269893952895	5.88052124284155
11.6833193933934	7.36761222229763	9.1101941162478	5.98464582772178
11.711169975976	7.56424184633761	9.32183931591231	6.05836586279324
11.7390205585586	7.75281696553726	9.56309908226314	6.15105757126703
11.7668711411411	7.92672416349836	9.71714173257357	6.24393349131591
11.7947217237237	8.07417053576315	9.92355023470437	6.34187743890232
11.8225723063063	8.21675884314963	10.1477397711681	6.43245459008681
11.8504228888889	8.40173641484505	10.3450365857758	6.53051685630277
11.8782734714715	8.5704267943185	10.5437151584337	6.62734708533315
11.9061240540541	8.70557815653216	10.7618005674145	6.73015519911729
11.9339746366366	8.80719050148606	10.9981200281267	6.77566010088329
11.9618252192192	8.87526382918011	11.0770472103858	6.87444653708253
11.9896758018018	8.92779233846263	11.2989027106196	6.98326402365925
12.0175263843844	9.02878772242553	11.4002382426844	7.1359223493899
12.045376966967	9.12336797123076	11.49546017587	7.26919000111296
12.0732275495496	9.21014209891426	11.5645015970267	7.3592603436103
12.1010781321321	9.30730888482797	11.6750411812927	7.45649286909032
12.1289287147147	9.42382142012314	11.7877280284343	7.54540946113371
12.1567792972973	9.54204974949682	11.8669502564075	7.65263461273489
12.1846298798799	9.67011012988424	11.934210473508	7.76242690937857
12.2124804624625	9.77753677155765	11.997613090006	7.85126405829868
12.240331045045	9.86379567191874	11.9739205866087	7.9605042176203
12.2681816276276	9.92888683096771	11.889306961185	8.0734162884021
12.2960322102102	9.97281024870445	11.8204433899522	8.15294577519287
12.3238827927928	9.99556592512886	11.6862375180341	8.22174621390937
12.3517333753754	9.99715386024115	11.5770028128652	8.24671900835015
12.379583957958	9.97757405404112	11.4991688836898	8.29376016345047
12.4074345405405	9.93682650652893	11.4263770566124	8.31860514231543
12.4352851231231	9.87491121770447	11.290182488394	8.32614025687843
12.4631357057057	9.79942976362159	11.1971568867915	8.28818955975031
12.4909862882883	9.72062193168824	11.0833335638218	8.28557553272806
12.5188368708709	9.63842352293471	10.9986894422264	8.2372930996022
12.5466874534535	9.54309708924619	10.8849274330856	8.18798027388819
12.574538036036	9.43269855497332	10.7514171800163	8.10439394634325
12.6023886186186	9.31829280405986	10.6247198884736	7.9838603955542
12.6302392012012	9.19761308398588	10.4578059440863	7.87546022293613
12.6580897837838	9.06516473916654	10.315738214901	7.76114116602897
12.6859403663664	8.92094776960157	10.1403451629715	7.6398551382662
12.7137909489489	8.76496217529121	9.99274781862164	7.50013128406634
12.7416415315315	8.59779136338796	9.82687619572963	7.31006340897542
12.7694921141141	8.42570629856744	9.65646274821404	7.15858500049823
12.7973426966967	8.24642790153534	9.49381543436953	7.00666559666437
12.8251932792793	8.05867499487934	9.29349912386325	6.81525110472895
12.8530438618619	7.86451161996559	9.08090666076718	6.6393425909206
12.8808944444444	7.66586647864676	8.8867800146727	6.45042608508423
12.908745027027	7.46348154394896	8.73864062069642	6.27103008666711
12.9365956096096	7.2626657427934	8.59356615999224	6.11818378433862
12.9644461921922	7.0666009167172	8.46791052856943	5.89717180421782
12.9922967747748	6.87541771605765	8.32180870906043	5.68353232979131
13.0201473573574	6.688546420093	8.16564611851726	5.40783131533663
13.0479979399399	6.50116644803447	7.99786966362392	5.15228254458236
13.0758485225225	6.31520518763239	7.87327454937921	4.91545651248086
13.1036991051051	6.13629589410909	7.7339886371454	4.72894569166635
13.1315496876877	5.9627669256783	7.56454232651856	4.54436104213008
13.1594002702703	5.80228508944368	7.41787417866658	4.33716047208777
13.1872508528529	5.642951517699	7.27653979184895	4.13841287937753
13.2151014354354	5.47936273386015	7.13581394139481	3.99009779149673
13.242952018018	5.32156014100954	7.01099502114721	3.83715228403646
13.2708026006006	5.16724917033263	6.90268461182323	3.67915113325992
13.2986531831832	5.03844361779423	6.76131286785326	3.56170024014397
13.3265037657658	4.93419599937393	6.62457754876615	3.47238156095289
13.3543543483483	4.83836529308887	6.51226208480202	3.4153270975942
13.3822049309309	4.76724333512417	6.42465828118038	3.41635914549676
13.4100555135135	4.72452071427276	6.32525045383474	3.38829707378243
13.4379060960961	4.70977425182231	6.23088889728018	3.32605040081312
13.4657566786787	4.69754076570563	6.11305846000751	3.27241703578879
13.4936072612613	4.66557456108323	5.98299755589725	3.27268826405149
13.5214578438438	4.565421143874	5.81107415036207	3.27357919981885
13.5493084264264	4.46883302545834	5.65947912102306	3.27703584124228
13.577159009009	4.40361569252784	5.607281881473	3.30316382049524
13.6050095915916	4.34970696774832	5.52611598115885	3.36273666928057
13.6328601741742	4.30429244446109	5.35510812217257	3.42484566391465
13.6607107567568	4.29074847230322	5.26793299409683	3.49516339642966
13.6885613393393	4.30910558680751	5.2572103681501	3.56377630922105
13.7164119219219	4.35936378797403	5.27039009226939	3.6279229008144
13.7442625045045	4.44152307580269	5.30781002218511	3.660777997826
13.7721130870871	4.54731983458139	5.34797080021993	3.72374900520405
13.7999636696697	4.60719025301972	5.33578154520796	3.78987585527883
13.8278142522523	4.65360434712929	5.32954582292584	3.87337897994394
13.8556648348348	4.71800164472532	5.39306218894664	3.92823500223924
13.8835154174174	4.77005640710892	5.4019755665439	4.00291509789292
13.911366	4.82346364771354	5.4377856170981	4.08784083244916
13.9392165825826	4.91382427135163	5.47678354603521	4.18174234958718
13.9670671651652	5.03777189506563	5.53963703543924	4.35433748635034
13.9949177477477	5.15622415813102	5.58107347250353	4.45949550177077
14.0227683303303	5.25993532493598	5.67449292100681	4.6123320456731
14.0506189129129	5.3566058343424	5.79563650501226	4.68515722078234
14.0784694954955	5.43528241014414	5.94985583565292	4.68859061667558
14.1063200780781	5.50519577679001	6.06813177309464	4.70202806998546
14.1341706606607	5.56740540722899	6.21581075498947	4.71540465041121
14.1620212432432	5.62465709240653	6.34029795280611	4.75815465819055
14.1898718258258	5.67695083232267	6.44486073264373	4.76675385425991
14.2177224084084	5.72428662697741	6.54406036527105	4.81743600570362
14.245572990991	5.76666447637074	6.61093265806303	4.88309772862725
14.2734235735736	5.80408438050265	6.66085739151963	4.96112520390169
14.3012741561562	5.83654633937313	6.69429886200403	5.02498868627773
14.3291247387387	5.86405035298213	6.7055638881977	5.0831013947121
14.3569753213213	5.88659642132981	6.69454400778596	5.1505382465365
14.3848259039039	5.90692803631941	6.68683667033431	5.22291222407682
14.4126764864865	5.92770810913085	6.6614918633684	5.28310567897658
14.4405270690691	5.94887591350179	6.64391409643981	5.36065973128622
14.4683776516517	5.96844255094191	6.62755910703969	5.42443493842621
14.4962282342342	5.9807198556192	6.67007015759405	5.45376298096306
14.5240788168168	5.98848001031636	6.70747838076817	5.49445219511938
14.5519293993994	5.9918229515494	6.72266707582717	5.48590448652175
14.579779981982	5.9875510533888	6.66041003197455	5.45619108771516
14.6076305645646	5.97810617065018	6.63677465671686	5.41558715037891
14.6354811471471	5.96144736235579	6.5636063711355	5.3514294520508
14.6633317297297	5.93732170512166	6.48115349741226	5.32194439471626
14.6911823123123	5.90785878595723	6.37558259625958	5.29242058253498
14.7190328948949	5.87157073508358	6.29368546778739	5.29948316358606
14.7468834774775	5.83622204458042	6.30793523083933	5.20782554783976
14.7747340600601	5.8099300908953	6.31682725538	5.14370764029535
14.8025846426426	5.78914524452446	6.33712502353567	5.04427200981885
14.8304352252252	5.78077281879447	6.37362665684852	4.98240654012636
14.8582858078078	5.78149302926876	6.40453360852795	4.92323616950643
14.8861363903904	5.78742180091465	6.42994303965755	4.92706215255209
14.913986972973	5.79108558639966	6.47436713050419	4.88152995183828
14.9418375555556	5.7835603411414	6.52555417864828	4.86949118537046
14.9696881381381	5.78616705459963	6.58664295958271	4.84415327753872
14.9975387207207	5.79973644501406	6.64657101184151	4.86784043598248
15.0253893033033	5.82426851238466	6.68485475639262	4.84119479559527
15.0532398858859	5.85976325671166	6.72832414738573	4.86740462760747
15.0810904684685	5.89977239135971	6.77733094536284	4.89453177431403
15.1089410510511	5.94278576540997	6.86132249127056	4.928632934168
15.1367916336336	5.98600480494342	6.93180230687547	4.98015390111094
15.1646422162162	6.03068083014802	7.0017831434863	5.03276835005966
15.1924927987988	6.08376828837438	7.07074556179152	5.11889364014175
15.2203433813814	6.14526717962241	7.12864731946399	5.19255824085834
15.248193963964	6.21517750389222	7.18499075270946	5.27979477637898
15.2760445465465	6.29349926118365	7.25228782940882	5.40183922411815
15.3038951291291	6.38023245149693	7.34544232508484	5.5060216636447
15.3317457117117	6.47537707483179	7.40536266586608	5.65460102736834
15.3595962942943	6.57893313118848	7.46976234618539	5.80067294423629
15.3874468768769	6.69090062056681	7.512086106708	5.94748213215212
15.4152974594595	6.81127954296684	7.56801225153844	6.10100606034071
15.443148042042	6.94014213375773	7.62197051467147	6.24014211701647
15.4709986246246	7.07734774760666	7.72664522570123	6.40732463909556
15.4988492072072	7.2218446215534	7.88546209602807	6.56116745814285
15.5266997897898	7.37522233270731	8.11312710432514	6.69494707151045
15.5545503723724	7.53312731637221	8.3055915883477	6.84709897735833
15.582400954955	7.70042266247877	8.54672661305983	7.03089615821129
15.6102515375375	7.87084362149844	8.77131284838464	7.17084392807301
15.6381021201201	8.02603497995963	8.98521577736874	7.30793264338805
15.6659527027027	8.16547777507377	9.16927249492901	7.44774966194603
15.6938032852853	8.29639705298262	9.33727521618404	7.54643026049696
15.7216538678679	8.43163181274231	9.44337147143644	7.63179089126664
15.7495044504504	8.5400233211702	9.54860772820735	7.70324039364002
15.777355033033	8.62304079577377	9.65927126047956	7.76366876883768
15.8052056156156	8.71249268849303	9.73396127778886	7.83564312944911
15.8330561981982	8.79177209416128	9.77370617475265	7.87737934807591
15.8609067807808	8.83349347494618	9.8582321116012	7.91507551679724
15.8887573633634	8.84787151010269	9.95983282891146	7.92921453602306
15.9166079459459	8.94016501949016	10.0278563212494	7.97015288827476
15.9444585285285	9.05204760126771	10.3189593661395	8.076008883058
15.9723091111111	9.0993075200223	10.4757105938153	8.08629018821176
16.0001596936937	9.10389529673334	10.5141232574371	8.02682751810438
16.0280102762763	9.09854240144631	10.5801534180781	8.05631782408626
16.0558608588589	9.08348789744852	10.6806516081648	8.02286330698654
16.0837114414414	9.14049952472569	10.7624797227547	8.04854455536691
16.111562024024	9.24438031075351	10.8758198995583	8.11319501920589
16.1394126066066	9.31895062529433	10.9154190519556	8.15868655451587
16.1672631891892	9.36184535504324	10.9652864791957	8.1697364469348
16.1951137717718	9.37306450000042	10.938856625617	8.18970003381298
16.2229643543544	9.35261111424801	10.8639555149247	8.10221744565598
16.2508149369369	9.32048929675355	10.8228384987895	8.0583516262925
16.2786655195195	9.27675675497424	10.7374239391783	7.99790453760225
16.3065161021021	9.20292959993369	10.6352560409485	7.80061811791876
16.3343666846847	9.13085080493133	10.5503997666837	7.67470514205617
16.3622172672673	9.07613468523499	10.4131264414635	7.65506550323964
16.3900678498498	8.99610503501791	10.3431880713123	7.61671433958474
16.4179184324324	8.89502879198717	10.2680621160204	7.51201664296682
16.445769015015	8.79941988139905	10.1886607059258	7.48498811922082
16.4736195975976	8.69615534502354	10.0790755354824	7.44243427363957
16.5014701801802	8.56834056961986	9.94254638951132	7.31835579791242
16.5293207627628	8.43176483320036	9.7635830539235	7.23096588319667
16.5571713453453	8.29608295787996	9.56464585177407	7.14331476874733
16.5850219279279	8.18960040747079	9.42679350612615	7.08629567100019
16.6128725105105	8.08683931123096	9.20685979258815	7.05548407179735
16.6407230930931	7.96982161094474	8.94979597584759	7.03617001068997
16.6685736756757	7.83808396912727	8.76019317766854	6.97754827492255
16.6964242582583	7.69615942728686	8.56865363321086	6.89807189640539
16.7242748408408	7.56386292131726	8.43308036480641	6.83733638189535
16.7521254234234	7.45031572430853	8.33662890268081	6.75300656824488
16.779976006006	7.36513164195172	8.22034651595647	6.7261685919576
16.8078265885886	7.28999128711967	8.07185948052276	6.6935436859699
16.8356771711712	7.21174730230495	7.94873917528772	6.63343057295884
16.8635277537538	7.13039968750748	7.83746646610779	6.5952776675171
16.8913783363363	7.04594844272728	7.74179970487333	6.55825004702919
16.9192289189189	6.96000481995908	7.65596840092463	6.48973425212542
16.9470795015015	6.87814585131262	7.56544289359501	6.4247358825938
16.9749300840841	6.7990209268566	7.46082294511871	6.34307908129707
17.0027806666667	6.72088585828641	7.35089233755954	6.25020031752719
17.0306312492492	6.64134506874483	7.24094907501854	6.15353586779247
17.0584818318318	6.56039855823202	7.16563335326586	6.05734110359758
17.0863324144144	6.47804632674803	7.08653094043228	5.95539267086674
17.114182996997	6.39544185488065	7.01394383987572	5.84842774853476
17.1420335795796	6.31540465544784	6.94023717560701	5.74512693625818
17.1698841621622	6.23477779567956	6.8931595142168	5.64778959947478
17.1977347447447	6.15401879148827	6.82608767487282	5.54403481278481
17.2255853273273	6.07517253386964	6.77244908655388	5.43896257402044
17.2534359099099	5.99807340880244	6.70632790101624	5.34104269285651
17.2812864924925	5.92119670100239	6.63719344963969	5.24444792786156
17.3091370750751	5.84409674123253	6.58045760380776	5.13985391002142
17.3369876576577	5.76677352949283	6.5279846106726	5.03346311676858
17.3648382402402	5.68922706578336	6.47236486055328	4.92342877133251
17.3926888228228	5.61312223658321	6.41348032344354	4.82485222058678
17.4205394054054	5.54103335432229	6.36543261768477	4.74064717926425
17.448389987988	5.47123672509464	6.32133459574781	4.64626601642295
17.4762405705706	5.40602401078946	6.27446342948352	4.56774642828288
17.5040911531532	5.34238997738894	6.22981721805372	4.5034725271325
17.5319417357357	5.27979528603744	6.17798931885218	4.4075856387369
17.5597923183183	5.21823993673495	6.1245600778656	4.32030696614159
17.5876429009009	5.15772392948169	6.07720490401937	4.24422909287003
17.6154934834835	5.09824726427752	6.01870874503068	4.18007334936836
17.6433440660661	5.03980994112237	5.96874576603959	4.11912393054318
17.6711946486486	4.98241196001648	5.91699232787503	4.04404115946234
17.6990452312312	4.92605332095958	5.86354938844394	3.99346234786568
17.7268958138138	4.87073402395178	5.80853236184674	3.93057281731569
17.7547463963964	4.81645406899313	5.77011617220907	3.85945895238792
17.782596978979	4.76321345608353	5.71719062881648	3.80900614145834
17.8104475615616	4.7110121852232	5.6563077562811	3.76282701140103
17.8382981441441	4.65985025641173	5.60531249655726	3.71742999018505
17.8661487267267	4.60972766964956	5.55545333076685	3.67249292029902
17.8939993093093	4.56064442493635	5.49854722156228	3.63263081651543
17.9218498918919	4.51260052227242	5.43325719463744	3.57806654118105
17.9497004744745	4.4655959616574	5.37830784582521	3.53259012630314
17.9775510570571	4.41963074309167	5.31350087778158	3.48243349019546
18.0054016396396	4.37470486657495	5.24620801260467	3.43332731619632
18.0332522222222	4.33081833210728	5.18584525956303	3.39724399931928
18.0611028048048	4.28797113968887	5.13564409035469	3.3691198686188
18.0889533873874	4.24616328931941	5.0646090672507	3.32969697932449
18.11680396997	4.20532976563972	5.00568246752758	3.27754231965256
18.1446545525526	4.16027166253569	4.95112256119661	3.23033636055961
18.1725051351351	4.1094376767137	4.89611152132689	3.17603130890576
18.2003557177177	4.05883695697307	4.83883297168053	3.13798576445466
18.2282063003003	4.00236482267244	4.78317817904788	3.09559996239702
18.2560568828829	3.9427509400217	4.72072774904234	3.0515093103679
18.2839074654655	3.88418242409489	4.660751455886	3.00791645959162
18.311758048048	3.82665956761276	4.59654287946807	2.95785870391183
18.3396086306306	3.77018237057534	4.55310760716734	2.90820190502057
18.3674592132132	3.71475083298261	4.50555178961911	2.85995778652217
18.3953097957958	3.66036495483451	4.4409305207704	2.8135823812256
18.4231603783784	3.60702473613116	4.3857610677323	2.76757677605577
18.451010960961	3.55473017687256	4.34519938940967	2.72263244712742
18.4788615435435	3.50166687953788	4.28582850799116	2.6746974730543
18.5067121261261	3.44559259334767	4.21820064903141	2.63154149053011
18.5345627087087	3.38754572903352	4.14295281827766	2.58766621305524
18.5624132912913	3.33047129224268	4.06391023128874	2.54817574658235
18.5902638738739	3.27452471300922	4.00182950031745	2.50821018391456
18.6181144564565	3.21970599133313	3.93367304907087	2.46855716353609
18.645965039039	3.16601512721429	3.88033035515447	2.42838437172795
18.6738156216216	3.11345212065295	3.82214251806947	2.37808474735091
18.7016662042042	3.06201697164877	3.76959308552295	2.3253707494276
18.7295167867868	3.01170968020209	3.71485709712983	2.27989825422897
18.7573673693694	2.96253024631266	3.6630226334747	2.23617689203959
18.7852179519519	2.91447866998058	3.6088960471216	2.19516161451445
18.8130685345345	2.86755495120596	3.55204068353574	2.15491319524752
18.8409191171171	2.82175908998856	3.50230169793243	2.11645572938352
18.8687696996997	2.77709108632856	3.45106246340533	2.08508189895134
18.8966202822823	2.73355094022592	3.40161697989053	2.04916673468568
18.9244708648649	2.6911386516806	3.35028410931663	2.0144222148414
18.9523214474474	2.64985422069266	3.30100871380068	1.97258767643713
18.98017203003	2.609697647262	3.2525527060296	1.92936583600142
19.0080226126126	2.57066893138881	3.20648480254736	1.87273739087217
19.0358731951952	2.5327680730728	3.15760467933818	1.83726764953689
19.0637237777778	2.49599507231422	3.11275675872987	1.80942361013099
19.0915743603604	2.46034992911306	3.06526884712265	1.77928064498318
19.1194249429429	2.4258326434692	3.02347473902529	1.75643388763112
19.1472755255255	2.39244321538259	2.98620719471965	1.70885776608251
19.1751261081081	2.36018164485346	2.94594502730593	1.67712672937318
19.2029766906907	2.32904793188163	2.91819767390484	1.63268479994562
19.2308272732733	2.29904207646705	2.87919266703537	1.59047102451518
19.2586778558559	2.27016407861003	2.85000664185176	1.55336384393994
19.2865284384384	2.24241393831009	2.82064020624691	1.52756740522198
19.314379021021	2.21579165556777	2.79692520306451	1.49769168878341
19.3422296036036	2.19029723038259	2.76828097877732	1.4646117454653
19.3700801861862	2.16593066275486	2.7384239314127	1.4468085725476
19.3979307687688	2.14269195268439	2.709981134888	1.41941760109088
19.4257813513514	2.12058110017145	2.69494589649022	1.38787311519168
19.4536319339339	2.0995981052157	2.67207090143334	1.35811068137613
19.4814825165165	2.07974296781732	2.65122924893126	1.32599273291063
19.5093330990991	2.06101568797628	2.64066059987442	1.30386749975828
19.5371836816817	2.04341626569263	2.62749195551769	1.2832304953714
19.5650342642643	2.02694470096633	2.61435826585448	1.26360995284008
19.5928848468468	2.01160099379722	2.59605029656268	1.24333529363439
19.6207354294294	1.99738514418571	2.591479705211	1.23127237445704
19.648586012012	1.98429715213139	2.57654050410038	1.22090973679782
19.6764365945946	1.97233701763447	2.5825951841513	1.20928054025698
19.7042871771772	1.96150474069487	2.59001658472721	1.19271320423016
19.7321377597598	1.95180032131265	2.5962785573421	1.17956093061721
19.7599883423423	1.94322375948772	2.60765744216634	1.17095756037679
19.7878389249249	1.93577505522023	2.61719926496572	1.16096126959587
19.8156895075075	1.92945420850992	2.62999836078771	1.14764501089671
19.8435400900901	1.92426121935716	2.64263967716612	1.14457834315343
19.8713906726727	1.92019608776162	2.65659373822427	1.14464057284174
19.8992412552553	1.91725881372345	2.67193250391662	1.13996300109341
19.9270918378378	1.91544939724265	2.69833565678336	1.13961199977712
19.9549424204204	1.91476783831922	2.73121812264719	1.1460708503855
19.982793003003	1.91521413695309	2.75592820035489	1.14861425335254
20.0106435855856	1.91678829314427	2.77154908392559	1.15201095190919
20.0384941681682	1.91949030689288	2.804547376627	1.15471983842698
20.0663447507508	1.92332017819879	2.83430201376384	1.13302930713478
20.0941953333333	1.92827790706205	2.86894841095238	1.14504677145756
20.1220459159159	1.93436349348274	2.90648927747241	1.14355227999332
20.1498964984985	1.93946198649709	2.91788853327201	1.15293207095249
20.1777470810811	1.93958270883775	2.87163487540157	1.1570959011795
20.2055976636637	1.94048735432413	2.83268067580003	1.16975139443513
20.2334482462462	1.94256473987569	2.79127139506165	1.17392957129601
20.2612988288288	1.9458148654924	2.76400213108762	1.16521111709385
20.2891494114114	1.95023773117439	2.72947219631269	1.1707741018094
20.316999993994	1.95583333692153	2.7064285333548	1.16427863559579
20.3448505765766	1.96260168273399	2.68139018718639	1.16557085600558
20.3727011591592	1.97054276861151	2.65444260819975	1.17157355918487
20.4005517417417	1.97965659455435	2.62740399673289	1.15954343318104
20.4284023243243	1.98994316056235	2.62113453508204	1.14853679917307
20.4562529069069	2.00140246663556	2.62242510803199	1.14396937045212
20.4841034894895	2.01403451277408	2.60901448478218	1.14261211445887
20.5119540720721	2.0278392989777	2.59944776498173	1.14218043443666
20.5398046546547	2.04281682524654	2.60012589799488	1.14267433038175
20.5676552372372	2.05896709158063	2.60920807836816	1.14409380229623
20.5955058198198	2.07629009797991	2.61953703564821	1.14643885017922
20.6233564024024	2.09478584444443	2.63228415928021	1.14970947402962
20.651206984985	2.11445433097423	2.6520225707063	1.15390567384985
20.6790575675676	2.13529555756905	2.67227902250674	1.13187770436172
20.7069081501501	2.15730952422926	2.69648088202283	1.1353253878931
20.7347587327327	2.18049623095457	2.72754587400763	1.13960914216771
20.7626093153153	2.20485567774515	2.75305058896604	1.14414492833659
20.7904598978979	2.23038786460093	2.77983802550698	1.15039954222754
20.8183104804805	2.25709279152195	2.8071534487585	1.15770695190383
20.8461610630631	2.28497045850813	2.84474567053345	1.15780232334767
20.8740116456456	2.3140208655595	2.87279826786541	1.17488550466486
20.9018622282282	2.34340691331656	2.90537523905457	1.18137630779928
20.9297128108108	2.36385235655076	2.92805686165063	1.16954186951315
20.9575633933934	2.37807061829148	2.94325604136386	1.18263132005308
20.985413975976	2.39181227505091	2.96065170265548	1.1969250125942
21.0132645585586	2.39527336776652	2.96230776380728	1.21025611152739
21.0411151411411	2.37510190851518	2.9349942975071	1.21168533810651
21.0689657237237	2.3531867627913	2.91413465182803	1.23669994783394
21.0968163063063	2.33562120831707	2.91662915337685	1.24998116213039
21.1246668888889	2.3187187060264	2.92399143535406	1.271468716282
21.1525174714715	2.28126957689561	2.91385596454457	1.25085791721041
21.1803680540541	2.24158296372885	2.89145027271443	1.24748440054035
21.2082186366366	2.20393131696347	2.86456910429136	1.25588000319267
21.2360692192192	2.16831463659951	2.84405342295549	1.26090356237593
21.2639198018018	2.13473292263711	2.82680902708256	1.2663188180191
21.2917703843844	2.1031861750762	2.81737278530694	1.25943875499544
21.319620966967	2.07367439391674	2.8086848559684	1.21779929615525
21.3474715495495	2.04619757915875	2.80070257259407	1.2287228771113
21.3753221321321	2.0207557308022	2.78987575930805	1.15485420453168
21.4031727147147	1.99734884884731	2.78336257257663	1.11687794924662
21.4310232972973	1.97597693329362	2.77613925015705	1.06964205497943
21.4588738798799	1.95663998414162	2.77220657816655	1.01107473156966
21.4867244624625	1.93933800139099	2.76392058908363	0.956827543564567
21.514575045045	1.92407098504189	2.75716676235424	0.910461375932574
21.5424256276276	1.91083893509422	2.75308844681177	0.849077113971874
21.5702762102102	1.89964185154817	2.75013962412576	0.801705865478694
21.5981267927928	1.89047973440336	2.75159853040892	0.7553687132703
21.6259773753754	1.8833525836602	2.7541832379664	0.714238380929264
21.653827957958	1.87826039931853	2.75790282110658	0.678347285288365
21.6816785405405	1.87520318137822	2.7622658865166	0.642882398623207
21.7095291231231	1.87418092983943	2.76748986356733	0.609135707439334
21.7373797057057	1.87519364470224	2.77361628672455	0.573277531533832
21.7652302882883	1.87824132596634	2.78054872792412	0.553048957178579
21.7930808708709	1.88332397363203	2.78911153079637	0.543899763989932
21.8209314534535	1.8904415876992	2.80363847863766	0.531518225089036
21.848782036036	1.8995941681678	2.81729322483809	0.52066278396811
21.8766326186186	1.91078171503789	2.82916056074673	0.516048658003307
21.9044832012012	1.92400422830942	2.83877210850379	0.517567322422623
21.9323337837838	1.93926170798253	2.85244851650114	0.538943917011046
21.9601843663664	1.95655415405707	2.86935668203294	0.56642650629398
21.988034948949	1.9758815665331	2.88566346655333	0.599337405987803
22.0158855315315	1.99724394541058	2.89769428282796	0.630611126475848
22.0437361141141	2.02064129068956	2.91569886527674	0.659414724609202
22.0715866966967	2.04607360236996	2.93265187820223	0.693131158343675
22.0994372792793	2.07354088045184	2.95157659551919	0.732776956372257
22.1272878618619	2.10304312493531	2.9883838159435	0.79061817440625
22.1551384444444	2.13458033582019	3.00175717482651	0.837121557916995
22.182989027027	2.16815251310659	3.04545782945167	0.886386108740589
22.2108396096096	2.20375965679436	3.06249358913968	0.93248199309439
22.2386901921922	2.24140176688368	3.10600135332836	0.994370404485716
22.2665407747748	2.28107884337451	3.14950880086983	1.06162835628874
22.2943913573574	2.32279088626674	3.19936122819684	1.13385792494748
22.3222419399399	2.36653789556051	3.24151266818227	1.21707913461995
22.3500925225225	2.4123198712557	3.27717304365865	1.29658952754544
22.3779431051051	2.4601368133524	3.33919099350322	1.38196338759984
22.4057936876877	2.5099887218506	3.394856657582	1.46943047092181
22.4336442702703	2.5618755967503	3.4399152149999	1.56533719564419
22.4614948528529	2.61579743805139	3.48797324387107	1.68711041496519
22.4893454354354	2.67175424575403	3.54297405360356	1.77547431086948
22.517196018018	2.72974601985814	3.58455900648476	1.88586451066074
22.5450466006006	2.7897727603637	3.65679010833194	1.9904294459515
22.5728971831832	2.85183446727071	3.73084326018507	2.10939278649947
22.6007477657658	2.91593114057926	3.82302762736185	2.21485788083258
22.6285983483483	2.98206278028928	3.92231213377408	2.32708877827346
22.6564489309309	3.05022938640074	4.00320406127366	2.42915956025595
22.6842995135135	3.12043095891372	4.08014529993043	2.50114609997411
22.7121500960961	3.19266749782819	4.16049533244839	2.58166315262545
22.7400006786787	3.26693900314413	4.23743984538068	2.66454068711566
22.7678512612613	3.34324547486143	4.31769644455368	2.74225138645603
22.7957018438438	3.42158691298033	4.39876357338186	2.80190288004036
22.8235524264264	3.50196331750069	4.48229002830804	2.85142914933705
22.851403009009	3.58437468842247	4.63052906479463	2.90764040685848
22.8792535915916	3.66882102574588	4.7372530254116	2.96487956632206
22.9071041741742	3.75530232947064	4.90619207357796	3.02225252961855
22.9349547567568	3.84381859959684	5.07377128791427	3.08125220340166
22.9628053393393	3.93436983612466	5.23958908825966	3.13722977069475
22.9906559219219	4.02695603905382	5.43880842509217	3.19020406135096
23.0185065045045	4.12157720838455	5.63152402912636	3.24843227969665
23.0463570870871	4.2182333441168	5.83726250676328	3.30740309132636
23.0742076696697	4.31692444625033	6.03589488966436	3.36784600129587
23.1020582522522	4.41765051478551	6.25998309136929	3.4296853860506
23.1299088348348	4.52035939318962	6.49322994673032	3.48852426864257
23.1577594174174	4.60034342928036	6.7197168655386	3.51122835366569
23.18561	4.6494949634107	6.98981688928509	3.28297829493381
23.2134605825826	4.69614403209579	7.19565030089021	2.79672817182524
23.2413111651652	4.76599935225319	7.42726211390626	2.64878187394409
23.2691617477477	4.86534943377226	7.58341744169138	2.78982595099846
23.2970123303303	4.98710524536275	7.68056359480641	3.16292361753131
23.3248629129129	5.13071395785616	7.89473103208942	3.67289628907263
23.3527134954955	5.29009739036608	8.04805079636963	3.86230056623356
23.3805640780781	5.41094931713401	7.93695224084311	3.93652915790671
23.4084146606607	5.48789875522416	7.88434569481451	3.9925805910747
23.4362652432432	5.47058838070333	7.74367851140268	4.04215128370547
23.4641158258258	5.44863530741578	7.62237191397339	4.09228317191021
23.4919664084084	5.43439522328579	7.45753596333557	4.12643577609403
23.519816990991	5.42786812831317	7.32230582950347	4.17345992064375
23.5476675735736	5.42905402249819	7.19001888808192	4.22587904700335
23.5755181561562	5.43795290584066	7.08453787917852	4.28750633156698
23.6033687387387	5.45456477834063	7.00429985989087	4.34048090441761
23.6312193213213	5.47851493542623	6.93118820030929	4.38805933170778
23.6590699039039	5.49556475663283	6.83740026455972	4.43613141627772
23.6869204864865	5.51368609120103	6.7259001934717	4.49402189847552
23.7147710690691	5.53624707319395	6.63204840229433	4.58211718964116
23.7426216516517	5.5412227050741	6.52198269571307	4.63170188325581
23.7704722342342	5.53045135001956	6.45591675738188	4.67252537795451
23.7983228168168	5.5134922477625	6.31861141964742	4.72635463571704
23.8261733993994	5.49130035553588	6.24067260436687	4.77464717834876
23.854023981982	5.44721183608674	6.08615848635716	4.79080527866784
23.8818745645646	5.38805032520569	5.93525355941246	4.81753787133082
23.9097251471471	5.33342810185762	5.85870374699269	4.82406615135642
23.9375757297297	5.28541974201404	5.80042905215627	4.80259314779073
23.9654263123123	5.24402524567503	5.79093934250334	4.74294839243135
23.9932768948949	5.20924461284044	5.77101211947725	4.63256955238815
24.0211274774775	5.17547731176985	5.7735693439582	4.52935849159477
24.0489780600601	5.13629411490099	5.72331982412492	4.4320327213608
24.0768286426426	5.09560417709574	5.69666247765097	4.32086865607233
24.1046792252252	5.05818527176482	5.72040955586167	4.18665864698204
24.1325298078078	5.02698764307578	5.72665061305769	4.09106858094111
24.1603803903904	5.00201129102886	5.7343366023792	4.00176816202623
24.188230972973	4.97756430137689	5.75264762200535	3.92654523554807
24.2160815555556	4.94954547874527	5.75890456619696	3.85505439613801
24.2439321381381	4.9282680721906	5.76414940606021	3.79151364036876
24.2717827207207	4.91393893675858	5.77467151536983	3.73835911953388
24.2996333033033	4.90655807244917	5.77974111148449	3.70531004504785
24.3274838858859	4.90499408292629	5.77803753983547	3.66316243422049
24.3553344684685	4.90107553951668	5.79345729829182	3.6234816565622
24.3831850510511	4.90277709368463	5.79928340012622	3.59580671190269
24.4110356336336	4.91233581562949	5.78266273372564	3.59176405759841
24.4388862162162	4.92975170535112	5.7621079455112	3.60356607745786
24.4667367987988	4.95502476284994	5.74907325912118	3.63011470253477
24.4945873813814	4.98815498812543	5.74602007625285	3.69597528800639
24.522437963964	5.0241730859379	5.73280752475864	3.73378868108863
24.5502885465465	5.04918629342843	5.72837430837571	3.79888545738792
24.5781391291291	5.05572438400431	5.71929391696547	3.84473530729036
24.6059897117117	5.06250382641296	5.71899270100768	3.88458833109245
24.6338402942943	5.07912532278915	5.70957339917035	3.93593797708239
24.6616908768769	5.10728354734289	5.7310827411808	3.97504318333766
24.6895414594595	5.14813856838285	5.74708663861986	4.09358956671615
24.717392042042	5.20475634737998	5.75221197042826	4.24880093158162
24.7452426246246	5.2706001456021	5.75264266092038	4.44508599052066
24.7730932072072	5.34504446420841	5.7935789436126	4.62950400691799
24.8009437897898	5.42997009817289	5.87148796735995	4.7759499431365
24.8287943723724	5.51379066159169	5.96427313022227	4.86912883182631
24.856644954955	5.58482435067988	6.08813246866002	4.92773093202886
24.8844955375375	5.6491607596341	6.20458529994738	4.96209885791166
24.9123461201201	5.70942351985247	6.28942514870668	4.98691508066599
24.9401967027027	5.76567344635879	6.39489288538247	5.05501510231384
24.9680472852853	5.81791053915314	6.51400925408489	5.10891656677184
24.9958978678679	5.86613479823502	6.60916722194132	5.14441922942601
25.0237484504504	5.91245266239051	6.67259498708586	5.22539037617627
25.051599033033	5.96118894149717	6.74275869686977	5.2744391113833
25.0794496156156	6.00330292620481	6.80665152261322	5.31509266336265
25.1073001981982	6.04736573751954	6.8644334186431	5.35236817297418
25.1351507807808	6.08541695927266	6.9231711938342	5.38263117850362
25.1630013633634	6.11178525568137	7.01016296236134	5.40556138835468
25.1908519459459	6.15699498496231	7.06925179054408	5.42609147263861
25.2187025285285	6.224732691869	7.13835565015781	5.42127108683228
25.2465531111111	6.26842516571091	7.22261696518172	5.43153288718131
25.2744036936937	6.28206587426217	7.29401815596949	5.44588077105076
25.3022542762763	6.29114236133769	7.33206371103563	5.44448597269646
25.3301048588589	6.30152789698031	7.32619742800134	5.4631762336537
25.3579554414414	6.3040619075854	7.38178197398218	5.48192019598457
25.385806024024	6.30393201146931	7.29604287772771	5.53299905524861
25.4136566066066	6.31825950011128	7.20260362939978	5.54672288583669
25.4415071891892	6.29682762789107	7.20159262253724	5.56723503481355
25.4693577717718	6.27127029118992	7.09705663698829	5.57363590862504
25.4972083543544	6.27722997854718	7.0592148271541	5.5927426422359
25.5250589369369	6.28467191079752	6.99455965804369	5.6034167865537
25.5529095195195	6.28297338518646	6.94113902233981	5.59388850224379
25.5807601021021	6.27180794855408	6.92431757359389	5.56821906880524
25.6086106846847	6.26840216670814	6.95710503660117	5.55685334293994
25.6364612672673	6.23348774125728	6.93906875822771	5.48835956357397
25.6643118498498	6.20771840418018	6.89379361937092	5.44613053105349
25.6921624324324	6.17059759400694	6.84524373634544	5.42467727414252
25.720013015015	6.10607873261765	6.81173699630096	5.38898792297459
25.7478635975976	6.04233842735187	6.81101138515848	5.33076274676819
25.7757141801802	5.99119469689245	6.80550281791681	5.29320556622295
25.8035647627628	5.94896574936452	6.77062693169801	5.25764609621928
25.8314153453453	5.91234425743962	6.75103947087716	5.21461177643002
25.8592659279279	5.88570317214901	6.7252120513578	5.17576822435492
25.8871165105105	5.85568105428069	6.67340270437309	5.15930098745623
25.9149670930931	5.81706706024784	6.61472595312708	5.14408164089262
25.9428176756757	5.76986119005042	6.5473823819573	5.10668709555873
25.9706682582583	5.71406344368875	6.4574126545724	5.06761739447207
25.9985188408408	5.64967382116238	6.37742474017047	5.04861584619011
26.0263694234234	5.57669232247178	6.30938046135587	5.01442713540024
26.054220006006	5.49511894761646	6.18389141626758	4.95637743895203
26.0820705885886	5.40606803610681	6.08103598712002	4.87887155234658
26.1099211711712	5.32025169817866	5.98936485069007	4.78156386313199
26.1377717537538	5.24030280785234	5.87666883515831	4.71186387801583
26.1656223363363	5.16804922378342	5.77036961146835	4.67503270647747
26.1934729189189	5.0956701131535	5.66245288936316	4.63116375010543
26.2213235015015	5.02187176067528	5.56691957594562	4.57188861600964
26.2491740840841	4.95529054245056	5.45530571203626	4.53253453669826
26.2770246666667	4.88621737062272	5.36533279551547	4.49481151578839
26.3048752492492	4.81371180865615	5.26724371330874	4.44496766165306
26.3327258318318	4.73777385655043	5.1701403497809	4.38741849222056
26.3605764144144	4.65840351430619	5.07535927651387	4.32467865819982
26.388426996997	4.57566262688842	4.99198261259292	4.23733848801892
26.4162775795796	4.49514857766574	4.92230956191163	4.1596852694737
26.4441281621622	4.41527660194381	4.83655241330176	4.07754671746099
26.4719787447447	4.33918434006683	4.74718967055704	4.00629458211636
26.4998293273273	4.26546085232372	4.65211610500619	3.94303768880851
26.5276799099099	4.18949795426846	4.56141625029725	3.88040067719128
26.5555304924925	4.1112956459011	4.49375945459157	3.8130573822104
26.5833810750751	4.03085392722159	4.40835155335527	3.73998873166571
26.6112316576577	3.94817279822992	4.34704848050711	3.66101944712914
26.6390822402402	3.86325225892632	4.28666689170856	3.57751391884195
26.6669328228228	3.77609230931033	4.20878025493295	3.48854144731714
26.6947834054054	3.68669294938226	4.12739402385192	3.40196179522061
26.722633987988	3.5950541791422	4.04459161514108	3.30325882709118
26.7504845705706	3.50117988534609	3.98940632749524	3.19477189236316
26.7783351531532	3.40746789544709	3.90172893107938	3.08100436002
26.8061857357357	3.32041913786425	3.84003597521704	2.98764469927545
26.8340363183183	3.23542391579484	3.76853023799078	2.8873938803307
26.8618869009009	3.15378005932184	3.71495430462669	2.78619599925775
26.8897374834835	3.07505574262957	3.65956050312977	2.68932846050518
26.9175880660661	2.99582215174575	3.60583916834725	2.58848043999227
26.9454386486486	2.91601120092122	3.55220599246663	2.48894391509943
26.9732892312312	2.83562289015624	3.49804033542606	2.38905487714597
27.0011398138138	2.7546572194508	3.44373720190145	2.28689703882619
27.0289903963964	2.67311418880466	3.38929659189269	2.17586203582997
27.056840978979	2.59100907964834	3.3347013100715	2.07350339363551
27.0846915615616	2.51062031195234	3.27987765511624	1.96387317428481
27.1125421441441	2.43340104916983	3.22492855051347	1.86049025401197
27.1403927267267	2.35625719066238	3.17556240309057	1.75840651960429
27.1682433093093	2.27903659600435	3.14369714549486	1.65646691795327
27.1960938918919	2.2017392651953	3.11189232982542	1.55514206465765
27.2239444744745	2.12436519823614	3.0637124717837	1.45837979165038
27.2517950570571	2.04691439512586	3.0141290262142	1.35874121067829
27.2796456396396	1.96956442395358	2.96474445190407	1.25751621457716
27.3074962222222	1.89058813326425	2.89389864553949	1.15752976655175
27.3353468048048	1.81364945247616	2.84890723671272	1.05825152098358
27.3631973873874	1.73673445370116	2.80381763384399	0.956943223245211
27.39104796997	1.65982144013799	2.75862983692633	0.856111214837973
27.4188985525526	1.58291041178643	2.71334384596386	0.757192356978712
27.4467491351351	1.50600136864698	2.66795966094957	0.657197498001672
27.4745997177177	1.42909431071901	2.62247728189128	0.553000806937361
27.5024503003003	1.35218923800304	2.57689670878703	0.450365654419095
27.5303008828829	1.27528615049857	2.53121794163299	0.350918849274808
27.5581514654655	1.19838504820631	2.48466286347394	0.251462509256957
27.586002048048	1.12148593112565	2.43814089261081	0.1519966343659
27.6138526306306	1.04458879925691	2.3878380162649	0.0525212246029073
27.6417032132132	0.962092192152767	2.23628142906236	0
27.6695537957958	0.885045051413424	2.18460134030468	0
27.6974043783784	0.8080110281456	2.13273374377383	0
27.725254960961	0.731004026310932	2.08067863946391	0
27.7531055435435	0.64758598228625	1.95482340573518	0
27.7809561261261	0.503181153505095	1.68908442066666	0
27.8088067087087	0.424767985355643	1.63215116385572	0
