phys	rec.rate	upper	lower
0.0229128033033033	16.3175978005828	17.3166801687076	15.3618486305555
0.0687384099099099	16.1056792547536	17.0472410228101	15.1925152902401
0.114564016516517	15.8909548265718	16.7982362062442	15.0202848189146
0.160389623123123	15.6734245160377	16.5476422987832	14.840948167573
0.20621522972973	15.4537564263785	16.2954593004272	14.6608446228114
0.252040836336336	15.2823406727438	16.1846601409046	14.4718473401212
0.297866442942943	15.0588481191968	15.9321473057091	14.2900579316467
0.34369204954955	14.8354696539051	15.6724038722292	14.1004047143185
0.389517656156156	14.6116948964476	15.4404823511378	13.8751950092431
0.435343262762763	14.3859720909749	15.1804073882088	13.6987623231834
0.481168869369369	14.1609771012742	14.8930228590605	13.5080445470031
0.526994475975976	13.9096286655176	14.6304429915615	13.1694591762133
0.572820082582582	13.6909395130489	14.3571223755199	12.9942702694818
0.618645689189189	13.4679671964446	14.1133357881562	12.7639484009108
0.664471295795796	13.2544575150695	13.8739085538135	12.565208855267
0.710296902402402	13.0431287096747	13.6226681401139	12.3614373014166
0.756122509009009	12.8320804448283	13.380406058978	12.1536750739907
0.801948115615616	12.62015508843	13.1218267471374	11.9424052201308
0.847773722222222	12.4040757337223	12.8870366362571	11.7452474605208
0.893599328828829	12.1824498478271	12.6330472619076	11.545204385922
0.939424935435435	11.9690491745517	12.3989688244764	11.3275074202586
0.985250542042042	11.7534005464878	12.1685771454429	11.1385193734898
1.03107614864865	11.5443856677977	11.9294879733034	10.9287692069002
1.07690175525526	11.3174410252173	11.6863969873434	10.6953944300471
1.12272736186186	11.082584788404	11.4434820049146	10.4443315532747
1.16855296846847	10.8610612548221	11.248130906964	10.1654498387495
1.21437857507508	10.6528718477273	11.0714230881257	9.88267977102782
1.26020418168168	10.4406824633314	10.8841943443781	9.62260150101894
1.30602978828829	10.2093415524022	10.6898916135461	9.33172090394782
1.35185539489489	9.95201315633661	10.4773803940931	9.06452676432523
1.3976810015015	9.68892307253334	10.2393706305434	8.77560515017712
1.44350660810811	9.45172565786645	10.0991874302425	8.52252116761029
1.48933221471471	9.24064252764852	9.94899947857394	8.31785173372718
1.53515782132132	9.03851348586351	9.79758059802131	8.06917083793469
1.58098342792793	8.78510299868657	9.59826825395553	7.83633049621753
1.62680903453453	8.52818413248003	9.39019260675223	7.56096125944254
1.67263464114114	8.29694199702507	9.23992520277721	7.34777225124839
1.71846024774775	8.09137659232174	9.11486945663473	7.0953507367524
1.76428585435435	7.91085196435526	9.02129223910453	6.85847065776359
1.81011146096096	7.71583058446984	8.88520132984313	6.69651942623298
1.85593706756757	7.52283495983029	8.77393033732069	6.53780574577403
1.90176267417417	7.35591062343098	8.70408522861486	6.3706279483194
1.94758828078078	7.21505757527194	8.65331580223549	6.18094614492665
1.99341388738739	7.09943542537381	8.57234513175054	6.02367237766486
2.03923949399399	6.9664418838475	8.50936729276801	5.86398967477484
2.0850651006006	6.8337628711949	8.44180659474022	5.72619761160181
2.13089070720721	6.72535831084031	8.36680975606225	5.58167828244216
2.17671631381381	6.64122820278371	8.28960136261933	5.44989339149676
2.22254192042042	6.58137254702513	8.23395738195655	5.33342476319586
2.26836752702703	6.54562488821606	8.15563843338912	5.28828614864304
2.31419313363363	6.50446598357963	8.0862995510826	5.19833100130428
2.36001874024024	6.46519137684763	7.99633118915305	5.12779873809846
2.40584434684685	6.44946239670283	7.95653383332758	5.05252334049924
2.45166995345345	6.45727904314528	7.90781643400467	5.04804238557213
2.49749556006006	6.48142291424281	7.86176531684113	5.01859655512466
2.54332116666667	6.4938386623684	7.83835176320779	5.04122883449053
2.58914677327327	6.51705087283906	7.85382105817071	5.04192602973733
2.63497237987988	6.55442576771468	7.91236690832319	5.05370943738872
2.68079798648649	6.60596334699528	7.9779241624601	5.1609774721079
2.72662359309309	6.67166361068082	8.06025090579033	5.2654398193907
2.7724491996997	6.75758535210671	8.1553943152007	5.4382239329172
2.81827480630631	6.880953147424	8.25122648179397	5.59716232166005
2.86410041291291	7.00685947698227	8.32294014381285	5.86216875656156
2.90992601951952	7.13199280829679	8.43859108497069	6.11378428576921
2.95575162612613	7.28619746420664	8.61161608966631	6.34892397712756
3.00157723273273	7.4355543087514	8.77977219377249	6.35654135665286
3.04740283933934	7.56084319518873	8.98933703743944	6.29302833132817
3.09322844594595	7.66206412351863	9.18034765733691	6.22649051650455
3.13905405255255	7.7392170937411	9.38042062713477	6.12192251496792
3.18487965915916	7.79230210585614	9.43873470526882	6.01806198199758
3.23070526576577	7.82131915986374	9.42527061100294	5.88799791568701
3.27653087237237	7.82626825576389	9.33999618214887	5.75058292162724
3.32235647897898	7.80631600794975	9.3288653580042	5.61816938296197
3.36818208558559	7.72433019133119	9.27076908998004	5.46552146233955
3.41400769219219	7.56273499813923	9.15768325056042	5.34487027638666
3.4598332987988	7.36418899320673	9.01788460053188	5.22247972917547
3.50565890540541	7.13146530303594	8.76136688254593	5.0555045707684
3.55148451201201	6.86456392762677	8.47640065467452	4.87630919064317
3.59731011861862	6.56348486697932	8.14984703544241	4.70577401688739
3.64313572522522	6.22822812109354	7.70542521667211	4.53225592735415
3.68896133183183	5.85879368996945	7.23981382015285	4.35468858959413
3.73478693843844	5.45518157360699	6.71972531511178	4.13894228436968
3.78061254504504	5.01739177200625	6.15417651834391	3.91368265546794
3.82643815165165	4.55627821522128	5.60167967203602	3.65199566843189
3.87226375825826	4.13606089197653	5.01364015022097	3.44697002838028
3.91808936486486	3.70959972801253	4.49893802900808	3.12063213053329
3.96391497147147	3.32980533947397	4.04865690166185	2.76672129439173
4.00974057807808	3.07055608086178	3.62896784984598	2.59732006921705
4.05556618468468	2.88854747988184	3.14340306513026	2.59553298410564
4.10139179129129	2.77528213866786	3.01956695534795	2.56532053000875
4.1472173978979	2.77154124984773	3.03614181296482	2.53858576369187
4.1930430045045	2.84038166721711	3.12052823406812	2.60038125152329
4.23886861111111	3.0214560038034	3.30140852759937	2.76201663192606
4.28469421771772	3.35459576662234	3.56014027192263	3.13863767627133
4.33051982432432	3.69715408703104	3.84791816272753	3.5191537233001
4.37634543093093	4.02291052899179	4.15707544395385	3.88676921164059
4.42217103753754	4.34512110823896	4.48874914060859	4.2051540252083
4.46799664414414	4.60879112688858	4.75985281555773	4.44742453554949
4.51382225075075	4.81406059257183	4.96704343216498	4.67444442685557
4.55964785735736	5.00268911004622	5.16317505528269	4.89185694447946
4.60547346396396	5.18897038592791	5.33856662202417	5.08668138745862
4.65129907057057	5.39220168686981	5.56254260511283	5.26329604228999
4.69712467717718	5.57168756277817	5.7414281791203	5.4325106456447
4.74295028378378	5.70753274656539	5.84894773039893	5.56563236360143
4.78877589039039	5.80064974280503	5.95255787342798	5.63095615812136
4.834601496997	5.87018998967551	6.12959456549901	5.65018593018346
4.8804271036036	5.91500201746191	6.30807249269224	5.50028330105578
4.92625271021021	5.88876928174886	6.38503413865358	5.3258599094301
4.97207831681682	5.74734236373462	6.2816995406337	5.21432320167496
5.01790392342342	5.58282673535306	6.17474809212374	5.01544778221905
5.06372953003003	5.42234782828923	6.17748484876595	4.80853930450433
5.10955513663664	5.26590564254317	6.23894814924643	4.6237375898046
5.15538074324324	5.10406571906531	6.20136110054529	4.39654548167396
5.20120634984985	4.92139881787304	6.04436633250941	4.17302657243139
5.24703195645646	4.74020611663363	5.92092925636855	3.96270389337919
5.29285756306306	4.5616845617995	5.78856572940763	3.75296749953736
5.33868316966967	4.38583415337067	5.69344236480985	3.5422367984325
5.38450877627628	4.21265489134718	5.61809688476753	3.35151542540775
5.43033438288288	4.04214677572889	5.53384761648732	3.14930939807915
5.47615998948949	3.87430980651596	5.44983648872319	2.95575608241634
5.5219855960961	3.70914398370833	5.36634833707469	2.78860941909824
5.5678112027027	3.54664930730595	5.28338316154332	2.63267816144939
5.61363680930931	3.38682577730891	5.20336840600115	2.46819035477818
5.65946241591592	3.23030079386537	5.13520322806414	2.32339850779426
5.70528802252252	3.08858916912656	5.07051579277707	2.17663760013466
5.75111362912913	2.95631028945262	5.00729530533165	2.01407337386112
5.79693923573573	2.82946477125436	4.93774717939932	1.90172911835453
5.84276484234234	2.70805261453196	4.8591331145822	1.79267993330355
5.88859044894895	2.59207381928538	4.77986951653587	1.67924624055113
5.93441605555556	2.48152838551463	4.70684929602845	1.56846557665901
5.98024166216216	2.37641631321964	4.63723886558937	1.40140056860523
6.02606726876877	2.27673760240052	4.56803907548075	1.2318663870306
6.07189287537537	2.18249225305715	4.49924992570117	1.09277529071956
6.11771848198198	2.0936802651896	4.43064249532198	0.967510729292847
6.16354408858859	2.01030163879789	4.36321029471035	0.876872169664578
6.20936969519519	1.93235637388195	4.29590251165232	0.811105201013139
6.2551953018018	1.85984447044188	4.22989190004358	0.762111629219438
6.30102090840841	1.79276592847756	4.16446692418358	0.745914714458525
6.34684651501501	1.73112074798906	4.09907887191486	0.750504478945192
6.39267212162162	1.67490892897641	4.04581948890314	0.752843263919949
6.43849772822823	1.62413047143951	4.00805254238778	0.783760123071835
6.48432333483483	1.57878537537845	3.94272018254747	0.770347479234999
6.53014894144144	1.53812502861615	3.87696085341176	0.747478569501475
6.57597454804805	1.4895871837765	3.81161934223896	0.702803315490021
6.62180015465465	1.44052545343345	3.74702585749267	0.621094778200029
6.66762576126126	1.39550885685191	3.68334047309479	0.544601744393998
6.71345136786787	1.35453739403186	3.61950211270208	0.471273229494224
6.75927697447447	1.31699624288534	3.55607818896783	0.409174819517574
6.80510258108108	1.26847779077903	3.49306870189188	0.352879889300435
6.85092818768769	1.21587937679927	3.4304736514747	0.299789996872186
6.89675379429429	1.16507462150674	3.36823907241277	0.248196204100576
6.9425794009009	1.11606352490165	3.30617957785945	0.210073395427623
6.98840500750751	1.06884608698386	3.24972519886663	0.177703442395713
7.03423061411411	1.02342230775339	3.19906630672812	0.134758933755793
7.08005622072072	0.979792187210283	3.1448041977128	0.0986014112817991
7.12588182732733	0.937955725354511	3.08414467091333	0.0220619852891836
7.17170743393393	0.897912922186085	3.02364432107002	0
7.21753304054054	0.859663777704951	2.96356566038915	0
7.26335864714715	0.823208291911229	2.90390868887086	0
7.30918425375375	0.788546464804818	2.84467340651495	0
7.35500986036036	0.755678296385717	2.7858598133219	0
7.40083546696697	0.724603786653978	2.72746790929107	0
7.44666107357357	0.695322935609598	2.66949769442267	0
7.49248668018018	0.667835743252545	2.61194916871703	0
7.53831228678679	0.642142209582756	2.56167117885272	0
7.58413789339339	0.61824233460045	2.51686458222561	0
7.6299635	0.596136118305332	2.4678363929243	0
7.67578910660661	0.575823560697671	2.4187964374594	0
7.72161471321321	0.557304661777276	2.37375360994357	0
7.76744031981982	0.540579421544252	2.31892185684585	0
7.81326592642643	0.5240512807812	2.26450533471001	0
7.85909153303303	0.504373824380833	2.22101808673094	0
7.90491713963964	0.482896875455736	2.17912175087778	0
7.95074274624625	0.460842913669298	2.13672280324715	0
7.99656835285285	0.439312958108141	2.09599807034913	0
8.04239395945946	0.418307008772243	2.05554352810451	0
8.08821956606607	0.397825065661587	2.01535917651347	0
8.13404517267267	0.37786712877627	1.97524442403245	0
8.17987077927928	0.358433198116176	1.93534185514174	0
8.22569638588589	0.339523273681302	1.89571174539984	0
8.27152199249249	0.321137355471769	1.85635409480782	0
8.3173475990991	0.303275443487497	1.81726890336478	0
8.36317320570571	0.285937537728489	1.77845617107183	0
8.40899881231231	0.269123638194726	1.73991589792792	0
8.45482441891892	0.252833744886241	1.70164808393332	0
8.50065002552553	0.237067857803009	1.6636527290878	0
8.54647563213213	0.22182597694507	1.62592983339234	0
8.59230123873874	0.207271320494522	1.58847939684614	0
8.63812684534534	0.196026604910911	1.55130141944892	0
8.68395245195195	0.186491988623918	1.51771931893658	0
8.72977805855856	0.182769922683409	1.48129455721572	0
8.77560366516516	0.180262743635889	1.44514019915302	0
8.82142927177177	0.177792172430283	1.40924393064287	0
8.86725487837838	0.17535820906655	1.37375913000501	0
8.91308048498498	0.172960853544722	1.33841149093932	0
8.95890609159159	0.170600105864775	1.30333426084397	0
9.0047316981982	0.168275966026686	1.26818118565309	0
9.0505573048048	0.165988434030552	1.23410010801668	0
9.09638291141141	0.16373750987624	1.22265981179219	0
9.14220851801802	0.161523193563912	1.18555840237332	0
9.18803412462462	0.159345485093412	1.14875469869392	0
9.23385973123123	0.157204384464791	1.11224870075426	0
9.27968533783784	0.155099891678089	1.07940017012546	0
9.32551094444444	0.15303200673326	1.05885690536718	0
9.37133655105105	0.151000729630341	1.02087006390966	0
9.41716215765766	0.149006060369318	0.983203279326363	0
9.46298776426426	0.147047998950157	0.945856551617345	0
9.50881337087087	0.145126545372882	0.908829880782867	0
9.55463897747748	0.143241699637549	0.872485817344469	0
9.60046458408408	0.141393461744069	0.836172572673571	0
9.64629019069069	0.139581831692459	0.802127737036162	0
9.6921157972973	0.137806809482793	0.769016153274746	0
9.7379414039039	0.136068395114978	0.732418150806675	0
9.78376701051051	0.134366588589095	0.706663776713913	0
9.82959261711712	0.13270138990507	0.686865913458557	0
9.87541822372372	0.131072799062919	0.679058464751664	0
9.92124383033033	0.129480816062704	0.655702257343991	0
9.96706943693694	0.127925440904338	0.652606008819576	0
10.0128950435435	0.126406673587896	0.654251669052803	0
10.0587206501501	0.124924514113341	0.655656357365813	0
10.1045462567568	0.123478962480647	0.657312161214455	0
10.1503718633634	0.122070018689884	0.657561528409346	0
10.19619746997	0.120697682740973	0.660522476400537	0
10.2420230765766	0.119361954633998	0.662170642193455	0
10.2878486831832	0.118062834368866	0.663793444851568	0
10.3336742897898	0.116800321945646	0.665390884374685	0
10.3794998963964	0.115574417364338	0.66696296076194	0
10.425325503003	0.114385120624898	0.66850967401464	0
10.4711511096096	0.113232431727328	0.670031024131946	0
10.5169767162162	0.112116350671685	0.671527011113912	0
10.5628023228228	0.111036877457937	0.672997634961152	0
10.6086279294294	0.109994012086063	0.67427153326641	0
10.654453536036	0.108987754556059	0.675430669692428	0
10.7002791426426	0.108018104868013	0.676566263880096	0
10.7461047492492	0.107085063021769	0.677678315829729	0
10.7919303558559	0.106188629017491	0.672780781495943	0
10.8377559624625	0.105328802855042	0.66176315056668	0
10.8835815690691	0.104505584534502	0.662892892709694	0
10.9294071756757	0.103718974055917	0.664254995062202	0
10.9752327822823	0.102968971419154	0.665630200882036	0
11.0210583888889	0.10225557662429	0.666979697713617	0
11.0668839954955	0.10157878967134	0.668298591631482	0
11.1127096021021	0.100938610560255	0.669406961531367	0
11.1585352087087	0.10033503929105	0.670397710701664	0
11.2043608153153	0.0997680758637961	0.671364685779531	0
11.2501864219219	0.0992377202783736	0.667632069670943	0
11.2960120285285	0.0987439725348854	0.659340106037518	0
11.3418376351351	0.0982868326332475	0.656912822310891	0
11.3876632417417	0.0978663005735241	0.65393800140864	0
11.4334888483483	0.0974823763557103	0.658243378506767	0
11.479314454955	0.0971350599797551	0.662393206602472	0
11.5251400615616	0.0968243514457051	0.66649531045505	0
11.5709656681682	0.0965502507535404	0.670399215688772	0
11.6167912747748	0.0963127579032576	0.657285560670716	0
11.6626168813814	0.0961118728948484	0.641551468538782	0
11.708442487988	0.09594759572845	0.625381070902306	0
11.7542680945946	0.0958199264037702	0.632038357649938	0
11.8000937012012	0.0957288649210578	0.645135347628332	0
11.8459193078078	0.0956744112802845	0.650676783280127	0
11.8917449144144	0.0956565654813318	0.651360990722304	0
11.937570521021	0.0956753275242899	0.652278864575997	0
11.9833961276276	0.0957306974091675	0.653345208705548	0
12.0292217342342	0.095822675135913	0.67115856286859	0
12.0750473408408	0.0959512607045347	0.677657566913907	0
12.1208729474474	0.0961164541150716	0.683791681750825	0
12.1666985540541	0.096318255367505	0.689388496510175	0
12.2125241606607	0.0965566644617928	0.688410017825893	0
12.2583497672673	0.0968316813979935	0.67654019376295	0
12.3041753738739	0.0971433061760941	0.677621061681623	0
12.3500009804805	0.0974915387960806	0.68592806084511	0
12.3958265870871	0.0978763792579451	0.692113613948725	0
12.4416521936937	0.0982978275617336	0.692770397539604	0
12.4874778003003	0.0987558837073589	0.694545282688468	0
12.5333034069069	0.0992505476949199	0.70013248867151	0
12.5791290135135	0.0997818195243724	0.706784098516518	0
12.6249546201201	0.10034969919567	0.709300984509391	0
12.6707802267267	0.100954186708894	0.712307958703355	0
12.7166058333333	0.101595282064032	0.712270326374284	0
12.7624314399399	0.102272985261007	0.719157579391135	0
12.8082570465465	0.102987296299895	0.725966685455251	0
12.8540826531532	0.103738215180688	0.730666269667881	0
12.8999082597598	0.104525741903396	0.734679893359343	0
12.9457338663664	0.105349876467906	0.738559795453445	0
12.991559472973	0.106210618874391	0.742305975949348	0
13.0373850795796	0.107107969122749	0.745918434848435	0
13.0832106861862	0.108041927212962	0.749397172149099	0
13.1290362927928	0.109012493145091	0.752742187852501	0
13.1748618993994	0.11001966691915	0.759153671946253	0
13.220687506006	0.11106344853502	0.765943645825482	0
13.2665131126126	0.112143837992827	0.772624665804593	0
13.3123387192192	0.113260835292518	0.779161448988165	0
13.3581643258258	0.114414440434102	0.785619015565529	0
13.4039899324324	0.115604653417598	0.79485331024407	0
13.449815539039	0.116831474242962	0.798235661361411	0
13.4956411456456	0.118094902910206	0.800632617543947	0
13.5414667522523	0.119394939419344	0.806905206654743	0
13.5872923588589	0.120731583770382	0.808755134167024	0
13.6331179654655	0.12210483596333	0.814502457340529	0
13.6789435720721	0.123514695998129	0.821192575514207	0
13.7247691786787	0.124961163874848	0.825695431761468	0
13.7705947852853	0.126444239593469	0.831242233522031	0
13.8164203918919	0.127963923153948	0.836712384906941	0
13.8622459984985	0.129520214556323	0.842092347631076	0
13.9080716051051	0.131113113800607	0.847380980573687	0
13.9538972117117	0.132742620886768	0.852593165144689	0
13.9997228183183	0.134408735814843	0.857728901343338	0
14.0455484249249	0.136111458584785	0.862788189170378	0
14.0913740315315	0.137850789196587	0.867594140815541	0
14.1371996381381	0.139626727650353	0.863904029804836	0
14.1830252447447	0.141439273945959	0.86422764912605	0
14.2288508513513	0.143288428083488	0.868820338346809	0
14.274676457958	0.145174190062892	0.873313991179669	0
14.3205020645646	0.147096559884153	0.876678822589551	0
14.3663276711712	0.149055537547343	0.873174660383588	0
14.4121532777778	0.151051123052447	0.87820148755899	0
14.4579788843844	0.153083316399407	0.883507333330279	0
14.503804490991	0.155152117588237	0.887717228932852	0
14.5496300975976	0.157257526618997	0.891873083694133	0
14.5954557042042	0.159399543491666	0.895954780325468	0
14.6412813108108	0.161578168206158	0.899920714145529	0
14.6871069174174	0.163793400762612	0.900588862919651	0
14.732932524024	0.166045241160884	0.900321612478571	0
14.7787581306306	0.168333689401105	0.903327354487935	0
14.8245837372372	0.170658745483215	0.903629835087647	0
14.8704093438438	0.173020409407174	0.90648643402148	0
14.9162349504504	0.175418681173075	0.911424220557488	0
14.9620605570571	0.17785356078083	0.914613870186225	0
15.0078861636637	0.180325048230489	0.91156981202136	0
15.0537117702703	0.182833143522005	0.91496238063798	0
15.0995373768769	0.185377846655485	0.918385573702388	0
15.1453629834835	0.187959157630824	0.921632125100653	0
15.1911885900901	0.19057707644802	0.925606191144263	0
15.2370141966967	0.193231603107119	0.929843500790634	0
15.2828398033033	0.195922737608142	0.93092062779814	0
15.3286654099099	0.198650479951022	0.929525588314404	0
15.3744910165165	0.201414830135838	0.931545526699557	0
15.4203166231231	0.204215788162478	0.93477106331837	0
15.4661422297297	0.20705335403108	0.937830147556457	0
15.5119678363363	0.209927527741502	0.939896916535164	0
15.5577934429429	0.212838309293852	0.942936666076973	0
15.6036190495495	0.215785698688122	0.946902731872074	0
15.6494446561562	0.218769695924248	0.949764927873074	0
15.6952702627628	0.221790301002255	0.952522404916946	0
15.7410958693694	0.224847513922152	0.955203100692687	0
15.786921475976	0.227941334683995	0.95708095683663	0
15.8327470825826	0.231071763287669	0.958679611987479	0
15.8785726891892	0.23423879973326	0.960260092235001	0
15.9243982957958	0.237442444020735	0.9628173512825	0
15.9702239024024	0.24068269615008	0.965882509849661	0
16.016049509009	0.243959556121361	0.96759482267409	0
16.0618751156156	0.247273023934505	0.969404378036799	0
16.1077007222222	0.250623099589548	0.970915989256795	0
16.1535263288288	0.254009783086473	0.970756204654605	0
16.1993519354354	0.257433074425295	0.970472888618014	0
16.245177542042	0.260892973606019	0.970402264181679	0
16.2910031486486	0.264389480628614	0.971315697025202	0
16.3368287552553	0.267922595493111	0.972158879267492	0
16.3826543618619	0.271492318199495	0.972931810908044	0
16.4284799684685	0.275098648747762	0.974004973100038	0
16.4743055750751	0.278708186668456	0.975799449793304	0
16.5201311816817	0.280852385864867	0.977236069951053	0
16.5659567882883	0.282197827244622	0.977484067070898	0
16.6117823948949	0.283545399854336	0.978662088552601	0
16.6576080015015	0.28489510369401	0.97976487473389	0
16.7034336081081	0.286246938763623	0.980792425615594	0
16.7492592147147	0.28760090506318	0.98174474119756	0
16.7950848213213	0.288957002592738	0.982621821479274	0
16.8409104279279	0.290315231352213	0.983423666461683	0
16.8867360345345	0.291675591341646	0.984150276143397	0
16.9325616411411	0.293038082561067	0.984801650525823	0
16.9783872477477	0.294402705010356	0.985359645314414	0
17.0242128543544	0.295769458689693	0.986778334428569	0
17.070038460961	0.297138343598914	0.988405254659487	0
17.1158640675676	0.298509359738166	0.98979927209352	0
17.1616896741742	0.299882507107305	0.98995250828928	0
17.2075152807808	0.301257785706425	0.991327298506867	0
17.2533408873874	0.302635195535469	0.992142641247945	0
17.299166493994	0.304014736594505	0.991988233184654	0
17.3449921006006	0.305396408883483	0.99176025117764	0
17.3908177072072	0.306780212402417	0.9914586952271	0
17.4366433138138	0.308166147151297	0.991075475090641	0
17.4824689204204	0.309554213130139	0.990607868883144	0
17.528294527027	0.310944410338949	0.990066763389808	0
17.5741201336336	0.312336738777653	0.989452158611746	0
17.6199457402402	0.313731198446363	0.988764054547544	0
17.6657713468468	0.315127789345049	0.986961192935735	0
17.7115969534535	0.316526511473624	0.986928193070785	0
17.7574225600601	0.317927364832228	0.986025789884068	0
17.8032481666667	0.318604840140498	0.985049893888629	0
17.8490737732733	0.318199122227537	0.984000505084287	0
17.8948993798799	0.317790673416475	0.98353079100143	0
17.9407249864865	0.3173902154433	0.983166933378643	0
17.9865505930931	0.316997748308019	0.982727263864338	0
18.0323761996997	0.316613272010582	0.982211782457966	0
18.0782018063063	0.316236786551093	0.981599498460566	0
18.1240274129129	0.315868291929464	0.980902799270295	0
18.1698530195195	0.315507788145731	0.979781337955025	0
18.2156786261261	0.315155275199852	0.977810256205454	0
18.2615042327327	0.314810753091935	0.975763432664703	0
18.3073298393393	0.314474221821813	0.974476376089759	0
18.3531554459459	0.314145681389667	0.973126970466749	0
18.3989810525525	0.31382513179533	0.971698098425236	0
18.4448066591592	0.313512573038934	0.970171671818467	0
18.4906322657658	0.313208005120418	0.968568732317192	0
18.5364578723724	0.312911428039793	0.964835561958555	0
18.582283478979	0.312622841797033	0.963635546574888	0
18.6281090855856	0.312342246392168	0.962453161297945	0
18.6739346921922	0.312069641825202	0.961138357797805	0
18.7197602987988	0.311805028096123	0.958561161126516	0
18.7655859054054	0.311548405204929	0.955904645748246	0
18.811411512012	0.311299773151618	0.953174043439244	0
18.8572371186186	0.31105913193621	0.950369354201069	0
18.9030627252252	0.310826481558666	0.947490578032396	0
18.9488883318318	0.310601822019024	0.944537714934335	0
18.9947139384384	0.310385153317267	0.946014141009293	0
19.040539545045	0.310176475453424	0.946658438084386	0
19.0863651516516	0.309975788427392	0.944779283014159	0
19.1321907582583	0.309783092239333	0.944572967891191	0
19.1780163648649	0.309598386889139	0.944353265879769	0
19.2238419714715	0.309421672376808	0.941456935010008	0
19.2696675780781	0.309252948702394	0.943276360192691	0
19.3154931846847	0.30909221586584	0.940545667256899	0
19.3613187912913	0.308868954333985	0.945394575309294	0
19.4071443978979	0.307419233510761	0.949736616496346	0
19.4529700045045	0.305634574942626	0.947965852395967	0
19.4987956111111	0.303999734002579	0.944747075885019	0
19.5446212177177	0.302514710690638	0.945621702006048	0
19.5904468243243	0.301179505006737	0.942158966685054	0
19.6362724309309	0.299994116950983	0.942806674917266	0
19.6820980375375	0.298867904983089	0.94554954225638	0
19.7279236441441	0.296228354368461	0.945280500688744	0
19.7737492507508	0.293028458422002	0.942224219113574	0
19.8195748573574	0.289862812414715	0.94001238950397	0
19.865400463964	0.28673141634644	0.936893628575671	0
19.9112260705706	0.283634270217301	0.932767857332345	0
19.9570516771772	0.280571374027298	0.933272625009018	0
20.0028772837838	0.277542727776357	0.939399213318636	0
20.0487028903904	0.274548331464538	0.93857743592849	0
20.094528496997	0.271588185091815	0.934962163771044	0
20.1403541036036	0.268662288658163	0.938766165827157	0
20.1861797102102	0.265770642163686	0.943023667527571	0
20.2320053168168	0.262913245608229	0.947546555878743	0
20.2778309234234	0.260090098991918	0.942146017184497	0
20.32365653003	0.257301202314674	0.941197000625843	0
20.3694821366366	0.254546555576613	0.942333013965231	0
20.4153077432432	0.251826158777551	0.943273138871153	0
20.4611333498498	0.24914001191768	0.945185843551507	0
20.5069589564565	0.246488114996847	0.949949442760442	0
20.5527845630631	0.243870468015152	0.954519699601288	0
20.5986101696697	0.241287070972534	0.95853155658641	0
20.6444357762763	0.238737923869027	0.959236768761686	0
20.6902613828829	0.236223026704622	0.959749907000403	0
20.7360869894895	0.233742379479327	0.960163558939334	0
20.7819125960961	0.231295982193117	0.960471520509094	0
20.8277382027027	0.228883834846033	0.960627606746701	0
20.8735638093093	0.226505937438046	0.960621979683749	0
20.9193894159159	0.224162289969126	0.962103925462072	0
20.9652150225225	0.221852892439347	0.964753869275379	0
21.0110406291291	0.219577744848657	0.967218140662357	0
21.0568662357357	0.217336847197042	0.966854275740797	0
21.1026918423423	0.21513019948459	0.965137242781063	0
21.1485174489489	0.212957801711159	0.959715926873135	0
21.1943430555556	0.210819653876923	0.960134314156945	0
21.2401686621622	0.208715755981714	0.96003586762595	0
21.2859942687688	0.206646108025653	0.959195525677919	0
21.3318198753754	0.204610710008669	0.963726508592478	0
21.377645481982	0.202609561930756	0.964471492207815	0
21.4234710885886	0.200642663792016	0.963527618282072	0
21.4692966951952	0.198710015592331	0.960743394358441	0
21.5151223018018	0.196811617331777	0.957786461748941	0
21.5609479084084	0.194947469010269	0.958098301221061	0
21.606773515015	0.193117570627937	0.955101901264795	0
21.6525991216216	0.191321922184638	0.952817079581903	0
21.6984247282282	0.189560523680479	0.951435421433431	0
21.7442503348348	0.187833375115416	0.952024780004643	0
21.7900759414414	0.186140476489473	0.951329951120445	0
21.835901548048	0.184481827802581	0.950382775002454	0
21.8817271546547	0.182857429054858	0.950249003886242	0
21.9275527612613	0.181267280246191	0.94942031102398	0
21.9733783678679	0.179711381376596	0.954439539476008	0
22.0192039744745	0.178189732446207	0.956094130943684	0
22.0650295810811	0.176702333454818	0.958717023983317	0
22.1108551876877	0.175249184402557	0.95696603390053	0
22.1566807942943	0.173830285289442	0.954889394884227	0
22.2025064009009	0.172445636115401	0.957148897237803	0
22.2483320075075	0.171095236880413	0.959372267462981	0
22.2941576141141	0.169779087584614	0.961352323262233	0
22.3399832207207	0.16849718822782	0.960436897495211	0
22.3858088273273	0.167249538810187	0.960406975226073	0
22.4316344339339	0.166036139331684	0.958305253972415	0
22.4774600405405	0.164856989792218	0.957974412876385	0
22.5232856471471	0.163712090191904	0.958388891990427	0
22.5691112537538	0.162601440530697	0.958699620134666	0
22.6149368603604	0.161525040808525	0.958764146379742	0
22.660762466967	0.160482891025481	0.95848060943497	0
22.7065880735736	0.159474991181579	0.956810768459323	0
22.7524136801802	0.15850134127675	0.954601491436355	0
22.7982392867868	0.157561941311021	0.953652640375601	0
22.8440648933934	0.156656791284424	0.952631406908513	0
22.8898905	0.155785891196859	0.951326089539905	0
22.9357161066066	0.154949241048507	0.949739492797842	0
22.9815417132132	0.15414684083911	0.946697725528576	0
23.0273673198198	0.153378690568913	0.941406762937405	0
23.0731929264264	0.152644790237839	0.939073508890044	0
23.119018533033	0.151945139845774	0.936496526701777	0
23.1648441396396	0.151279739392926	0.933675816373727	0
23.2106697462462	0.150648588879059	0.930611377904947	0
23.2564953528529	0.150051688304382	0.927303211295141	0
23.3023209594595	0.149489037668763	0.923736985342237	0
23.3481465660661	0.148960636972279	0.919513675901488	0
23.3939721726727	0.148466486214821	0.915478118348546	0
23.4397977792793	0.148006585396584	0.910883719043893	0
23.4856233858859	0.147580934517395	0.906345976103226	0
23.5314489924925	0.147189533577252	0.902244074261799	0
23.5772745990991	0.14683238257626	0.897245305261854	0
23.6231002057057	0.146509481514375	0.892343425729016	0
23.6689258123123	0.146220830391565	0.888200530098506	0
23.7147514189189	0.145966429207907	0.883028453134207	0
23.7605770255255	0.145746277963318	0.877449831753573	0
23.8064026321321	0.1455603766578	0.871610721335596	0
23.8522282387387	0.145408725291444	0.865533394759818	0
23.8980538453453	0.145291323864142	0.859021072425401	0
23.943879451952	0.145208172375962	0.851985483257297	0
23.9897050585586	0.145159270826912	0.844701868555371	0
24.0355306651652	0.145144619216911	0.837160926752909	0
24.0813562717718	0.145164217546025	0.82936723001961	0
24.1271818783784	0.145218065814292	0.82130543454903	0
24.173007484985	0.145306164021575	0.811368823016271	0
24.2188330915916	0.145428512167989	0.801530512062812	0
24.2646586981982	0.145585110253566	0.792860326363867	0
24.3104843048048	0.145775958278185	0.786675238577141	0
24.3563099114114	0.146001056241912	0.778740302836511	0
24.402135518018	0.146260404144769	0.769215565413248	0
24.4479611246246	0.146554001986644	0.760620315149367	0
24.4937867312312	0.146881849767746	0.754891671119079	0
24.5396123378378	0.147243947487854	0.744475968368236	0
24.5854379444444	0.147640295147092	0.736141929346078	0
24.631263551051	0.148070892745459	0.726068482532538	0
24.6770891576577	0.148535740282891	0.721280425073322	0
24.7229147642643	0.149034837759461	0.723105376706818	0
24.7687403708709	0.149568185175079	0.718389296864919	0
24.8145659774775	0.150135782529852	0.720016209763765	0
24.8603915840841	0.150737629823712	0.71521741000895	0
24.9062171906907	0.15137372705664	0.71975004878289	0
24.9520427972973	0.15204407422871	0.72431596331066	0
24.9978684039039	0.152748671339851	0.730887337828901	0
25.0436940105105	0.153487518390159	0.738103976880294	0
25.0895196171171	0.154260615379479	0.745184995496858	0
25.1353452237237	0.155067962307947	0.750498280165659	0
25.1811708303303	0.155909559175509	0.755307465793206	0
25.2269964369369	0.156785405982173	0.758081338581524	0
25.2728220435435	0.15769550272796	0.762600292883528	0
25.3186476501501	0.158639849412819	0.768339466583365	0
25.3644732567568	0.1596184460368	0.77409209204241	0
25.4102988633634	0.160631292599846	0.782684547596957	0
25.45612446997	0.161678389102034	0.788166343906083	0
25.5019500765766	0.162759735543299	0.799106140153455	0
25.5477756831832	0.163875331923721	0.806004753161869	0
25.5936012897898	0.165025178243169	0.811865331254993	0
25.6394268963964	0.166209274501754	0.818375853651445	0
25.685252503003	0.167427620699459	0.823641316702057	0
25.7310781096096	0.168680216836199	0.829633826621547	0
25.7769037162162	0.169967062912091	0.836535476538776	0
25.8227293228228	0.171288158927105	0.844085716586448	0
25.8685549294294	0.172643504881203	0.849280615128228	0
25.914380536036	0.174033100774382	0.853338897505289	0
25.9602061426426	0.175456946606686	0.859698502198438	0
26.0060317492492	0.176915042378055	0.86493423470052	0
26.0518573558559	0.178407388088563	0.870192046643282	0
26.0976829624625	0.179933983738195	0.875459419078936	0
26.1435085690691	0.181494829326852	0.880736352007247	0
26.1893341756757	0.18308992485468	0.886022845428304	0
26.2351597822823	0.184719270321576	0.892680727730657	0
26.2809853888889	0.186382865727586	0.901401883256545	0
26.3268109954955	0.18769680582157	0.910279369107361	0
26.3726366021021	0.185239543741606	0.920297372946759	0
26.4184622087087	0.181915174902378	0.928255506025666	0
26.4642878153153	0.178717317080137	0.939359410239587	0
26.5101134219219	0.17564597027489	0.953570674691247	0
26.5559390285285	0.172701134486656	0.961789788818368	0
26.6017646351351	0.169882809715374	0.964250774508574	0
26.6475902417417	0.1671909959611	0.973423878058079	0
26.6934158483483	0.164625693223799	0.982628975591805	0
26.739241454955	0.162186901503491	0.991963364011093	0
26.7850670615616	0.159874620800151	1.0061114995448	0
26.8308926681682	0.157688851113824	1.02032344169191	0
26.8767182747748	0.155629592444475	1.03459919045173	0
26.9225438813814	0.153696844792121	1.04893874582464	0
26.968369487988	0.151890608156756	1.06334210781043	0
27.0141950945946	0.150210882538338	1.07752088185521	0
27.0600207012012	0.148657667936965	1.08699630812328	0
27.1058463078078	0.147230964352544	1.09690966045451	0
27.1516719144144	0.145930771785103	1.11122700534674	0
27.197497521021	0.144757090234689	1.12431172271367	0
27.2433231276276	0.143709919701232	1.1314211469216	0
27.2891487342342	0.142789260184761	1.13704749653626	0
27.3349743408408	0.141995111685299	1.14377885106503	0
27.3807999474474	0.141327474202782	1.15333407838909	0
27.4266255540541	0.140786347737301	1.16291896775266	0
27.4724511606607	0.140371732288766	1.172533519156	0
27.5182767672673	0.140083627857238	1.18217773259916	0
27.5641023738739	0.139922034442699	1.19185160808227	0
27.6099279804805	0.139886952045136	1.20155514560461	0
27.6557535870871	0.139978380664564	1.21128834516736	0
27.7015791936937	0.140196320300981	1.22105120676945	0
27.7474048003003	0.140540770954407	1.23084373041122	0
27.7932304069069	0.141011732624785	1.24066591609306	0
27.8390560135135	0.14160920531217	1.25021824141812	0
27.8848816201201	0.142333189016528	1.23958748753359	0
27.9307072267267	0.143183683737889	1.23935850946655	0
27.9765328333333	0.14416068947622	1.24930066442441	0
28.0223584399399	0.145264206231536	1.25927394063431	0
28.0681840465465	0.146494234003872	1.2692783380973	0
28.1140096531532	0.147850772793159	1.27931385681279	0
28.1598352597598	0.14933382259947	1.28938049678122	0
28.2056608663664	0.150943383422719	1.2994782580026	0
28.251486472973	0.152679455262996	1.309607140476	0
28.2973120795796	0.154542038120235	1.31976714420293	0
28.3431376861862	0.156531131994467	1.32995826918233	0
28.3889632927928	0.158646736885715	1.34018051541422	0
28.4347888993994	0.16088885279389	1.35043388289891	0
28.480614506006	0.163257479719117	1.3607675664082	0
28.5264401126126	0.165752617661295	1.3887986220255	0
28.5722657192192	0.168374266620438	1.41192096339565	0
28.6180913258258	0.171122426596614	1.42229115583979	0
28.6639169324324	0.17399709758978	1.43012672192445	0
28.709742539039	0.176998279599885	1.43207490772418	0
28.7555681456456	0.180125972627004	1.44619949823233	0
28.8013937522522	0.183380176671114	1.46387778518176	0
28.8472193588589	0.186760891732208	1.47460458457254	0
28.8930449654655	0.190268117810294	1.48529698437728	0
28.9388705720721	0.19390185490537	1.49586072105276	0
28.9846961786787	0.197934781746752	1.50645411976788	0
29.0305217852853	0.212429080273355	1.51707718052254	0
29.0763473918919	0.231999740008427	1.52976527742821	0
29.1221729984985	0.251974889761128	1.5505501516863	0
29.1679986051051	0.272354529531495	1.56756879660299	0
29.2138242117117	0.293138659319465	1.57879774486912	0
29.2596498183183	0.314327279125045	1.59810598021161	0
29.3054754249249	0.335920388948272	1.62287925437894	0
29.3513010315315	0.357917988789122	1.61583552752906	0
29.3971266381381	0.380320078647613	1.62398589638884	0
29.4429522447447	0.403126658523724	1.635118001148	0
29.4887778513514	0.426337728417439	1.64628037650598	0
29.534603457958	0.449953288328841	1.66387670728576	0
29.5804290645646	0.474302211343775	1.69067999684287	0
29.6262546711712	0.501282267436825	1.71763886742049	0
29.6720802777778	0.52908122584965	1.74475331901817	0
29.7179058843844	0.557281762372677	1.75824475141469	0
29.763731490991	0.585883877006031	1.77034520327499	0
29.8095570975976	0.614887569749517	1.80189624213969	0
29.8553827042042	0.644292840603261	1.83409975123148	0
29.9012083108108	0.674099689567304	1.87184691452073	0
29.9470339174174	0.704308116641487	1.91314474737019	0
29.992859524024	0.734918121825983	1.93982108470718	0
30.0386851306306	0.765929705120644	1.96493968399142	0
30.0845107372372	0.797342866525608	1.99815614127922	0
30.1303363438438	0.829157606040694	2.03176908796736	0
30.1761619504504	0.86137392366608	2.06332936984396	0
30.2219875570571	0.893991819401741	2.08753819095188	0
30.2678131636637	0.92701129324755	2.11697308360656	0.0581959812207492
30.3136387702703	0.960432345203659	2.1377082803822	0.1189687389467
30.3594643768769	0.994254975269959	2.15860522522828	0.180786884730726
30.4052899834835	1.02847918344649	2.18273249423074	0.241203008796727
30.4511155900901	1.06310496973332	2.20678581869325	0.302421241857294
30.4969411966967	1.09813233413024	2.23094386819993	0.36332320869477
30.5427668033033	1.13356127663754	2.25520664275026	0.422578497287725
30.5885924099099	1.169391797255	2.27957414234567	0.47592434668734
30.6344180165165	1.2056238959827	2.31282751656408	0.53521464289793
30.6802436231231	1.24225757282064	2.34462901049965	0.596528747605253
30.7260692297297	1.27929282776878	2.36841079149808	0.661846849709041
30.7718948363363	1.3167296608272	2.40357669472616	0.713490196642231
30.8177204429429	1.35456807199583	2.44601949264742	0.76125968932868
30.8635460495495	1.39280806127467	2.48762440048337	0.814702084643007
30.9093716561562	1.43144962866383	2.50776632521136	0.871551889491072
30.9551972627628	1.47049277416308	2.5273586662964	0.915777095777717
31.0010228693694	1.50993749777266	2.54696027290733	0.968238687502743
31.046848475976	1.54978379949245	2.56662377003122	1.02493218469432
31.0926740825826	1.59003167932249	2.58634915766736	1.0632185264713
31.1384996891892	1.63068113726274	2.60613643581605	1.10211528896752
31.1843252957958	1.67173217331319	2.62598560447786	1.14964615976848
31.2301509024024	1.71318478747396	2.64589666365162	1.19969007767818
31.275976509009	1.75503897974487	2.66586961333856	1.24620424235509
31.3218021156156	1.79729475012604	2.68631289777008	1.29421491675813
31.3676277222222	1.84058320330447	2.71029648538428	1.34405108437322
31.4134533288288	1.88637615179354	2.74384920805162	1.3956062511039
31.4592789354354	1.93275641771008	2.77827325539793	1.44880469911058
31.505104542042	1.97955795555808	2.801590534378	1.50369831077274
31.5509301486486	2.02678076533762	2.8197667531921	1.5570378014069
31.5967557552553	2.07442484704867	2.84285182273532	1.61054949373094
31.6425813618619	2.12249020069124	2.86947000356663	1.66359258953493
31.6884069684685	2.17097682626531	2.89395793123711	1.72029732177563
31.7342325750751	2.21988472377088	2.91627833390147	1.7753943503454
31.7800581816817	2.269213893208	2.94934142962083	1.83213353834823
31.8258837882883	2.31896433457661	2.97800116906167	1.88241660150959
31.8717093948949	2.36913604787674	3.00867522285902	1.93514563845967
31.9175350015015	2.41972903310836	3.04405109610619	1.99365181632414
31.9633606081081	2.47074329027148	3.08458074316526	2.04606271132907
32.0091862147147	2.52217881936617	3.12537354130751	2.10928352385679
32.0550118213213	2.57403562039232	3.15867037766927	2.16491033032482
32.1008374279279	2.62631369335001	3.20578560257333	2.22584643398501
32.1466630345345	2.67901303823922	3.24372776587745	2.29409377896997
32.1924886411411	2.7321336550599	3.29363680094913	2.35173233450433
32.2383142477477	2.78567554381213	3.34637443950057	2.40723492934328
32.2841398543544	2.83963870449584	3.41040539533987	2.47374802466015
32.329965460961	2.89402313711109	3.44152407829781	2.51753689157066
32.3757910675676	2.94882884165784	3.46848793020187	2.57800400281738
32.4216166741742	3.00405581813609	3.51184687846458	2.6397066564902
32.4674422807808	3.0597040665459	3.55543650550619	2.70115878307673
32.5132678873874	3.11577358688715	3.59925681132625	2.75623117864835
32.559093493994	3.17226437915998	3.65420238063586	2.81452917417547
32.6049191006006	3.22917644336427	3.70810854569919	2.8689035059141
32.6507447072072	3.2851623450203	3.7912194839287	2.9311478808233
32.6965703138138	3.33974776378643	3.87085442144899	2.96344607439337
32.7423959204204	3.39400785351046	3.91092932062415	2.99341706951513
32.788221527027	3.44654581720725	3.99671808483969	3.03741736721261
32.8340471336336	3.50312103551352	3.99198708537222	3.10432765051036
32.8798727402402	3.55956530349691	4.15969261192081	3.16901979657271
32.9256983468468	3.61995700701235	4.14220150149084	3.23617929564226
32.9715239534535	3.67383030207616	4.20308568036733	3.29691471847869
33.0173495600601	3.72465996076431	4.2635242909307	3.3416850466363
33.0631751666667	3.77748864287979	4.30892085755944	3.39925956618708
33.1090007732733	3.83231634842257	4.35118912730617	3.44859799645561
33.1548263798799	3.88914307739274	4.41816651891454	3.49552304554035
33.2006519864865	3.94796882979019	4.45891614356409	3.55155411282101
33.2464775930931	4.00879360561494	4.52856225116031	3.61210504627996
33.2923031996997	4.07158122385995	4.584707241968	3.66302673485581
33.3381288063063	4.13152845401524	4.62013792334547	3.72725949205074
33.3839544129129	4.19060650539117	4.69798426747352	3.78654760518691
33.4297800195195	4.2503037337723	4.75209501859972	3.84148510954705
33.4756056261261	4.30652403955893	4.83101202469799	3.89422455332757
33.5214312327327	4.36368871963755	4.87838562065167	3.95043543231604
33.5672568393393	4.42204916711698	4.91623298480964	4.0072945749918
33.6130824459459	4.48160538199741	4.99128700549078	4.06607295244747
33.6589080525525	4.54235736427874	5.05167777103041	4.12531796987731
33.7047336591592	4.60430511396102	5.12123898051644	4.18390266550185
33.7505592657658	4.66744863104421	5.17362982033172	4.24304501518163
33.7963848723724	4.72889580040525	5.2257756613745	4.31191261455702
33.842210478979	4.7885074049704	5.30167391157293	4.37228397980213
33.8880360855856	4.84956509793242	5.36646685624321	4.42457962858212
33.9338616921922	4.91207086717564	5.43876564030591	4.48438747230882
33.9796872987988	4.97602471270011	5.50085711893637	4.53122580736677
34.0255129054054	5.03970322897002	5.57168122334384	4.58260358732851
34.071338512012	5.09964405816313	5.63567422157408	4.63109697294325
34.1171641186186	5.16073943335616	5.70478767013603	4.6823253603516
34.1629897252252	5.22334708392919	5.77348228579551	4.71182879356764
34.2088153318318	5.28746700988217	5.84538892588167	4.74899503645264
34.2546409384384	5.34781850410909	5.9262550137319	4.70870136180801
34.300466545045	5.40458928334105	5.99934408227061	4.68002290755434
34.3462921516517	5.4634083448259	6.06837107959025	4.68654580800744
34.3921177582583	5.52427602302337	6.14372418637692	4.73479487378392
34.4379433648649	5.58719231793334	6.21512440895222	4.77752836801215
34.4837689714715	5.65215722955589	6.27379294516759	4.82433851213697
34.5295945780781	5.719170757891	6.366106416108	4.8650421997136
34.5754201846847	5.7882329029386	6.43266129132441	4.92828695830234
34.6212457912913	5.85934366469882	6.49637817622631	5.03439115107552
34.6670713978979	5.93144897444476	6.57165375927094	5.09436737153374
34.7128970045045	5.9975695893805	6.66040271435154	5.1648194748794
34.7587226111111	6.06414436513029	6.7327297073673	5.21700169905817
34.8045482177177	6.1328615991357	6.78166277559646	5.27941964576163
34.8503738243243	6.20372129139667	6.84307675759985	5.37422750680804
34.8961994309309	6.27672344191323	6.8957009402611	5.46459883207286
34.9420250375375	6.35186805068528	6.95661268795966	5.56718981663812
34.9878506441441	6.42915511771306	7.01197276462414	5.70175384648735
35.0336762507507	6.50858464299622	7.07004931000149	5.82506410097388
35.0795018573574	6.59016606700458	7.14372683477701	5.91709228384027
35.125327463964	6.67195093682655	7.19542995930846	6.01436753715584
35.1711530705706	6.75551705898027	7.25829917308223	6.11773888530132
35.2169786771772	6.84292095042197	7.3201356074929	6.23928694856774
35.2628042837838	6.93606696119447	7.44330237775714	6.33850097453719
35.3086298903904	7.03015981190984	7.56211393772728	6.43232217093294
35.354455496997	7.12168973374277	7.69181408912527	6.53170928605641
35.4002811036036	7.21065672669318	7.81252492007077	6.6284210607997
35.4461067102102	7.29706079076108	7.96399155986109	6.709510436738
35.4919323168168	7.38090192594649	8.08325960518974	6.81330545537209
35.5377579234234	7.46218013224939	8.200046516495	6.9060855629189
35.58358353003	7.54180419348385	8.3100698661816	6.95268259068634
35.6294091366366	7.63795337379068	8.41159722047051	7.0442450224804
35.6752347432432	7.73342557003847	8.55881642090815	7.10343761260945
35.7210603498499	7.8186614733186	8.71182225789329	7.1295533340545
35.7668859564564	7.89366108363104	8.87795599022124	7.16298671686505
35.8127115630631	7.97750805720906	8.96734279697123	7.19265216098371
35.8585371696697	8.08727421823199	9.0968546758395	7.24276428350584
35.9043627762763	8.16778834234645	9.23355424332505	7.27604233700376
35.9501883828829	8.21664349413437	9.39054732398441	7.26233260071142
35.9960139894895	8.30096360175521	9.53475547315747	7.24307503560623
36.0418395960961	8.50647480521758	9.73475807005397	7.31558986200503
36.0876652027027	8.66270926983564	9.88148576736385	7.42747739272878
36.1334908093093	8.81932191264654	10.1327348096482	7.51279986928903
36.1793164159159	8.97397224141342	10.3466543296959	7.576793451225
36.2251420225225	9.06568396780525	10.4328300287966	7.61256422905936
36.2709676291291	9.09445709182208	10.4801456799684	7.63355725874211
36.3167932357357	9.06029161346373	10.4612063782803	7.63945230389598
36.3626188423423	8.97787371804552	10.4308750505587	7.60446269870381
36.4084444489489	8.99343344001733	10.4956837705101	7.64137546935565
36.4542700555556	9.01905431800679	10.5024054433581	7.65063613333525
36.5000956621622	9.06869854126159	10.601160231668	7.68427986249668
36.5459212687688	9.19705378808917	10.630863391579	7.76666522377556
36.5917468753754	9.27687066070007	10.685013213699	7.83216637748893
36.637572481982	9.29683773226513	10.7461331427283	7.81647412960697
36.6833980885886	9.29769959364081	10.7776205190946	7.81716887387428
36.7292236951952	9.36990120253245	10.7831532393081	7.85985964705214
36.7750493018018	9.41650531610822	10.7956027086678	7.91018277864132
36.8208749084084	9.43043127042523	10.7875654223835	7.9461308805301
36.866700515015	9.41167906548364	10.81606866923	7.94623545003867
36.9125261216216	9.36883910912839	10.8276881468259	7.85089008268666
36.9583517282282	9.38437054295998	10.7816561857765	7.86624498738179
37.0041773348348	9.40156367674507	10.7452780679606	7.88465365675925
37.0500029414414	9.39854099791638	10.6416865303576	7.89204072358826
37.095828548048	9.37530250647399	10.5351834076614	7.89688129250672
37.1416541546546	9.33184820241794	10.4152117322395	7.88899670575811
37.1874797612613	9.26817808574813	10.3577664542348	7.87197104746521
37.2333053678679	9.18429215646453	10.2379124241012	7.86417594767647
37.2791309744745	9.08019041456729	10.1633214193337	7.83943888763098
37.3249565810811	8.95636552045297	10.063538957267	7.80558609997906
37.3707821876877	8.85773843450738	9.95646782893266	7.780935056162
37.4166077942943	8.7660202192266	9.8549987176234	7.7390336134129
37.4624334009009	8.65963340072334	9.74521907363856	7.68677868571214
37.5082590075075	8.58262610410823	9.58851161493311	7.63640522001914
37.5540846141141	8.5012725107746	9.4551912335968	7.55729854742241
37.5999102207207	8.40902452678037	9.31218345564142	7.46386217272534
37.6457358273273	8.30588215212592	9.13735645648059	7.34845638850976
37.6915614339339	8.19184538681098	8.95484493383306	7.20925177593939
37.7373870405405	8.06691423083553	8.84226788251354	7.08585211213466
37.7832126471471	7.93108868419978	8.71170636603469	6.95440884702943
37.8290382537538	7.78905434270465	8.60998014706865	6.83852006185428
37.8748638603604	7.65874371952144	8.51280092835733	6.70103413133277
37.920689466967	7.52911055493018	8.42081037340905	6.56171933341525
37.9665150735736	7.40031014849225	8.33336581429128	6.46075412490655
38.0123406801802	7.27644759319823	8.24714750084075	6.2985262138207
38.0581662867868	7.15804889593017	8.16287055733972	6.1384064842295
38.1039918933934	7.04511405668823	8.06597225989321	5.9589378428066
38.1498175	6.93764307547245	7.98021564383382	5.77430777534721
38.1956431066066	6.83563595228255	7.91586507079602	5.60291002905825
38.2414687132132	6.73909268711889	7.8253046237152	5.43803121376542
38.2872943198198	6.64801327998128	7.75461633891967	5.27330258164254
38.3331199264264	6.55262888352093	7.70945099027013	5.11625403331349
38.378945533033	6.43891240815246	7.63995941886913	5.03937371093
38.4247711396396	6.33569968183463	7.60083327595566	4.93860588621019
38.4705967462462	6.21097435737557	7.54903656464316	4.797754015578
38.5164223528528	6.09561982990505	7.49297272285014	4.66322246006789
38.5622479594595	5.99788365484507	7.43520366931602	4.57395284854329
38.6080735660661	5.91776583219569	7.38806877487825	4.47225641538751
38.6538991726727	5.85526636195679	7.34372896924973	4.41142531864619
38.6997247792793	5.81038524412845	7.29607301270284	4.34555995250764
38.7455503858859	5.78312247871063	7.25283369280384	4.33843484893233
38.7913759924925	5.76568493767901	7.21470851484409	4.32874958704734
38.8372015990991	5.70345334575168	7.17442336047138	4.29425090094356
38.8830272057057	5.64940025810443	7.13852250608104	4.32267367245504
38.9288528123123	5.61802608688033	7.11405788507883	4.32134090710097
38.9746784189189	5.60933083207962	7.06103037639628	4.38188134616945
39.0205040255255	5.62331449370221	7.01018327383273	4.40128388989372
39.0663296321321	5.65997707174801	6.98233602519572	4.39569024531258
39.1121552387387	5.71931776803883	6.97204370364763	4.46015756019627
39.1579808453453	5.75493331846786	6.93406161572296	4.4827306119773
39.2038064519519	5.73770995363851	6.90726892717922	4.50567128379157
39.2496320585586	5.72944099942736	6.88743694140307	4.55412249842162
39.2954576651652	5.73653102235982	6.87834516897803	4.60836659859584
39.3412832717718	5.75898002243575	6.85478425867495	4.70905505134572
39.3871088783784	5.79678799965519	6.84610288480592	4.81240493625488
39.432934484985	5.84995495401814	6.84672659835791	4.92985907625234
39.4787600915916	5.91848088552452	6.85096680120006	4.99755810020258
39.5245856981982	6.00236579417455	6.86242020725453	5.08493556541651
39.5704113048048	6.10083911356725	6.89046816545063	5.15694927373351
39.6162369114114	6.18689567817363	6.92094381804113	5.26223971222184
39.662062518018	6.26611176283721	6.96043015094458	5.35380760222352
39.7078881246246	6.32862449190576	6.99046231035934	5.45453886195
39.7537137312312	6.39478499994249	7.02653406439038	5.54821280597327
39.7995393378378	6.46516607749219	7.06435704084632	5.64096852590226
39.8453649444444	6.53976772455503	7.13333328020349	5.74525120491158
39.8911905510511	6.61858994113081	7.22085884674595	5.82151614626138
39.9370161576577	6.7016283992491	7.29428048528889	5.94924083453502
39.9828417642643	6.78566070731035	7.36421616935551	6.01571508971232
40.0286673708709	6.86666229662985	7.42678445586284	6.08655143655984
40.0744929774775	6.9453219251942	7.5026635751554	6.16316589546924
40.1203185840841	7.02163959300329	7.58958964829162	6.23159155925012
40.1661441906907	7.09699599798472	7.66801374611882	6.30973811238575
40.2119697972973	7.17834704207395	7.74003832967183	6.37798675325095
40.2577954039039	7.25462277719761	7.81096906046164	6.46184525325661
40.3036210105105	7.32354629265285	7.87823816616482	6.52507525756421
40.3494466171171	7.38511758843969	7.97606865837341	6.59987692805766
40.3952722237237	7.43933666455831	8.04816037246956	6.66061321686822
40.4410978303303	7.48620352100858	8.13871164767192	6.72259553508072
40.4869234369369	7.53048233486213	8.21878989659509	6.75938051698062
40.5327490435435	7.59396125441579	8.27823993198707	6.79472733734205
40.5785746501501	7.65359654267851	8.32808422816063	6.8324586294644
40.6244002567568	7.73148299883673	8.37618889039225	6.87050644149804
40.6702258633634	7.79803740032745	8.43760017668396	6.90553670992329
40.71605146997	7.84973051485742	8.48210341841096	6.94096296108431
40.7618770765766	7.88656234242653	8.5285217731119	6.98140541094044
40.8077026831832	7.9085328830349	8.58304020528103	7.02229522447705
40.8535282897898	7.91564213668251	8.59137946453857	7.06856483999407
40.8993538963964	7.9165727565156	8.62619177913421	7.11142218257912
40.945179503003	7.93966906952521	8.67976785884913	7.1655016707899
40.9910051096096	7.96976481898885	8.68719667132249	7.21349794968534
41.0368307162162	8.01721207907015	8.72169888579774	7.23129348632079
41.0826563228228	8.0471100814052	8.72290254746225	7.30120337782716
41.1284819294294	8.05943498799101	8.71616614653678	7.30810576268738
41.174307536036	8.05418679882762	8.7036345539612	7.2984993694987
41.2201331426426	8.04854591180118	8.6719489009105	7.29473293108119
41.2659587492493	8.06509143950188	8.6433197518566	7.37387321522555
41.3117843558558	8.06369400986471	8.63790754365264	7.4059641259958
41.3576099624625	8.04258288851616	8.58659578342744	7.37918187834456
41.4034355690691	8.00175807545626	8.53553261293234	7.36434665315484
41.4492611756757	7.94121957068511	8.47313255966399	7.31377160012348
41.4950867822823	7.86983921378688	8.42383782465066	7.27998929009615
41.5409123888889	7.84789358435808	8.3574176786874	7.28902215545573
41.5867379954955	7.8390389205403	8.30944924650167	7.31098635715727
41.6325636021021	7.80016293235105	8.24500670877323	7.29055739910175
41.6783892087087	7.73948001713352	8.18226198324925	7.22869052495274
41.7242148153153	7.70124900241965	8.11356396382499	7.2031030543622
41.7700404219219	7.6388571237917	8.05824402650592	7.1685482125579
41.8158660285285	7.56121135186608	8.00502837590541	7.13710223785847
41.8616916351351	7.49231146363458	7.95198547999035	7.07555085882622
41.9075172417417	7.45720984634713	7.93544583530776	7.04983302685264
41.9533428483483	7.41226229347962	7.8691495844795	7.01887461769312
41.999168454955	7.34110368931124	7.79741869104428	6.96945807253144
42.0449940615616	7.27898964773138	7.72104098031472	6.90953060735557
42.0908196681682	7.21574966432118	7.6686425679678	6.85067410077848
42.1366452747748	7.16775390905348	7.62231778094785	6.78023602429104
42.1824708813814	7.11928244619544	7.56830893437698	6.69160915921187
42.228296487988	7.06626973304985	7.51259418553953	6.62610262262664
42.2741220945946	7.00871576961688	7.45554022977952	6.55775375412414
42.3199477012012	6.94662055589669	7.38375428656864	6.48472224140789
42.3657733078078	6.87998409188902	7.29758527603475	6.40675046934677
42.4115989144144	6.80857835824867	7.20892754087121	6.33249653947305
42.457424521021	6.73409948546126	7.11997434078036	6.27444488416722
42.5032501276276	6.66006752474922	7.04567179293235	6.2095561645468
42.5490757342342	6.58147741796982	6.97382176419735	6.11484847232247
42.5949013408408	6.50710601204464	6.90800989843461	6.02594759503051
42.6407269474474	6.43893171292392	6.82830872105768	5.94832354411987
42.686552554054	6.36954238694227	6.7784676186853	5.85862098676566
42.7323781606607	6.29242464966633	6.73165776426937	5.76441104465141
42.7782037672673	6.22036052003669	6.69250302603805	5.67436761703007
42.8240293738739	6.14123228216878	6.65351217650616	5.55194728955511
42.8698549804805	6.07359031907287	6.62277538993251	5.49165786649169
42.9156805870871	6.01802315978876	6.57933348167269	5.43032593408079
42.9615061936937	5.97453080431655	6.54138590826346	5.35865261610285
43.0073318003003	5.9357349556898	6.51746982043248	5.27803835524948
43.0531574069069	5.88386301436431	6.4839205131866	5.23998515384402
43.0989830135135	5.84311893887998	6.4554160368254	5.21176655535136
43.1448086201201	5.81573792161556	6.42582404308916	5.19226102585088
43.1906342267267	5.80171996257164	6.39413377147015	5.17749015896984
43.2364598333333	5.80106506174778	6.36377470480643	5.18501926844863
43.2822854399399	5.81374730738379	6.34959449919626	5.18742050075726
43.3281110465465	5.81840370302629	6.33528328438189	5.17274227150737
43.3739366531532	5.79664234553491	6.3122998301378	5.16535388213788
43.4197622597598	5.77961449785358	6.28889271010999	5.15641936513476
43.4655878663664	5.77472629243859	6.26138895856518	5.1530429776086
43.511413472973	5.77821029326552	6.2446305569222	5.14516472040391
43.5572390795796	5.76471491028537	6.22600738650009	5.15560603746011
43.6030646861862	5.75088587750686	6.20893288245032	5.15660471920275
43.6488902927928	5.74143080608387	6.19236009820248	5.17796020514635
43.6947158993994	5.73634969601633	6.17632294070004	5.19630890969188
43.740541506006	5.73564254730442	6.16231590139409	5.22341136587496
43.7863671126126	5.73930935994782	6.15338603425212	5.25655144058006
43.8321927192192	5.74735013394692	6.14135021234374	5.29773652814477
43.8780183258258	5.75976486930151	6.13190601599997	5.35307479152037
43.9238439324324	5.77655356601156	6.12076015418244	5.41649722539249
43.969669539039	5.79771622407709	6.11861168309751	5.47706525273022
44.0154951456456	5.82325284349821	6.1298810844526	5.51946476052679
44.0613207522522	5.85157122907399	6.16198659410827	5.54146631829315
44.1071463588589	5.87519088001812	6.18593707787331	5.54924118404969
44.1529719654655	5.89814140178494	6.21281950957417	5.53073451693364
44.1987975720721	5.92120258250375	6.24797058152745	5.51605412407379
44.2446231786787	5.94413573914037	6.27971976137591	5.49683394565177
44.2904487852853	5.95697148483176	6.31916775295334	5.4692213890527
44.3362743918919	5.96277938174758	6.35439406068641	5.43929311485623
44.3820999984985	5.96597000967319	6.38412100107393	5.40956260876006
44.4279256051051	5.96636843473948	6.41093111200484	5.37531197281024
44.4737512117117	5.96397465694618	6.43458693922251	5.34115782682222
44.5195768183183	5.95936056988477	6.47183101150776	5.30710017080024
44.5654024249249	5.95571011491895	6.50089896060021	5.2730911880477
44.6112280315315	5.95024939791184	6.5324237977093	5.22847835566739
44.6570536381381	5.94724150981195	6.57651279878516	5.19748669470674
44.7028792447447	5.94602579653277	6.60631409623928	5.16545099964108
44.7487048513513	5.94402086256432	6.64248517734647	5.13446648570856
44.794530457958	5.94103967092964	6.68014537102291	5.10406981216909
44.8403560645646	5.93715674546268	6.71851214179997	5.06568514840815
44.8861816711712	5.93531446963522	6.75213460343968	5.03350379608469
44.9320072777778	5.93450227445191	6.7962725087676	4.99934008736931
44.9778328843844	5.93331000749718	6.833413706235	4.9367751758888
45.023658490991	5.93173766877121	6.87582324714187	4.90054184544313
45.0694840975976	5.93202613550892	6.9216206524535	4.86771012696012
45.1153097042042	5.93079926559154	6.96375213745765	4.83166054035791
45.1611353108108	5.93001011302621	7.00986258853327	4.80201478366717
45.2069609174174	5.92964850615805	7.06134509053934	4.76486805056233
45.252786524024	5.92894985109067	7.10715374169609	4.71988844584547
45.2986121306306	5.92923903545634	7.15616908667233	4.65804874642746
45.3444377372372	5.92800685131167	7.20199046300659	4.61474455091402
45.3902633438438	5.92642230886956	7.24492836047779	4.57339907138347
45.4360889504504	5.92427204580511	7.28556491587252	4.52720641587317
45.4819145570571	5.91067833729142	7.33382228138921	4.4828433663061
45.5277401636637	5.90727313943717	7.37561814072769	4.43406925756584
45.5735657702703	5.90346444528485	7.41636813026339	4.3843997521378
45.6193913768769	5.82456229292976	7.42461370949504	4.31114991392451
45.6652169834835	5.43282687134722	6.48053693262084	4.15144594966845
45.7110425900901	5.41519751785839	6.49166318557323	4.1091282850861
45.7568681966967	5.39830070988184	6.49570515777897	4.06745089708055
