phys	rec.rate	upper	lower
0.0253988568568569	12.9600151545606	15.4810289944613	8.21502970235291
0.0761965705705706	12.9244181767295	15.45579907413	7.74547852657272
0.126994284284284	12.9299387594291	15.4060306963547	7.88528309882956
0.177791997997998	12.8711990495249	15.2934969195964	7.86643994183755
0.228589711711712	12.8123703825006	15.1607488641909	7.80325489975259
0.279387425425425	12.7520754845142	15.1214183775208	7.62594682032651
0.330185139139139	12.703759566194	15.1040484669941	7.61498052903101
0.380982852852853	12.6488478506	15.0636129485055	7.49413814268893
0.431780566566567	12.5862868059295	14.9213385910817	7.46328360006776
0.48257828028028	12.5191053970869	14.7775605326163	7.42885571380575
0.533375993993994	12.4543682558671	14.634579038195	7.38796735060635
0.584173707707708	12.3946632413259	14.5306026396999	7.34299393001171
0.634971421421421	12.3308551093677	14.4012204716119	7.29463147193936
0.685769135135135	12.2749244639981	14.2999002716349	7.25555075901251
0.736566848848849	12.2197880484635	14.2839943011698	7.22109957842319
0.787364562562563	12.1523120456022	14.1964057713572	7.18409181642568
0.838162276276276	12.0683951790987	14.0354076379404	7.14858964218772
0.88895998998999	11.9752693056651	13.8129655297728	7.09453714049311
0.939757703703704	11.8906588053158	13.6796665095454	7.05943831573237
0.990555417417417	11.7957243622698	13.4523450166207	7.02546177853993
1.04135313113113	11.6898627015591	13.3005820518428	6.99167695771641
1.09215084484484	11.5825767968968	13.171512088903	6.95808385326164
1.14294855855856	11.4768932572155	13.0311606688363	6.92468246517581
1.19374627227227	11.3725058388915	12.8873175276099	6.89147279345858
1.24454398598599	11.260648276185	12.7477912568851	6.85845483811048
1.2953416996997	11.1453319290605	12.6240919601877	6.82562859913097
1.34613941341341	11.0536445116946	12.5057211201437	6.79299407652058
1.39693712712713	10.986185794292	12.3703859732247	6.76055127027868
1.44773484084084	10.9429557768529	12.2955898164334	6.72832018486675
1.49853255455455	10.9239112060681	12.226672861597	6.69653913984757
1.54933026826827	10.8726146541819	12.2013181626975	6.66494555356148
1.60012798198198	10.7969745674957	12.235431767391	6.63355149909783
1.6509256956957	10.7484502875462	12.2847666078607	6.59346280884515
1.70172340940941	10.7270418143332	12.357401212934	6.55291530179278
1.75252112312312	10.7327491478569	12.4503482200511	6.51318369979855
1.80331883683684	10.7630192044915	12.5554731186099	6.47426800286257
1.85411655055055	10.7905989203516	12.9297203569907	6.43616821098476
1.90491426426426	10.7921226039313	13.3203618793705	6.3990838043895
1.95571197797798	10.773401623886	13.4822987480035	6.36285719184809
2.00650969169169	10.7220450986572	13.4984324681024	6.3273713061185
2.05730740540541	10.6359552540018	13.4552485506378	6.29269751314141
2.10810511911912	10.5653535126315	13.4479081705705	6.25883581291688
2.15890283283283	10.4822133758108	13.3453272108618	6.22094817616256
2.20970054654655	10.3776045325868	13.274099183542	6.18001006245742
2.26049826026026	10.2578421212246	13.1694589353891	6.14483892164686
2.31129597397397	10.1591676949361	12.9957656348707	6.11574936619628
2.36209368768769	10.0516839757595	12.7949673514819	6.07596319948454
2.4128914014014	9.92845608809997	12.4705889244244	6.03709883919726
2.46368911511512	9.78948403195736	12.1927765160919	5.99919000621552
2.51448682882883	9.63502341491727	11.8967836390818	5.96246284236948
2.56528454254254	9.49680318948201	11.7204204056689	5.93593763293576
2.61608225625626	9.36922000145324	11.5575219195523	5.91104419541919
2.66687996996997	9.23187121641937	11.443065993047	5.87576434662828
2.71767768368368	9.08475683438051	11.1834075322724	5.83551893692421
2.7684753973974	8.92787685533659	10.9784707806937	5.8035067720534
2.81927311111111	8.76286017995693	10.8685852983938	5.78059463927059
2.87007082482482	8.61074239605044	10.7777767750968	5.75827505335595
2.92086853853854	8.46076254012675	10.5924930669074	5.7317400553344
2.97166625225225	8.30698684556705	10.4703100877387	5.68302532139502
3.02246396596597	8.14941531237129	10.3474980178591	5.63708133217792
3.07326167967968	7.98804794053952	10.1836718800329	5.60905217914443
3.12405939339339	7.8228847300717	10.022221098326	5.58172796493668
3.17485710710711	7.6539256809679	9.9024368145155	5.55473277791922
3.22565482082082	7.481170793228	9.69323487484672	5.52806661809269
3.27645253453453	7.3046200668521	9.61603415052809	5.50184551298805
3.32725024824825	7.12427350184019	9.46699630752052	5.47599024290753
3.37804796196196	6.94013109819224	9.39085970039703	5.41949213130698
3.42884567567568	6.75219285590826	9.32198269477912	5.38227690727528
3.47964338938939	6.5770727641394	9.2163670469898	5.25939979100995
3.5304411031031	6.4111562707263	9.10813388453034	5.13344732898878
3.58123881681682	6.23582591630167	8.82803711790008	4.96900003637377
3.63203653053053	6.05609363668357	8.52117561878497	4.77120905118591
3.68283424424424	5.89826456237738	8.23190613911373	4.64825158994206
3.73363195795796	5.74557888836923	7.9764961526336	4.42484443469185
3.78442967167167	5.59439652653919	7.73212115732488	4.20945160511997
3.83522738538539	5.44471747688728	7.59766162390504	4.00256330419228
3.8860250990991	5.29654173941347	7.30256709125431	3.82440546603241
3.93682281281281	5.14986931411777	7.08221939886818	3.6533336442834
3.98762052652653	5.00470020100021	6.87276283986726	3.49390501014855
4.03841824024024	4.86103440006074	6.643768898516	3.29586728802087
4.08921595395395	4.71887191129937	6.43955254494624	3.09809582111048
4.14001366766767	4.57821273471613	6.24980485263154	2.87744618199044
4.19081138138138	4.43905687031104	6.09288187163464	2.6691920848824
4.24160909509509	4.30296998844256	5.98406610336662	2.49327295210211
4.29240680880881	4.18020073015031	5.84611365906149	2.33776259744401
4.34320452252252	4.06215506715312	5.78131461160782	2.26111332657684
4.39400223623624	3.9465733263862	5.66538833602925	2.18226632635053
4.44479994994995	3.83345550784956	5.55401508310314	2.09176301529769
4.49559766366366	3.72280161154311	5.47042144759258	1.99992277051558
4.54639537737738	3.61461163746695	5.38998772102072	1.95181715169586
4.59719309109109	3.50888558562104	5.30616616166751	1.88541684117784
4.6479908048048	3.40562345600536	5.26322141599578	1.79409269116094
4.69878851851852	3.30482524861998	5.22329626147294	1.69595042170645
4.74958623223223	3.20649096346478	5.18358312839704	1.56068206677822
4.80038394594595	3.11062060053992	5.14404585193014	1.48036744668663
4.85118165965966	3.01721415984525	5.09783557201815	1.4105746476523
4.90197937337337	2.92627164138085	5.03796388485223	1.28043537981087
4.95277708708709	2.83779304514669	4.99668139740478	1.22961191391194
5.0035748008008	2.7517783711428	4.93538061022807	1.19425538966477
5.05437251451451	2.66822761936915	4.86351754237254	1.08023138702534
5.10517022822823	2.58714078982575	4.8151404306478	0.972138982393349
5.15596794194194	2.50851788251262	4.76839335585652	0.873569826818094
5.20676565565566	2.43235889742972	4.73349082132275	0.780259413575431
5.25756336936937	2.3586638345771	4.69991711313086	0.67712395471785
5.30836108308308	2.28743269395467	4.66987849222812	0.588015546655972
5.3591587967968	2.21650476218499	4.64279265255127	0.495618612526983
5.40995651051051	2.13235118682593	4.59903993018948	0.378983872393224
5.46075422422422	2.04677846500478	4.56561644025613	0.293577409432746
5.51155193793794	1.9627483120693	4.53287122683449	0.21656456037727
5.56234965165165	1.88026072801953	4.50029004314425	0.104401852696907
5.61314736536537	1.79931571285538	4.46685723363203	0
5.66394507907908	1.71991326657697	4.4080793728326	0
5.71474279279279	1.64205338918418	4.36321144381083	0
5.76554050650651	1.56573608067712	4.33582908611624	0
5.81633822022022	1.49096134105573	4.3010057464445	0
5.86713593393393	1.41772917031997	4.27014167495473	0
5.91793364764765	1.34603956846992	4.22985769712516	0
5.96873136136136	1.2758925355056	4.190675385634	0
6.01952907507508	1.20728807142687	4.15682224813096	0
6.07032678878879	1.14022617623385	4.12283170839209	0
6.1211245025025	1.0747068499265	4.06736199870913	0
6.17192221621622	1.01073009250487	4.01079854114761	0
6.22271992992993	0.94829590396886	3.97769311930011	0
6.27351764364364	0.88740428431857	3.94428205932008	0
6.32431535735736	0.828055233553968	3.90790148263494	0
6.37511307107107	0.770248751674987	3.87538137932664	0
6.42591078478478	0.713984838681725	3.78260354826488	0
6.4767084984985	0.659263494574143	3.73308718913167	0
6.52750621221221	0.606084719352201	3.70300025133642	0
6.57830392592593	0.55444851301601	3.67305101130444	0
6.62910163963964	0.50435487556542	3.64406284732065	0
6.67989935335335	0.455803807000536	3.61544736233686	0
6.73069706706707	0.408795307321348	3.58696421042928	0
6.78149478078078	0.363329376527826	3.55861339159883	0
6.83229249449449	0.319406014619974	3.53039490584444	0
6.88309020820821	0.27702522159779	3.50230875316746	0
6.93388792192192	0.236186997461343	3.474354933566	0
6.98468563563564	0.1968913422105	3.44653344704189	0
7.03548334934935	0.159138255845364	3.41866837518716	0
7.08628106306306	0.122927738365913	3.39088357065169	0
7.13707877677678	0.0882597897721367	3.36304065306109	0
7.18787649049049	0.055134410064039	3.33524267497282	0
7.2386742042042	0.0235515992415991	3.30757741436046	0
7.28947191791792	0	3.28004487122488	0
7.34026963163163	0	3.25264504556549	0
7.39106734534534	0	3.22537793738232	0
7.44186505905906	0	3.19072624911112	0
7.49266277277277	0	3.15328174749787	0
7.54346048648649	0	3.12824826920102	0
7.5942582002002	0	3.10404301633658	0
7.64505591391391	0	3.0764055078922	0
7.69585362762763	0	3.03521940977925	0
7.74665134134134	0	3.00218777393085	0
7.79744905505506	0	2.97705991449207	0
7.84824676876877	0	2.93443391294158	0
7.89904448248248	0	2.90080614761065	0
7.9498421961962	0	2.87778522712629	0
8.00063990990991	0	2.85507469235501	0
8.05143762362362	0	2.83242082185154	0
8.10223533733734	0	2.80982361561718	0
8.15303305105105	0	2.78728307365166	0
8.20383076476477	0	2.76448278298117	0
8.25462847847848	0	2.73891275133576	0
8.30542619219219	0	2.70432299058325	0
8.35622390590591	0	2.66184428352874	0
8.40702161961962	0	2.62359417380752	0
8.45781933333333	0	2.5856486582846	0
8.50861704704705	0	2.54779022322921	0
8.55941476076076	0	2.51824433855063	0
8.61021247447447	0	2.49396856080004	0
8.66101018818819	0	2.44693965811701	0
8.7118079019019	0	2.40896972508402	0
8.76260561561562	0	2.38748435477098	0
8.81340332932933	0	2.36297297289527	0
8.86420104304304	0	2.33052156619956	0
8.91499875675676	0	2.2870306137224	0
8.96579647047047	0	2.27074579209029	0
9.01659418418418	0	2.24461531737748	0
9.0673918978979	0	2.2141740761212	0
9.11818961161161	0	2.18387704063868	0
9.16898732532533	0	2.15339278960673	0
9.21978503903904	0	2.12750580294466	0
9.27058275275275	0	2.11612001322411	0
9.32138046646647	0	2.09012439229187	0
9.37217818018018	0	2.05475851509624	0
9.4229758938939	0	2.01950745214335	0
9.47377360760761	0	1.98444144697466	0
9.52457132132132	0	1.94956049959008	0
9.57536903503503	0	1.91486460998996	0
9.62616674874875	0	1.8840196426362	0
9.67696446246246	0	1.84563450608273	0
9.72776217617618	0	1.81155205580476	0
9.77855988988989	0	1.7776629762687	0
9.8293576036036	0	1.75323604710864	0
9.88015531731732	0	1.73980539774155	0
9.93095303103103	0	1.71133310038128	0
9.98175074474474	0	1.68300342424756	0
10.0325484584585	0	1.65257974525817	0
10.0833461721722	0	1.62490735310984	0
10.1341438858859	0	1.59929368456741	0
10.1849415995996	0	1.57246311303418	0
10.2357393133133	0	1.54483276071951	0
10.286537027027	0	1.51714562869449	0
10.3373347407407	0	1.48949140292949	0
10.3881324544545	0	1.46129062177998	0
10.4389301681682	0	1.41965958743184	0
10.4897278818819	0	1.38410056458274	0
10.5405255955956	0	1.35477189647752	0
10.5913233093093	0	1.32575520119178	0
10.642121023023	0	1.29698142703472	0
10.6929187367367	0	1.26836391088337	0
10.7437164504505	0	1.23990265273688	0
10.7945141641642	0	1.21440704637713	0
10.8453118778779	0	1.20130074527283	0
10.8961095915916	0	1.18815876821383	0
10.9469073053053	0	1.17305829670523	0
10.997705019019	0	1.14766044465415	0
11.0485027327327	0	1.11321661219851	0
11.0993004464464	0	1.0804488160704	0
11.1500981601602	0	1.052431607943	0
11.2008958738739	0	1.02459089027884	0
11.2516935875876	0	0.996926663077944	0
11.3024913013013	0	0.96943892634092	0
11.353289015015	0	0.95736021943881	0
11.4040867287287	0	0.949366293147465	0
11.4548844424424	0	0.925658188406789	0
11.5056821561562	0	0.914385877177707	0
11.5564798698699	0	0.90987218476219	0
11.6072775835836	0	0.895365654849919	0
11.6580752972973	0	0.871203248830836	0
11.708873011011	0	0.838026094135264	0
11.7596707247247	0	0.813563748983785	0
11.8104684384384	0	0.79923173995021	0
11.8612661521522	0	0.775833895472757	0
11.9120638658659	0	0.752713754274682	0
11.9628615795796	0	0.72956740328229	0
12.0136592932933	0	0.706324820848891	0
12.064457007007	0	0.683225962079188	0
12.1152547207207	0	0.660270826973061	0
12.1660524344344	0	0.661693022507636	0
12.2168501481481	0	0.6696020871843	0
12.2676478618619	0	0.67529988903684	0
12.3184455755756	0	0.678943832481346	0
12.3692432892893	0	0.65750470973613	0
12.420041003003	0	0.644962470089412	0
12.4708387167167	0	0.658906881969813	0
12.5216364304304	0	0.677379452256075	0
12.5724341441441	0	0.684400980472823	0
12.6232318578579	0	0.676255253030391	0
12.6740295715716	0	0.687419249426211	0
12.7248272852853	0	0.665903637957998	0
12.775624998999	0	0.643680830994996	0
12.8264227127127	0	0.656532508663798	0
12.8772204264264	0	0.665217111547518	0
12.9280181401401	0	0.646000113342225	0
12.9788158538539	0	0.649810435613675	0
13.0296135675676	0	0.65645089419669	0
13.0804112812813	0	0.660449108957834	0
13.131208994995	0	0.660791696500166	0
13.1820067087087	0	0.666919628129677	0
13.2328044224224	0	0.666068573799832	0
13.2836021361361	0	0.661423585062957	0
13.3343998498499	0	0.672420293769206	0
13.3851975635636	0	0.683315858313459	0
13.4359952772773	0	0.693855918217519	0
13.486792990991	0	0.709445451116183	0
13.5375907047047	0	0.716261651520382	0
13.5883884184184	0	0.732142007485782	0
13.6391861321321	0	0.735261061134519	0
13.6899838458458	0	0.744625075657104	0
13.7407815595596	0	0.762821203577578	0
13.7915792732733	0	0.772332990745426	0
13.842376986987	0	0.787033615067466	0
13.8931747007007	0	0.792442835382564	0
13.9439724144144	0	0.808937065027649	0
13.9947701281281	0	0.814038737040376	0
14.0455678418418	0	0.82901869755779	0
14.0963655555556	0	0.848311543835194	0
14.1471632692693	0	0.854173555814906	0
14.197960982983	0	0.859560396785288	0
14.2487586966967	0	0.873783916254187	0
14.2995564104104	0	0.880414274356398	0
14.3503541241241	0	0.886383342994841	0
14.4011518378378	0	0.891866661031541	0
14.4519495515516	0	0.896864228465931	0
14.5027472652653	0	0.903811866186668	0
14.553544978979	0	0.906655030097515	0
14.6043426926927	0	0.909598924502906	0
14.6551404064064	0	0.925068795510449	0
14.7059381201201	0	0.927751542130953	0
14.7567358338338	0	0.939639870095757	0
14.8075335475475	0	0.950777143013822	0
14.8583312612613	0	0.95135715216626	0
14.909128974975	0	0.95146647021495	0
14.9599266886887	0	0.950916265370154	0
15.0107244024024	0	0.94971101759031	0
15.0615221161161	0	0.95964758322618	0
15.1123198298298	0	0.970594444792001	0
15.1631175435435	0	0.975133133318487	0
15.2139152572573	0	0.98034099427152	0
15.264712970971	0	0.988960663129643	0
15.3155106846847	0	0.997280296554038	0
15.3663083983984	0	1.00491216383206	0
15.4171061121121	0	1.00029901319865	0
15.4679038258258	0	0.993112890960778	0
15.5187015395395	0	0.998653231217271	0
15.5694992532533	0	0.998500261653874	0
15.620296966967	0	0.994513887047067	0
15.6710946806807	0.000217405965410335	0.994278135440995	0
15.7218923943944	0.00352758038670601	1.00035574680109	0
15.7726901081081	0.00681385693879397	1.00642979299596	0
15.8234878218218	0.0100762356216959	1.01271485753435	0
15.8742855355355	0.0133147164354511	1.01735094916686	0
15.9250832492492	0.0165292993800102	1.02257527494868	0
15.975880962963	0.0197199844554003	1.0294425357692	0
16.0266786766767	0.0228867716616278	1.04467589348722	0
16.0774763903904	0.0260296609986711	1.05966588178183	0
16.1282741041041	0.0291486524665501	1.05880010322623	0
16.1790718178178	0.0322437460652643	1.04897406769068	0
16.2298695315315	0.0353149417948005	1.05143634570114	0
16.2806672452452	0.0383622396551679	1.06661354389436	0
16.331464958959	0.0413856396463533	1.07653521965281	0
16.3822626726727	0.0443851417683423	1.08319534294737	0
16.4330603863864	0.0473607460212231	1.08935343588709	0
16.4838581001001	0.0503124524048824	1.10905904260448	0
16.5346558138138	0.0532402609193688	1.10024404498414	0
16.5854535275275	0.0561441715647302	1.10512307827899	0
16.6362512412412	0.059024184340864	1.10963575056869	0
16.687048954955	0.0618802992478472	1.11325273294187	0
16.7378466686687	0.0647125162856845	1.11368330094335	0
16.7886443823824	0.0675208354542927	1.12119945947478	0
16.8394420960961	0.0703052567537683	1.12882104719374	0
16.8902398098098	0.073065780184088	1.13034699237365	0
16.9410375235235	0.0758024057451654	1.14591880143783	0
16.9918352372372	0.0785151334371545	1.16210420569237	0
17.042632950951	0.0812039632599051	1.16436725167999	0
17.0934306646647	0.0838688952135116	1.16620190614718	0
17.1442283783784	0.0865099292979703	1.16766388060764	0
17.1950260920921	0.0891270655132174	1.17432687264252	0
17.2458238058058	0.0917203038593147	1.18150142251024	0
17.2966215195195	0.094289644336207	1.19624300854175	0
17.3474192332332	0.0968350869439835	1.21071320370149	0
17.3982169469469	0.0993566316825105	1.22489371089879	0
17.4490146606607	0.10185427855196	1.22547373352	0
17.4998123743744	0.104328027552151	1.22219648049676	0
17.5506100880881	0.106777878683211	1.23046384041426	0
17.6014078018018	0.109203831945117	1.23853014487085	0
17.6522055155155	0.111605887337817	1.23628708442386	0
17.7030032292292	0.113984044861355	1.23706283517211	0
17.7538009429429	0.116338304515702	1.24234543018079	0
17.8045986566567	0.118668666300926	1.23831959164026	0
17.8553963703704	0.120975130216912	1.24310785006947	0
17.9061940840841	0.122620635869365	1.24856384817171	0
17.9569917977978	0.123325340203902	1.25376753082542	0
18.0077895115115	0.124011121249427	1.25856593236025	0
18.0585872252252	0.124685680152754	1.25225815543117	0
18.1093849389389	0.125349016913888	1.25859802236302	0
18.1601826526527	0.126001131532817	1.26609758727306	0
18.2109803663664	0.126642024009549	1.26122727472412	0
18.2617780800801	0.127271694344063	1.25408458859329	0
18.3125757937938	0.127890142536408	1.26652611629392	0
18.3633735075075	0.128497368586514	1.26457834107101	0
18.4141712212212	0.129093372494454	1.26129687703449	0
18.4649689349349	0.129678154260154	1.26336284948389	0
18.5157666486487	0.130251713883706	1.2577417418463	0
18.5665643623624	0.130814051365005	1.26388501380902	0
18.6173620760761	0.131365166704097	1.26973520814063	0
18.6681597897898	0.131905059901036	1.27158437648842	0
18.7189575035035	0.132433730955735	1.27320786198245	0
18.7697552172172	0.132951179868277	1.27460566462183	0
18.8205529309309	0.133457406638568	1.27957903238149	0
18.8713506446446	0.133952411266659	1.28596927008855	0
18.9221483583584	0.134436193752565	1.28982803599874	0
18.9729460720721	0.134908754096289	1.28802158813207	0
19.0237437857858	0.135370092297799	1.28011528689036	0
19.0745414994995	0.135820208357078	1.27705033294095	0
19.1253392132132	0.136259102274196	1.27455462106743	0
19.1761369269269	0.136686774049068	1.27689677351049	0
19.2269346406406	0.137103223681793	1.29235982335847	0
19.2777323543544	0.137508451172268	1.29980657738343	0
19.3285300680681	0.137902456520592	1.29840129053152	0
19.3793277817818	0.138285239726634	1.30239691030305	0
19.4301254954955	0.138656800790594	1.31022256446543	0
19.4809232092092	0.139017139712232	1.31771727588269	0
19.5317209229229	0.139366256491724	1.32491660786032	0
19.5825186366366	0.139704151129023	1.32826164335236	0
19.6333163503504	0.140030823624086	1.32750185323866	0
19.6841140640641	0.140346273976985	1.31026760435482	0
19.7349117777778	0.140650502187676	1.31737938387516	0
19.7857094914915	0.140943508256126	1.32459210033453	0
19.8365072052052	0.141225292182424	1.32355842093571	0
19.8873049189189	0.141495853966514	1.32236042927223	0
19.9381026326326	0.141755193608351	1.32103039887081	0
19.9889003463463	0.142003311108053	1.32276265145709	0
20.0396980600601	0.142240206465515	1.32412540376273	0
20.0904957737738	0.142465879680785	1.32626581396718	0
20.1412934874875	0.142680330753862	1.32962028268275	0
20.1920912012012	0.142883559684724	1.33281024037785	0
20.2428889149149	0.143075566473375	1.33583568705264	0
20.2936866286286	0.143256351119854	1.33869662270683	0
20.3444843423423	0.143425913624111	1.3413930473413	0
20.3952820560561	0.143584253986182	1.34392496095508	0
20.4460797697698	0.143731372206024	1.3462923635486	0
20.4968774834835	0.143867268283692	1.34849525512192	0
20.5476751971972	0.143991942219131	1.35053363567466	0
20.5984729109109	0.144105394012416	1.35240750520736	0
20.6492706246246	0.144207623663444	1.35411686371973	0
20.7000683383383	0.144298631172293	1.35566171121156	0
20.7508660520521	0.144378416538964	1.35704204768352	0
20.8016637657658	0.144446979763399	1.35825787313467	0
20.8524614794795	0.144504320845651	1.35930918756604	0
20.9032591931932	0.14455043978568	1.35674551110223	0
20.9540569069069	0.144585336583546	1.35380721562703	0
21.0048546206206	0.144594003428509	1.35059354810166	0
21.0556523343343	0.143694101692251	1.34713783063527	0
21.106450048048	0.14226944419292	1.34357020992221	0
21.1572477617618	0.140851992909722	1.33979160017252	0
21.2080454754755	0.139441747842693	1.33562583554986	0
21.2588431891892	0.138038708991796	1.3382812044714	0
21.3096409029029	0.136642876357085	1.33760931688674	0
21.3604386166166	0.135254249938438	1.33878469249295	0
21.4112363303303	0.133872829736089	1.33965435688519	0
21.462034044044	0.132498615749794	1.33704827245219	0
21.5128317577578	0.131131607979645	1.32939231672844	0
21.5636294714715	0.129771806425705	1.32432783772906	0
21.6144271851852	0.12841921108786	1.33122208816609	0
21.6652248988989	0.127073821966228	1.32597759207634	0
21.7160226126126	0.125735639060669	1.32037449033863	0
21.7668203263263	0.124404662371349	1.31436250857802	0
21.81761804004	0.123080891898126	1.30815002378338	0
21.8684157537538	0.121764327641074	1.30166506202839	0
21.9192134674675	0.120454969600189	1.29498650395903	0
21.9700111811812	0.119152817775427	1.29029587468598	0
22.0208088948949	0.117857872166823	1.29526220910708	0
22.0716066086086	0.116570132774383	1.29434848860572	0
22.1224043223223	0.115289599598081	1.28526371066503	0
22.173202036036	0.114016272637961	1.28104240968368	0
22.2239997497498	0.112750151893954	1.27818415336874	0
22.2747974634635	0.111491237366123	1.27513224436519	0
22.3255951771772	0.110239529054449	1.27178352400512	0
22.3763928908909	0.108995026958936	1.26279401566388	0
22.4271906046046	0.107757731079534	1.26318807795992	0
22.4779883183183	0.106527641416319	1.25609712276394	0
22.528786032032	0.105304757969271	1.25302539155412	0
22.5795837457457	0.104089080738298	1.24133567921532	0
22.6303814594595	0.102880609723583	1.23405583127872	0
22.6811791731732	0.101679344924937	1.23050525786244	0
22.7319768868869	0.100485286342485	1.23099981866752	0
22.7827746006006	0.0992984339762004	1.23422207488874	0
22.8335723143143	0.0981187878260117	1.22971065893737	0
22.884370028028	0.0969463478920341	1.22507895946642	0
22.9351677417417	0.0957811141741733	1.22323179881638	0
22.9859654554555	0.0946230866724723	1.21662279399467	0
23.0367631691692	0.0934722653869082	1.20744085855169	0
23.0875608828829	0.0923286503175544	1.20112461611907	0
23.1383585965966	0.0911922414642937	1.18501594832585	0
23.1891563103103	0.0900630388271988	1.18242104354334	0
23.239954024024	0.0889410424062817	1.1818264584408	0
23.2907517377377	0.0878262522014698	1.17520165634677	0
23.3415494514515	0.0867186682128718	1.17774721372497	0
23.3923471651652	0.0856182904403602	1.18169354677082	0
23.4431448788789	0.0845251188840535	1.18554473902106	0
23.4939425925926	0.0834391535438923	1.18930079047567	0
23.5447403063063	0.0823603944198458	1.18738975936845	0
23.59553802002	0.0812888415120113	1.17986358078033	0
23.6463357337337	0.0802244948202866	1.17217580579115	0
23.6971334474474	0.0791673543447295	1.16432643440144	0
23.7479311611612	0.0781174200852956	1.15631546661122	0
23.7987288748749	0.0770746920420416	1.15042867151453	0
23.8495265885886	0.0760391702149471	1.15037633143835	0
23.9003243023023	0.075010854603983	1.15016279725376	0
23.951122016016	0.0739897452092114	1.15250405281706	0
24.0019197297297	0.0729758420305661	1.14945116813986	0
24.0527174434434	0.0719691450680686	1.14506825525986	0
24.1035151571572	0.070969654321685	1.13688826097097	0
24.1543128708709	0.0699773697915257	1.1284266739704	0
24.2051105845846	0.0689922914774922	1.1212097086355	0
24.2559082982983	0.0680144193796098	1.12063398536207	0
24.306706012012	0.0670437534978733	1.12348933859651	0
24.3575037257257	0.0660802938322924	1.12351017118091	0
24.4083014394394	0.0651240403828846	1.12305122722779	0
24.4590991531532	0.0641749931495494	1.12279061930363	0
24.5098968668669	0.0632331521324963	1.12243938680711	0
24.5606945805806	0.062298517331501	1.11417190620437	0
24.6114922942943	0.0613710887466959	1.10153206991682	0
24.662290008008	0.060450866378025	1.10185464882413	0
24.7130877217217	0.0595378502254991	1.10209560580332	0
24.7638854354354	0.0586320402891596	1.10217746640551	0
24.8146831491492	0.0577334365689596	1.10038668271205	0
24.8654808628629	0.0568420390648766	1.09239465936615	0
24.9162785765766	0.0559578477770166	1.0842678956718	0
24.9670762902903	0.0550808627052546	1.07600639162995	0
25.017874004004	0.0542110838496471	1.06761014723938	0
25.0686717177177	0.0533485112102237	1.05907916250123	0
25.1194694314314	0.0524931447869199	1.0545941096186	0
25.1702671451451	0.0516449845797727	1.05234138389163	0
25.2210648588589	0.0508040305888135	1.05000591598577	0
25.2718625725726	0.0499702828139614	1.04818965011913	0
25.3226602862863	0.0491437412552602	1.04646282577822	0
25.373458	0.0482957830693029	1.04401257114061	0
25.4242557137137	0.046107981076097	1.03366287525049	0
25.4750534274274	0.0432435270760524	1.01863642662579	0
25.5258511411411	0.0404604088922047	1.01787290022452	0
25.5766488548549	0.0377586265246468	1.00882153007919	0
25.6274465685686	0.0351381799733471	1.00945573901896	0
25.6782442822823	0.0325990692382723	1.01058825230429	0
25.729041995996	0.0301412943195221	0.993356828974872	0
25.7798397097097	0.0277648552169675	0.981517579171222	0
25.8306374234234	0.0254697519307232	0.964762240301393	0
25.8814351371371	0.0232559844607208	0.963648019201022	0
25.9322328508509	0.02112355280695	0.950192798717139	0
25.9830305645646	0.0190724569694933	0.939181348156683	0
26.0338282782783	0.0171026969482282	0.936553060704255	0
26.084625991992	0.0152142727433039	0.933836233017676	0
26.1354237057057	0.0134071843545543	0.93099350554577	0
26.1862214194194	0.0116814317821278	0.927408633728399	0
26.2370191331331	0.0100370150259281	0.923983267124102	0
26.2878168468468	0.00847393408599082	0.920875872101854	0
26.3386145605606	0.0069921889623423	0.917679864810279	0
26.3894122742743	0.00559177965491831	0.914395245248842	0
26.440209987988	0.00427270616377126	0.911022013418224	0
26.4910077017017	0.00303496848888015	0.907560169317877	0
26.5418054154154	0.00187856663026017	0.910504496465046	0
26.5926031291291	0.000803500587859761	0.917516621190418	0
26.6434008428428	0	0.916545441916706	0
26.6941985565566	0	0.915512425631351	0
26.7449962702703	0	0.914417572334117	0
26.795793983984	0	0.912918488744611	0
26.8465916976977	0	0.911306726590852	0
26.8973894114114	0	0.919256021166806	0
26.9481871251251	0	0.931933285977178	0
26.9989848388388	0	0.935127022326246	0
27.0497825525526	0	0.930426572216533	0
27.1005802662663	0	0.933745215722518	0
27.15137797998	0	0.962791834355784	0
27.2021756936937	0	0.959867582220319	0
27.2529734074074	0	0.956785968450215	0
27.3037711211211	0	0.906970531016948	0
27.3545688348348	0	0.901547652668351	0
27.4053665485485	0	0.896343477927192	0
27.4561642622623	0	0.891060761768823	0
27.506961975976	0	0.885833984011465	0
27.5577596896897	0	0.883310700173434	0
27.6085574034034	0	0.880722644126496	0
27.6593551171171	0	0.878069815871545	0
27.7101528308308	0	0.875352215407811	0
27.7609505445445	0	0.872569842735914	0
27.8117482582583	0	0.878878643523811	0
27.862545971972	0	0.895228271467247	0
27.9133436856857	0	0.887073670587995	0
27.9641413993994	0	0.8788103347033	0
28.0149391131131	0	0.870438263812139	0
28.0657368268268	0	0.86195745791469	0
28.1165345405405	0	0.860093996829266	0
28.1673322542543	0	0.855114584843594	0
28.218129967968	0	0.847998534051931	0
28.2689276816817	0	0.840825845895725	0
28.3197253953954	0	0.83603634097088	0
28.3705231091091	0	0.833112998643641	0
28.4213208228228	0	0.830842067446834	0
28.4721185365365	0	0.827303622631362	0
28.5229162502503	0	0.824021667814399	0
28.573713963964	0	0.821098091580936	0
28.6245116776777	0	0.817958518343795	0
28.6753093913914	0	0.814761318758066	0
28.7261071051051	0	0.811506492824149	0
28.7769048188188	0	0.808194040542002	0
28.8277025325325	0	0.804823961911517	0
28.8785002462462	0	0.801286391560466	0
28.92929795996	0	0.804512134863261	0
28.9800956736737	0	0.809437417177445	0
29.0308933873874	0	0.804107069192113	0
29.0816911011011	0	0.798604483412647	0
29.1324888148148	0	0.792728419357502	0
29.1832865285285	0.00550830920827084	0.786705314381989	0
29.2340842422422	0.0125310602850821	0.783585520432278	0
29.284881955956	0.019892564381366	0.77478583556311	0
29.3356796696697	0.0275928214972515	0.768827937856584	0
29.3864773833834	0.0356318316325811	0.777506285010402	0
29.4372750970971	0.0440095947874696	0.770062402456854	0
29.4880728108108	0.0527261109618981	0.761523925666458	0
29.5388705245245	0.0617813801558386	0.750267501409063	0
29.5896682382382	0.0711754023692909	0.745883647901688	0
29.640465951952	0.0809081776022478	0.741516765254128	0
29.6912636656657	0.0909797058547497	0.743483343389419	0
29.7420613793794	0.101389987126763	0.744048953255884	0
29.7928590930931	0.112139021418297	0.735222896954919	0
29.8436568068068	0.123226808729368	0.745264049555879	0
29.8944545205205	0.134653349059963	0.762515250580628	0
29.9452522342342	0.146418642410048	0.763949620575155	0
29.9960499479479	0.158522688779665	0.777741843476661	0
30.0468476616617	0.17096548816884	0.774309263566681	0
30.0976453753754	0.183747040577501	0.788201597028948	0
30.1484430890891	0.196867346005678	0.786245769962889	0
30.1992408028028	0.210326404453407	0.784023965739157	0
30.2500385165165	0.224124215920637	0.78690418623274	0
30.3008362302302	0.23826078040741	0.802925932198394	0
30.3516339439439	0.252736097913676	0.820621943288468	0
30.4024316576577	0.267550168439464	0.829489412647357	0
30.4532293713714	0.282702991984801	0.839251739049775	0
30.5040270850851	0.297993906591266	0.861770582364354	0
30.5548247987988	0.307610900321259	0.900573721249413	0
30.6056225125125	0.314898982374764	0.957413831098156	0
30.6564202262262	0.322717566476126	0.987735712048862	0
30.7072179399399	0.331066652625398	1.01498539020591	0
30.7580156536537	0.339946240822511	1.03461947042763	0
30.8088133673674	0.349356331067547	1.05059242748849	0
30.8596110810811	0.359296923360418	1.05957439752221	0
30.9104087947948	0.369768017701142	1.06449296751315	0
30.9612065085085	0.380769614089795	1.06976655442947	0
31.0120042222222	0.392301712526259	1.07859844964581	0
31.0628019359359	0.404364313010655	1.09869226970635	0
31.1135996496497	0.414353607891033	1.12660629544232	0
31.1643973633634	0.414830172598766	1.15469801774352	0
31.2151950770771	0.415827997288525	1.18280872173207	0
31.2659927907908	0.418755900643334	1.2083230083048	0
31.3167905045045	0.423613882663164	1.23951173577331	0
31.3675882182182	0.430401943348082	1.26898120007309	0
31.4183859319319	0.439120082698014	1.30051054295029	0
31.4691836456456	0.449768300713009	1.32784132929025	0
31.5199813593594	0.462346597393052	1.3574580527123	0
31.5707790730731	0.47685497273814	1.38328155105625	0
31.6215767867868	0.493293426748301	1.40604283775448	0
31.6723745005005	0.511661959423472	1.43505614831651	0
31.7231722142142	0.531960570763732	1.45988793479759	0
31.7739699279279	0.554189260769018	1.48331951191477	0
31.8247676416416	0.578348029439317	1.50998295554579	0
31.8755653553554	0.60443687677471	1.54311724182535	0
31.9263630690691	0.63245580277515	1.57591771952029	0
31.9771607827828	0.662404807440614	1.60748503420571	0
32.0279584964965	0.69428389077118	1.649252915697	0
32.0787562102102	0.728093052766722	1.68329357734624	0
32.1295539239239	0.763832293427371	1.71737946725739	0
32.1803516376376	0.801501612753017	1.75171107345043	0
32.2311493513513	0.841101010743763	1.79767865240859	0
32.2819470650651	0.882630487399517	1.85244783062433	0.0185767995026741
32.3327447787788	0.92672587408179	1.91987434295112	0.0542955900452789
32.3835424924925	0.977163260026399	1.97728763397367	0.111087231509526
32.4343402062062	1.02966979316837	2.02207325706995	0.164638794217428
32.4851379199199	1.08324472499072	2.04878898210415	0.267931991237928
32.5359356336336	1.13788805549351	2.10321122661392	0.32769587516412
32.5867333473473	1.1935997846767	2.15560948766697	0.390067470086104
32.6375310610611	1.25037991254029	2.19390152923867	0.457468817234438
32.6883287747748	1.30822843908431	2.27538284144101	0.547096211683589
32.7391264884885	1.36714536430869	2.30710073965468	0.613713517258287
32.7899242022022	1.42713068821357	2.33731550135991	0.695022605044194
32.8407219159159	1.48818441079875	2.36680720937304	0.794844238431706
32.8915196296296	1.55030653206441	2.39649664761371	0.876232741268775
32.9423173433433	1.61349705201045	2.43456778464482	0.976057490255137
32.9931150570571	1.67775597063693	2.48928279480033	1.08480595828097
33.0439127707708	1.74308328794376	2.50799590491322	1.18294536819675
33.0947104844845	1.80947900393106	2.62786153748805	1.291978832177
33.1455081981982	1.87694311859873	2.7021092868157	1.38159849845314
33.1963059119119	1.94547563194684	2.82880751244961	1.46600014901718
33.2471036256256	2.01507654397534	2.94021230579677	1.53860027508514
33.2979013393393	2.08574585468423	3.17277233102087	1.62398270294624
33.3486990530531	2.15748356407357	3.33668362172189	1.70752448790359
33.3994967667668	2.23028967214328	3.51056303973851	1.75905916375102
33.4502944804805	2.30416417889343	3.7285026581916	1.82756210967828
33.5010921941942	2.37910708432398	3.97613485714536	1.89228254268439
33.5518899079079	2.45511838843491	4.19846709347785	1.94698460583713
33.6026876216216	2.53219809122629	4.42138465355338	1.99739392872517
33.6534853353353	2.61034619269805	4.60155004628442	2.04724944246137
33.7042830490491	2.69624792024674	4.71958835884147	2.1148070979084
33.7550807627628	2.80234807970918	4.7811161236068	2.16274057082934
33.8058784764765	2.89954080749727	4.93278254080233	2.21163509821773
33.8566761901902	2.98661762292089	4.92200692211824	2.25568954881828
33.9074739039039	3.08143902152229	5.02416784585448	2.27967861436821
33.9582716176176	3.17609890773962	5.08239274519725	2.33773806371366
34.0090693313313	3.26575336592304	5.24432126140601	2.37954283797189
34.059867045045	3.35040239607252	5.33218355109483	2.42483069681435
34.1106647587588	3.43004599818817	5.42093161356069	2.47577236098972
34.1614624724725	3.50468417226987	5.41369410743125	2.52054038921941
34.2122601861862	3.5743169183177	5.39025700756169	2.57519544753332
34.2630578998999	3.63894423633163	5.39415866371552	2.63780922389109
34.3138556136136	3.69856612631161	5.35845427322479	2.68333997774037
34.3646533273273	3.7531825882578	5.3208873083802	2.73292245123134
34.415451041041	3.80387202910461	5.27243807253831	2.75369972133262
34.4662487547548	3.85242171254295	5.25687754933517	2.77320933304183
34.5170464684685	3.88940340616201	5.21140279524535	2.78310974068746
34.5678441821822	3.91698039515913	5.20196415849596	2.78272749685321
34.6186418958959	3.93317958518958	5.19744079295443	2.82272826753929
34.6694396096096	3.93712756008817	5.06428284330019	2.85422033922441
34.7202373233233	3.9255949751828	4.78246675721372	2.89771750367428
34.771035037037	3.8898295996008	4.67703717403214	2.88390133398621
34.8218327507508	3.83790749815	4.63602997860827	2.82037341796568
34.8726304644645	3.79223107380415	4.64137384008313	2.78269874381551
34.9234281781782	3.75324292238462	4.60221179759976	2.69984964613982
34.9742258918919	3.72084779749924	4.54719881006179	2.576033362377
35.0250236056056	3.66792882045187	4.52491377197116	2.46049266974063
35.0758213193193	3.60882060368287	4.50976171022957	2.28866309980235
35.126619033033	3.54598931982893	4.49627361611738	2.16561310547899
35.1774167467467	3.46481823243236	4.47991578150083	2.03525994672207
35.2282144604605	3.41784917372652	4.45860713914375	1.94206330768863
35.2790121741742	3.39323370829393	4.46358402745048	1.77996029349894
35.3298098878879	3.31511613920496	4.48187828265726	1.6277048810314
35.3806076016016	3.26275096652567	4.50293770955427	1.51964500382713
35.4314053153153	3.25408925498759	4.50778670897039	1.36565262349298
35.482203029029	3.24838305015424	4.50476991818189	1.27558111978831
35.5330007427427	3.21123413487379	4.51350328227664	1.30099541575026
35.5837984564565	3.22806148690838	4.52912391870717	1.32288077559719
35.6345961701702	3.30127317195209	4.55680434500417	1.41862219877969
35.6853938838839	3.39158249214385	4.56382342623747	1.56925369555556
35.7361915975976	3.44300540489814	4.58619622309103	1.6218513260304
35.7869893113113	3.5420170551261	4.63370297124741	1.72918590317009
35.837787025025	3.60037576334862	4.67674657410979	1.77287180935768
35.8885847387387	3.66546361566568	4.78204908871282	1.93828753928354
35.9393824524524	3.75220212106552	4.90444737171653	2.11994738028362
35.9901801661662	3.86059127954812	5.03041686234909	2.36528500066622
36.0409778798799	3.99063109111342	5.14976940165884	2.68679194850989
36.0917755935936	4.14232155576149	5.27700826665193	3.13215510852395
36.1425733073073	4.31563888607442	5.34059952592529	3.41805146434262
36.193371021021	4.50384178554721	5.58841275047519	3.59173069914506
36.2441687347347	4.69723599026075	6.03280181322088	3.78094798105963
36.2949664484484	4.88388197648102	6.59300153729045	3.8973160771099
36.3457641621622	5.02774021962116	7.05961095524086	3.97616599233085
36.3965618758759	5.12711430793397	7.22525832291104	4.08310708553196
36.4473595895896	5.19091724588412	7.12715529696775	4.14747660533343
36.4981573033033	5.33607590739445	7.27993560859701	4.1991221792682
36.548955017017	5.45449250434281	7.64089895990575	4.27247311308551
36.5997527307307	5.52936878563689	7.80291864304074	4.31827212599926
36.6505504444444	5.63516414125001	7.87808888344955	4.36806482560616
36.7013481581582	5.65425062639942	7.76235636252214	4.44464494167983
36.7521458718719	5.6305905815818	7.64490460403025	4.5209830975764
36.8029435855856	5.65006421838651	7.70495320673857	4.57147633184471
36.8537412992993	5.72323294033026	7.73041816329502	4.62179355657919
36.904539013013	5.76493815561778	7.74115286146287	4.67689435985805
36.9553367267267	5.74117344684736	7.58184281786134	4.72018606185214
37.0061344404404	5.66033873241068	7.28832354661646	4.75854546805246
37.0569321541542	5.62704389541098	7.09701418305398	4.7572045598985
37.1077298678679	5.53086901706547	6.67432936507009	4.83432548504245
37.1585275815816	5.47857434005053	6.59598715230969	4.81781774499572
37.2093252952953	5.43087451067772	6.40228422267293	4.75225508502786
37.260123009009	5.42515475269918	6.50917165010687	4.53548555106349
37.3109207227227	5.40474163689142	6.48589175928723	4.29322531578278
37.3617184364364	5.36958854134803	6.33757200405068	4.12846759609613
37.4125161501502	5.32047005801677	6.1876461204468	4.00251245315412
37.4633138638639	5.27972611999166	6.2257197070832	3.74658858165067
37.5141115775776	5.25033613002924	6.24632121099251	3.54562317288433
37.5649092912913	5.22684060897015	6.24208446730012	3.41731986280625
37.615707005005	5.20923955681424	6.22318405533565	3.34077221724475
37.6665047187187	5.19753297356167	6.20933782691424	3.32454219920287
37.7173024324324	5.19172085921239	6.15067108898857	3.42105813929152
37.7681001461462	5.19180321376633	6.11141072758782	3.48569431502192
37.8188978598599	5.19778003722354	6.0728915857374	3.69788380975055
37.8696955735736	5.20965132958399	6.00148837244981	3.87396595872139
37.9204932872873	5.22617319072077	5.98718121009752	4.05780582462299
37.971291001001	5.22843533911874	5.97755974708331	4.1245295881468
38.0220887147147	5.21725059058951	5.96681690351056	4.12614360011546
38.0728864284284	5.21214500796115	5.98166460029155	4.11992229339016
38.1236841421421	5.2131185912338	6.0006745312768	4.13466595254869
38.1744818558559	5.22017134040731	6.02560826734998	4.1841683674357
38.2252795695696	5.23330325548185	6.07937684173606	4.26843322669059
38.2760772832833	5.25251433645732	6.1232785468103	4.4598156861877
38.326874996997	5.27780458333368	6.15790503290153	4.5481125882361
38.3776727107107	5.30998592223944	6.19096758544557	4.56530775695827
38.4284704244244	5.3448479631725	6.29960137575546	4.58652612081597
38.4792681381381	5.37117566732067	6.53377377300276	4.63380203136911
38.5300658518519	5.38824678356021	6.61011452611792	4.63652863331643
38.5808635655656	5.39606131189107	6.67061149910262	4.65714274773159
38.6316612792793	5.39782191251459	6.56138138578461	4.68340897866301
38.682458992993	5.41411898429931	6.75301370904251	4.71535687980235
38.7332567067067	5.4235073450203	6.88043806747984	4.74342518888858
38.7840544204204	5.42057850679289	6.7715313127005	4.77114201213381
38.8348521341341	5.40533246961694	6.61370864022196	4.78250874392513
38.8856498478478	5.38553644193787	6.44730133955633	4.8076562575469
38.9364475615616	5.37387307579927	6.2234763724073	4.77905793626102
38.9872452752753	5.36754842276082	6.16675018690604	4.74178323060574
39.038042988989	5.35986086792089	6.09436359502843	4.78353992324935
39.0888407027027	5.35351970657821	6.06158248795008	4.76067826709102
39.1396384164164	5.34729577876433	6.06279895231597	4.75220905265585
39.1904361301301	5.34061088974933	6.07710561658898	4.7306774858446
39.2412338438438	5.33346503953333	6.02376648524405	4.70869002878673
39.2920315575576	5.32585822811624	5.96526395799779	4.70594377731319
39.3428292712713	5.3177904554981	5.90384048739929	4.70213894749467
39.393626984985	5.30926172167894	5.80635734060642	4.72981491115525
39.4444246986987	5.29951242689004	5.78805464744576	4.71786319170564
39.4952224124124	5.28046936154079	5.80295049752508	4.71972906268558
39.5460201261261	5.25989922942464	5.81891549832601	4.65385543541338
39.5968178398398	5.24478848131144	5.8268493086359	4.62974012519045
39.6476155535535	5.23513711720109	5.80120824548673	4.58572093892316
39.6984132672673	5.23094513709379	5.77970600629306	4.5547703816143
39.749210980981	5.23221254098938	5.7342559339168	4.54258645940244
39.8000086946947	5.23764072132114	5.70206682300875	4.54894859678923
39.8508064084084	5.22307426882917	5.68796264591146	4.56484245059193
39.9016041221221	5.20057172685681	5.68312693931415	4.59212187478573
39.9524018358358	5.16668694408043	5.67257166479027	4.49635344629226
40.0031995495495	5.15301607686333	5.67826116678235	4.48512014162247
40.0539972632633	5.15960041050655	5.68644436867011	4.49933275828787
40.104794976977	5.18643994500993	5.69275592920691	4.5426460116958
40.1555926906907	5.23353468037347	5.72875342545472	4.62121955850872
40.2063904044044	5.25478131877691	5.74565383974406	4.69296635750198
40.2571881181181	5.26965618029427	5.76770091284852	4.63448337763787
40.3079858318318	5.29777569841931	5.8072080559234	4.67150404855974
40.3587835455455	5.3123613214362	5.83757626200175	4.71022158622398
40.4095812592593	5.34834560243771	5.85411664217707	4.70237535886148
40.460378972973	5.34820960926579	5.87910087481258	4.68555303380081
40.5111766866867	5.36475443944082	5.91383460432608	4.74564382777437
40.5619744004004	5.40015368787582	5.95921269171234	4.79261585315876
40.6127721141141	5.45440735457078	6.00125701519651	4.82614621654571
40.6635698278278	5.49635594669185	6.04388108015701	4.84957239595837
40.7143675415415	5.51644940121204	6.09251468757025	4.8664177518126
40.7651652552553	5.5416819019369	6.15105862961282	4.89420983502484
40.815962968969	5.57205380620913	6.19425327207995	4.92759278348683
40.8667606826827	5.6075651140288	6.22816649349865	4.969670865244
40.9175583963964	5.64821582539606	6.27671805608854	5.00031899459692
40.9683561101101	5.69400594031057	6.32646563777226	5.06727974814704
41.0191538238238	5.74493545877259	6.3730397044201	5.13745224413648
41.0699515375375	5.80100438078207	6.42474932282515	5.22152156887794
41.1207492512513	5.86221270633893	6.47221341983821	5.3090567319118
41.171546964965	5.92856043544328	6.51481611696903	5.42002864765452
41.2223446786787	6.00004756809508	6.55691965020598	5.54040266856273
41.2731423923924	6.07667410429423	6.59977531241367	5.65532122792378
41.3239401061061	6.15844004404099	6.63885819772834	5.75115020466146
41.3747378198198	6.24439777716553	6.67892032364432	5.83096014271062
41.4255355335335	6.32524439553477	6.76799047906238	5.8938264057183
41.4763332472473	6.40579118651265	6.83910264029049	5.96316411368471
41.527130960961	6.48807932252471	6.91763672571605	6.04934195261743
41.5779286746747	6.56986081738312	7.01323637204655	6.11777251418748
41.6287263883884	6.64865077347295	7.12062683153213	6.17963047689099
41.6795241021021	6.72436514316777	7.2664409616167	6.24117764719312
41.7303218158158	6.79700392646736	7.37104418176489	6.31864291587975
41.7811195295295	6.86656712337187	7.47930336525703	6.38501670446383
41.8319172432432	6.93305473388112	7.56183927128576	6.47074262861274
41.882714956957	6.99646675799533	7.64170435283575	6.53906507265157
41.9335126706707	7.05680319571434	7.68817262982255	6.61747310539751
41.9843103843844	7.11406404703825	7.76061042070149	6.67973618563172
42.0351080980981	7.17427541820682	7.82414145409055	6.74126715538579
42.0859058118118	7.25293150164782	7.88918731078698	6.80554068152681
42.1367035255255	7.32456090541465	7.96826623208323	6.84828257490004
42.1875012392392	7.38640328169004	8.02460485491993	6.88985615804813
42.238298952953	7.43845863047397	8.10222441129868	6.9257756406832
42.2890966666667	7.48072695176633	8.17550361632881	6.96139827652547
42.3398943803804	7.52216788527526	8.26068920812264	6.99264134688396
42.3906920940941	7.58754279313531	8.32555452351388	7.01326028677628
42.4414898078078	7.65723318950908	8.42103823223315	7.02090621550112
42.4922875215215	7.7662555214103	8.54175574041357	7.09218680152718
42.5430852352352	7.87346464852877	8.65151709345213	7.14104986076361
42.5938829489489	7.94818602573678	8.75433605624159	7.16720404787128
42.6446806626627	7.99041965303433	8.83225575220792	7.18559556049072
42.6954783763764	8.04341720371063	8.88913748790617	7.21322417225198
42.7462760900901	8.12273294098619	8.93810319165576	7.25407458647152
42.7970738038038	8.16060648998053	8.97952182371421	7.25707451975328
42.8478715175175	8.1564024851067	9.02531401116542	7.20158164029992
42.8986692312312	8.16748964154453	9.04823558123801	7.15710611407848
42.9494669449449	8.19664534011596	9.06943800342267	7.16653605163958
43.0002646586587	8.17747294930955	9.0902556773528	7.08564307637912
43.0510623723724	8.1498399989794	9.09143543206106	7.08273068958853
43.1018600860861	8.1612042676997	9.02930129175422	7.18023105893464
43.1526577997998	8.12512456126744	8.9715130572181	7.18919467968008
43.2034555135135	8.03850658905892	8.90252385194827	7.14209941012863
43.2542532272272	7.96492517566947	8.85159678968639	7.08977938404129
43.3050509409409	7.8854735397251	8.81547657881521	7.0434516920441
43.3558486546547	7.87291515314308	8.7687986183665	7.03847575631577
43.4066463683684	7.88905989792651	8.7199552312751	7.04061216605862
43.4574440820821	7.87713142970008	8.67936262559922	7.02719947138044
43.5082417957958	7.83712974846402	8.64217584279999	7.01136783765052
43.5590395095095	7.76905485421828	8.58987472931062	7.00223950820494
43.6098372232232	7.67312476655925	8.53086385212757	6.94650887824715
43.6606349369369	7.6033837546889	8.45589658334134	6.86267932378208
43.7114326506507	7.54676892073543	8.42361923317463	6.80368850643885
43.7622303643644	7.46099487390044	8.36083984381631	6.75371097258524
43.8130280780781	7.34606161418415	8.32833195524802	6.66465745751566
43.8638257917918	7.22350697663397	8.22381215063695	6.56908547655932
43.9146235055055	7.1378784622425	8.16119376085999	6.49305798810964
43.9654212192192	7.01351730750366	8.10129631861399	6.40958503085179
44.0162189329329	6.88979151983577	7.96554816721407	6.29504433429723
44.0670166466466	6.76846945091441	7.79857026596114	6.1835469221788
44.1178143603604	6.62426830707872	7.6770738078066	6.05006679788607
44.1686120740741	6.49866110916537	7.54859960797848	5.92341684411032
44.2194097877878	6.37240885229358	7.36888543414756	5.76582277279886
44.2702075015015	6.24029407283963	7.15488992870758	5.60868182785875
44.3210052152152	6.10231677080359	6.91810915019562	5.42784676739009
44.3718029289289	5.95847694618551	6.60260442458279	5.27265869860954
44.4226006426426	5.80932164247732	6.44974576018788	5.10932340397233
44.4733983563564	5.6633904379797	6.35921441771996	4.9491237977341
44.5241960700701	5.52743742009614	6.26205808056258	4.74970069259709
44.5749937837838	5.40164668263063	6.18016113314972	4.53118976449977
44.6257914974975	5.28601822558336	6.08913295446263	4.29749535706873
44.6765892112112	5.18055204895409	6.01191041533611	4.08404262074607
44.7273869249249	5.08524815274305	5.92817864884589	3.89327460418766
44.7781846386386	5.00010653695017	5.85114905099169	3.75463377859707
44.8289823523524	4.92405562376953	5.75701429795859	3.64224850554673
44.8797800660661	4.81225195967021	5.67519781451272	3.58939010461289
44.9305777797798	4.70162467377224	5.58994894489555	3.42248095354665
44.9813754934935	4.62247418564941	5.4939380348844	3.31630262187192
45.0321732072072	4.57480049530147	5.41008512732164	3.22829286613566
45.0829709209209	4.55860360272852	5.33703481668929	3.25792294440187
45.1337686346346	4.56055482530494	5.24049858750004	3.42414087604729
45.1845663483484	4.49875765547751	5.14609044440743	3.45415981387597
45.2353640620621	4.37443075726183	5.03463575490947	3.26027019673373
45.2861617757758	4.28440870822066	4.93227719684495	3.19838506727518
45.3369594894895	4.18560765379377	4.83223508304821	3.23349541059699
45.3877572032032	4.17129111858422	4.79517584545362	3.3990932390405
45.4385549169169	4.21289864636591	4.79404321761174	3.5044802913907
45.4893526306306	4.129704608048	4.67859651059404	3.40578607457298
45.5401503443443	4.03808428463235	4.58695608579216	3.33173584145459
45.5909480580581	3.96937092568966	4.53396908643031	3.26604315253526
45.6417457717718	3.92356453121975	4.50184631337043	3.26090595847762
45.6925434854855	3.90066510122278	4.47876617707942	3.25362802287461
45.7433411991992	3.90067263569852	4.46112143079876	3.2770299532442
45.7941389129129	3.92153218625874	4.46940351284273	3.26741285225453
45.8449366266266	3.92224274174411	4.49443651698768	3.2126227688238
45.8957343403403	3.91556658782384	4.54549284433663	3.18266322194239
45.9465320540541	3.88993183380321	4.59663504101429	3.17724326469346
45.9973297677678	3.87271694861789	4.64801945050976	3.16665841840152
46.0481274814815	3.864515188079	4.69814112120251	3.16997992424808
46.0989251951952	3.86532655218648	4.70566185056361	3.18994652720684
46.1497229089089	3.87515104094049	4.6808249475827	3.1843648875746
46.2005206226226	3.8939886543408	4.65554937193404	3.20005029490275
46.2513183363363	3.90610155177227	4.62701101060051	3.26162590380142
46.30211605005	3.90925878922732	4.6869143735781	3.31377360939616
46.3529137637638	3.92190513910463	4.71334811226972	3.32930819244457
46.4037114774775	3.94406608807686	4.68200726513656	3.33264498707685
46.4545091911912	3.97574163614382	4.61581788733963	3.36404445609959
46.5053069049049	4.01349398840651	4.57464644780096	3.39387665768795
46.5561046186186	4.03300168373237	4.58286597048268	3.39441567530842
46.6069023323323	4.05631096118596	4.56077358540745	3.38349085489193
46.657700046046	4.06670567638464	4.5569592713399	3.32972570186338
46.7084977597598	4.06360716618612	4.6016957669529	3.21094317819755
46.7592954734735	4.07600998899215	4.63385318370338	3.07474000498
46.8100931871872	4.10396204646749	4.67312807782744	2.96799322210493
46.8608909009009	4.14746333861206	4.71101055068408	2.9766235848043
46.9116886146146	4.2059433917329	4.75529907509734	3.01975275979493
46.9624863283283	4.24458725530243	4.83301676917265	3.08762177193139
47.013284042042	4.27808846780042	4.89574073020679	3.12743126290987
47.0640817557558	4.32753908172001	4.9494442882502	3.17117519771662
47.1148794694695	4.39293909706103	5.01152490862088	3.27116799159436
47.1656771831832	4.4701340659304	5.08454783987525	3.44520925789312
47.2164748968969	4.53255794470543	5.18527353576243	3.56948245629328
47.2672726106106	4.59993281774436	5.27680775625118	3.73018739488003
47.3180703243243	4.6774301255764	5.33811990567892	3.92342912774988
47.368868038038	4.76491198425454	5.40725756223161	4.08618346455478
47.4196657517518	4.85684015851489	5.51573613007748	4.22908500727158
47.4704634654655	4.94636744270919	5.68870478541882	4.36033226909146
47.5212611791792	5.03312210560236	5.82177417237978	4.51090141195229
47.5720588928929	5.11711167068642	5.82754047972577	4.66312717786152
47.6228566066066	5.22262208325146	5.97664048437813	4.75791894033544
47.6736543203203	5.34134894931408	6.11757775327864	4.85159673969924
47.724452034034	5.47392639442197	6.35832544375544	4.91512569080954
47.7752497477478	5.57575903714871	6.51312180678404	4.96641029710553
47.8260474614615	5.64329286538014	6.69182300092879	5.0300889429946
47.8768451751752	5.72960453442337	6.83484718959563	5.07481807964087
47.9276428888889	5.82019041289319	6.93552541742291	5.10784077053534
47.9784406026026	5.88660555248282	7.00681097482223	5.1628821956999
48.0292383163163	5.92884995319192	7.00891202057954	5.22498719480901
48.08003603003	5.94692361502054	6.90271860657671	5.27135023924742
48.1308337437438	5.94082653796883	6.74484054912235	5.35059302649171
48.1816314574575	5.91055872203653	6.55826719491403	5.39529723430493
48.2324291711712	5.9025850218581	6.52045317682495	5.44060795887949
48.2832268848849	5.96696137429362	6.60148685657077	5.48533316673063
48.3340245985986	6.00172507591186	6.66031030392515	5.45058312088362
48.3848223123123	6.00021478193281	6.70533101297246	5.44376833200325
48.435620026026	6.00869304309155	6.72451503540228	5.41726346872107
48.4864177397397	6.00602155718641	6.65143661622762	5.35786213421829
48.5372154534535	5.98683567626258	6.56787029110488	5.38384899184969
48.5880131671672	5.95128858075217	6.46963927023508	5.39881784045144
48.6388108808809	5.91542089683334	6.40589563919529	5.41481874618458
48.6896085945946	5.8963629765454	6.38087670369971	5.37529315950584
48.7404063083083	5.89160252153913	6.37570448682849	5.38853184032054
48.791204022022	5.88621828037232	6.35805113098368	5.37971899740232
48.8420017357357	5.88586527868071	6.35152842996924	5.39838891172552
48.8927994494495	5.8914622109203	6.33138233174459	5.45910043572758
48.9435971631632	5.90300907709048	6.31974563370296	5.50183019063371
48.9943948768769	5.92050587719177	6.30171633411718	5.5483627025345
49.0451925905906	5.94298595681521	6.2998798312085	5.58722282746908
49.0959903043043	5.96464592569187	6.35065166061568	5.63764054246049
49.146788018018	5.98366112652954	6.41248660715804	5.66623011854805
49.1975857317317	6.00077734029151	6.43192734737425	5.67832116057957
49.2483834454454	6.02332608812367	6.48096295573166	5.69288458569691
49.2991811591592	6.03418328041094	6.57953597426871	5.69101783509884
49.3499788728729	6.04276317964209	6.66451643264168	5.68506443857121
49.4007765865866	6.04968086550736	6.64849618598436	5.66891802119393
49.4515743003003	6.04926616443703	6.62105095825799	5.67882778117713
49.502372014014	6.04864020726702	6.60755850067692	5.67287836968006
49.5531697277277	6.04597804875681	6.63438237180896	5.66005402387501
49.6039674414414	6.04599438300936	6.62679088615478	5.64926985550515
49.6547651551552	6.04559874989269	6.64735809922317	5.61473438106952
49.7055628688689	6.04971095583038	6.68541263305253	5.59847403273255
49.7563605825826	6.05489385899977	6.72179359260581	5.57416275426971
49.8071582962963	6.06113809812919	6.757573579197	5.55624123666347
49.85795601001	6.06844367321878	6.83273974667429	5.53777959233129
49.9087537237237	6.07681058426855	6.88976209140371	5.51413046922678
49.9595514374374	6.08623883127857	6.92998291886621	5.48700204994353
50.0103491511511	6.09672841424854	6.97639039211689	5.46409136817257
50.0611468648649	6.10827933317903	7.03294307566127	5.41919691865074
50.1119445785786	6.12089158806937	7.0996652524392	5.35963403568712
50.1627422922923	6.13243708252864	7.15644390187746	5.28550075818733
50.213540006006	6.14495701624375	7.22100169520446	5.21952793196011
50.2643377197197	6.15850991881257	7.28767139537176	5.15005463792091
50.3151354334334	6.17311942466211	7.35976259459861	5.0110457105388
50.3659331471471	6.17925340402345	7.44007157425305	4.88772456646455
50.4167308608609	6.1874149547731	7.50343934652599	4.80728205147916
50.4675285745746	6.19729777622668	7.57555899622264	4.69405810867306
50.5183262882883	6.22830628002739	7.69061905212168	4.58570263410743
50.569124002002	6.31529802706715	7.80913708046236	4.63001036777447
50.6199217157157	6.33250744172052	7.88901112761907	4.51799347303844
50.6707194294294	6.79602685602791	8.13695745892276	5.72941992475867
50.7215171431431	6.83639248620876	8.25305503362236	5.71598139238528
