phys	rec.rate	upper	lower
0.0305356826826827	NA	NA	NA
0.091607048048048	NA	NA	NA
0.152678413413413	NA	NA	NA
0.213749778778779	0.753416195601206	1.16996909737178	0.325017210660571
0.274821144144144	0.763399982146289	1.17445663407322	0.342078318281659
0.33589250950951	0.773846289351806	1.17898068714679	0.359762485734821
0.396963874874875	0.752039979658928	1.1831712002389	0.301583794999796
0.45803524024024	0.762562696985636	1.18770993348123	0.321380621355817
0.519106605605606	0.773612159929104	1.19166282575154	0.34367332135452
0.580177970970971	0.784896729877131	1.19761571659378	0.366699781879577
0.641249336336336	0.755623777966975	1.20134112027071	0.189800256234037
0.702320701701702	0.766290098197721	1.20453608033631	0.208154507094675
0.763392067067067	0.77693831295279	1.20837677421996	0.226526317130712
0.824463432432432	0.787568422232182	1.21287488002563	0.244915686342139
0.885534797797798	0.798180426035895	1.21680009235023	0.263322614728943
0.946606163163163	0.808774324363934	1.22137357609738	0.281747102291169
1.00767752852853	0.819350117216293	1.22594777231216	0.300189149028769
1.06874889389389	0.829907804592979	1.23198825973551	0.318648754941773
1.12982025925926	0.840447386493984	1.23853797859144	0.336816292241142
1.19089162462462	0.850968862919314	1.24492255598824	0.354265895564405
1.25196298998999	0.861472233868966	1.24986750235412	0.371704266411832
1.31303435535536	0.871957499342943	1.25393142577757	0.389240886989513
1.37410572072072	0.88242465934124	1.25793396956355	0.408354850696427
1.43517708608609	0.892873713863863	1.26192764087992	0.427667998316119
1.49624845145145	0.903304662910806	1.2659124397267	0.44759622869324
1.55731981681682	0.913717506482075	1.26971829918795	0.467725559665634
1.61839118218218	0.924112244577664	1.27329845189933	0.487220286758997
1.67946254754755	0.934488877197577	1.27679108373912	0.507952444990176
1.74053391291291	0.944847404341817	1.28027765768311	0.528188362290732
1.80160527827828	0.955187826010374	1.28375817373127	0.547307310680035
1.86267664364364	0.965510142203259	1.28865339635678	0.566853627841609
1.92374800900901	0.975814352920462	1.29404897250545	0.587574574330843
1.98481937437437	0.986100458161991	1.29866870148603	0.608165718062546
2.04589073973974	0.996368457927843	1.30203152744898	0.627113958472302
2.10696210510511	1.00661835221802	1.30505753829822	0.643428216958125
2.16803347047047	1.01685014103252	1.30924066538245	0.659715841346996
2.22910483583584	1.02706382437134	1.31314875768424	0.676423985490328
2.2901762012012	1.03725940223448	1.31773708008145	0.694801605656255
2.35124756656657	1.04755149303028	1.32218030240287	0.713574085869519
2.41231893193193	1.06936849857179	1.38197373527525	0.739161037369513
2.4733902972973	1.08027044269464	1.38469425167848	0.757354372861972
2.53446166266266	1.09091452428289	1.387451387299	0.776257058860401
2.59553302802803	1.10130074333656	1.39024514213681	0.794578704969163
2.65660439339339	1.11142909985562	1.39307551619193	0.812294773554989
2.71767575875876	1.12129959384009	1.39650759434024	0.831286664652626
2.77874712412412	1.13101818737389	1.40552146660567	0.847682593293458
2.83981848948949	1.14626770663351	1.44033943655344	0.869828315514661
2.90088985485485	1.16107927901001	1.47781169354521	0.889497986259571
2.96196122022022	1.17343568381997	1.479629940885	0.910046841479196
3.02303258558559	1.18512451513559	1.48264596298087	0.924748765362326
3.08410395095095	1.19969788475504	1.50921416316378	0.947416822975112
3.14517531631632	1.21408503959986	1.51112525754055	0.969133784385024
3.20624668168168	1.22819525051814	1.50392004499579	0.987645869700912
3.26731804704705	1.24202851750989	1.51432125695709	1.01018297285155
3.32838941241241	1.25558484057511	1.52635745824097	1.03088131992278
3.38946077777778	1.26886421971377	1.53644891502065	1.04762560690815
3.45053214314314	1.28186665492592	1.55226092834943	1.06612056243232
3.51160350850851	1.29459214621152	1.56149065291491	1.08308718909983
3.57267487387387	1.30704069357058	1.56913826694281	1.09758216034194
3.63374623923924	1.31921229700311	1.58396387902835	1.11504173338339
3.6948176046046	1.3311069565091	1.58361353465404	1.12589801306014
3.75588896996997	1.34272467208855	1.58562704424689	1.13854185872238
3.81696033533534	1.35406544374146	1.59247939535754	1.15080361243738
3.8780317007007	1.36512927146784	1.60390522479386	1.16124692073545
3.93910306606607	1.37591615526769	1.60958361412428	1.17189577975243
4.00017443143143	1.38642609514099	1.6198502832423	1.17952276638658
4.0612457967968	1.39665909108776	1.62679940712714	1.18844801682559
4.12231716216216	1.40661514310799	1.63357301211142	1.20121572331822
4.18338852752753	1.41629425120169	1.64282166842351	1.21364743493334
4.24445989289289	1.42569641536885	1.65144490958265	1.22771083597709
4.30553125825826	1.43482163560947	1.66153902704537	1.23778279740454
4.36660262362362	1.44366991192356	1.66945544592168	1.25241509315451
4.42767398898899	1.45224124431111	1.66944721799837	1.26735633762983
4.48874535435435	1.46053563277212	1.67409081443076	1.27736257242625
4.54981671971972	1.4685530773066	1.67926390495354	1.2879524000901
4.61088808508508	1.47629357791453	1.69329831794073	1.29961530871228
4.67195945045045	1.48375713459593	1.70382956555144	1.31072561859061
4.73303081581582	1.4909437473508	1.70827104254661	1.31880361776199
4.79410218118118	1.50075915455725	1.72633292266764	1.32480723132679
4.85517354654655	1.51442771991121	1.75103436926667	1.33201574212273
4.91624491191191	1.52141845274296	1.740725811972	1.34390308553172
4.97731627727728	1.53345146682135	1.74728505824158	1.34961544801848
5.03838764264264	1.54684541514738	1.76145125591935	1.34592004978551
5.09945900800801	1.55938078759438	1.78396353536021	1.35043462720281
5.16053037337337	1.57105758416237	1.80359108008895	1.35077377834997
5.22160173873874	1.58187580485134	1.81384692450669	1.3542143706463
5.2826731041041	1.59183544966129	1.82910536559114	1.35915401955406
5.34374446946947	1.60093651859224	1.8421711657553	1.36588446754302
5.40481583483484	1.60917901164416	1.84846994565604	1.37041808886094
5.4658872002002	1.61656292881706	1.84732740482723	1.37269587894235
5.52695856556557	1.62308827011095	1.85563575622203	1.37655660487372
5.58802993093093	1.62875503552582	1.86548220327339	1.3778852654126
5.6491012962963	1.63363422667052	1.8773199954883	1.3811084669283
5.71017266166166	1.6418904003551	1.89068945708812	1.39552095736517
5.77124402702703	1.65194303519157	1.89428769619056	1.41488225861132
5.83231539239239	1.66137555531284	1.90074746637784	1.41104498074003
5.89338675775776	1.67018796071893	1.92127237961327	1.42163791301977
5.95445812312312	1.67838025140982	1.94970298187059	1.41785517368749
6.01552948848849	1.68595242738553	1.96068815240587	1.42982930647768
6.07660085385385	1.69290448864605	1.98472248618595	1.43485573080086
6.13767221921922	1.69923643519138	2.00917180002749	1.42898975856672
6.19874358458458	1.70494826702151	2.01807375428498	1.43515611323577
6.25981494994995	1.71003998413646	2.02377501421908	1.44131907231408
6.32088631531531	1.71451158653623	2.03110379063912	1.44388147766789
6.38195768068068	1.71836307422079	2.0350167137688	1.44815937532787
6.44302904604605	1.72159444719017	2.04523803185561	1.44791883664136
6.50410041141141	1.72420570544437	2.0412076874441	1.45304897629764
6.56517177677678	1.72619684898337	2.0464277970882	1.46029415285991
6.62624314214214	1.72756787780718	2.038910370931	1.46356290420594
6.68731450750751	1.7283187919158	2.03638386965678	1.48492892985497
6.74838587287287	1.72844959130924	2.03528938368284	1.48926474233879
6.80945723823824	1.72796027598749	2.03234732210457	1.4906570562322
6.8705286036036	1.72685084595054	2.03259113637665	1.49269855880345
6.93159996896897	1.7251213011984	2.02912169002666	1.49460692247278
6.99267133433433	1.72278512987671	2.0253100485182	1.4940479314554
7.0537426996997	1.72348366930002	2.02067562177541	1.49388333154254
7.11481406506507	1.72614353207354	2.03779048909466	1.48801154866665
7.17588543043043	1.72778387316274	2.04031949227585	1.4732228614446
7.2369567957958	1.72840469256763	2.06322649812425	1.45539829207011
7.29802816116116	1.72800599028821	2.07613180048213	1.44835047446896
7.35909952652653	1.72658776632449	2.09877206444233	1.43309765817274
7.42017089189189	1.72415002067644	2.11012937017207	1.41939838989957
7.48124225725726	1.7206927533441	2.10859674768924	1.42048614330855
7.54231362262262	1.71621596432744	2.10339470689747	1.40388884376336
7.60338498798799	1.71071965362647	2.09489899912448	1.40290125532404
7.66445635335335	1.7042038212412	2.09017499794501	1.41138671734526
7.72552771871872	1.6966684671716	2.09080361603916	1.38405679797086
7.78659908408408	1.6881135914177	2.0892192884558	1.37911175200709
7.84767044944945	1.6800145801893	2.07743183186056	1.37893861585129
7.90874181481481	1.67311236960304	2.07310334802209	1.34928333234898
7.96981318018018	1.6659875322573	2.07709705884515	1.30834628902726
8.03088454554555	1.65863804269919	2.05650501251477	1.30721625873905
8.09195591091091	1.65106390092869	2.04610258803142	1.28505652991219
8.15302727627628	1.64253972007182	2.01829884565793	1.2558953431899
8.21409864164164	1.62932454970166	1.99919394909793	1.2089404856911
8.27517000700701	1.61709893386645	2.00383450007954	1.14527906876747
8.33624137237237	1.60704946392504	1.98671643371442	1.12231049067003
8.39731273773774	1.59917613987736	1.97975786266093	1.07967509165928
8.4583841031031	1.59347896172349	1.9589634057771	1.01349307373057
8.51945546846847	1.58995792946336	1.93115087278687	0.975381714531392
8.58052683383383	1.58653826099992	1.90010484067939	0.95245035052748
8.6415981991992	1.56941184905051	1.8784583992012	0.927596168578805
8.70266956456456	1.56049879017086	1.86171943603337	0.891621343495296
8.76374092992993	1.54099594502279	1.84864525114642	0.844966889039416
8.8248122952953	1.52685625702236	1.84164232653466	0.68940273714721
8.88588366066066	1.52541142324139	1.8456403293204	0.681065204676759
8.94695502602602	1.52428552237884	1.84773295990973	0.633171928075902
9.00802639139139	1.5109674990003	1.8592344010073	0.598409878226544
9.06909775675676	1.50844497739948	1.86457855876098	0.52028192772466
9.13016912212212	1.51734186556545	1.86584437769431	0.506712214054195
9.19124048748749	1.52240298626165	1.87074377334767	0.513859742338726
9.25231185285285	1.51272365212142	1.88553431851727	0.473451475005327
9.31338321821822	1.50514934461246	1.89438683642694	0.339760682570401
9.37445458358358	1.49977824139577	1.90045441532581	0.256267469431047
9.43552594894895	1.49661034247134	1.90360994856575	0.211859451737408
9.49659731431431	1.49564564783918	1.91313118774959	0.18278413657858
9.55766867967968	1.49688415749929	1.91692337654766	0.187085266241029
9.61874004504504	1.50032587145164	1.92290145262739	0.23822664102639
9.67981141041041	1.50597078969626	1.92294652677304	0.287853436581362
9.74088277577578	1.51381891223315	1.92311779993131	0.361894287498901
9.80195414114114	1.52387023906229	1.92420596551204	0.431147235275802
9.86302550650651	1.5361247701837	1.91981491924434	0.563448482491895
9.92409687187187	1.55058250559737	1.92208986843819	0.693368941002629
9.98516823723724	1.5672434453033	1.91627875784098	0.821843718314734
10.0462396026026	1.58610758930149	1.92683664833981	0.925798539805995
10.107310967968	1.60717493759195	1.92124125279572	1.0205044260157
10.1683823333333	1.62956775732229	1.92022778332943	1.08255042408828
10.2294536986987	1.64727943111155	1.93589870732244	1.13880170525441
10.2905250640641	1.66332795057714	2.04064887615737	1.20564431385827
10.3515964294294	1.67864754547514	2.18223631891394	1.24987953122437
10.4126677947948	1.69323821580551	2.30193345130145	1.31268770921345
10.4737391601602	1.70709996156828	2.41917158024448	1.36243248959829
10.5348105255255	1.72023278276341	2.50544956004875	1.40372766287684
10.5958818908909	1.73263667939096	2.55693736537331	1.40974690843313
10.6569532562563	1.7443116514509	2.60248867801625	1.41617275248958
10.7180246216216	1.75525769894319	2.67503744330206	1.42658389850312
10.779095986987	1.76547482186791	2.71511966742699	1.42303281590296
10.8401673523524	1.77496665524566	2.69499504848181	1.42406133246274
10.9012387177177	1.78513361860461	2.71306798382081	1.41822201698674
10.9623100830831	1.79300758206191	2.77318248864295	1.4008634123802
11.0233814484484	1.79699793051793	2.76841120429817	1.39800658202718
11.0844528138138	1.80265125153087	2.76333198010384	1.39273587262866
11.1455241791792	1.80231640451269	2.76662153674637	1.38321176748036
11.2065955445445	1.80460940785565	2.79992559590727	1.37627098558479
11.2676669099099	1.80615301878219	2.8685189272416	1.35436787965616
11.3287382752753	1.80561845357203	2.92540764427197	1.35305854507779
11.3898096406406	1.80300571222518	2.93921900432605	1.35701859326289
11.450881006006	1.79835247111538	2.98853902171502	1.34546750637484
11.5119523713714	1.7932478678128	3.03128042882729	1.33969304640802
11.5730237367367	1.79079609139534	3.08320099451102	1.33350509623349
11.6340951021021	1.78177324136856	3.11675477653601	1.32034994746592
11.6951664674675	1.76527313528518	3.09552463080675	1.31738201265534
11.7562378328328	1.74592838405615	3.08157714465943	1.30621774364607
11.8173091981982	1.728355296066	3.07189802338371	1.28828529216015
11.8783805635636	1.71255387131473	3.12127091579348	1.26859549055694
11.9394519289289	1.69852410980236	3.13854611001084	1.25619502035295
12.0005232942943	1.68626601152887	3.16424556477976	1.24827352577206
12.0615946596597	1.67577957649427	3.19296126992418	1.2417667027052
12.122666025025	1.66706480469857	3.18185577349885	1.24208237514729
12.1837373903904	1.64162422290918	3.19143890286952	1.23234029379363
12.2448087557558	1.61563161527398	3.1195539205757	1.22648189279998
12.3058801211211	1.61278889353149	3.08725796761828	1.22460461281794
12.3669514864865	1.58775315267392	3.00627805107367	1.21806367496493
12.4280228518519	1.56157945085721	2.91413067609122	1.20865605178238
12.4890942172172	1.53579465718116	2.8257912472111	1.198654428469
12.5501655825826	1.51039877164577	2.73576190146912	1.18990828207592
12.6112369479479	1.48539179425104	2.64665547717253	1.17664316370806
12.6723083133133	1.46077372499696	2.55874508919013	1.16326586786219
12.7333796786787	1.43654456388353	2.47259525788023	1.15297322274321
12.794451044044	1.41270431091078	2.40731857189175	1.13962649901936
12.8555224094094	1.38925296607867	2.31693773690838	1.12616555108933
12.9165937747748	1.36619052938721	2.25854036318206	1.11297934181866
12.9776651401401	1.34351700083642	2.18479987525939	1.10071285241043
13.0387365055055	1.32123238042629	2.105323087479	1.0885689538826
13.0998078708709	1.29933666815681	2.03981935758689	1.07580672478421
13.1608792362362	1.27782986402799	1.99608697879135	1.06270716689483
13.2219506016016	1.25671196803982	1.93433509661473	1.04880025697593
13.283021966967	1.23598298019232	1.86514509227332	1.03360089276604
13.3440933323323	1.21564290048548	1.78906717828665	1.01206973650959
13.4051646976977	1.19569172891928	1.71415048491269	0.99378764407467
13.4662360630631	1.17612946549373	1.65437069489187	0.973137580654045
13.5273074284284	1.15695611020888	1.60323657943477	0.93504503677816
13.5883787937938	1.13817166306462	1.55606221785656	0.898430276087952
13.6494501591592	1.11977612406108	1.50344096118665	0.861859370495807
13.7105215245245	1.10176949319819	1.46083659548067	0.808577944885464
13.7715928898899	1.0841517704759	1.41870101288943	0.754717392671732
13.8326642552553	1.06692295589434	1.37901323606918	0.711949111017469
13.8937356206206	1.0500830494534	1.36073031307536	0.668986858447933
13.954806985986	1.03363205115313	1.34875773652378	0.615906822881681
14.0158783513514	1.01756996099348	1.33891776008774	0.575578517404836
14.0769497167167	1.00189677897455	1.3168473967738	0.512316040298181
14.1380210820821	0.986612505096218	1.29773285847404	0.465764088673447
14.1990924474474	0.971717139358577	1.27840641036969	0.428422866281732
14.2601638128128	0.957210681761567	1.25864465415786	0.38480060975305
14.3212351781782	0.943093132305271	1.24767125868253	0.347519816803841
14.3823065435435	0.929364490989543	1.22838647523899	0.308409099425812
14.4433779089089	0.916024757814567	1.21905495126468	0.276077070444899
14.5044492742743	0.903073932780168	1.21269661719927	0.259852714006661
14.5655206396396	0.89051201588648	1.20292263013017	0.24265627397925
14.626592005005	0.878339007133422	1.18859352365638	0.217559687822444
14.6876633703704	0.866554906521037	1.17519689036292	0.18570210703816
14.7487347357357	0.855159714049292	1.1602347215814	0.160310608106723
14.8098061011011	0.844153429718214	1.14586196196629	0.140907881713873
14.8708774664665	0.833536053527801	1.13634679810907	0.12299732792831
14.9319488318318	0.823307585478035	1.12757870303775	0.109081961741665
14.9930201971972	0.81346802556892	1.12062632357349	0.0986629593646093
15.0540915625626	0.804017373800471	1.11491255754832	0.0847685832689537
15.1151629279279	0.794955630172682	1.10759357911771	0.0857292428457886
15.1762342932933	0.786282794685541	1.09827637077996	0.0723584837553965
15.2373056586587	0.777998867339068	1.08756064058123	0.0692244005413723
15.298377024024	0.770103848133244	1.07928104107876	0.0571398833307393
15.3594483893894	0.762597737068086	1.06961416113296	0.0382602450037774
15.4205197547548	0.755480534143566	1.05978875929161	0.0385290822839815
15.4815911201201	0.74875223935972	1.05241156890259	0.0442379524691001
15.5426624854855	0.742412852716527	1.0451220879487	0.0468648197041006
15.6037338508509	0.736462374213997	1.03543978648023	0.0364259684021152
15.6648052162162	0.730900803852111	1.02607334833477	0.0417009361371343
15.7258765815816	0.725728141630894	1.02038545863434	0.0286357079503204
15.7869479469469	0.720944387550314	1.01549955179146	0.013820442688319
15.8480193123123	0.716549541610424	1.00461517088818	0.0171552941946474
15.9090906776777	0.712543603811171	0.998930805766839	0.0150379290764878
15.970162043043	0.708926574152564	0.988373615867975	0.00704927703653471
16.0312334084084	0.70569845263466	0.980590326458395	0.0098795178531637
16.0923047737738	0.702859239257345	0.971331184015991	0.0129878759200269
16.1533761391391	0.700408934020738	0.958468635114669	0.00102279968657116
16.2144475045045	0.698347536924768	0.948716921389403	0.0215923133369512
16.2755188698699	0.696675047969466	0.937917333179642	0.0319762316921253
16.3365902352352	0.69416416599019	0.929173289349254	0.0292354510314799
16.3976616006006	0.686786376451692	0.917118994170612	0.0277828306877148
16.458732965966	0.679625379150206	0.908926262586322	0.0241126538515508
16.5198043313313	0.673348974791791	0.902580277410184	0.015846795464794
16.5808756966967	0.667957163376415	0.894363211782573	0.0132723847798417
16.6419470620621	0.663449944904093	0.886619198415649	0.00979663594774039
16.7030184274274	0.659827319374814	0.876585215303234	0.00994725743055391
16.7640897927928	0.657089286788603	0.870095450679094	0.0179506860358407
16.8251611581582	0.655235847145445	0.863127637308961	0.019741925259597
16.8862325235235	0.654267000445319	0.859289917651329	0.0282349107779974
16.9473038888889	0.654182746688251	0.855375118548561	0.0303498725578988
17.0083752542543	0.654983085874249	0.848769155401114	0.0151952764567845
17.0694466196196	0.652769430750654	0.841889038270571	0.0159364211128024
17.130517984985	0.646842248440604	0.839896270053798	0.0235814270580083
17.1915893503503	0.64119141690812	0.842590577423578	0.0280609435578597
17.2526607157157	0.635818353835758	0.845293434385579	0.0358017097244036
17.3137320810811	0.630723059223548	0.861584655080358	0.0444530099665184
17.3748034464464	0.625905533071487	0.86301701673909	0.0448245470465924
17.4358748118118	0.62136577537953	0.855429096448705	0.0567771600061259
17.4969461771772	0.617103786147743	0.855030972565625	0.0695494785779124
17.5580175425425	0.613119565376088	0.857249190583075	0.0786325372850037
17.6190889079079	0.609413113064563	0.8530596597066	0.0824379846350397
17.6801602732733	0.605984429213181	0.852849540623212	0.10516731210432
17.7412316386386	0.60283351382196	0.858036059194216	0.11874246062062
17.802303004004	0.59996036689085	0.856854886787564	0.128674407533786
17.8633743693694	0.597364988419901	0.856074191626508	0.148465689696009
17.9244457347347	0.595047378409059	0.84969632111116	0.170993514077587
17.9855171001001	0.593007536858385	0.835422132089175	0.187428096815664
18.0465884654655	0.591245463767854	0.82797199000046	0.191161760947817
18.1076598308308	0.589761159137441	0.825078498055009	0.194705893320768
18.1687311961962	0.588554622967186	0.816148771090765	0.203076502336801
18.2298025615616	0.587625855257064	0.818015438114723	0.222619475883613
18.2908739269269	0.586974856007067	0.815943105255307	0.235473514714936
18.3519452922923	0.586139066165351	0.812398160322314	0.228276674918914
18.4130166576577	0.582511066074224	0.799795332508121	0.230150578979578
18.474088023023	0.578427669559668	0.791052300572504	0.238286818462346
18.5351593883884	0.574417406616064	0.787471198796098	0.247188469483923
18.5962307537538	0.570480277243354	0.775379394691241	0.258391376790741
18.6573021191191	0.566616281441593	0.774700579338022	0.256782472974363
18.7183734844845	0.562825419210741	0.75952148685647	0.256672024539725
18.7794448498498	0.558926614877865	0.746808832188796	0.26565253662046
18.8405162152152	0.552822657524278	0.746218275013113	0.263339335600309
18.9015875805806	0.546302157278579	0.738955004356337	0.257586653721725
18.9626589459459	0.54010779046947	0.732558126821578	0.252515136837034
19.0237303113113	0.53423955709701	0.725947749571794	0.24953995367759
19.0848016766767	0.528697457161131	0.71969353978638	0.254214272850684
19.145873042042	0.523481490661875	0.716516199525415	0.25393791475596
19.2069444074074	0.518591657599224	0.717065340508691	0.256047041010832
19.2680157727728	0.514027957973183	0.714783462191958	0.255350200214315
19.3290871381381	0.509790391783764	0.710909178106461	0.255531062463663
19.3901585035035	0.505878959030933	0.705064672405687	0.250161254204575
19.4512298688689	0.502293659714745	0.69891225227598	0.250160443267078
19.5123012342342	0.49903449383515	0.694107032252223	0.25059135141638
19.5733725995996	0.496101461392161	0.692925539723535	0.252937073764325
19.634443964965	0.493494562385793	0.683582528942744	0.243601315113125
19.6955153303303	0.491213796816032	0.683387217692174	0.240928649718134
19.7565866956957	0.489259164682872	0.678720149740119	0.239700027071458
19.8176580610611	0.487630665986343	0.675396000866653	0.24055862821536
19.8787294264264	0.486328300726408	0.678531030387771	0.240560400505291
19.9398007917918	0.485352068903106	0.676619534830546	0.238749467728135
20.0008721571572	0.483712722784602	0.670678070666402	0.237381066082176
20.0619435225225	0.477905069014477	0.664323949738297	0.236954920520354
20.1230148878879	0.472050306028598	0.652359847734862	0.244096744645956
20.1840862532533	0.466729498697349	0.648242032822485	0.243941906662715
20.2451576186186	0.461942647020751	0.646922085004365	0.241529068079471
20.306228983984	0.45768975099876	0.645790232474256	0.244178733338106
20.3673003493493	0.453970810631399	0.644691878480518	0.245692545811202
20.4283717147147	0.450785825918685	0.64358065595012	0.243940718364506
20.4894430800801	0.448134796860609	0.642217150699535	0.240898236960368
20.5505144454454	0.446017723457122	0.637063601684259	0.243097596459663
20.6115858108108	0.444434605708286	0.635761856503509	0.238906947180031
20.6726571761762	0.443385443614106	0.632563214595405	0.240733048225931
20.7337285415415	0.442870237174533	0.631205795445596	0.236672140717279
20.7947999069069	0.442888986389587	0.629783704560432	0.22737021077229
20.8558712722723	0.443441691259272	0.620730001197988	0.223505514621021
20.9169426376376	0.441182802670713	0.616061598809273	0.220142410426824
20.978014003003	0.434520355982096	0.608589716474682	0.211946755799031
21.0390853683684	0.428445404174547	0.602267050599892	0.212227395302863
21.1001567337337	0.423006246602232	0.603598390619033	0.200479711891964
21.1612280990991	0.418202883265081	0.598891915915291	0.189953567393349
21.2222994644645	0.414035314163131	0.601844142888975	0.185036127069412
21.2833708298298	0.410503539296413	0.600525205400891	0.167336324677278
21.3444421951952	0.407607558664863	0.604046533924408	0.159526630707099
21.4055135605606	0.405347372268531	0.606726769182863	0.154153454769375
21.4665849259259	0.403722980107388	0.608518301273549	0.148301786537948
21.5276562912913	0.402734382181436	0.608816867331378	0.14476717876218
21.5887276566567	0.402381578490694	0.610227566130826	0.142759309452517
21.649799022022	0.402664569035155	0.610857940440626	0.142287571553222
21.7108703873874	0.40358335381477	0.611552964001441	0.142733359045253
21.7719417527528	0.405137932829659	0.612254498937152	0.14195266414884
21.8330131181181	0.407328306079685	0.613175616292028	0.140272377739221
21.8940844834835	0.410154473564943	0.614245347582862	0.137134210469758
21.9551558488489	0.413616435285377	0.616317209970227	0.151015092856693
22.0162272142142	0.417714191241035	0.617078616853067	0.147148883680975
22.0772985795796	0.422447741431857	0.618539397175563	0.155310647710082
22.1383699449449	0.427817085857901	0.62161077866176	0.161695991565015
22.1994413103103	0.433822224519148	0.625200447502509	0.170567882772629
22.2605126756757	0.440463157415574	0.630175301859122	0.18058949939587
22.321584041041	0.447739884547227	0.643527286023645	0.18328687974735
22.3826554064064	0.455652405914046	0.655881889224939	0.188027219335912
22.4437267717718	0.464200721516073	0.670387094956598	0.195243349354157
22.5047981371371	0.473384831353314	0.684162610374474	0.200026411821946
22.5658695025025	0.483204735425737	0.7026627290228	0.205392205025435
22.6269408678679	0.493170106769813	0.722352831095593	0.211675708734043
22.6880122332332	0.495917329987698	0.733702089515231	0.208124009112473
22.7490835985986	0.498530560083461	0.743419570402586	0.206438335487287
22.810154963964	0.503971352685693	0.758846608829747	0.214180645281593
22.8712263293293	0.503001610778854	0.76838924236488	0.206218940664437
22.9322976946947	0.500211412266969	0.772869823321873	0.201502139924459
22.9933690600601	0.499505520994722	0.782462425192629	0.189277923365772
23.0544404254254	0.500883936962133	0.796319977254784	0.17380714756054
23.1155117907908	0.504346660169169	0.80579294351842	0.173992807619814
23.1765831561562	0.509893690615872	0.81449346394222	0.16840294444095
23.2376545215215	0.517525028302214	0.821729623031296	0.163084805442984
23.2987258868869	0.527240673228187	0.829155872646329	0.158174444037556
23.3597972522523	0.535465414356027	0.845223841952372	0.153666972237711
23.4208686176176	0.534082381360455	0.855845345882809	0.150373859746567
23.481939982983	0.533780471834074	0.87866021034494	0.146439654151976
23.5430113483483	0.535456166591659	0.892983231899064	0.151288195713264
23.6040827137137	0.539109465633204	0.909766414823833	0.156237586357256
23.6651540790791	0.544740368958737	0.923074344897119	0.171952557271679
23.7262254444444	0.552348876568214	0.93523685642676	0.186458480111657
23.7872968098098	0.561934988461693	0.947134218472596	0.203945537398071
23.8483681751752	0.573498704639113	0.956025279660124	0.216644149805701
23.9094395405405	0.587040025100499	0.959508527280743	0.235403895767785
23.9705109059059	0.602558949845859	0.970322113162552	0.259792692731785
24.0315822712713	0.620055478875223	0.981301841699036	0.276556306066818
24.0926536366366	0.639529612188502	0.987089867462838	0.294581029616556
24.153725002002	0.660981349785769	0.995153313710362	0.317125383252488
24.2147963673674	0.678039747695191	1.00434318380225	0.341212551529058
24.2758677327327	0.683689201787228	1.01532911067009	0.357155325717209
24.3369390980981	0.684195577701459	1.02704019737641	0.360408009097164
24.3980104634635	0.68933376225349	1.0418750162363	0.357984118859274
24.4590818288288	0.699103755443329	1.05452913667329	0.339783399647806
24.5201531941942	0.713505557271011	1.06053672282767	0.350367776795618
24.5812245595596	0.732539167736526	1.071070273618	0.37910468112673
24.6422959249249	0.755267978644023	1.08431713764677	0.402756005288115
24.7033672902903	0.7704893417487	1.10151657060204	0.424080047062678
24.7644386556557	0.786016483677908	1.11229647864878	0.441594535989881
24.825510021021	0.805407436493441	1.13177483338187	0.458130697129079
24.8865813863864	0.828662200195307	1.14649370589261	0.503546386922117
24.9476527517518	0.85461053581056	1.15606879782233	0.539404173773543
25.0087241171171	0.876733104391128	1.16773619719778	0.560488162285115
25.0697954824825	0.9000495864666	1.18780152123206	0.587719924442133
25.1308668478478	0.925538273985875	1.20219645493472	0.595242640624876
25.1919382132132	0.949606049881922	1.22376865347826	0.602562831357764
25.2530095785786	0.972296848583114	1.23867371174006	0.598238074878401
25.3140809439439	0.994492730647899	1.25129732024003	0.58442498887953
25.3751523093093	1.01619369607623	1.27014702803698	0.578998659080662
25.4362236746747	1.03739974486815	1.29024821011764	0.579546739436152
25.49729504004	1.05811087702363	1.31188236574565	0.586065071647527
25.5583664054054	1.07832709254266	1.32861187617576	0.592524479234183
25.6194377707708	1.09804839142526	1.35341019938638	0.602086507502544
25.6805091361361	1.11727477367145	1.37007142304776	0.610202579812547
25.7415805015015	1.13600623928118	1.38886152086074	0.615994064254559
25.8026518668669	1.15424278825449	1.40609540217264	0.622041103789735
25.8637232322322	1.17198442059137	1.4230590478902	0.632121282826727
25.9247945975976	1.18923113629179	1.44246347378832	0.643510295968718
25.985865962963	1.20598293535579	1.46363006523568	0.65857594330254
26.0469373283283	1.22223981778339	1.4822912723645	0.674630808336735
26.1080086936937	1.23800178357451	1.49916038062346	0.695194281906764
26.1690800590591	1.25326883272922	1.51933830580965	0.715672650160239
26.2301514244244	1.26804096524748	1.53485733385524	0.736115618201174
26.2912227897898	1.28231818112933	1.55527486813693	0.762303504081162
26.3522941551552	1.29610048037472	1.57476145813567	0.791197047152895
26.4133655205205	1.3093878629837	1.58856276752871	0.816271895666575
26.4744368858859	1.32218032895624	1.60777396864835	0.842974066126265
26.5355082512513	1.33447787829233	1.61513052470701	0.874634738042092
26.5965796166166	1.346280510992	1.63136159320042	0.908260471241813
26.657650981982	1.35758822705523	1.64750367180722	0.942373427755581
26.7187223473473	1.36840102648205	1.66214205618076	0.976916132815153
26.7797937127127	1.37871890927241	1.67443477055624	1.00947624945483
26.8408650780781	1.38854187542633	1.68303631103284	1.03770627771414
26.9019364434434	1.39786992494384	1.69198514900504	1.06710785247616
26.9630078088088	1.40670305782491	1.70297253239167	1.08265679396917
27.0240791741742	1.41504127406953	1.71213704302782	1.10148305811895
27.0851505395395	1.42288457367774	1.7197484442151	1.10311701210815
27.1462219049049	1.43023295664949	1.72794613466067	1.10936461286347
27.2072932702703	1.43726565446138	1.73495988558946	1.11386262030156
27.2683646356356	1.45188414752766	1.73932757697306	1.12844004412306
27.329436001001	1.46983244188629	1.74603807775145	1.14550263285582
27.3905073663664	1.48653955061233	1.75047298131566	1.16595082773929
27.4515787317317	1.5020054737058	1.76009434750346	1.18609489944449
27.5126500970971	1.51623021116664	1.7796447271794	1.19659682647661
27.5737214624625	1.52921376299491	1.83705434766933	1.20750546772748
27.6347928278278	1.54095612919059	1.88696484357492	1.22321502809742
27.6958641931932	1.55145730975365	1.93460774366832	1.23563319200904
27.7569355585586	1.56071730468415	1.9895248733257	1.24130417974857
27.8180069239239	1.56873611398204	2.03646657962628	1.24069979219001
27.8790782892893	1.57551373764734	2.08431723257145	1.244322168769
27.9401496546547	1.58105017568005	2.1232715661348	1.24221302491318
28.00122102002	1.58534542808015	2.16117347164607	1.24467394777603
28.0622923853854	1.58839949484767	2.19695154974874	1.24177039652932
28.1233637507508	1.5902123759826	2.23207031177558	1.2421155383936
28.1844351161161	1.59078407148492	2.25295225211508	1.24355482158864
28.2455064814815	1.59011458135467	2.26988535945556	1.24080360433802
28.3065778468468	1.58820390559182	2.28928200381747	1.23686625718789
28.3676492122122	1.58505204419636	2.30435293484492	1.23340116612503
28.4287205775776	1.58065899716831	2.31215682734395	1.23297617875823
28.4897919429429	1.5750247645077	2.31388761419796	1.2289220551311
28.5508633083083	1.56814934621446	2.31099966769592	1.2184191591224
28.6119346736737	1.56003274228864	2.30367834839915	1.21310388183376
28.673006039039	1.55067495273024	2.29202820553845	1.20767431940371
28.7340774044044	1.54007597753921	2.27607944725009	1.20199958344597
28.7951487697698	1.52823581671561	2.25571778987152	1.19608821938742
28.8562201351351	1.51515447025942	2.23094323340206	1.18849757998566
28.9172915005005	1.50083193817065	2.20119662629281	1.17961236684395
28.9783628658659	1.48526822044924	2.16360411684237	1.17333260946576
29.0394342312312	1.46846331709529	2.13052984835988	1.16048199598104
29.1005055965966	1.4504172281087	2.08806327049165	1.15033231857307
29.161576961962	1.43112995348955	2.04608354593802	1.14001488298716
29.2226483273273	1.41060149323779	1.9999757937581	1.12530544313191
29.2837196926927	1.38883184735344	1.95723999268119	1.10545747665358
29.3447910580581	1.36582101583652	1.91095409536007	1.09738746020218
29.4058624234234	1.34156899868694	1.85817854741412	1.08365875586645
29.4669337887888	1.31607579590486	1.80209771513797	1.07100200961576
29.5280051541542	1.28934140749011	1.74983084272758	1.05511977558219
29.5890765195195	1.26136583344279	1.687706854344	1.03580253274884
29.6501478848849	1.23733435631407	1.62162119752591	1.01457239267012
29.7112192502503	1.21874433211206	1.567843845867	0.984911520864717
29.7722906156156	1.19979761198793	1.53298262454424	0.964845941533032
29.833361980981	1.19145641241386	1.51939278250735	0.928785154357248
29.8944333463463	1.18129333864353	1.4944030185017	0.908057428118126
29.9555047117117	1.17065183877041	1.49412268364629	0.890924707620061
30.0165760770771	1.1611829488534	1.49787777059045	0.883984847099984
30.0776474424424	1.14807467545614	1.47752098150474	0.894426902863405
30.1387188078078	1.13809300947054	1.47704796211601	0.882090498669816
30.1997901731732	1.12629805421141	1.44928448858721	0.876033680066848
30.2608615385385	1.11452912088188	1.44054942874453	0.846473802725641
30.3219329039039	1.10445572084822	1.43216894161472	0.815638031982308
30.3830042692693	1.09401075284731	1.43170073545319	0.796231764535604
30.4440756346346	1.08319421687908	1.43872550531134	0.76701195501609
30.505147	1.07200611294357	1.42741248228262	0.751885899565025
30.5662183653654	1.06044644104074	1.40724917885052	0.729632623949743
30.6272897307307	1.04851520117068	1.38617485724108	0.713278482663777
30.6883610960961	1.03621239333328	1.36958385296354	0.712417832487393
30.7494324614615	1.02353801752859	1.35442280078259	0.69838147563936
30.8105038268268	1.01049207375663	1.32337455665028	0.676430615803136
30.8715751921922	0.997074562017347	1.31380239100075	0.672323689037519
30.9326465575576	0.982162878406816	1.29183077771752	0.658822901030087
30.9937179229229	0.965456118418978	1.27471014772054	0.645724644910809
31.0547892882883	0.949877287844125	1.25414191080493	0.629971189979682
31.1158606536537	0.935502557003151	1.23290093474792	0.618237124382676
31.176932019019	0.922331925895924	1.21679161053256	0.611804477273422
31.2380033843844	0.910365394522595	1.20261589812558	0.592800802660889
31.2990747497497	0.895851259879928	1.19457943754083	0.583766383136472
31.3601461151151	0.87685365746493	1.18684489790432	0.568438064518863
31.4212174804805	0.859566131583572	1.18245659231878	0.564679945391507
31.4822888458458	0.844070832098001	1.17092233223714	0.529299073371423
31.5433602112112	0.830367759008281	1.15878534283499	0.508572468566341
31.6044315765766	0.818456912314323	1.14655069769073	0.483680214334634
31.6655029419419	0.808338292016115	1.1371426530844	0.466849309550002
31.7265743073073	0.800011898113783	1.12494423826118	0.464523811752132
31.7876456726727	0.793477730607189	1.11340424330054	0.462614520975813
31.848717038038	0.78873578949641	1.1042818726005	0.471534903162219
31.9097884034034	0.785786074781411	1.08892879134669	0.473045124153688
31.9708597687688	0.784628586462226	1.07205945875278	0.483236196876723
32.0319311341341	0.785263324538817	1.06516615282129	0.476243853735263
32.0930024994995	0.78530002866581	1.0419627227474	0.476264846011502
32.1540738648649	0.76804823004812	1.02238138830513	0.478623583484378
32.2151452302302	0.746161981183722	1.01532093305402	0.432350866507794
32.2762165955956	0.72848887979565	1.00716149821616	0.393950081366097
32.337287960961	0.715028925883895	0.992439444249854	0.35085879055363
32.3983593263263	0.705782119448464	0.980310644708255	0.375364225863113
32.4594306916917	0.700748460489368	0.97932019961846	0.393789623687007
32.5205020570571	0.699927949006559	0.966618450465335	0.409017894722217
32.5815734224224	0.70332058500009	0.969518190029515	0.417970068153696
32.6426447877878	0.703046676993429	0.967872802831594	0.404223418705471
32.7037161531532	0.691069736197408	0.95340653687125	0.391341271301552
32.7647875185185	0.67981808903305	0.942628495996421	0.373803667587963
32.8258588838839	0.669557735119034	0.942601375646337	0.352480740784501
32.8869302492492	0.660288674455483	0.935502350265058	0.329293781171117
32.9480016146146	0.6520109070423	0.926232723701542	0.309579243893762
33.00907297998	0.644724432879549	0.917608855371122	0.30173215341232
33.0701443453453	0.638429251967169	0.908652061596374	0.30044003351627
33.1312157107107	0.63312536430522	0.896572254769097	0.298039381398876
33.1922870760761	0.628812769893662	0.888681437930842	0.287118515541166
33.2533584414414	0.625491468732537	0.886482303218939	0.283443455996462
33.3144298068068	0.623161460821783	0.879400057997192	0.288699949520593
33.3755011721722	0.621822746161453	0.877624594277514	0.310660529727178
33.4365725375375	0.621475324751529	0.879850630739532	0.302290748721709
33.4976439029029	0.622119196592012	0.871358759782928	0.311424640710004
33.5587152682683	0.623754361682884	0.867671581670061	0.316052796373881
33.6197866336336	0.626380820024191	0.862279381731872	0.327731463837582
33.680857998999	0.629998571615869	0.853399879560165	0.329705463304945
33.7419293643644	0.634607616457977	0.861733971827193	0.345931927905896
33.8030007297297	0.640207954550497	0.861753897355508	0.357066134602993
33.8640720950951	0.646799585893405	0.866389299293971	0.372955723554366
33.9251434604605	0.653097430098792	0.883169115111373	0.380499958380446
33.9862148258258	0.651392622252476	0.876718368303077	0.377621454419787
34.0472861911912	0.650521296989818	0.86911651936015	0.371041357867483
34.1083575565566	0.652569942874556	0.866288083674123	0.366243951580927
34.1694289219219	0.657538559906671	0.8713923813491	0.371422768431216
34.2305002872873	0.665427148086167	0.886145826301889	0.378780397748466
34.2915716526526	0.673108244022003	0.896643919428419	0.37955641776312
34.352643018018	0.671368438474674	0.894177461148174	0.383555569690564
34.4137143833834	0.669205918150664	0.88695017424865	0.388340973949379
34.4747857487488	0.66758562212526	0.891913872847823	0.394270463832772
34.5358571141141	0.666507550398439	0.893572643848138	0.39266655023253
34.5969284794795	0.665971702970233	0.897016213915578	0.391010889150511
34.6579998448448	0.665978079840609	0.902245751159424	0.38668129850441
34.7190712102102	0.666526681009611	0.902658564315305	0.373196195815572
34.7801425755756	0.667617506477194	0.911632739682532	0.364572482594455
34.8412139409409	0.669250556243366	0.917292419982288	0.363754947096262
34.9022853063063	0.671425830308153	0.919216192768813	0.362684348363099
34.9633566716717	0.674143328671558	0.920942818416889	0.359031313239799
35.024428037037	0.677403051333515	0.924566570658532	0.368636090302245
35.0854994024024	0.681204998294086	0.928581123846021	0.371415509002858
35.1465707677678	0.68554916955329	0.934090014162341	0.381094665781166
35.2076421331331	0.690435565111053	0.939623793186044	0.3832000266369
35.2687134984985	0.69586418496742	0.947886264783943	0.38661112810708
35.3297848638639	0.701835029122428	0.95411001352394	0.399501077587936
35.3908562292292	0.708348097575971	0.95943551741807	0.401830918913582
35.4519275945946	0.715403390328181	0.970137698289588	0.412719184283407
35.51299895996	0.723000907378939	0.980223249170102	0.423745071489699
35.5740703253253	0.731140648728304	0.988408034126905	0.436588133578471
35.6351416906907	0.739822614376264	0.992802529594022	0.445362478046126
35.6962130560561	0.749046804322876	1.00025832343673	0.45955806771628
35.7572844214214	0.758813218568002	1.00757597559707	0.466812459553367
35.8183557867868	0.769121857111787	1.01040911335136	0.488929151345184
35.8794271521522	0.779972719954159	1.01810244385322	0.508230722844824
35.9404985175175	0.791365807095114	1.02559595746452	0.532361474866931
36.0015698828829	0.803301118534673	1.03335975009102	0.553499798787608
36.0626412482482	0.815778654272859	1.03998353401522	0.573446853588664
36.1237126136136	0.828798414309618	1.0468775969546	0.586675352005971
36.184783978979	0.842360398644987	1.05356987181656	0.611225416818179
36.2458553443443	0.856464607278925	1.0599984623498	0.634751769402621
36.3069267097097	0.871111040211512	1.06880702812643	0.659578527303612
36.3679980750751	0.886299697442653	1.08892469430554	0.67534444465496
36.4290694404404	0.902030578972422	1.09733611387985	0.691572586843984
36.4901408058058	0.918303684800765	1.11339031544649	0.706743511752022
36.5512121711712	0.935119014927742	1.13244170039276	0.715442042527608
36.6122835365365	0.952476569353284	1.15532743160078	0.72793997496041
36.6733549019019	0.970376348077457	1.18117994928957	0.740579077925131
36.7344262672673	0.989153168998367	1.23207231764539	0.748478043253893
36.7954976326326	1.00896242290813	1.32304469984044	0.755817979782057
36.856568997998	1.02662452713932	1.41475066384241	0.762838544514268
36.9176403633634	1.04179879610323	1.46901355788231	0.776154334135253
36.9787117287287	1.05448524407433	1.47006369213891	0.793553571725119
37.0397830940941	1.06814749050724	1.49738941938505	0.797628633025598
37.1008544594595	1.08383879921288	1.54470247023978	0.812595318867169
37.1619258248248	1.09866252596816	1.59811592348157	0.815728679571837
37.2229971901902	1.11261867077316	1.67133289372234	0.824308899004753
37.2840685555556	1.12570723362789	1.70277918904845	0.83206956754111
37.3451399209209	1.13792821453232	1.73871108057449	0.835665449773692
37.4062112862863	1.14928161348646	1.75251220912424	0.847664858436255
37.4672826516517	1.15976743049033	1.75810091754274	0.853060012115327
37.528354017017	1.16938566554385	1.76026308298415	0.866767870555654
37.5894253823824	1.17813631864714	1.74918929984191	0.866639747576845
37.6504967477477	1.18601938980011	1.73223137890764	0.870053758914973
37.7115681131131	1.19303487900279	1.73008192200959	0.883974958400776
37.7726394784785	1.1994776417461	1.72036949053003	0.892936840594019
37.8337108438438	1.2070378937252	1.75002241783972	0.893551003013811
37.8947822092092	1.21421515323212	1.77435945735459	0.871818559373746
37.9558535745746	1.22066415878811	1.81964987461609	0.876468861451456
38.0169249399399	1.22680938357632	1.81984321659149	0.870639294640006
38.0779963053053	1.2375254955653	1.83580093826584	0.865254218072816
38.1390676706707	1.24708295164531	1.80965880751088	0.87955594667253
38.200139036036	1.25341459418659	1.80870072582628	0.88797610172476
38.2612104014014	1.26018387489064	1.78170756808757	0.871242954289665
38.3222817667668	1.26851955627632	1.80382426015829	0.873459101698554
38.3833531321321	1.27761765680291	1.80631018682057	0.870344810813816
38.4444244974975	1.28718029391602	1.82205571972563	0.864229892811446
38.5054958628629	1.29378734923363	1.84742358493868	0.858210988424512
38.5665672282282	1.29936305610598	1.84006951567011	0.849681801911924
38.6276385935936	1.30483366621882	1.81667136145538	0.837948285323231
38.688709958959	1.31019917957215	1.81475031432644	0.847863271292908
38.7497813243243	1.31545959616604	1.79099271247726	0.835451955521459
38.8108526896897	1.3186387984753	1.80111777746116	0.829328514807234
38.8719240550551	1.31833129802513	1.82940630238229	0.805083733921161
38.9329954204204	1.31901867761907	1.84033870430141	0.801537922550396
38.9940667857858	1.32082922261544	1.85822901596882	0.800605274914946
39.0551381511512	1.32376293301421	1.89019996733922	0.799386054173167
39.1162095165165	1.32781980881544	1.91056447602746	0.767619490485181
39.1772808818819	1.3329998500191	1.90761999352752	0.757710870206213
39.2383522472472	1.3393030566252	1.91915888829093	0.752263947289277
39.2994236126126	1.34672942863374	1.93013430384017	0.746849974530239
39.360494977978	1.35391482174182	1.92956804253815	0.727254021454641
39.4215663433433	1.35323745253706	1.96506067771424	0.711997696329587
39.4826377087087	1.35301589352331	1.98114317971605	0.698045529549654
39.5437090740741	1.35509768777719	1.96576302181821	0.680545700524449
39.6047804394394	1.35948283529874	1.97442722320449	0.657088025367941
39.6658518048048	1.36617133608785	1.9844623674026	0.621266901852667
39.7269231701702	1.37516319014464	2.01122196207149	0.602230942341939
39.7879945355355	1.38509471616171	2.01505258531333	0.575204962606439
39.8490659009009	1.38573778203527	2.04183538497127	0.554151644938928
39.9101372662663	1.38566997129994	2.06383049743977	0.504513892137944
39.9712086316316	1.38744078937491	2.09797167864343	0.463553419082364
40.032279996997	1.39105023626011	2.10861539261934	0.442121845498026
40.0933513623624	1.39649831195559	2.13134307091987	0.422320668171193
40.1544227277277	1.40378501646134	2.1588909175469	0.424945554924749
40.2154940930931	1.41291034977738	2.17556807089187	0.42567278857031
40.2765654584585	1.42387431190365	2.20415388651396	0.415495279681978
40.3376368238238	1.43667690284023	2.23860640916671	0.44047810066856
40.3987081891892	1.45131812258706	2.24592975287256	0.46391240640012
40.4597795545546	1.46779797114414	2.20778980899485	0.454824388957331
40.5208509199199	1.48611644851151	2.2098451947627	0.508453380481638
40.5819222852853	1.50627355468916	2.22274869641637	0.593110227626744
40.6429936506507	1.52826928967704	2.22997824314434	0.66208652224379
40.704065016016	1.55210365347526	2.23639200137029	0.725650044711517
40.7651363813814	1.5771066586507	2.24160686247002	0.761759035994257
40.8262077467467	1.5985549683347	2.27641823081896	0.750186555788877
40.8872791121121	1.61929852670372	2.33900807850723	0.770683671178415
40.9483504774775	1.64020008746248	2.36835470688667	0.82822119437265
41.0094218428428	1.66125965061098	2.44624026501498	0.845062066661682
41.0704932082082	1.68247721614919	2.52468215152877	0.877107257331847
41.1315645735736	1.70385278407713	2.58484916653825	0.937401807382124
41.1926359389389	1.72538635439486	2.61326469780467	0.994128703637483
41.2537073043043	1.74707792710228	2.64846613489167	1.04600662454335
41.3147786696697	1.76892750219943	2.68481825514255	1.10139561874074
41.375850035035	1.79093507968632	2.72302850522518	1.19608153042426
41.4369214004004	1.81310065956291	2.72450375077764	1.26188028246032
41.4979927657658	1.8358767904825	2.74542679712775	1.3264177826456
41.5590641311311	1.87005469390234	2.79543449827822	1.34775387171077
41.6201354964965	1.90573781101642	2.91720869344226	1.36904234465963
41.6812068618619	1.93684841819541	3.00783952422862	1.3861082185709
41.7422782272272	1.96338651543933	3.1571062232044	1.41108312869136
41.8033495925926	1.98535210274814	3.25511906933555	1.43592050157564
41.864420957958	2.00274518012193	3.33540840121293	1.44164331692018
41.9254923233233	2.0155657475606	3.38905401023746	1.48781197719945
41.9865636886887	2.02381380506427	3.35795989351264	1.51029675967851
42.0476350540541	2.02748935263276	3.31626724319938	1.52765830943749
42.1087064194194	2.02659239026624	3.24662142350282	1.53775433336286
42.1697777847848	2.02112291796465	3.09416864565866	1.55675504332269
42.2308491501501	2.01921647203926	3.06058844818701	1.56764716728956
42.2919205155155	2.03480061172397	3.08182778387336	1.57525928451946
42.3529918808809	2.04659624498005	3.17684303293992	1.57380409888167
42.4140632462462	2.05331911215813	3.27978894695754	1.58474762881172
42.4751346116116	2.05496921325816	3.19098336501014	1.58918836953179
42.536205976977	2.05154654828019	3.15201349192853	1.60441901691391
42.5972773423423	2.04305111722421	3.05180115443828	1.59097274152426
42.6583487077077	2.02981061765648	2.93520275143935	1.59123002708705
42.7194200730731	2.02472130659823	2.86708926816031	1.57354576432227
42.7804914384384	2.02456790198814	2.8268032625685	1.54964686900018
42.8415628038038	2.02363168158378	2.80138893579985	1.5169097072593
42.9026341691692	2.0219126453852	2.7696625548909	1.51830700032967
42.9637055345345	2.01941079339232	2.72257081695759	1.51391647836866
43.0247768998999	2.01612612560519	2.67166318018187	1.50199841492286
43.0858482652653	2.01205864202381	2.64557217084995	1.47991798001708
43.1469196306306	2.00720834264813	2.6083702475692	1.48397294393956
43.207990995996	2.00183162087034	2.57675476634544	1.4741465782455
43.2690623613614	1.99750088900594	2.54331306803362	1.41014058607926
43.3301337267267	1.99460182765984	2.5383558394353	1.3878956815429
43.3912050920921	1.99311503623658	2.55599458024945	1.33569997019043
43.4522764574575	1.9930405147361	2.53951130277634	1.31100945240526
43.5133478228228	1.9943782631585	2.52711818791661	1.36257416156947
43.5744191881882	1.9972503270895	2.53634402681274	1.37796623284075
43.6354905535536	2.00079987458469	2.55800494859092	1.32532717000635
43.6965619189189	2.00338396856752	2.57344519906275	1.29595334676122
43.7576332842843	2.00492563735662	2.56832112891803	1.2395071504897
43.8187046496496	2.00958819493507	2.57460022559576	1.24943113690889
43.879776015015	2.01551062131842	2.61062676950865	1.22594449347534
43.9408473803804	2.01482220935712	2.57403538290752	1.22309123588652
44.0019187457457	2.0201539692327	2.59349574918626	1.17046650124244
44.0629901111111	2.02376425000073	2.61305595609271	1.15558347253005
44.1240614764765	2.02540513192097	2.57739534669972	1.19386951145022
44.1851328418418	2.03016296512867	2.60082074316207	1.14812046851142
44.2462042072072	2.03523340492983	2.62851522972403	1.13940475157246
44.3072755725726	2.03969887227355	2.63827871642581	1.12163943485763
44.3683469379379	2.04355936716001	2.66896924894384	1.06297331574308
44.4294183033033	2.04681488958904	2.68203815593361	1.01119895238716
44.4904896686687	2.04946543956082	2.68991935482217	1.00410775976678
44.551561034034	2.05151101707514	2.69599990389729	1.01046172863211
44.6126323993994	2.05295162213221	2.69660610002607	0.953562773908586
44.6737037647648	2.05378725473185	2.68556444968669	1.05905277245284
44.7347751301301	2.05401791487417	2.66660141948228	1.11156358144412
44.7958464954955	2.05364360255918	2.6696608159797	1.19810550728857
44.8569178608609	2.05266431778676	2.65497415355031	1.22099291433616
44.9179892262262	2.05079259332447	2.63803665185687	1.25815213519419
44.9790605915916	2.04656903458706	2.61777351941251	1.23326162368003
45.040131956957	2.04276551188357	2.59301659442456	1.22983981274595
45.1012033223223	2.03996561304166	2.59016372610685	1.22786029554529
45.1622746876877	2.03786977390847	2.5520156848269	1.2758750391819
45.223346053053	2.0334615996141	2.53078859015968	1.22702541488003
45.2844174184184	2.03026528436447	2.52270095874037	1.23271614551066
45.3454887837838	2.02948516739821	2.48326643296032	1.31182622145372
45.4065601491492	2.02497158858033	2.4606065012995	1.32580467084469
45.4676315145145	2.01942069029003	2.43996394233484	1.30748325457864
45.5287028798799	2.01416458163448	2.41074073565688	1.351753398146
45.5897742452452	2.00517300977671	2.42287204588402	1.32908656352193
45.6508456106106	1.99675363152001	2.43564088159267	1.31232489520215
45.711916975976	1.98894778556395	2.44460980710359	1.31124436733142
45.7729883413413	1.98175547190844	2.45919675372549	1.29540023875258
45.8340597067067	1.97517669055358	2.47361631777054	1.31197081588264
45.8951310720721	1.96921144149933	2.48383557844222	1.30374540693218
45.9562024374374	1.96385972474569	2.4958932826816	1.2897577898386
46.0172738028028	1.95912154029263	2.50732569135304	1.24819649171953
46.0783451681682	1.95499688814015	2.52026492922381	1.27142069444908
46.1394165335335	1.95148576828835	2.5320033589841	1.25889501864638
46.2004878988989	1.94858818073713	2.53533446282418	1.23876795076269
46.2615592642643	1.94630412548648	2.54084128567884	1.25083514884377
46.3226306296296	1.9446336025365	2.54462019899208	1.2472298998242
46.383701994995	1.94357661188707	2.54716830964011	1.23285960709362
46.4447733603604	1.94313315353828	2.54824250064164	1.23733013477819
46.5058447257257	1.94330322749011	2.54782568357909	1.26905595058571
46.5669160910911	1.9440868337425	2.54207927923854	1.24954717307497
46.6279874564565	1.94548397229555	2.53520703168541	1.23242943810929
46.6890588218218	1.94749464314913	2.5311139345757	1.2309032769853
46.7501301871872	1.9501188463034	2.52623088872709	1.24171684918566
46.8112015525526	1.95335658175824	2.51864004054095	1.2501589641491
46.8722729179179	1.95720784951368	2.51409530968215	1.25864816507413
46.9333442832833	1.96167264956977	2.51039089959507	1.24348867557728
46.9944156486486	1.9667509819264	2.51458209596296	1.23420285066785
47.055487014014	1.97244284658369	2.49963924679387	1.23088267630695
47.1165583793794	1.97836869864729	2.50977754814805	1.22697721799847
47.1776297447447	1.97762966086285	2.52276803500255	1.22802749612553
47.2387011101101	1.97494458048184	2.54167233521987	1.23041712521734
47.2997724754755	1.97317217044612	2.55982460155607	1.23916955700705
47.3608438408408	1.9723124307558	2.58346862403796	1.2414640844347
47.4219152062062	1.97236536141076	2.617910641715	1.24614466401195
47.4829865715716	1.97333096241111	2.63003666287014	1.24866246210864
47.5440579369369	1.97520923375678	2.64689314404431	1.25653826192492
47.6051293023023	1.97800017544774	2.67846749929573	1.2623203637095
47.6662006676677	1.98170378748406	2.69496008159693	1.27428264717333
47.727272033033	1.98632006986571	2.72104386289689	1.28860818657344
47.7883433983984	1.9918490225927	2.74035551536272	1.26941183303186
47.8494147637638	1.99829064566504	2.7812520553487	1.27992177499051
47.9104861291291	2.00564493908267	2.82082502871609	1.27327938804828
47.9715574944945	2.01391190284568	2.8334173238218	1.2575463309178
48.0326288598599	2.02309153695402	2.84587309987463	1.26732501027977
48.0937002252252	2.03318384140761	2.86023487573435	1.25251560930744
48.1547715905906	2.04418881620664	2.87130631386478	1.27904951131697
48.215842955956	2.05610646135094	2.88596818365744	1.2648292750691
48.2769143213213	2.06893677684059	2.91560632360977	1.26256319090101
48.3379856866867	2.08267976267555	2.92878479286548	1.2621564872424
48.3990570520521	2.09733541885588	2.94014306791501	1.3003169203101
48.4601284174174	2.11290374538152	2.9513236032308	1.31346351026623
48.5211997827828	2.12938474225252	2.96232639881289	1.31558493227949
48.5822711481482	2.14677840946882	2.97061839371135	1.32168448677285
48.6433425135135	2.16508474703048	2.97615272447564	1.33919132651738
48.7044138788789	2.18430375493745	2.99184192236622	1.34999598855891
48.7654852442442	2.20443543318975	2.99183383378359	1.36388023169227
48.8265566096096	2.2254797817874	3.01559021165218	1.38488647439748
48.887627974975	2.24743680073037	3.02584185304237	1.41054537533158
48.9486993403403	2.27030649001872	3.02844553034425	1.44030135412249
49.0097707057057	2.2940888496523	3.02938562308533	1.45529369126132
49.0708420710711	2.31878387963133	3.05636585550728	1.51265290562482
49.1319134364364	2.3443915799556	3.06590123407935	1.55459134547257
49.1929848018018	2.37091195062525	3.08740265483476	1.60295065985997
49.2540561671672	2.39834499164021	3.09410834859495	1.65066776247276
49.3151275325325	2.42669070300053	3.10110927547461	1.69021854122499
49.3761988978979	2.45594908470618	3.1038632145754	1.72112280337267
49.4372702632633	2.48612013675714	3.12156603658075	1.77906468303096
49.4983416286286	2.51720385915347	3.14246359009961	1.79339214266469
49.559412993994	2.54920025189508	3.16407594549434	1.82108185725524
49.6204843593594	2.58144351384062	3.18721865054072	1.87288466915986
49.6815557247247	2.61331058093404	3.268979672002	1.89944455902234
49.7426270900901	2.64581901625989	3.36312896819681	1.83325432897202
49.8036984554555	2.67898767326296	3.40492445774544	1.8279983255789
49.8647698208208	2.71281655194318	3.45831058691218	1.9058148668945
49.9258411861862	2.74730565230066	3.49495614446945	1.95048596674448
49.9869125515516	2.78245497433521	3.5598846146339	2.01627979218049
50.0479839169169	2.82157352667609	3.62221333848497	2.04166488136274
50.1090552822823	2.86432119834544	3.71990552822444	2.0327878364268
50.1701266476476	2.9044025419059	3.8022456801143	2.04660188128129
50.231198013013	2.94176090525353	3.83840381503924	2.05210711783655
50.2922693783784	2.97639628838812	3.89430517841558	2.06167292999222
50.3533407437437	3.00830869130987	3.92414397478384	2.0564028959414
50.4144121091091	3.03749811401856	4.01543937618552	2.11248721862199
50.4754834744745	3.06953645000495	4.0609396947984	2.12860750285209
50.5365548398398	3.12183160336997	4.13404097120432	2.17269957631768
50.5976262052052	3.17381652281343	4.19722530729099	2.23222267182673
50.6586975705706	3.2229838550479	4.29856580200631	2.29038190583828
50.7197689359359	3.26933360007333	4.35757203643426	2.34310511764493
50.7808403013013	3.31286575788978	4.42782578776898	2.38028223915004
50.8419116666667	3.35358032849722	4.48558165160028	2.41042531268103
50.902983032032	3.39147731189564	4.53956751733811	2.42149183527916
50.9640543973974	3.42655670808513	4.59608773986844	2.46655233233358
51.0251257627628	3.45881851706551	4.62871951433757	2.49470340287525
51.0861971281281	3.48826273883694	4.68994264767549	2.5219972068041
51.1472684934935	3.51488937339938	4.74188030606153	2.53548597877257
51.2083398588589	3.53869842075276	4.78451593335335	2.53818690335848
51.2694112242242	3.55968988089727	4.82568911975315	2.57721992569986
51.3304825895896	3.57786375383264	4.8422273415317	2.6308324500171
51.391553954955	3.59322003955902	4.85460714195635	2.64402285285664
51.4526253203203	3.60575873807644	4.83934094835502	2.65627628333621
51.5136966856857	3.61547984938487	4.81594995120417	2.67062937393537
51.5747680510511	3.62238337348423	4.78090453840705	2.71920049366131
51.6358394164164	3.62646931037463	4.76415142899409	2.73567869449304
51.6969107817818	3.62930969256344	4.75069160475614	2.75196722549951
51.7579821471471	3.64650236724042	4.75810354354933	2.77885118928663
51.8190535125125	3.67050817588881	4.77858496259227	2.80640071305552
51.8801248778779	3.70270991857234	4.78812951668505	2.86512990822153
51.9411962432432	3.75160562183531	4.97080048976606	2.89288829087741
52.0022676086086	3.79583787511521	5.02193777824482	2.91809433583299
52.063338973974	3.83353589751788	5.11339075322131	2.93331270968275
52.1244103393393	3.8646996890432	5.33373349216023	2.94448669511669
52.1854817047047	3.88932924969127	5.44760403569345	2.93675635222397
52.2465530700701	3.90742457946202	5.62039164681536	2.91310604992707
52.3076244354354	3.91898567835553	5.66099096601723	2.91702452895893
52.3686958008008	3.92401254637167	5.70115426235709	2.93030408207552
52.4297671661662	3.92250518351056	5.88310169577863	2.92628766964325
52.4908385315315	3.91992197035442	5.99711827803072	2.95179816703542
52.5519098968969	3.95493247477052	5.92851797105577	2.95289625087567
52.6129812622623	3.97317846591229	5.9960824662089	2.90177039444545
52.6740526276276	3.96205666793591	5.9727067887388	2.85012593988026
52.735123992993	3.99730603182453	5.99406671145844	2.80250283307914
52.7961953583584	4.04616177871122	6.05941004154001	2.75868943908565
52.8572667237237	4.06967541017361	6.12666705881271	2.66258339787623
52.9183380890891	4.06784692621156	6.16105368428941	2.58723150278247
52.9794094544545	4.04067632682512	6.16675249069654	2.53049714944886
53.0404808198198	3.98959464623936	6.180391106978	2.50214345413168
53.1015521851852	3.99511170646452	6.08759536578812	2.26144310234577
53.1626235505505	4.01084289582521	6.29618865438859	2.10465544649353
53.2236949159159	3.98450362422893	6.50095662414641	1.89248719556702
53.2847662812813	3.91609389167564	6.28877654756557	1.77403328916188
53.3458376466466	3.80562630384976	6.02543449094215	1.70676859270239
53.406909012012	3.70622973490377	5.87178964673324	1.57634169508661
53.4679803773774	3.6051156036795	5.66999920423499	1.45261993677147
53.5290517427427	3.45264015772039	5.10987302065035	1.41940719441964
53.5901231081081	3.32581309492031	5.03423467343725	1.47448686079079
53.6511944734735	3.21924891837532	4.94934386575244	1.4984327472741
53.7122658388388	3.11819117062063	4.83823748720921	1.40741192837291
53.7733372042042	3.02263985165618	4.68496858472056	1.41533790944491
53.8344085695696	2.93259496148199	4.52817664943132	1.45743248977923
53.8954799349349	2.84805650009803	4.34923514140469	1.47504684319999
53.9565513003003	2.76902446750421	4.14666845391181	1.48320661587721
54.0176226656657	2.69183600776323	3.97809318613172	1.46341304968318
54.078694031031	2.59375724086612	3.84726356402786	1.34585342094342
54.1397653963964	2.49799344237803	3.78108443472529	1.24452175299865
54.2008367617618	2.41022880856139	3.75939386085696	1.14412602792603
54.2619081271271	2.33046333941634	3.70202751121322	1.02770747404174
54.3229794924925	2.25869703494263	3.70610340280051	0.903653927939609
54.3840508578579	2.19492989514058	3.72547921025898	0.762258161799205
54.4451222232232	2.13916192000993	3.69191202688254	0.627743336071939
54.5061935885886	2.09139310955086	3.66164686914071	0.541753536527188
54.567264953954	2.05162346376316	3.59292851596235	0.393903328610174
54.6283363193193	2.01985298264712	3.58488555736843	0.37705819751343
54.6894076846847	1.99608166620244	3.56676224686102	0.367792403248063
54.75047905005	1.98030951442935	3.53094208821519	0.375772839801792
54.8115504154154	1.97253652732775	3.49468675708752	0.355597654608618
54.8726217807808	1.97276270489761	3.45621962957992	0.410267997501294
54.9336931461461	1.98098804713906	3.41861740645845	0.431870064729169
54.9947645115115	1.99721255405191	3.35548432207833	0.509428579642567
55.0558358768769	2.02143622563625	3.31342295915483	0.571430633572059
55.1169072422422	2.05365906189216	3.30898985100173	0.661106357743044
55.1779786076076	2.09388106281961	3.3020020676516	0.755664462587949
55.239049972973	2.14210222841846	3.33179244620707	0.833281528843816
55.3001213383383	2.16988652901012	3.35664076232764	0.962290131935268
55.3611927037037	2.17652535262914	3.36793578600453	1.01553045522332
55.4222640690691	2.19836473850898	3.36872872181078	0.998766033824975
55.4833354344344	2.23535737374628	3.3589340068255	0.967034352627282
55.5444067997998	2.26519672706255	3.4062921643229	0.93456394586042
55.6054781651652	2.29371056597684	3.42238317786519	1.08045327108417
55.6665495305305	2.337849804719	3.44309278995936	1.18584144064549
55.7276208958959	2.39761444328897	3.46284832580137	1.25335188942856
55.7886922612613	2.4730044816868	3.49652514717504	1.30726153959764
55.8497636266266	2.55301712519929	3.51828880403475	1.43561669391651
55.910834991992	2.63038791556487	3.53396348336645	1.5319820762271
55.9719063573574	2.71680143293082	3.60167996171934	1.67123199540691
56.0329777227227	2.81230883010888	3.64870535777377	1.86410933511036
56.0940490880881	2.91690722200778	3.70425404034625	2.01013788082275
56.1551204534535	3.02776417837726	3.7879760279934	2.15092677690836
56.2161918188188	3.13693799744615	3.88537288558714	2.26544967928001
56.2772631841842	3.2430607357181	3.95995051734409	2.39199985940562
56.3383345495496	3.3461323931932	4.09462157150321	2.49482090485624
56.3994059149149	3.44615296987132	4.257684974633	2.59141361370927
56.4604772802803	3.54312246575273	4.40265207304916	2.68177858234125
56.5215486456456	3.63704088083711	4.51988598360638	2.78085389737608
56.582620011011	3.72790821512469	4.61031498289259	2.87446062640984
56.6436913763764	3.81572446861531	4.66897153158372	2.97105588355857
56.7047627417417	3.90048964142321	4.73230005383304	3.06734390011382
56.7658341071071	4.00052357212771	4.92384308433321	3.13952832772917
56.8269054724725	4.10216043438442	5.30160862707032	3.17138121394853
56.8879768378378	4.18025692227108	5.47127194371956	3.19302886944209
56.9490482032032	4.23481303578786	5.46050768515826	3.23553669889093
57.0101195685686	4.28375953005281	5.45215389154096	3.23921852621257
57.0711909339339	4.37741003607572	5.65096370501289	3.20472538821573
57.1322622992993	4.4499172215783	5.78574234520378	3.22288623229349
57.1933336646647	4.50961653820777	5.79702706217597	3.19620980091093
57.25440503003	4.54111380237525	5.91096542680092	3.15112400214415
57.3154763953954	4.5579449242155	5.90580198457344	3.1380545310126
57.3765477607608	4.49449095535214	5.65949067838185	3.13602389015325
57.4376191261261	4.48479633764697	5.64302158486179	3.12486955113707
57.4986904914915	4.44211981261583	5.26038964523908	3.1073181780029
57.5597618568569	4.41935948228118	5.22222118674092	3.08778627898119
57.6208332222222	4.39967989980246	5.21136480078963	3.08461085129347
57.6819045875876	4.3750958009245	5.19000804841989	3.06467535723013
57.742975952953	4.34613227507747	5.2168125920166	3.05508902470839
57.8040473183183	4.33205627326417	5.23967521303236	3.03690416162496
57.8651186836837	4.32202606849778	5.30531988592629	3.01201388374403
57.926190049049	4.31299208715789	5.36022967673599	3.01816231832736
57.9872614144144	4.30495432924463	5.41318971023993	3.02637456950254
58.0483327797798	4.29791279475799	5.46120594186018	3.02665137807106
58.1094041451451	4.29136897882122	5.51442422533995	3.03243493536624
58.1704755105105	4.26661725254939	5.57553866159022	3.02536756477173
58.2315468758759	4.22688201960625	5.65922854608198	3.01997446757754
58.2926182412412	4.18207179047885	5.77367071319881	3.01243673842053
58.3536896066066	4.13849259632047	5.9167060804643	3.00318466597007
58.414760971972	4.04798752929953	5.96859116095492	2.99455821911887
58.4758323373373	3.97988967503277	5.89712903483381	2.98361584197065
58.5369037027027	3.77273244151457	5.82581993139454	2.96702673929525
58.5979750680681	3.69367694305454	5.6268995756925	2.95764201421162
58.6590464334334	3.6046646178183	5.35568937573838	2.94608420273037
58.7201177987988	3.5165272251886	5.09042439249988	2.93031699957564
58.7811891641642	3.42926476516533	4.83110462597598	2.9101356583153
58.8422605295295	3.34287723774862	4.57985249033113	2.89101979210796
58.9033318948949	3.25736464293851	4.33779090810967	2.8618666542868
58.9644032602603	3.17272698073485	4.10061479610385	2.83567900014184
59.0254746256256	3.08896425113773	3.86667861898174	2.80839792606147
59.086545990991	3.00607645414716	3.62975869577632	2.76134974178062
59.1476173563564	2.92406358976304	3.40003557786079	2.70271064559424
59.2086887217217	2.84292565798557	3.19772392759768	2.61467490007402
59.2697600870871	2.76266265881451	3.08270466718642	2.52488742399571
59.3308314524525	2.68327459225009	3.00114117024798	2.41474825700385
59.3919028178178	2.60476145829207	2.99021468473747	2.30827578303607
59.4529741831832	2.52712325694058	2.98463327816456	2.17670873618465
59.5140455485486	2.45035998819579	2.97781770685355	2.02248302640322
59.5751169139139	2.3744716520573	2.97130830406305	1.86396415296029
59.6361882792793	2.29945824852555	2.96228276893811	1.70338013051187
59.6972596446446	2.2253197776	2.95591581211856	1.54144005431801
59.75833101001	2.15205623928141	2.95150695778855	1.39346007802038
59.8194023753754	2.07966763356905	2.94905461066387	1.23993124748502
59.8804737407407	2.0081539604633	2.94706865027799	1.09070861197545
59.9415451061061	1.937515219964	2.94119887038233	0.95235293835222
60.0026164714715	1.86775141207132	2.94018785971478	0.798367083343293
60.0636878368368	1.79886253678514	2.93637700429723	0.646498532684775
60.1247592022022	1.73084859410546	2.93150608103538	0.502449185335657
60.1858305675676	1.66370958403237	2.92580445944672	0.361553316301839
60.2469019329329	1.59744550656569	2.91919634029801	0.235653623018743
60.3079732982983	1.53205636170567	2.9124703807067	0.127897765827306
60.3690446636637	1.46754214945208	2.9056265806732	0.0229481782684346
60.430116029029	1.40390286980504	2.89866494019635	0
60.4911873943944	1.34113852276448	2.89425312814826	0
60.5522587597598	1.27924910833064	2.89147750842924	0
60.6133301251251	1.21823462650307	2.88868032387745	0
60.6744014904905	1.15809507728216	2.8858208931357	0
60.7354728558559	1.0988304606677	2.88210992628762	0
60.7965442212212	1.04044077665986	2.87837411287117	0
60.8576155865866	0.982926025258455	2.87461345288693	0
60.918686951952	0.918737458013066	2.83289153445776	0
60.9797583173173	0.858928847900099	2.82788264942931	0
