phys	rec.rate	upper	lower
0.00734572272272272	NA	NA	NA
0.0220371681681682	NA	NA	NA
0.0367286136136136	0	6.78040224620379	0
0.0514200590590591	0	6.36914052222969	0
0.0661115045045045	0	5.93399700188884	0
0.08080294994995	0	5.38039987887258	0
0.0954943953953954	0	4.96620470359278	0
0.110185840840841	0	4.43179203524731	0
0.124877286286286	0	3.99335472047374	0
0.139568731731732	0	3.83962215134207	0
0.154260177177177	0	3.44250908044369	0
0.168951622622623	0	3.08039741177684	0
0.183643068068068	0	2.76394883141578	0
0.198334513513514	0	2.79096108412436	0
0.213025958958959	0	2.7890071311061	0
0.227717404404404	0	2.71586294891766	0
0.24240884984985	0	2.73304997188883	0
0.257100295295295	0	2.85895774365744	0
0.271791740740741	0	3.14061780807587	0
0.286483186186186	0	3.09847935694593	0
0.301174631631632	0	3.34641593279371	0
0.315866077077077	0	3.64220303590319	0
0.330557522522523	0	3.96619051780158	0
0.345248967967968	0	4.24235745432556	0
0.359940413413413	0	4.44050023154394	0
0.374631858858859	0	4.80227529139428	0
0.389323304304304	0	5.07993269626102	0
0.40401474974975	0.159073173973977	5.40391308358512	0
0.418706195195195	0.603776773746302	5.68790715337157	0
0.433397640640641	1.15219896522204	5.98772523302264	0
0.448089086086086	1.80433974840118	6.23160880806139	0
0.462780531531532	2.56019912328375	6.54904944628751	0
0.477471976976977	3.3774288355697	6.92509846536867	0
0.492163422422423	4.17576975745448	7.54865372608869	0
0.506854867867868	4.96771660655762	8.34064335425079	0
0.521546313313313	5.67025986551642	9.83123755548388	0
0.536237758758759	6.55151609208161	11.8985778229565	0
0.550929204204204	7.57589975234431	13.6425901313999	1.00350384270878
0.56562064964965	8.95411870959456	15.3268234117717	2.33650183399776
0.580312095095095	10.3405706042704	16.7297824125136	3.79750108111568
0.595003540540541	11.8037807949718	19.0520593628422	6.37385240596437
0.609694985985986	13.1907886419403	21.455374128809	7.96207150900371
0.624386431431431	14.5305474993912	23.8549632266146	8.68266082311565
0.639077876876877	15.709244302819	26.2384829462284	9.04890754682296
0.653769322322322	16.6878702221986	27.4591958073289	9.36130194117773
0.668460767767768	17.46642525753	29.3739170129457	9.65138798716451
0.683152213213213	18.0449094088132	30.7077588218403	9.90190266046748
0.697843658658659	18.4233226760483	30.8729878084165	10.1817327937277
0.712535104104104	18.6016650592352	30.2544013848006	10.4258468606246
0.72722654954955	18.5799365583738	29.7997060375197	10.6526176844684
0.741917994994995	18.3704735635652	29.8388651870199	10.8448440286959
0.756609440440441	18.2508849176858	28.4967653915703	10.9977132607538
0.771300885885886	18.0351297320826	27.5298399863277	11.2018323959939
0.785992331331331	17.8271798294045	26.0471666832028	11.614960052746
0.800683776776777	17.5044456325636	25.3333587130453	11.6990605489504
0.815375222222222	17.3436187828451	24.5738464051587	11.8566734250878
0.830066667667668	17.1288413500757	24.5079519077655	11.8191532045143
0.844758113113113	16.9237487782215	23.6491591030547	11.6866506869284
0.859449558558559	16.7761758775436	23.2454785270027	11.4250978679275
0.874141004004004	16.6106129218974	22.6552061945162	11.0628002666847
0.88883244944945	16.3573591494953	22.1689427698704	10.60677138764
0.903523894894895	16.0164145603371	21.7003128527308	10.3313050924482
0.91821534034034	15.6186201568007	21.2794629365356	9.88144669528912
0.932906785785786	15.2375737040813	20.9876887088821	9.59003084510244
0.947598231231231	14.8098269674787	20.249030091185	8.99271248328561
0.962289676676677	14.3915039766477	19.6659464151276	7.70095803219295
0.976981122122122	14.0829218280711	19.4993326206818	6.32700735329968
0.991672567567568	13.8389863332736	19.3221227568617	6.16846756553447
1.00636401301301	13.6338771842933	19.1984359348783	5.44306332253406
1.02105545845846	13.4802481155349	18.9402916139064	5.37728994857848
1.0357469039039	13.3230083050202	18.7816688031761	5.8959948992418
1.05043834934935	13.2124802323399	18.4850788552785	5.65604973929938
1.06512979479479	13.178944713404	18.0637783537478	6.38716702877325
1.07982124024024	13.1814506918162	17.8131853290464	7.23646780885083
1.09451268568569	13.1973007180109	17.3157627565275	7.86365166479979
1.10920413113113	13.1491944233372	17.1273056139998	8.02405041773497
1.12389557657658	13.0891296293479	17.1079747530437	8.55445084833973
1.13858702202202	13.0018973805293	16.9365061011553	8.30568418730551
1.15327846746747	12.8999042138998	16.7345538637164	8.71467609653663
1.16796991291291	12.8175156898636	16.545158378992	8.73237949735789
1.18266135835836	12.7656324389781	16.3982705169174	8.68009214315137
1.1973528038038	12.7406245264121	16.2013658759097	8.81446903163414
1.21204424924925	12.6850059560252	15.998136881718	8.96991607363003
1.22673569469469	12.6329016495018	15.9786705743021	9.13966966828877
1.24142714014014	12.6076684506196	15.9242534771422	9.39167972409823
1.25611858558559	12.6093063593786	15.8431749761992	9.65332484004057
1.27081003103103	12.6378153757786	15.6889708502422	9.89882472218883
1.28550147647648	12.6641111780223	15.6180553150871	10.0415041716835
1.30019292192192	12.6730349288242	15.4345529299016	10.1664296272036
1.31488436736737	12.7000074511033	15.2996518864559	10.3180059208168
1.32957581281281	12.7242909721366	15.1694252277873	10.4803946001218
1.34426725825826	12.752243352448	15.0754904885904	10.5127627356164
1.3589587037037	12.7943631902463	14.8754206248568	10.577247415653
1.37365014914915	12.8484285513224	14.76297460629	10.6400852947927
1.38834159459459	12.8918494852792	14.7190710175492	10.6883563586805
1.40303304004004	12.9390807800391	14.7244024272676	10.7275310534152
1.41772448548549	12.9837485119967	14.8038499649369	10.7558288517447
1.43241593093093	13.0090883089136	14.8727181633828	10.8581984150645
1.44710737637638	13.027477874201	14.9348334863042	10.9538853370023
1.46179882182182	13.0526361501781	15.0031081634856	11.0223151868024
1.47649026726727	13.0845631368447	15.0895424389341	11.1434296170832
1.49118171271271	13.1232588342011	15.1657857660019	11.2045202061944
1.50587315815816	13.1687232422472	15.1996975372181	11.2811387617732
1.5205646036036	13.2209563609828	15.2853881405579	11.3225996630316
1.53525604904905	13.2799581904082	15.3560714109042	11.3880694867465
1.54994749449449	13.3457287305233	15.3828564916048	11.4693208323174
1.56463893993994	13.4182679813279	15.4681223482722	11.5492443735507
1.57933038538539	13.4975759428223	15.5114335550574	11.6044939765047
1.59402183083083	13.5836526150062	15.6318511475876	11.6693313299183
1.60871327627628	13.6727955760151	15.6853224338402	11.6762895690188
1.62340472172172	13.7583223052446	15.8097770357126	11.6580468144729
1.63809616716717	13.8503071741375	15.9310901024487	11.6745993473827
1.65278761261261	13.9475522812481	16.0536838075334	11.7532660569938
1.66747905805806	14.0439676069843	16.1683317569081	11.7848585233474
1.6821705035035	14.1417441724045	16.3117491726525	11.8348859918471
1.69686194894895	14.2426124864972	16.4953651507577	11.8773741446561
1.71155339439439	14.3489503796718	16.624481365458	11.9361338888976
1.72624483983984	14.4607578519282	16.8320248553293	11.9575774893564
1.74093628528529	14.5780349032666	17.01020644155	12.0449078617552
1.75562773073073	14.7007815336867	17.1799294744112	12.0567354069333
1.77031917617618	14.8289977431888	17.4331190752769	12.0777954025887
1.78501062162162	14.9626835317726	17.6437268403777	12.1518106411694
1.79970206706707	15.1018388994385	17.8343003106486	12.2188661450907
1.81439351251251	15.246463846186	18.0103717719835	12.3458653881889
1.82908495795796	15.3965583720155	18.1768599950434	12.5485142380077
1.8437764034034	15.5521224769269	18.3338518966058	12.7114440463904
1.85846784884885	15.7131561609201	18.4792185236996	12.9329369070694
1.87315929429429	15.8796594239952	18.6334468600614	13.1684706900489
1.88785073973974	16.0516322661522	18.7517738855286	13.4477650881504
1.90254218518519	16.2290746873909	18.8773077131484	13.7650519853104
1.91723363063063	16.4119866877116	18.9880734807184	14.0531285362691
1.93192507607608	16.6097181519289	19.0914217224536	14.3580648246791
1.94661652152152	16.8501229425148	19.1916121567003	14.6945173464765
1.96130796696697	17.0888140355038	19.3179054202641	14.9112948029157
1.97599941241241	17.3169910972962	19.6915472208812	15.1833443272576
1.99069085785786	17.5346541278923	19.8111381059753	15.5282739343768
2.0053823033033	17.7418042184678	20.1459045281437	15.816442472801
2.02007374874875	17.9840066923565	20.5122975889389	15.9645755101361
2.03476519419419	18.2944023593588	20.867739821678	16.0797576608157
2.04945663963964	18.578791143139	21.1698901263554	16.1764564390781
2.06414808508509	18.828602665331	21.4372487435372	16.2433611922639
2.07883953053053	19.0438369259347	21.7797022265711	16.2937730896
2.09353097597598	19.2244939249504	22.1885869146381	16.2919815916484
2.10822242142142	19.3705736623777	22.5220800183154	16.3622322137072
2.12291386686687	19.482076138217	22.684877026235	16.4151619892514
2.13760531231231	19.559001352468	22.9691079000669	16.3890565126502
2.15229675775776	19.6187687660334	23.0842816125418	16.3196325827755
2.1669882032032	19.696282460763	23.1422880240147	16.3821355650124
2.18167964864865	19.7369348951354	23.1204392672392	16.3911634608246
2.19637109409409	19.7365032004821	23.0539859011568	16.3537711471436
2.21106253953954	19.6949873768032	22.9891365246065	16.3259086276753
2.22575398498499	19.6123874240986	22.9909250694456	16.2739277089617
2.24044543043043	19.4887033423683	22.9307567075657	16.179959978024
2.25513687587588	19.3239351316124	22.6978993736505	16.1123357527901
2.26982832132132	19.1184510977124	22.6283574336694	15.9755266072257
2.28451976676677	18.9347070208315	22.504607483692	15.9224935806996
2.29921121221221	18.8196886347174	22.4309107937202	15.8562151585495
2.31390265765766	18.7496246879343	22.1806710250179	15.7752036755405
2.3285941031031	18.6701782365652	21.9800989729747	15.5954506701877
2.34328554854855	18.6394514065887	22.0714443574406	15.4361534889954
2.35797699399399	18.618602639955	21.9314753112084	15.3246403394252
2.37266843943944	18.55123164197	21.8849178955274	15.1400454212918
2.38735988488489	18.4373384126341	21.7752153467564	15.0645371397593
2.40205133033033	18.2769229519469	21.5842620352255	14.9923063064724
2.41674277577578	18.082551101622	21.2438805761888	14.9202446296161
2.43143422122122	17.9160942293033	20.7844505087437	14.8626367685731
2.44612566666667	17.710289072328	20.5094586589004	14.7544134239642
2.46081711211211	17.4518714855362	20.1904934562194	14.7158155576637
2.47550855755756	17.1648112399097	19.810908362332	14.6495081761829
2.490200003003	16.9413082409539	19.8589123427418	14.3993955990032
2.50489144844845	16.693623441649	19.9399821625088	14.1419927613376
2.51958289389389	16.4339497876653	19.8478128433491	13.8535204510389
2.53427433933934	16.1372456426161	19.2175080757678	13.468699324881
2.54896578478478	15.8069289013164	18.3549452111477	12.9921443089128
2.56365723023023	15.4612358443499	17.6166337421941	12.5206446164086
2.57834867567568	15.1305542490057	17.4149411287372	12.1005919111963
2.59304012112112	14.8286836214984	17.2461157726593	11.5436416701863
2.60773156656657	14.5540744729984	17.1337913940776	11.0527780179148
2.62242301201201	14.3067268035059	16.9627422266127	10.6892546308683
2.63711445745746	14.0866406130207	16.826098152482	10.2511236834381
2.6518059029029	13.8938159015428	16.7397530427582	9.85797459780671
2.66649734834835	13.7282526690724	16.7184476013804	9.40705288908003
2.68118879379379	13.5646932905312	16.7168339867627	8.98607734873751
2.69588023923924	13.385092519543	16.6993558138485	8.8454823710346
2.71057168468468	13.2325178025734	16.6921686841898	8.49908329218476
2.72526313013013	13.1077361920815	16.6784171685043	8.23375364446511
2.73995457557558	13.0107476880673	16.6561346197238	8.04684217277716
2.75464602102102	12.9415522905308	16.6543998634822	7.88670146400651
2.76933746646647	12.9001499994721	16.6180069490672	7.83287189777776
2.78402891191191	12.8865408148911	16.5907314645856	7.94087140193315
2.79872035735736	12.9007247367878	16.5726103600315	7.88715491036482
2.8134118028028	12.9427017651622	16.5532137412969	7.98089325863922
2.82810324824825	12.9969534007847	16.5055504594496	8.05462155447332
2.84279469369369	13.0245495217788	16.4870438716225	8.06928580903486
2.85748613913914	13.0758366340725	16.4820618835879	8.13245746059261
2.87217758458458	13.1556121538115	16.4820853456071	8.33206639026275
2.88686903003003	13.2638760809956	16.5164534839926	8.52300901656335
2.90156047547548	13.4006284156252	16.4828400162223	8.77650333373234
2.91625192092092	13.5658691576998	16.4755155513218	9.13924905385747
2.93094336636637	13.7534236730928	16.4218484656282	9.53379487239852
2.94563481181181	13.9252477609759	16.4907792195901	9.9460848076191
2.96032625725726	14.1098821129731	16.8192764565378	10.4339323778864
2.9750177027027	14.3145259291451	17.0226035206567	10.935246891149
2.98970914814815	14.5374225696267	17.3024293796802	11.354889682973
3.00440059359359	14.7559916600046	17.5302913123889	11.9112599043287
3.01909203903904	14.9820715593772	18.0653118844244	12.3120519463501
3.03378348448449	15.2173679567104	18.324084974599	12.6784825713249
3.04847492992993	15.4051105072965	18.4636689016688	12.8564647431338
3.06316637537538	15.5592314484052	18.6888382222615	13.0113127566366
3.07785782082082	15.6888507603032	18.9081078763128	12.9226184092659
3.09254926626627	15.794000747906	19.1852345721746	12.6960571673093
3.10724071171171	15.8728827770717	19.4625662841195	12.6268805252384
3.12193215715716	15.9298191119053	19.3042292358036	12.685591052388
3.1366236026026	15.9762817691433	19.4924751968572	12.8266449857716
3.15131504804805	16.0489671883978	19.3261425158592	13.1423482696658
3.16600649349349	16.1687889576728	19.7569096956045	13.2970443796385
3.18069793893894	16.25882774067	19.6798352328878	13.4778099776787
3.19538938438438	16.3561927064299	19.5303850508417	13.6900326257642
3.21008082982983	16.4899550822084	19.8431332017657	13.6741833217714
3.22477227527528	16.6372783955066	20.1629408315598	13.6082406601649
3.23946372072072	16.7574956537804	20.4525890083089	13.6005964292527
3.25415516616617	16.8492381168047	20.6550502435099	13.5376186925427
3.26884661161161	16.9125057845793	20.8617591902966	13.4859406559702
3.28353805705706	16.9472986571045	21.0262833823637	13.5073771107777
3.2982295025025	16.9641390530563	21.1660090761597	13.4401924828652
3.31292094794795	16.9991710596992	21.3072526581941	13.3705658275027
3.32761239339339	17.008235580974	21.2913585473589	13.2910446552401
3.34230383883884	16.9852720877835	21.3367333056183	13.1893993676313
3.35699528428428	16.9302805801277	21.3732402115027	13.1274287481892
3.37168672972973	16.8432610580067	21.4232797831562	13.0881196311242
3.38637817517518	16.7242135214205	21.2819861417007	13.0205514356246
3.40106962062062	16.6074082127568	21.1145503976683	12.8925663508804
3.41576106606607	16.5204353517344	21.1010324796101	12.7652758640482
3.43045251151151	16.4542958214138	21.0108895436759	12.7242038934756
3.44514395695696	16.3529628355607	20.9856969343226	12.6218113170026
3.4598354024024	16.1989789261164	21.0619637457047	12.5146746198028
3.47452684784785	15.9923440930806	21.0896553766228	12.4181118467404
3.48921829329329	15.7465583005814	20.8994987844787	12.3181127367837
3.50390973873874	15.555436447025	20.6565089438814	12.2187886189627
3.51860118418418	15.3614316239113	20.3655917085814	12.0697284457759
3.53329262962963	15.1783914498471	20.1181038228878	11.953298720674
3.54798407507508	14.961269820016	20.0506801316825	11.8294321386244
3.56267552052052	14.7070880089225	19.6703730501441	11.697015738759
3.57736696596597	14.4158460165666	19.1704437434148	11.5511277512338
3.59205841141141	14.0875438429482	18.1803035656766	11.3788559914258
3.60674985685686	13.7221844113848	17.5834859807696	11.2059872960811
3.6214413023023	13.3600015859926	17.0343135743551	11.0237430368045
3.63613274774775	13.0635202005513	16.8529951818346	10.8075687387944
3.65082419319319	12.81542587668	16.7177427210534	10.6370470666478
3.66551563863864	12.5690455126382	16.5272024036401	10.442957827342
3.68020708408408	12.3242491253047	16.3864418175579	10.2279327761015
3.69489852952953	12.0810367146794	16.1137222469654	10.0455408855272
3.70958997497498	11.8394082807626	15.9238624848093	9.8358821783431
3.72428142042042	11.5993638235542	15.6809319662875	9.61931482444234
3.73897286586587	11.3609033430541	15.4284603490365	9.37979910033251
3.75366431131131	11.1240268392623	15.1095015236281	9.08293231989705
3.76835575675676	10.8887343121789	14.9562399122929	8.83451016838829
3.7830472022022	10.655025761804	14.6269989788203	8.60071898742625
3.79773864764765	10.4229011881372	14.3538668402261	8.30614191237855
3.81243009309309	10.1923605911788	13.9848925533827	8.01726285013364
3.82712153853854	9.96340397092878	13.7452527667326	7.75342287569329
3.84181298398398	9.73603132738714	13.1463795043564	7.51454685422052
3.85650442942943	9.51024266055395	12.6198191257158	7.31794342919269
3.87119587487487	9.28603797042889	12.4700884087075	7.07965394802921
3.88588732032032	9.06352783391615	12.233999186335	6.82797563811747
3.90057876576577	8.84542243544505	11.9679952299053	6.55728782615631
3.91527021121121	8.63357049852832	11.7773444188483	6.32760192531354
3.92996165665666	8.42784808244182	11.5447457815984	6.13065343893786
3.9446531021021	8.22825518718497	11.3655918404684	5.92523283294405
3.95934454754755	8.03479181275853	11.0587978770025	5.70875696143589
3.97403599299299	7.84745795916165	10.7544668998966	5.52668026548084
3.98872743843844	7.66625362639509	10.4636144861243	5.31031990374817
4.00341888388388	7.49117881445836	10.2198812513144	5.11877230048742
4.01811032932933	7.32223352335156	9.9616835297244	4.94096020733341
4.03280177477478	7.15941775307483	9.73188142666786	4.77768677731464
4.04749322022022	7.00273150362825	9.53184043256197	4.59304000562945
4.06218466566567	6.85217477501133	9.3840238496462	4.35988506089713
4.07687611111111	6.70774756722457	9.23423918405175	4.19078512086416
4.09156755655656	6.56944988026791	9.10800389187651	4.05149539692406
4.106259002002	6.43728171414095	9.00653515318955	3.89087657140754
4.12095044744745	6.31124306884424	8.86660390278126	3.71751552521312
4.13564189289289	6.19133394437744	8.77493102902379	3.56028868262947
4.15033333833834	6.07755434074044	8.65508072634641	3.41593194114434
4.16502478378378	5.95923528440238	8.54529236140275	3.24140847128706
4.17971622922923	5.81524718328227	8.44303610927376	3.11786581653533
4.19440767467468	5.68187664305526	8.34411078900068	2.83330347403955
4.20909912012012	5.56203929835089	8.22031636878265	2.47034942532542
4.22379056556557	5.45573514916927	8.09851486550709	2.1972990021076
4.23848201101101	5.36296419551006	7.9941728037337	1.8508019071975
4.25317345645646	5.28372643737385	7.92393539505716	1.54952836585349
4.2678649019019	5.21802187476008	7.88213942879346	1.23930565145674
4.28255634734735	5.16585050766914	7.81120652853964	0.924073756665815
4.29724779279279	5.12721233610068	7.71199330240776	0.660916783570448
4.31193923823824	5.10210736005498	7.62659554567038	0.491904914940662
4.32663068368368	5.09053557953204	7.53245388350469	0.562128159450872
4.34132212912913	5.0924969945315	7.4668313038519	0.628196431628074
4.35601357457458	5.10799160505396	7.40961582395137	0.614794592849702
4.37070502002002	5.13682465917444	7.3727109364739	0.784683695261507
4.38539646546547	5.13702210395986	7.29588985053365	0.977046378990302
4.40008791091091	5.10461667464948	7.1689840104226	1.04608848224088
4.41477935635636	5.09662754281844	7.04737761858336	1.17692519004624
4.4294708018018	5.07839134687797	6.92596821077991	1.4139349390659
4.44416224724725	5.04237255932937	6.85194796011024	1.63172316503595
4.45885369269269	5.01843215915822	6.77045611108722	1.86057370896956
4.47354513813814	5.02119676807928	6.75374500913443	2.10654885992556
4.48823658358358	5.01902322502725	6.64569962250042	2.27015052423777
4.50292802902903	5.00989615364846	6.59048083218899	2.38495923717694
4.51761947447448	5.02326256573278	6.54266165234237	2.42119554367401
4.53231091991992	5.02908320252469	6.56839812541455	2.49647201167825
4.54700236536537	4.95860474965971	6.4570431200981	2.50508499241219
4.56169381081081	4.89565166418489	6.40947265902049	2.45151807179023
4.57638525625626	4.84712097952347	6.35435647387068	2.40814943003292
4.5910767017017	4.81301269567543	6.31025592122217	2.46481251868255
4.60576814714715	4.79332681264102	6.27869479529344	2.49004933929123
4.62045959259259	4.78806333041991	6.28026821355086	2.50917191636231
4.63515103803804	4.79357120694797	6.28582169232776	2.53972798574742
4.64984248348348	4.775370094979	6.25793461574035	2.55560931415565
4.66453392892893	4.76060039911189	6.21484931450902	2.59915704640304
4.67922537437437	4.75917985109075	6.20696022304955	2.62564613245719
4.69391681981982	4.77110845091594	6.20692533866046	2.74685556843173
4.70860826526527	4.79638619858744	6.20728800507833	2.81951655654648
4.72329971071071	4.83501309410494	6.20011076286999	2.90886283559812
4.73799115615616	4.87271082216977	6.2001327376013	2.89545636967343
4.7526826016016	4.90358854903645	6.24506107580283	2.94197084912401
4.76737404704705	4.9331664445174	6.25677347355387	3.02907401709095
4.78206549249249	4.9634526896064	6.27417711836187	3.04835235186169
4.79675693793794	4.98255380848833	6.2889436091255	3.00176141174248
4.81144838338338	4.96474748275594	6.2816236887122	2.94709802180443
4.82613982882883	4.95382015299634	6.24763721958342	3.02261324554132
4.84083127427427	4.93445370809808	6.23479583865863	2.9095832440618
4.85552271971972	4.90042752626711	6.19686027296685	2.89807264692422
4.87021416516517	4.86911665819818	6.15558192681726	2.88454485676969
4.88490561061061	4.84054972103637	6.13067846278042	2.87539427116635
4.89959705605606	4.81472671478186	6.118737733554	2.83991321719735
4.9142885015015	4.79164763943444	6.10029083292789	2.8242341484652
4.92897994694695	4.77131249499398	6.07590165489714	2.83759085328541
4.94367139239239	4.75372128146092	6.05137657514736	2.85014582388187
4.95836283783784	4.73887399883489	6.03723954002405	2.84377206348334
4.97305428328328	4.72677064711605	6.02216607192154	2.88589328968441
4.98774572872873	4.71741122630441	6.00637174762565	2.85297546627896
5.00243717417417	4.7107957363995	5.98985395081336	2.82712407038895
5.01712861961962	4.70692417740227	5.96880579164282	2.85836451629082
5.03182006506507	4.70579654931209	5.95141225333566	2.89854887101853
5.04651151051051	4.70741285212888	5.93599085167834	2.91065834472393
5.06120295595596	4.71177308585272	5.91906369820463	2.96205432284801
5.0758944014014	4.718877250484	5.89951992613892	2.97198086931679
5.09058584684685	4.72872534602238	5.88086882338288	3.02496385992322
5.10527729229229	4.74131737246761	5.86060481042391	3.10924031861846
5.11996873773774	4.75665332982037	5.83331902899664	3.14863517983906
5.13466018318318	4.77473321807995	5.81061792065503	3.21022460583336
5.14935162862863	4.79555703724691	5.79606959913002	3.27148071352832
5.16404307407407	4.81912478732085	5.77908149187845	3.36637007621379
5.17873451951952	4.84109286808862	5.77471584108191	3.46882807117338
5.19342596496497	4.85555390688147	5.7448830669379	3.56909170567167
5.20811741041041	4.87246107625125	5.7372393929618	3.6457718833592
5.22280885585586	4.89225749901639	5.71441102644048	3.75127321131908
5.2375003013013	4.91494317517715	5.69647841553091	3.82774234915868
5.25219174674675	4.94051809714399	5.67077367191552	3.88354581476734
5.26688319219219	4.95789689839633	5.6562677761565	3.95830861962343
5.28157463763764	4.96158482087728	5.62833757122292	4.02427197071296
5.29626608308308	4.9688084224114	5.6178320176347	4.08514360542929
5.31095752852853	4.98015606632051	5.60578879726373	4.18399101331343
5.32564897397397	4.99562775260475	5.5918888967408	4.24443662128146
5.34034041941942	5.015223481264	5.58445287895095	4.32380318601747
5.35503186486487	5.03894325229827	5.59042307270887	4.37525776014374
5.36972331031031	5.05683177275828	5.59797513840741	4.42474840239568
5.38441475575576	5.05975317889449	5.5884800084845	4.44581542299043
5.3991062012012	5.06490559084711	5.57765615315407	4.46916210380904
5.41379764664665	5.07487654423656	5.56575668815154	4.48001248596949
5.42848909209209	5.06964783799908	5.55515503621934	4.49073824382138
5.44318053753754	5.05178638724321	5.54577521426704	4.45601772116952
5.45787198298298	5.03364977003263	5.540653338104	4.41597704683507
5.47256342842843	5.01540372891429	5.54871890746616	4.36396048211107
5.48725487387387	4.9970482638884	5.55050971980956	4.29561390112431
5.50194631931932	4.97858337495483	5.54906445270867	4.23734890253142
5.51663776476477	4.96000906211344	5.55053059455236	4.17015587317255
5.53132921021021	4.94132532536466	5.55684660067807	4.09580155746622
5.54602065565566	4.92253216470775	5.55509966707121	4.04541831967408
5.5607121011011	4.90362958014356	5.55237538208709	3.97883045817284
5.57540354654655	4.88461757167157	5.54778028204948	3.91334734124131
5.59009499199199	4.86549613929189	5.55338752147722	3.84749184132932
5.60478643743744	4.84626528300458	5.55923323501052	3.76887035525341
5.61947788288288	4.82692500280946	5.56864455864007	3.70589085200581
5.63416932832833	4.80747529870698	5.57804272752552	3.63844319936433
5.64886077377377	4.78791617069646	5.5879165052058	3.58469939732924
5.66355221921922	4.76824761877854	5.59704893473123	3.5284558757091
5.67824366466466	4.74846964295265	5.60744065361898	3.45771784261271
5.69293511011011	4.72858224321928	5.61352049680341	3.40075618681246
5.70762655555556	4.70858541957824	5.61600977856286	3.34262844977371
5.722318001001	4.68847917202952	5.62544807109364	3.28521111226139
5.73700944644645	4.66826350057306	5.62823230229471	3.23030571321717
5.75170089189189	4.64793840520899	5.6367199583741	3.16753958579976
5.76639233733734	4.62750388593724	5.62668386328124	3.10834375279819
5.78108378278278	4.60695994275769	5.64532676391933	3.0375537870078
5.79577522822823	4.58630657567068	5.64351459172677	2.96830314551764
5.81046667367367	4.56554378467578	5.66021095727391	2.90925035415347
5.82515811911912	4.5446715697734	5.66156916818742	2.85334109859923
5.83984956456456	4.52368993096308	5.66601905607867	2.79238663788598
5.85454101001001	4.50259886824547	5.66282202725124	2.73988458895043
5.86923245545546	4.48139838161983	5.65885910574154	2.68850212221672
5.8839239009009	4.46008847108664	5.66498103915386	2.62635580854838
5.89861534634635	4.43866913664592	5.67808897295948	2.56495108704419
5.91330679179179	4.41714037829721	5.67490635296336	2.50194323597507
5.92799823723724	4.39550219604105	5.67305995653863	2.44468893165819
5.94268968268268	4.3737545898772	5.66649147770438	2.38572399406987
5.95738112812813	4.35189755980573	5.66881020077132	2.32738992265471
5.97207257357357	4.32993110582642	5.66629289469209	2.26983245630291
5.98676401901902	4.30785522793944	5.6661166399267	2.21340065821663
6.00145546446447	4.28566992614491	5.65910188431753	2.16197398714786
6.01614690990991	4.26337520044271	5.6491967147613	2.10702192998184
6.03083835535536	4.24097105083272	5.64063952242364	2.05478257273794
6.0455298008008	4.21845747731504	5.63414634871326	1.99761519098452
6.06022124624625	4.1958344798898	5.62961064176938	1.94235930005179
6.07491269169169	4.17310205855691	5.62438696953872	1.88948586981021
6.08960413713714	4.15026021331614	5.61374408108055	1.83162895814084
6.10429558258258	4.12730894416788	5.60212725506156	1.77507250570843
6.11898702802803	4.10424825111196	5.593658635962	1.72256972831528
6.13367847347347	4.08107813414829	5.57692694337028	1.67098966526507
6.14836991891892	4.05779859327685	5.56280895348614	1.62349749502134
6.16306136436437	4.03440962849792	5.54811723856564	1.58104806919262
6.17775280980981	4.01091123981115	5.53887790041692	1.53929106368801
6.19244425525526	3.98730342721684	5.51513942179984	1.49822647850864
6.2071357007007	3.96358619071476	5.50668529944512	1.45785431365712
6.22182714614615	3.93975953030506	5.49911001383259	1.41515784188179
6.23651859159159	3.91582344598768	5.49790205943033	1.36821362480092
6.25121003703704	3.89177793776262	5.49263662674034	1.32170183747427
6.26590148248248	3.8676230056298	5.4722128042538	1.27610378013151
6.28059292792793	3.84335864958943	5.46611568575565	1.23148472154908
6.29528437337337	3.81898486964133	5.45208360975031	1.18770858890638
6.30997581881882	3.79450166578553	5.44095403358459	1.15190428576236
6.32466726426427	3.76990903802212	5.43498759440531	1.1202290207892
6.33935870970971	3.74520698635095	5.42858565128774	1.08927417532674
6.35405015515516	3.72039551077222	5.41257688481957	1.05622432635091
6.3687416006006	3.69547461128572	5.39653022514491	1.02039939540214
6.38343304604605	3.67044428789146	5.38360144648097	0.982699137499959
6.39812449149149	3.64530454058981	5.36912508731684	0.943905174718781
6.41281593693694	3.62005536938021	5.38065657835098	0.906000114365814
6.42750738238238	3.59041513852976	5.36300415962978	0.868983956441211
6.44219882782783	3.55236347465078	5.31367851356073	0.839477611604289
6.45689027327327	3.50815436163028	5.27404761744625	0.803398910462992
6.47158171871872	3.46356879728049	5.25566370365437	0.767113260724518
6.48627316416416	3.41866777671716	5.2317923395743	0.73753009507527
6.50096460960961	3.37345129994003	5.21600661840352	0.710817649721879
6.51565605505506	3.3266358774316	5.18800733872534	0.684876680154579
6.5303475005005	3.2731282379111	5.12436362872786	0.656852707888264
6.54503894594595	3.21301792000604	5.03997250283246	0.629435980860424
6.55973039139139	3.1514976490221	5.01724881487701	0.604600015014223
6.57442183683684	3.09049771522888	4.93796258086812	0.580553171891956
6.58911328228228	3.03001811862675	4.87948436543101	0.557295451504237
6.60380472772773	2.97005885921568	4.80530788338086	0.534826853838644
6.61849617317317	2.91061993699551	4.76190679468871	0.513147378912237
6.63318761861862	2.85170135196655	4.69976486220497	0.492257026709001
6.64787906406406	2.7933031041284	4.68458550210757	0.472155797237401
6.66257050950951	2.73542519348137	4.63820905731248	0.45284369049541
6.67726195495496	2.67806762002529	4.60373872515568	0.434320706481422
6.6919534004004	2.62123038376035	4.55142123864455	0.416586845199853
6.70664484584585	2.56491348468628	4.53331717905731	0.399642106644372
6.72133629129129	2.50911692280333	4.4916484826955	0.383486490821387
6.73602773673674	2.45384069811135	4.4317572625511	0.368119997725309
6.75071918218218	2.39908481061021	4.36378487644899	0.353542627361802
6.76541062762763	2.34484926030047	4.28255282709944	0.335602390331129
6.78010207307307	2.29113404718132	4.22457704762105	0.317775253995042
6.79479351851852	2.23793917125348	4.14190823230512	0.300837877414954
6.80948496396396	2.18526463251658	4.06014376848692	0.284746162094624
6.82417640940941	2.13311043097072	3.98092721200196	0.269500108028415
6.83886785485486	2.07805730824078	3.91358952533059	0.255099715224726
6.8535593003003	2.01847231083114	3.85003007497698	0.241544983676253
6.86825074574575	1.95973903349519	3.79827633372802	0.22883591338459
6.88294219119119	1.90191791991294	3.7501701062013	0.221164235210348
6.89763363663664	1.84500897008471	3.69544154531891	0.214720764532616
6.91232508208208	1.78901218400997	3.62484755018257	0.209064946502539
6.92701652752753	1.73392756168929	3.55120637233412	0.204196781114533
6.94170797297297	1.67975510312226	3.49788983960239	0.200116268376046
6.95639941841842	1.62649480830888	3.43679751997108	0.196866036294924
6.97109086386386	1.57366494321422	3.36087628548756	0.168598397724069
6.98578230930931	1.51500342931955	3.2373394584168	0.160840474807306
7.00047375475476	1.45538038018255	3.11781496168258	0.158081128078067
7.0151652002002	1.39705441585013	3.00595104902554	0.156756698478332
7.02985664564565	1.34002553632298	2.90508853286038	0.151931443552911
7.04454809109109	1.2842937416008	2.8036032320022	0.111760718848385
7.05923953653654	1.22985903168351	2.69770373225977	0.0849542840709135
7.07393098198198	1.17672140657135	2.60042972879393	0.0672486765365807
7.08862242742743	1.12488086626411	2.51384862534268	0.0530483354564086
7.10331387287287	1.07433741076201	2.41752820663008	0.0171977944909142
7.11800531831832	1.02509104006456	2.33155641722049	0
7.13269676376376	0.977141754172419	2.24156754628369	0
7.14738820920921	0.930489553085159	2.16799534132731	0
7.16207965465466	0.885134436802945	2.07725597357976	0
7.1767711001001	0.841076405325668	1.99787315573644	0
7.19146254554555	0.798315458653329	1.91460905204535	0
7.20615399099099	0.756851596786082	1.8393027475182	0
7.22084543643644	0.716684819723885	1.77656684471741	0
7.23553688188188	0.677815127466583	1.72549633249779	0
7.25022832732733	0.640242520014218	1.66183646606474	0
7.26491977277277	0.603966997366949	1.62213905965292	0
7.27961121821822	0.5689885595248	1.58183376508428	0
7.29430266366366	0.535307206487289	1.54410290553855	0
7.30899410910911	0.50292293825503	1.52194419156955	0
7.32368555455456	0.471835754827851	1.50183053462631	0
7.338377	0.442045656205416	1.4997384385024	0
7.35306844544545	0.413552642388142	1.4973849056649	0
7.36775989089089	0.386356713375707	1.49701227937131	0
7.38245133633634	0.360457869168557	1.48654913540324	0
7.39714278178178	0.335856109766044	1.49005917424387	0
7.41183422722723	0.312551435168787	1.49610995027673	0
7.42652567267267	0.29054384537654	1.49918951809542	0
7.44121711811812	0.269833340389144	1.50423087789889	0
7.45590856356356	0.250419920206629	1.50963141834857	0
7.47060000900901	0.232303584829448	1.51546598915393	0
7.48529145445445	0.215484334256885	1.52173459031173	0
7.4999828998999	0.199962168489598	1.528437221826	0
7.51467434534535	0.185737087527314	1.53555887008046	0
7.52936579079079	0.172809091369751	1.5426029083897	0
7.54405723623624	0.161178180017581	1.55127648114763	0
7.55874868168168	0.150844353469987	1.5599217410937	0
7.57344012712713	0.141807611727757	1.56947480346372	0
7.58813157257257	0.134067954790149	1.58289958611188	0
7.60282301801802	0.127625382657907	1.5981879872849	0
7.61751446346346	0.122479895330482	1.61646111992607	0
7.63220590890891	0.118631492808029	1.63878851957736	0
7.64689735435435	0.11608017509059	1.66123692628855	0
7.6615887997998	0.11482594217809	1.66969488719931	0
7.67628024524525	0.114868794070764	1.67971310690133	0
7.69097169069069	0.116208730768242	1.69413979593959	0
7.70566313613614	0.118845752270822	1.71759089215729	0
7.72035458158158	0.122779858578384	1.73260255971199	0
7.73504602702703	0.128011049690872	1.75473442971606	0
7.74973747247247	0.134539325608523	1.781553777037	0
7.76442891791792	0.142364686331059	1.80022238903492	0
7.77912036336336	0.151487131858403	1.82111938627149	0
7.79381180880881	0.161906662191066	1.84711145014302	0
7.80850325425425	0.17362327732845	1.86441401515771	0
7.8231946996997	0.186636977271119	1.89089638426796	0
7.83788614514515	0.200947762018646	1.92117660240295	0
7.85257759059059	0.216555631571109	1.94202514882559	0
7.86726903603604	0.233460585928483	1.96375441229193	0
7.88196048148148	0.251662625091034	1.98852222060924	0
7.89665192692693	0.271161749058541	2.01369801259613	0
7.91134337237237	0.291957957831022	2.03188466394	0
7.92603481781782	0.31405125140847	2.06836513170549	0
7.94072626326326	0.337441629790947	2.10090474918423	0
7.95541770870871	0.36212909297851	2.1370413516136	0
7.97010915415416	0.388113640970827	2.17063868678648	0
7.9848005995996	0.415395273768274	2.20855007855588	0
7.99949204504505	0.443973991370769	2.24243391902667	0
8.01418349049049	0.473849793778238	2.28606608684733	0
8.02887493593594	0.505022680990707	2.32894339259449	0
8.04356638138138	0.537492653008106	2.37224137385071	0
8.05825782682683	0.571259709830458	2.41653010048369	0
8.07294927227227	0.606323851457975	2.46125271628201	0
8.08764071771772	0.642685077890289	2.50670866193473	0
8.10233216316317	0.680343389127847	2.54921276558076	0
8.11702360860861	0.719298785170195	2.59257823912943	0
8.13171505405406	0.759551266017521	2.63753992259479	0
8.1464064994995	0.801100831670027	2.68315690344563	0
8.16109794494495	0.843947482127348	2.73824184136903	0
8.17578939039039	0.888091217389696	2.78553009707634	0
8.19048083583584	0.933532037457146	2.83331380637817	0
8.20517228128128	0.980269942329508	2.89080499932044	0
8.21986372672673	1.02830493200688	2.94645370654655	0
8.23455517217217	1.07763700648927	3.00624308524199	0
8.24924661761762	1.12826616577656	3.0647963479012	0
8.26393806306307	1.18019240986898	3.12852153546674	0
8.27862950850851	1.23341573876631	3.18250556758398	0
8.29332095395396	1.28793615246861	3.24224964026235	0
8.3080123993994	1.34375365097595	3.30597781016142	0
8.32270384484485	1.40086823428833	3.36741480993333	0
8.33739529029029	1.45927990240562	3.43870706886763	0
8.35208673573574	1.51898865532805	3.50465655318064	0
8.36677818118118	1.57999449305525	3.57583429838696	0
8.38146962662663	1.64229741558757	3.64506372684853	0
8.39616107207207	1.70589742292491	3.71549020853399	0.0188811046849405
8.41085251751752	1.77079451506716	3.7813562639043	0.108808109883288
8.42554396296296	1.83698869201454	3.85643704168389	0.181847753951041
8.44023540840841	1.90447995376673	3.93074203336926	0.248815115068916
8.45492685385386	1.97326830032404	4.00391584321655	0.32940368420024
8.4696182992993	2.04335373168645	4.08065688892772	0.406160816932961
8.48430974474475	2.11473624785359	4.15427861584031	0.494750033309947
8.49900119019019	2.18741584882587	4.23460960920745	0.572129374633298
8.51369263563564	2.26139253460321	4.30789835048694	0.666596765852766
8.52838408108108	2.33666630518539	4.38501761256301	0.740689565130772
8.54307552652653	2.4132371605727	4.45933413722941	0.816348333794177
8.55776697197197	2.49110510076498	4.53884120761052	0.906297277132513
8.57245841741742	2.57027012576222	4.62413243851053	0.998359437388646
8.58714986286286	2.65073223556434	4.70719827447783	1.10179204084671
8.60184130830831	2.73249143017162	4.79413153365707	1.17987879638675
8.61653275375376	2.81554770958392	4.88563122995269	1.27045481217205
8.6312241991992	2.89990107380108	4.97457389931536	1.36277669316088
8.64591564464465	2.9855515228233	5.06416005171709	1.45559641571887
8.66060709009009	3.0724990566506	5.15450532627449	1.53916389614298
8.67529853553554	3.16074367528275	5.24567447616199	1.61523669092644
8.68998998098098	3.25028537871994	5.3376675013916	1.69286117619454
8.70468142642643	3.34112416696205	5.43048440195219	1.75219368802507
8.71937287187187	3.43326004000937	5.52338446010665	1.83481924073419
8.73406431731732	3.5266929978615	5.61539179419095	1.91884873573638
8.74875576276276	3.62142304051861	5.70814326548087	2.00450176358624
8.76344720820821	3.71745016798091	5.80162180511951	2.1043431853155
8.77813865365366	3.81477438024804	5.89716547409634	2.19736748528873
8.7928300990991	3.91339567732024	5.99108991321962	2.2796811100019
8.80752154454455	4.0133140591974	6.08699762168601	2.37381416447598
8.82221298998999	4.11452952587945	6.18366631632638	2.46130761561355
8.83690443543544	4.21704207736672	6.28112138504657	2.55444900576837
8.85159588088088	4.32085171365881	6.37936282783393	2.64864628583711
8.86628732632633	4.42595843475602	6.48287904865187	2.72526965056297
8.88097877177177	4.53236224065798	6.57820483563246	2.80750000543678
8.89567021721722	4.64006313136526	6.67880540064044	2.89182371185455
8.91036166266266	4.74906110687733	6.78019233972217	2.97792576536358
8.92505310810811	4.85935616719445	6.88236565287485	3.06658549070646
8.93974455355356	4.97094831231666	6.98532534010268	3.15287396196885
8.954435998999	5.08383754224356	7.10039262998806	3.24190025288355
8.96912744444445	5.19802385697584	7.24076203380701	3.32333387766768
8.98381888988989	5.31350725651293	7.3459109978466	3.38224409381203
8.99851033533534	5.430287740855	7.45185422339773	3.47205552973837
9.01320178078078	5.54836531000199	7.55859171046643	3.56008211424795
9.02789322622623	5.66773996395414	7.68280990178082	3.65341863433739
9.04258467167167	5.78841170271129	7.7949523771325	3.76054951056387
9.05727611711712	5.90663504999506	7.90735638163784	3.83555328395454
9.07196756256256	6.00238222154899	7.96189704830019	3.87896961402343
9.08665900800801	6.096147729929	8.07163068299734	3.94550461552035
9.10135045345345	6.17983466707978	8.09874083281291	3.97962022632913
9.1160418988989	6.25691925867236	8.21346969818718	3.97277856149461
9.13073334434435	6.30921040283827	8.2277806993773	4.01071656672979
9.14542478978979	6.35073331583691	8.25415528469816	4.05475421707768
9.16011623523524	6.37647771698145	8.26417093976969	4.10259713677352
9.17480768068068	6.38628597990465	8.21492185369856	4.1484573416269
9.18949912612613	6.39252245222042	8.17823947160023	4.1993157039754
9.20419057157157	6.39393178472356	8.12753941505906	4.25380602221899
9.21888201701702	6.39532372504597	8.07659040950461	4.31405578604363
9.23357346246246	6.39685175707053	8.03020529847914	4.37107216029189
9.24826490790791	6.39851588079729	7.99003811785053	4.4637098405148
9.26295635335335	6.40025596801129	7.94186961115101	4.53685115359115
9.2776477987988	6.39969215403865	7.89742086877709	4.62322569975414
9.29233924424425	6.39784342873884	7.85568005577372	4.72922069749946
9.30703068968969	6.39592727123043	7.80450762534668	4.73738457141643
9.32172213513514	6.39375969780852	7.7635310413885	4.84005450354343
9.33641358058058	6.38962459787485	7.71774313833056	4.8799693320793
9.35110502602603	6.3847719324847	7.6656208776133	4.96419456038282
9.36579647147147	6.38101982552526	7.62414315356387	5.01772037062372
9.38048791691692	6.37536110747883	7.56784410988291	5.0444047330424
9.39517936236236	6.37172142713373	7.51889784467763	5.08780406311829
9.40987080780781	6.3689901840344	7.47623444217531	5.11145170400743
9.42456225325325	6.36627373192922	7.43097267609451	5.13753625490092
9.4392536986987	6.36262974572488	7.38493633754655	5.14843125657239
9.45394514414415	6.35803963164522	7.35132558907027	5.17502114629342
9.46863658958959	6.35250338968955	7.31207204769946	5.21212574394896
9.48332803503504	6.3460210198584	7.25914192688724	5.2360827270564
9.49801948048048	6.33859252215154	7.22815718495404	5.25377725453657
9.51271092592593	6.3302178965691	7.20460370545138	5.28244965938765
9.52740237137137	6.32227898559674	7.17403342216328	5.30506096935906
9.54209381681682	6.31887909838833	7.11680207845719	5.31988738789207
9.55678526226226	6.31275359432831	7.10426200533248	5.33030193801076
9.57147670770771	6.30237944656055	7.06388616365406	5.35253841608074
9.58616815315315	6.28953906873407	7.01814573909779	5.38290318589234
9.6008595985986	6.27708384337519	7.02166734104673	5.40324261070297
9.61555104404405	6.26198634488784	6.98453459180506	5.4243921989765
9.63024248948949	6.24154382103765	6.91972446083384	5.43877179979747
9.64493393493494	6.21807625325457	6.93134667603081	5.43221474186927
9.65962538038038	6.19300861707324	6.95174407016202	5.45603817037725
9.67431682582583	6.16634091249345	6.93129480110546	5.44377676505258
9.68900827127127	6.13807313951569	6.88636530378295	5.41825406108752
9.70369971671672	6.10820529813928	6.84777433148444	5.41687928259549
9.71839116216216	6.07671091656128	6.81945694981637	5.36346036778791
9.73308260760761	6.04393498163734	6.80179428613585	5.33041932801568
9.74777405305305	6.01125516375006	6.7730837683865	5.3062833089416
9.7624654984985	5.9788690860795	6.72921477418697	5.25618285927541
9.77715694394394	5.94677674862503	6.7023416045589	5.19040308499634
9.79184838938939	5.91497815138733	6.66720843896929	5.14443740839819
9.80653983483484	5.883473294366	6.6308476728547	5.08669721141327
9.82123128028028	5.85226217756102	6.59145265606212	5.06340183481194
9.83592272572573	5.82118960462396	6.54923416526851	5.03443653087046
9.85061417117117	5.78869732217266	6.51667787019826	5.00797989808736
9.86530561661662	5.75703192401864	6.47914960259833	4.96973798107064
9.87999706206206	5.72511514650589	6.42727643502246	4.93071686088293
9.89468850750751	5.69182279172064	6.39811719935479	4.90417391525419
9.90937995295295	5.6609123405004	6.35626014530638	4.88334335255866
9.9240713983984	5.63246860748249	6.33384983736171	4.86247437430103
9.93876284384385	5.60649159266647	6.30569026291226	4.84077629215466
9.95345428928929	5.58298129605249	6.28552250531269	4.81612050127253
9.96814573473474	5.56193771764061	6.27085512066114	4.80042248064032
9.98283718018018	5.54336085743078	6.26112307497868	4.78841992583798
9.99752862562563	5.52394021786291	6.24919066998318	4.76692765459168
10.0122200710711	5.50043726394562	6.21725243471341	4.7344107504898
10.0269115165165	5.48032857154222	6.17924929988886	4.69029478718732
10.041602961962	5.46387065453554	6.17272267560542	4.64497172755086
10.0562944074074	5.45106351292519	6.17182734922981	4.60717165544374
10.0709858528529	5.44190714671196	6.1886732251474	4.58431303467113
10.0856772982983	5.43214866023099	6.19804234909878	4.57766295772095
10.1003687437437	5.41540106882444	6.1648431553558	4.56382918011072
10.1150601891892	5.40194007125888	6.1575541972588	4.55616778758175
10.1297516346346	5.39228712608426	6.16467127046113	4.56098380181277
10.1444430800801	5.38644223330078	6.15289870688279	4.54586285707439
10.1591345255255	5.38440539290805	6.16490256800777	4.51292862086807
10.173825970971	5.3861766049065	6.1865820544084	4.52896796894488
10.1885174164164	5.39175586929568	6.22882496461943	4.54194915612533
10.2032088618619	5.40114318607608	6.24899786892159	4.56256479309116
10.2179003073073	5.41433855524722	6.28664234292553	4.55989315665658
10.2325917527528	5.43134197680962	6.29618436860741	4.57284571954649
10.2472831981982	5.45215345076264	6.30598928399709	4.58927078842025
10.2619746436436	5.47677297710699	6.35590662610345	4.59108023025504
10.2766660890891	5.50520055584215	6.39240716801878	4.62702690860905
10.2913575345345	5.53743618696832	6.41273040611858	4.62541306824456
10.30604897998	5.57347987048533	6.43047815912522	4.64104304188811
10.3207404254254	5.6133316063936	6.45244538670717	4.64834092271551
10.3354318708709	5.65699139469254	6.49042434749145	4.66556436684504
10.3501233163163	5.70445923538253	6.52312730483175	4.69480702575194
10.3648147617618	5.75573512846356	6.557510964067	4.72754662974174
10.3795062072072	5.81081907393565	6.5963147748261	4.7653913376255
10.3941976526527	5.86971107179854	6.64721710722446	4.7866496571161
10.4088890980981	5.93241112205248	6.68635291839157	4.85778875752604
10.4235805435435	5.99849354697476	6.73679233930891	4.89412109231868
10.438271988989	6.05232326808052	6.76572820026753	4.93290743574483
10.4529634344344	6.10348673805804	6.82464175247171	4.99073420566271
10.4676548798799	6.16079263614721	6.8946603174626	5.01842577318228
10.4823463253253	6.22424096234756	6.96507833492858	5.08797179299581
10.4970377707708	6.29383171665968	7.04178853583099	5.11071376165276
10.5117292162162	6.36956489908305	7.122551849218	5.19902733826326
10.5264206616617	6.44080689366512	7.18114593057849	5.24364552170349
10.5411121071071	6.48396348644354	7.26364703729739	5.24438708221159
10.5558035525526	6.47975738397482	7.32226106962112	5.20094229720813
10.570494997998	6.48043645524335	7.35969902620029	5.20526158747357
10.5851864434434	6.48289575222914	7.42286920778956	5.2315043698734
10.5998778888889	6.48786120676634	7.50362206365799	5.12334943441299
10.6145693343343	6.49570149512832	7.64405318165456	5.10706299593004
10.6292607797798	6.45723341180452	7.7089726128943	5.11023792551615
10.6439522252252	6.42651092955906	7.76955125887588	5.04846146947367
10.6586436706707	6.41335073872955	7.85056312411201	5.01149055946268
10.6733351161161	6.41775283931602	7.92596778085207	4.99414754684117
10.6880265615616	6.43971723131785	8.01343238055158	5.04108722531022
10.702718007007	6.4792439147358	8.11133679931424	5.02323907157042
10.7174094524525	6.53633288956989	8.1749639168059	5.02978965240871
10.7321008978979	6.61098415581926	8.24200968215412	5.10415284144687
10.7467923433433	6.70319771348497	8.31394656861902	5.17905321175716
10.7614837887888	6.81297356256613	8.40985310086598	5.32510287849051
10.7761752342342	6.94031170306312	8.49039532033323	5.48307165793863
10.7908666796797	7.08521213497637	8.58313106478929	5.55189772098197
10.8055581251251	7.24767485830501	8.71281288524089	5.67349071802218
10.8202495705706	7.42769987304977	8.87290154898267	5.84349985519908
10.834941016016	7.62527833974803	9.04636124408787	5.99607443111223
10.8496324614615	7.79240369962959	9.23102444899471	6.2105273907617
10.8643239069069	7.92200811048683	9.35037632272385	6.39137924777373
10.8790153523524	8.06853736413425	9.5151066810932	6.58609449406756
10.8937067977978	8.23234165786313	9.72450821569696	6.7222550471111
10.9083982432432	8.41223588039749	9.90856703810061	6.89574003994533
10.9230896886887	8.58740375218026	10.043477520089	7.07728921056157
10.9377811341341	8.76874073080072	10.2216505869183	7.23991138728289
10.9524725795796	8.96363576653349	10.4440125447859	7.46258613179712
10.967164025025	9.17015831649176	10.569911382611	7.5837971028338
10.9818554704705	9.34601608443593	10.7548879840819	7.71807586374316
10.9965469159159	9.49834413350821	10.9800053501551	7.84814902335249
11.0112383613614	9.64752582399573	11.2014376304801	7.99396963193591
11.0259298068068	9.79356115589869	11.4803655674244	8.18911972011471
11.0406212522523	9.93645012921703	11.7572116221848	8.3051945157381
11.0553126976977	10.0761927439506	11.9390698550716	8.41109243968233
11.0700041431431	10.2127890000994	12.0745487267746	8.61735919598448
11.0846955885886	10.3463258845139	12.2738502714124	8.76650313795486
11.099387034034	10.4904428166483	12.3702586493723	9.01360573501296
11.1140784794795	10.6495200746006	12.4852276122217	9.18460469045259
11.1287699249249	10.7967102704243	12.7540793302327	9.42600104229508
11.1434613703704	10.9238284969615	12.9374465315023	9.55622578593239
11.1581528158158	11.0584170609678	13.0974667647927	9.69179119384994
11.1728442612613	11.1829482968813	13.272624909188	9.81946650000187
11.1875357067067	11.2783999166705	13.3604971883861	9.96662348219309
11.2022271521522	11.4070029410503	13.4403473031381	10.1151797167188
11.2169185975976	11.5177173600621	13.514302433179	10.1776066942208
11.231610043043	11.6649952512496	13.6774138861341	10.3053315095079
11.2463014884885	11.8232651514089	13.7865981989542	10.4758306142996
11.2609929339339	12.0076841466419	13.9443236478444	10.5956699765752
11.2756843793794	12.225612666369	14.1120776849635	10.7666964505969
11.2903758248248	12.4215025328844	14.254017610293	10.9065810764928
11.3050672702703	12.5949986610063	14.4134192443562	10.974231838397
11.3197587157157	12.7461010507347	14.5490435475418	11.0418294215774
11.3344501611612	12.8748097020698	14.729161314231	11.080497332804
11.3491416066066	12.9811246150114	14.8449643194183	11.1463029983331
11.3638330520521	13.0650457895596	15.0214490011007	11.1891497008969
11.3785244974975	13.1265732257141	15.1749513959744	11.150893671256
11.3932159429429	13.1657069234753	15.3847893243107	11.1050767795248
11.4079073883884	13.1824468828429	15.5341447151521	11.0212603208419
11.4225988338338	13.1906382011321	15.7652271305714	10.9528291874441
11.4372902792793	13.2448672642609	15.8852220143012	10.9408612485116
11.4519817247247	13.3669111155094	15.9707046481563	10.9526609615277
11.4666731701702	13.5319732664958	16.151248328929	10.9927255428953
11.4813646156156	13.6799176170344	16.2434360310939	11.0605519446954
11.4960560610611	13.8102101778514	16.3879031897464	11.1255671046681
11.5107475065065	13.9228509489477	16.5417091480263	11.1885286778328
11.525438951952	14.0178399303224	16.6743794956489	11.2179025837636
11.5401303973974	14.0951771219762	16.7883911237839	11.2622595387979
11.5548218428428	14.1548625239087	16.8280543997302	11.3625910417655
11.5695132882883	14.19689613612	16.9616350226901	11.415671044552
11.5842047337337	14.2212779586102	17.0514473800775	11.4515249794478
11.5988961791792	14.2280079913793	17.168026413703	11.3896045122944
11.6135876246246	14.2170862344271	17.2436619443223	11.3956372792172
11.6282790700701	14.1970477843221	17.208697192842	11.3838202504367
11.6429705155155	14.2076358748631	17.1074538088552	11.3245606347077
11.657661960961	14.2082730787959	17.0750060474067	11.3240891396787
11.6723534064064	14.1914066455928	17.0898985231581	11.3143393665593
11.6870448518519	14.157036575254	16.9920939917289	11.2521276308067
11.7017362972973	14.1051628677793	16.9871895328216	11.2255958070098
11.7164277427427	14.035873419183	16.9296505778232	11.2135434755966
11.7311191881882	13.9774926789994	16.8263182639525	11.1079680547417
11.7458106336336	13.925299565348	16.7365796686641	11.029015359105
11.7605020790791	13.8570805358859	16.6465974018695	10.9725048202846
11.7751935245245	13.7728355906128	16.5599308162629	10.8754780456907
11.78988496997	13.6927304997228	16.4122157024468	10.8361013127469
11.8045764154154	13.6284290731781	16.2562843453773	10.8312566077752
11.8192678608609	13.5513774525276	16.1803208942402	10.7781492463719
11.8339593063063	13.4612963640366	16.06759022825	10.7276946548813
11.8486507517518	13.3581858077041	15.9972780152768	10.6476119902463
11.8633421971972	13.2478232808098	15.8552504646477	10.5610161317935
11.8780336426426	13.1545197318396	15.7914510699343	10.4486942669864
11.8927250880881	13.0557836917483	15.6955413859865	10.3450643327446
11.9074165335335	12.9478813528253	15.6006416393037	10.2499761170749
11.922107978979	12.8308127150705	15.5028595417229	10.1334682614672
11.9367994244244	12.7045777784843	15.4019589561535	10.0409611443123
11.9514908698699	12.5691765430664	15.2662258956485	9.93384253860981
11.9661823153153	12.425484113013	15.1743686818509	9.82762933553329
11.9808737607608	12.2919936445322	14.9916339954187	9.7088337982799
11.9955652062062	12.1608524074443	14.8795132971133	9.5634749797251
12.0102566516517	12.025296898057	14.7556450112297	9.38951543343443
12.0249480970971	11.8853271163706	14.5593451867147	9.23161421020174
12.0396395425425	11.7409430623846	14.4013531714227	9.10161450847159
12.054330987988	11.5921447360997	14.209785178884	8.93307207589944
12.0690224334334	11.4389321375151	14.027705407492	8.809610992799
12.0837138788789	11.2813052666314	13.7953639093698	8.62571080355279
12.0984053243243	11.1192641234483	13.5729836705008	8.47365598569421
12.1130967697698	10.9528087079659	13.3828967469038	8.29927126071271
12.1277882152152	10.7817493625087	13.1703982094676	8.14315507795636
12.1424796606607	10.6074063772379	12.940608604317	7.97765318566732
12.1571711061061	10.4333137783064	12.7444418753126	7.82753189830139
12.1718625515516	10.2597384908533	12.5151711329811	7.66703258730031
12.186553996997	10.0866805148792	12.3500529926765	7.50752136973324
12.2012454424424	9.91413985038414	12.1780414804085	7.35892606759948
12.2159368878879	9.74211649736764	11.9455570540934	7.15372109841305
12.2306283333333	9.57061045583022	11.7690980413808	7.02847684203703
12.2453197787788	9.39668096669758	11.5979057694557	6.88082139637438
12.2600112242242	9.20783909119579	11.485514049244	6.71420892663296
12.2747026696697	9.02187235575448	11.3887276477538	6.53116767462488
12.2893941151151	8.84189548732451	11.263860266267	6.37541024186794
12.3040855605606	8.66198623241862	11.1790086263863	6.1599470542131
12.318777006006	8.45442603411288	11.0851054907027	5.99822280850818
12.3334684514515	8.25239871254071	10.9750879283587	5.87688288423737
12.3481598968969	8.06425013690547	10.9012899069116	5.63010434844238
12.3628513423423	7.8899803072075	10.8389634202335	5.51558957918589
12.3775427877878	7.72958922344646	10.7478340599168	5.32304255323319
12.3922342332332	7.58307688562248	10.6900074844479	5.10920325932239
12.4069256786787	7.45044329373545	10.610913443356	4.94394504436695
12.4216171241241	7.33168844778563	10.4947309464642	4.81622871718922
12.4363085695696	7.22681234777275	10.3800263601058	4.6416038355355
12.451000015015	7.13581499369685	10.2818930381196	4.48575877887086
12.4656914604605	7.05869638555815	10.1796814860387	4.3433776715031
12.4803829059059	6.99545652335635	10.1021688934669	4.21864992455447
12.4950743513514	6.94609540709158	10.0479168488185	4.02566136769078
12.5097657967968	6.91061303676391	9.96418511105687	3.92033292807913
12.5244572422422	6.88132126594661	9.8693804298036	3.83860677603993
12.5391486876877	6.82028031389431	9.79651126915663	3.80077672522887
12.5538401331331	6.76547857115652	9.70799376561272	3.7284514742584
12.5685315785786	6.68501189959459	9.64469610023355	3.70892197755377
12.583223024024	6.61973699650976	9.60051587728649	3.70134166019196
12.5979144694695	6.57522314674707	9.57182662692413	3.70707520799419
12.6126059149149	6.55147035030588	9.60063679458104	3.69596444184373
12.6272973603604	6.54847860718646	9.62905759858181	3.64500329455517
12.6419888058058	6.56624791738877	9.63829962778568	3.66965234056206
12.6566802512513	6.60338083669073	9.6674269237958	3.76428074203091
12.6713716966967	6.62229825736371	9.66801086527201	3.82705570231411
12.6860631421421	6.64705169880922	9.70015757111105	3.88683139067157
12.7007545875876	6.69630699641336	9.76640469283893	3.96207368666894
12.715446033033	6.748105371629	9.86211385920493	4.12082052730864
12.7301374784785	6.76958944643726	9.87402084510352	4.29877219203867
12.7448289239239	6.81070248874305	9.89562990354639	4.37370303067043
12.7595203693694	6.87384073827511	9.95686748796895	4.40302943133355
12.7742118148148	6.95900419503313	10.0303960729946	4.47324454278317
12.7889032602603	7.06619285901747	10.0504007877272	4.54975607316893
12.8035947057057	7.17913455005749	10.1499319104959	4.61225683902912
12.8182861511512	7.26194788757555	10.2398086593672	4.73852551828025
12.8329775965966	7.36067529620558	10.3434833952994	4.83073130656126
12.847669042042	7.47897280263981	10.4008852121949	5.00469553429919
12.8623604874875	7.61684040687897	10.480541580433	5.13300288314204
12.8770519329329	7.77427810892239	10.5755504483816	5.28048265764175
12.8917433783784	7.95128590877063	10.6478645980145	5.51722591050947
12.9064348238238	8.13309309828238	10.7887439546012	5.7584152612034
12.9211262692693	8.29381811732714	10.933163145102	5.91653585115088
12.9358177147147	8.4695029346041	11.0555544457007	6.12116410396501
12.9505091601602	8.65751914301667	11.1725705530209	6.25956787287797
12.9652006056056	8.81790240599793	11.3783017463038	6.42601732635311
12.9798920510511	8.97957145548179	11.5778884412012	6.60339913444966
12.9945834964965	9.15237700699542	11.7313191742164	6.82152408911384
13.0092749419419	9.33631906053959	11.9598669978863	6.99001681514088
13.0239663873874	9.53139761611344	12.1804707049645	7.18894617657654
13.0386578328328	9.73761267371759	12.3545303116989	7.4380014652047
13.0533492782783	9.95315471554081	12.5089533787014	7.6848020630111
13.0680407237237	10.1455707530066	12.6756396837873	7.92698365204794
13.0827321691692	10.3267197246553	12.8807427635099	8.14315661607088
13.0974236146146	10.5073135415802	13.0966323792423	8.38521466020185
13.1121150600601	10.6873522037818	13.2635786756047	8.66982216652758
13.1268065055055	10.8668357112599	13.5321875693532	8.93169875596971
13.141497950951	11.0457640640146	13.6859240628166	9.18360931295808
13.1561893963964	11.2241372620456	13.8882116911609	9.44755839783879
13.1708808418418	11.4019553053535	14.068521602089	9.7456478028641
13.1855722872873	11.5792181939375	14.144248824369	9.93706552995347
13.2002637327327	11.7626226156717	14.2574422818809	10.081810996072
13.2149551781782	11.9576966318534	14.3727002457815	10.3184216749261
13.2296466236236	12.1430302249834	14.566241850221	10.5043076667146
13.2443380690691	12.3535762784742	14.8898639348461	10.7217500872663
13.2590295145145	12.6124877033989	15.1876891766506	10.8241838739536
13.27372095996	12.8449802400628	15.5474421376162	10.9505025525382
13.2884124054054	13.0395751738879	15.9120594810897	11.0097981589462
13.3031038508509	13.2254201417715	16.3996657997469	11.1064514526182
13.3177952962963	13.3613876908399	16.6160554033709	11.2014872270474
13.3324867417417	13.4431140581002	16.7910088924626	11.2525421585944
13.3471781871872	13.5251541653925	16.9647754096055	11.3652818338789
13.3618696326326	13.5904811608407	16.943800410611	11.4334826234963
13.3765610780781	13.6321749093059	17.0198179436459	11.4853949154539
13.3912525235235	13.6596630726086	17.1538218482329	11.5170581152787
13.405943968969	13.6638065127671	17.2349417700635	11.5631011756292
13.4206354144144	13.6924954104316	17.2534605104376	11.5594885314263
13.4353268598599	13.7544914378676	17.5521314374196	11.5873960060694
13.4500183053053	13.7787738776481	17.7841560417817	11.6450727070085
13.4647097507508	13.7059158504448	17.6326315871227	11.6801214752929
13.4794011961962	13.669438571234	17.3003415080233	11.7036106197291
13.4940926416416	13.6899423033452	17.4332473294022	11.7612454641004
13.5087840870871	13.7522392453894	17.5497451661084	11.7947351955697
13.5234755325325	13.7712938529483	17.5545635424501	11.8464389882923
13.538166977978	13.7393910904632	17.5055759509178	11.8827775166657
13.5528584234234	13.7061497021831	17.6997571297837	11.9101463018573
13.5675498688689	13.7944539377928	17.9299956315167	11.9587901719082
13.5822413143143	13.8862974088781	18.1634774875843	12.0088120752707
13.5969327597598	13.9708818993121	18.3321969445881	12.0691442247477
13.6116242052052	14.0482074090943	18.4679736183857	12.1163094237521
13.6263156506507	14.1182739382248	18.7566549897974	12.1577812079793
13.6410070960961	14.1810814867039	19.0657391534811	12.202957462311
13.6556985415415	14.2366300545313	19.1976305339304	12.2490598818551
13.670389986987	14.2849196417077	19.341852544597	12.293879911594
13.6850814324324	14.3259502482316	19.3457417420181	12.3388596300152
13.6997728778779	14.3597218741048	19.3046356652976	12.3855000743471
13.7144643233233	14.3862345193257	19.2651799736536	12.4272509750966
13.7291557687688	14.4054881838955	19.2350735822014	12.4673804755775
13.7438472142142	14.4174828678138	19.1516771110547	12.5101701243737
13.7585386596597	14.42221857108	19.0167182699832	12.5335157081979
13.7732301051051	14.4196952936951	18.8467678989274	12.5741817461512
13.7879215505506	14.4099130356586	18.704987882042	12.6013409952862
13.802612995996	14.3928717969702	18.5532902238368	12.6265882170702
13.8173044414414	14.3685715776305	18.2316779497262	12.6543479949476
13.8319958868869	14.3370123776394	17.9353660007874	12.6849098308281
13.8466873323323	14.2981941969963	17.7782182254808	12.720385456189
13.8613787777778	14.2521170357018	17.5214478719821	12.7440582680389
13.8760702232232	14.198780893756	17.1367996375021	12.763360956244
13.8907616686687	14.1381857711584	16.8106899688662	12.7748910058632
13.9054531141141	14.0703316679091	16.5366951822584	12.7781426498556
13.9201445595596	13.9952185840083	16.3146515409314	12.7754168114256
13.934836005005	13.913622301573	15.9643351865389	12.7392616108264
13.9495274504505	13.8534690077487	15.7999000116578	12.7064732379936
13.9642188958959	13.8183672295982	15.5932778120806	12.7024957787692
13.9789103413413	13.7835830797257	15.5092637776698	12.7092383199512
13.9936017867868	13.7332978017027	15.57496648141	12.6501656461454
14.0082932322322	13.6784259106365	15.6407740382575	12.4131915077972
14.0229846776777	13.6693293513708	15.6738276892584	12.3279487579065
14.0376761231231	13.6645799844392	15.6791181126833	12.2577935747915
14.0523675685686	13.6499929200681	15.6706419794417	12.1397357821944
14.067059014014	13.6400747349742	15.6717930775922	11.9955957147863
14.0817504594595	13.6242101948948	15.7283598950087	11.8087463368888
14.0964419049049	13.6097245340988	15.7864182053526	11.6464142387952
14.1111333503504	13.5971118426391	15.8448304892926	11.4911805356668
14.1258247957958	13.5803794567244	15.903058058562	11.3183419481721
14.1405162412412	13.5595273763555	15.9440279112538	11.1084446154668
14.1552076866867	13.5345556015317	15.9786284481011	10.9035570974504
14.1698991321321	13.5054641322531	16.0132463761738	10.6730441968795
14.1845905775776	13.4497827060463	15.9506167758858	10.4662513478599
14.199282023023	13.3942925579331	15.8979266047391	10.2267240161957
14.2139734684685	13.3718404191004	15.9513754505035	10.0402281465702
14.2286649139139	13.3498517444354	16.0050686993902	9.86307379052805
14.2433563593594	13.3272866046421	16.059006351405	9.68048967908376
14.2580478048048	13.3041449997205	16.1131884065419	9.50029605232788
14.2727392502503	13.2804269296708	16.1676148648014	9.28759013182378
14.2874306956957	13.2561323944924	16.2213568942949	9.08056459839105
14.3021221411411	13.2312613941856	16.27038354842	8.88593760081134
14.3168135865866	13.2058139287509	16.319825387072	8.67319951444841
14.331505032032	13.1797899981874	16.3696824102607	8.4579366829767
14.3461964774775	13.1531896024957	16.4199546179778	8.24014910638894
14.3608879229229	13.1260127416756	16.4683168051628	8.01983678468516
14.3755793683684	13.0982594157275	16.515997733525	7.79699971786749
14.3902708138138	13.0699296246506	16.5718712500286	7.58552762535862
14.4049622592593	13.0410233684455	16.6206506550069	7.37512275311843
14.4196537047047	13.0115406471119	16.6712254390843	7.13809474423607
14.4343451501502	12.9814814606501	16.7219324256686	6.86403202666855
14.4490365955956	12.9126206748327	16.5335104718691	6.60424184281182
14.463728041041	12.8770800244982	16.5912922569158	6.34538474775131
14.4784194864865	12.8416998068025	16.6494921965918	6.09805279716081
14.4931109319319	12.8070347294258	16.7081102908936	5.84875659466569
14.5078023773774	12.7730847923676	16.7671465398232	5.59624115696832
14.5224938228228	12.7398499956284	16.8266009433738	5.34050648406375
14.5371852682683	12.7073303392075	16.8864735015555	5.08155257595441
14.5518767137137	12.6748674448215	16.9041006079137	4.81425275200049
14.5665681591592	12.4443884214125	16.4517576661123	4.48686740550421
14.5812596046046	12.3940338514613	16.5057108341762	4.23865977930343
14.5959510500501	11.9047213689511	15.9237591898206	3.70954703660889
14.6106424954955	11.8534622644122	15.971500729165	3.44711266120382
14.6253339409409	11.8076442380928	16.0185076717085	3.19528594526761
14.6400253863864	11.7672672899933	16.0663221523965	2.96199233407659
14.6547168318318	11.7323314201123	16.1150704164086	2.73840149598873
14.6694082772773	11.7028366284519	16.1647524637416	2.52361573894039
