phys	rec.rate	upper	lower
0.0130561781781782	NA	NA	NA
0.0391685345345345	NA	NA	NA
0.0652808908908909	6.81054026246068	8.90242004064868	4.80290136985841
0.0913932472472472	6.67598806720866	8.88651072278506	4.40173057931356
0.117505603603604	6.68949016430632	8.88492140006391	4.37427284899424
0.14361795995996	6.7149586884472	8.88203487156088	4.41182793086236
0.169730316316316	6.74801759504621	8.88197555148861	4.47972680338865
0.195842672672673	6.78112979143128	8.88785339304328	4.5505794901823
0.221955029029029	6.81429527760243	8.89368084476825	4.63257658105659
0.248067385385385	6.84751405355965	8.89593890698333	4.71008888597869
0.274179741741742	6.87488556448044	8.89595596714087	4.74055690439332
0.300292098098098	6.90827301652663	8.8964171204265	4.80575926497715
0.326404454454454	6.94171603714462	8.89656651756818	4.8710715055497
0.352516810810811	6.97288233606606	8.89626895619511	4.93545088334779
0.378629167167167	7.00646974509542	8.89796224139712	5.00048858029049
0.404741523523524	7.04011350407016	8.90431444258614	5.06556315431863
0.43085387987988	7.07381361299024	8.91066036045523	5.14872560875804
0.456966236236236	7.1075700718557	8.91510361726869	5.23228152660799
0.483078592592593	7.14138269964221	8.91600146122251	5.31148745325552
0.509190948948949	7.17525059588326	8.91700674137852	5.37783472085735
0.535303305305305	7.20917352261112	8.9181194577362	5.45097809572111
0.561415661661662	7.243147232366	8.91928938661328	5.5292085470012
0.587528018018018	7.27715889765116	8.92049371292874	5.60783037897281
0.613640374374374	7.31121703156797	8.92180449155406	5.68015838655655
0.639752730730731	7.34532301530604	8.92322172248987	5.75113624670171
0.665865087087087	7.3794768488654	8.93106707794905	5.82241609978177
0.691977443443443	7.413678532246	8.94766494625214	5.89510759797358
0.7180897997998	7.44792806544788	8.94959409833344	5.97366479215816
0.744202156156156	7.48222645811682	8.95381920809369	6.0521865004104
0.770314512512513	7.51658648776236	8.96164141921349	6.12403327781614
0.796426868868869	7.55102462981896	8.9694708774453	6.18996187047376
0.822539225225225	7.58551357505681	8.97728108290483	6.26515147704249
0.848651581581582	7.62005787837064	8.98218678568135	6.34743362680023
0.874763937937938	7.65466315377425	8.98323686702429	6.43807070248519
0.900876294294294	7.68926390076331	8.98406236756102	6.51986659649965
0.926988650650651	7.72391054472522	8.98122222323496	6.58451767147343
0.953101007007007	7.75870947163683	8.97749965969367	6.65473156776998
0.979213363363363	7.79370477428908	8.97374811106591	6.72318533460944
1.00532571971972	7.82904778846702	8.96996757735158	6.79011467015284
1.03143807607608	7.86552849594765	8.96615805855033	6.8597583493588
1.05755043243243	7.9025238093954	8.96904719017693	6.94108419023091
1.08366278878879	7.93948878591714	8.97676072521525	7.01696055586804
1.10977514514515	7.97635870494192	8.98426955612144	7.10519040916674
1.1358875015015	8.01283531372697	8.98413858086643	7.20206912137473
1.16199985785786	8.04860618379997	8.98102190777967	7.26375120794796
1.18811221421421	8.08360101503703	8.98686347138911	7.3213228153064
1.21422457057057	8.11786019000517	8.98525289263806	7.37648945982499
1.24033692692693	8.15162167391797	8.98583039214911	7.45105521203225
1.26644928328328	8.18444631833784	8.989466516848	7.50988791625432
1.29256163963964	8.21603832532048	8.99288149541443	7.56536604515785
1.318673995996	8.24648580854081	8.99553702355594	7.62450249007252
1.34478635235235	8.27563232602022	9.01224034706964	7.67748359241807
1.37089870870871	8.30359217857599	9.01863335586781	7.72513175899577
1.39701106506507	8.33059783638067	9.0179102906901	7.7752205867157
1.42312342142142	8.35627847059218	9.01526332688265	7.8114739071451
1.44923577777778	8.38058876627727	9.01759409801421	7.84698962511041
1.47534813413413	8.40352872343595	9.02271076961652	7.88475924969566
1.50146049049049	8.42510607531547	9.02956761611842	7.93148351926964
1.52757284684685	8.4458377107808	9.03386903722952	7.95629651669084
1.5536852032032	8.4658925292471	9.04682599441279	7.97698300611702
1.57979755955956	8.48922383653709	9.07939839788936	8.00469264986487
1.60590991591592	8.52093666464488	9.10990958387555	8.04472023320356
1.63202227227227	8.56905290295473	9.15809480449115	8.10746810058722
1.65813462862863	8.62562186389527	9.25136212251875	8.14231106708016
1.68424698498499	8.68025078021889	9.3723783953895	8.18460669446396
1.71035934134134	8.74338092138545	9.52716632438066	8.22183753589806
1.7364716976977	8.80992439948855	9.68543321278275	8.24218492960965
1.76258405405405	8.87063797235235	9.84292744042273	8.26355921983603
1.78869641041041	8.92440273681248	10.0014048971798	8.27972479405241
1.81480876676677	8.97122022998684	10.1026055342868	8.2922687193697
1.84092112312312	9.03004208021355	10.1792724044425	8.32162992121116
1.86703347947948	9.1177054075333	10.2254600159403	8.37255226384763
1.89314583583584	9.19813227869112	10.3160396647012	8.41692087288845
1.91925819219219	9.2728642960736	10.3381127666561	8.45633208300505
1.94537054854855	9.34082619379807	10.4427870951572	8.48875963427901
1.9714829049049	9.39347316846192	10.5533180440259	8.50413132091773
1.99759526126126	9.44099603777594	10.5998445731376	8.53622527569058
2.02370761761762	9.48734927725329	10.6086606382987	8.60232469480251
2.04981997397397	9.52140162339913	10.6729975393777	8.65459189311975
2.07593233033033	9.54359735435199	10.6960607823408	8.67441151941791
2.10204468668669	9.57031330701479	10.7639159204762	8.71903738636983
2.12815704304304	9.59635636016142	10.7768054420753	8.74318613820121
2.1542693993994	9.60879500182824	10.8460207194356	8.77055317950304
2.18038175575576	9.64450860880292	10.8826259541345	8.79545742005378
2.20649411211211	9.69248547973369	10.8318829116305	8.85134582623558
2.23260646846847	9.72544122799087	10.8212500725471	8.86096412198402
2.25871882482482	9.74159586277528	10.8442054392922	8.87500020079603
2.28483118118118	9.74130171963151	10.8306345352673	8.82868377259207
2.31094353753754	9.7369314685171	10.8638866267031	8.82809631686618
2.33705589389389	9.7261362840338	10.8302579586403	8.81423778493836
2.36316825025025	9.71057886757335	10.7733192334895	8.80728951226827
2.38928060660661	9.68905335834284	10.7323684084341	8.81248548093236
2.41539296296296	9.66723667516185	10.6942364902044	8.79257570402861
2.44150531931932	9.65111082886717	10.6226322938752	8.85842633469015
2.46761767567568	9.63135597565462	10.5502795944854	8.89394631537536
2.49373003203203	9.60382848506297	10.511236981145	8.91784077948433
2.51984238838839	9.57133708646423	10.4265496633074	8.92073092404908
2.54595474474475	9.53794830779359	10.34112049266	8.88482133976017
2.5720671011011	9.50245307695199	10.2221433180526	8.89288411836914
2.59817945745746	9.45966711807934	10.1272302404702	8.85257162741968
2.62429181381381	9.41182067243021	10.0656058145886	8.79582095209364
2.65040417017017	9.35824834638433	10.0165695616354	8.73823342119466
2.67651652652653	9.2972878552918	9.95442421108117	8.67377178422383
2.70262888288288	9.23196864962468	9.92315244042518	8.61867593069342
2.72874123923924	9.17807678705437	9.89071988217465	8.55314109769564
2.7548535955956	9.12687578309331	9.85723686975485	8.48393044645259
2.78096595195195	9.07498952833366	9.80580771434028	8.41433739709186
2.80707830830831	9.02148895946363	9.77844642642422	8.30387412988117
2.83319066466466	8.9673192668892	9.73709311139514	8.20332133437906
2.85930302102102	8.91057405555726	9.71685863124666	8.12757100772437
2.88541537737738	8.85123430031229	9.68347097539774	8.03320421367592
2.91152773373373	8.79040955888303	9.65388200085446	7.92138406317224
2.93764009009009	8.72834086705939	9.61018182288833	7.84390456820091
2.96375244644645	8.66522329048495	9.58032228285017	7.79621638906091
2.9898648028028	8.60413126942537	9.52233796690393	7.73580254542866
3.01597715915916	8.5446609103444	9.46072277634093	7.67658330227477
3.04208951551552	8.48484408175127	9.39679267242544	7.63637463717062
3.06820187187187	8.42538893254695	9.31699774576263	7.62365756944092
3.09431422822823	8.36896780480045	9.2222392063686	7.54688923548294
3.12042658458458	8.31776665091947	9.12422876609426	7.49575388176471
3.14653894094094	8.26968450587369	9.04621867382572	7.48062036802996
3.1726512972973	8.22331479522481	8.95971171061667	7.45228535861536
3.19876365365365	8.18092208091884	8.87147223534092	7.434188659908
3.22487601001001	8.14075711426168	8.76486744462218	7.39655463164809
3.25098836636637	8.10485794915189	8.67291266168751	7.41510070808503
3.27710072272272	8.0742931798888	8.56967678655936	7.41424423337035
3.30321307907908	8.04737362817438	8.50192206397026	7.42630413563166
3.32932543543544	8.02264311683216	8.42481399541584	7.42725856643967
3.35543779179179	7.99952112004623	8.40407526274399	7.4214759570402
3.38155014814815	7.97992750126196	8.38439035774224	7.41763431196131
3.4076625045045	7.96052578331439	8.36043693824585	7.40981731373607
3.43377486086086	7.94011646742818	8.34354860864463	7.40178215754939
3.45988721721722	7.91906526396203	8.33726528973984	7.39434614632876
3.48599957357357	7.89681251210573	8.32442153261462	7.40026212997831
3.51211192992993	7.87309009432291	8.31097586215381	7.39383390017581
3.53822428628629	7.8479012528365	8.30496053826259	7.39378024869873
3.56433664264264	7.82140785694074	8.30609092635415	7.39101667935943
3.590448998999	7.79348939936545	8.30319366593402	7.38637175086084
3.61656135535536	7.76361302513786	8.27549982969285	7.35477134200164
3.64267371171171	7.73339641082725	8.24580655585939	7.32002227798935
3.66878606806807	7.7040682326787	8.20210213556405	7.28941616484193
3.69489842442442	7.67330934222898	8.16939880629832	7.25323666376859
3.72101078078078	7.64005686963062	8.15109054864081	7.22024925453167
3.74712313713714	7.6029595369317	8.11183776167955	7.18479397921011
3.77323549349349	7.56380528185321	8.09744905429402	7.14981731856074
3.79934784984985	7.52000451586564	8.07626718303879	7.10657860515428
3.82546020620621	7.47427703980234	8.05307329357869	7.06547570075067
3.85157256256256	7.42950954031171	8.01145892179244	7.02783903306141
3.87768491891892	7.38207708502333	7.97612645640077	6.98842058442402
3.90379727527528	7.34210398021808	7.95981484408203	6.95220720088202
3.92990963163163	7.31338584227242	7.91380455375598	6.9111141548755
3.95602198798799	7.28802383420586	7.9097360006924	6.8769914036244
3.98213434434434	7.25637916863172	7.86028310821162	6.83490070365226
4.0082467007007	7.21941165202814	7.79624489389883	6.80144834858288
4.03435905705706	7.17435550170158	7.78643282734392	6.73654749517939
4.06047141341341	7.12807699636767	7.76406439591771	6.67054739695408
4.08658376976977	7.09273522320466	7.71171150830122	6.61859355344853
4.11269612612613	7.06169588546568	7.64961172368938	6.54575370941122
4.13880848248248	7.0214106947764	7.55681010909765	6.46565466738132
4.16492083883884	6.97144420068312	7.46962192487626	6.40070016034733
4.1910331951952	6.91179640318584	7.39642876346083	6.33983517679477
4.21714555155155	6.84246730228454	7.3173660673365	6.27918978386073
4.24325790790791	6.76345689797926	7.25513979713072	6.21026728042341
4.26937026426426	6.67817421557137	7.17509223430834	6.14114422230258
4.29548262062062	6.59883657289938	7.10149013326283	6.04843235433989
4.32159497697698	6.52296194419425	7.01252585115659	5.9495955693409
4.34770733333333	6.44224529792749	6.93374080420688	5.84315658048013
4.37381968968969	6.36004890427053	6.84707781302114	5.7509809121259
4.39993204604605	6.27449356650259	6.76220594573413	5.65517937732601
4.4260444024024	6.18506688946265	6.69725174766545	5.55796743161781
4.45215675875876	6.09323103641059	6.61545766126697	5.45353585339558
4.47826911511511	5.99772798853884	6.53432395405392	5.360820982466
4.50438147147147	5.89854523734172	6.4594617398148	5.26774011769177
4.53049382782783	5.79955696464059	6.39143272602477	5.16866366664854
4.55660618418418	5.69953290141973	6.31904490648971	5.08153858851312
4.58271854054054	5.5994908289614	6.2326751499517	4.98652128993896
4.6088308968969	5.49894055752215	6.15680393718285	4.88940288227785
4.63494325325325	5.39746813149451	6.07226440734612	4.80312566653032
4.66105560960961	5.29633395783344	5.98656095768521	4.69839548187163
4.68716796596597	5.195811946114	5.90017321589486	4.59683945465387
4.71328032232232	5.09577488161547	5.80942180538881	4.49871691622375
4.73939267867868	4.99613905555657	5.70892373757239	4.39124018565844
4.76550503503504	4.89692629674423	5.6143343975018	4.294161111429
4.79161739139139	4.79865588002249	5.49855779740105	4.20680012692569
4.81772974774775	4.70136133058116	5.38115173601625	4.10509670336376
4.8438421041041	4.6050426484203	5.2738348581784	4.00510041602262
4.86995446046046	4.50913342782455	5.16962054480865	3.90670403014959
4.89606681681682	4.41259972819832	5.06888480138724	3.80652832470283
4.92217917317317	4.31682217520379	4.96424424138329	3.70341033323727
4.94829152952953	4.22227465719426	4.86020547800991	3.60941526553657
4.97440388588589	4.12487017712201	4.76959189718507	3.51952950288313
5.00051624224224	4.0272193813303	4.66094326616516	3.4265748286541
5.0266285985986	3.93231413675254	4.5658623653484	3.33355725543416
5.05274095495496	3.83994699940311	4.47565322024241	3.24118538605544
5.07885331131131	3.74813631181406	4.40022292528462	3.14870583145422
5.10496566766767	3.65649291439156	4.30515366905875	3.06011716341472
5.13107802402402	3.5651781452009	4.24154319662204	2.97766305203917
5.15719038038038	3.47798248097353	4.18817370169399	2.88541136388727
5.18330273673674	3.39494555559872	4.12969905230394	2.7886079681114
5.20941509309309	3.31606736907644	4.07163765758442	2.68720082653936
5.23552744944945	3.24134792140681	4.01340561021704	2.60106438704949
5.26163980580581	3.17078721258968	3.97050978243876	2.50361706866324
5.28775216216216	3.10438524262517	3.91665076847012	2.40643038558022
5.31386451851852	3.04214201151317	3.86824995550873	2.31887014499359
5.33997687487487	2.98405751925379	3.82366962161846	2.23468027966332
5.36608923123123	2.93013176584694	3.78404193577235	2.14569397368937
5.39220158758759	2.88036475129266	3.74255745769194	2.06792509926743
5.41831394394394	2.83475647559096	3.70322546353923	1.99203843659847
5.4444263003003	2.79110576790689	3.6622417498351	1.92122533249844
5.47053865665666	2.74195345089418	3.61435079810988	1.84637818937219
5.49665101301301	2.68195279873007	3.52531696022789	1.78177060505595
5.52276336936937	2.62077907001752	3.45604731064992	1.72087523042197
5.54887572572573	2.56584552248917	3.4246699486208	1.6575870092999
5.57498808208208	2.51432900590096	3.38024081628669	1.60570996434672
5.60110043843844	2.46270819151652	3.30746376069704	1.56064124901398
5.6272127947948	2.41483409819823	3.28840273139633	1.50919684700436
5.65332515115115	2.37094936027539	3.28486334879764	1.45858521962444
5.67943750750751	2.33416649477159	3.29153339255818	1.41970359874088
5.70554986386386	2.30062825794719	3.26469367986416	1.38979598250391
5.73166222022022	2.26902398604028	3.25686621175589	1.34974471229228
5.75777457657658	2.24500814451986	3.26209630812974	1.30725752184354
5.78388693293293	2.22016209771543	3.23904892935137	1.2555089226004
5.80999928928929	2.18513369958674	3.18334169183418	1.21345230409185
5.83611164564565	2.14995594860309	3.19936273972717	1.17836887089701
5.862224002002	2.11989290297659	3.19518451814881	1.12214139019087
5.88833635835836	2.08945050877645	3.21004895675994	1.07450335981906
5.91444871471471	2.05630111097843	3.22768860817889	1.04227400956626
5.94056107107107	2.01462861306367	3.18515633975222	1.03212274054635
5.96667342742743	1.95382737965615	3.08932761420932	1.02822876626914
5.99278578378378	1.89562733886717	2.98207005173526	1.01361401594881
6.01889814014014	1.84937314326366	2.86487849008058	1.00639261679381
6.0450104964965	1.81661111063821	2.79567468885955	1.00566503282893
6.07112285285285	1.79734124099079	2.79738903122078	1.01013980729681
6.09723520920921	1.79156353432145	2.83815654087565	1.0199095215263
6.12334756556557	1.79927799063015	2.88548811722566	1.04991911978774
6.14945992192192	1.8204846099169	2.95215535116484	1.06313249713052
6.17557227827828	1.8551833921817	3.01097050243749	1.09141450652706
6.20168463463463	1.90223046190686	3.07653422426481	1.11467131651045
6.22779699099099	1.94909569093128	3.05322466214069	1.14080304388861
6.25390934734735	2.00469857724272	3.11169807328889	1.17685440946076
6.2800217037037	2.05995684522457	3.11956113984358	1.22363982177919
6.30613406006006	2.11209054417237	3.13223366598927	1.28224124642947
6.33224641641642	2.17138306891764	3.15888179965775	1.3377346853717
6.35835877277277	2.23117785847888	3.18539440631844	1.40758880032143
6.38447112912913	2.28865308558991	3.17614357501794	1.48935811054165
6.41058348548549	2.35815987926473	3.18004913048242	1.57943996308916
6.43669584184184	2.43157844789912	3.19048105189015	1.63134876787021
6.4628081981982	2.51549789429397	3.26270907046437	1.70245228336597
6.48892055455456	2.59386250256793	3.29580724722785	1.76358243850907
6.51503291091091	2.65976096074695	3.30742012464773	1.87088174369315
6.54114526726727	2.72580989099278	3.33465255927765	1.93670021239691
6.56725762362362	2.78544845670464	3.34747548630424	2.02289922574209
6.59336997997998	2.84602826319375	3.36753872761257	2.08027770406315
6.61948233633634	2.91113546464741	3.40282715722937	2.13094375792254
6.64559469269269	2.95756310360417	3.43894475425255	2.17853396379919
6.67170704904905	2.99492394521231	3.48190241574352	2.23849914774564
6.69781940540541	3.02914607383195	3.52428592323084	2.30013184967921
6.72393176176176	3.06358667358574	3.58198457180714	2.37106255862706
6.75004411811812	3.09876998113919	3.64481603836965	2.43335919467018
6.77615647447447	3.13714459099721	3.70850420224529	2.4897113718097
6.80226883083083	3.17871050315991	3.76528050467394	2.5534405443741
6.82838118718719	3.22346771762717	3.82545105057118	2.61838567260697
6.85449354354354	3.27141623439907	3.87554327521236	2.68007216464022
6.8806058998999	3.32195467812116	3.93260610344847	2.7334114811602
6.90671825625626	3.373409171018	3.98204413041377	2.80347023430466
6.93283061261261	3.42728632105145	4.02090811170289	2.88803634983785
6.95894296896897	3.4804125459054	4.06767063854589	2.97365764023916
6.98505532532532	3.53398561208903	4.12016851575508	3.0511305486645
7.01116768168168	3.58926731483601	4.17442281895758	3.14161560935808
7.03728003803804	3.64625765414635	4.2320818923331	3.22613317293713
7.06339239439439	3.70495663002001	4.27286276526564	3.30869861958448
7.08950475075075	3.76536424245704	4.33075522174113	3.38874681027306
7.11561710710711	3.82748049145744	4.38954441822889	3.4779087369048
7.14172946346346	3.89185070930524	4.44469528758338	3.55421351080537
7.16784181981982	3.96045328617207	4.48686393743926	3.64107401897048
7.19395417617618	4.03267846700356	4.54574267347399	3.71186071210637
7.22006653253253	4.10436736756389	4.60947108196976	3.76942789233041
7.24617888888889	4.17744749228729	4.66676187564346	3.83646634449775
7.27229124524525	4.25869938545752	4.72823821202169	3.9095386263293
7.2984036016016	4.34812095354966	4.81083252351495	3.96113170827857
7.32451595795796	4.43305041433185	4.89651822192256	3.99741304603824
7.35062831431432	4.51233421353828	4.98440248828293	4.05145928766292
7.37674067067067	4.59424728799156	5.07074483407257	4.1099827118835
7.40285302702703	4.67256852916543	5.14860580328764	4.17810355128802
7.42896538338338	4.74376904302852	5.22563512948469	4.23274645712465
7.45507773973974	4.80784882958092	5.30010031609008	4.27659024145354
7.4811900960961	4.86480788882246	5.37609932091774	4.29929708834864
7.50730245245245	4.91464622075336	5.42025583212349	4.31739241904477
7.53341480880881	4.95736382537346	5.45383494457941	4.33561102806545
7.55952716516517	4.99296070268285	5.49173491087262	4.3537457787805
7.58563952152152	5.02143685268145	5.53864541527767	4.36343109169538
7.61175187787788	5.04279227536932	5.56569699928736	4.37448492418047
7.63786423423423	5.06080936764963	5.59911658408488	4.41152268277781
7.66397659059059	5.07644120470894	5.62402145573119	4.42785052729477
7.69008894694695	5.08707773917832	5.65260139424211	4.44646816669941
7.7162013033033	5.0981985604782	5.67656397395287	4.52711855597498
7.74231365965966	5.10249424536108	5.69169035497749	4.5550707961367
7.76842601601602	5.09933452279432	5.70447792917423	4.5466237726538
7.79453837237237	5.09345665696135	5.70013299809969	4.55109363625916
7.82065072872873	5.0899748006822	5.7276075931978	4.55572862779791
7.84676308508508	5.10115194877989	5.74792470706768	4.59326512231469
7.87287544144144	5.11721937690784	5.76028265929757	4.60934829458864
7.8989877977978	5.14576750718096	5.78856065684526	4.64685364501271
7.92510015415415	5.18322821219757	5.79898576708686	4.72705185332759
7.95121251051051	5.21484899720217	5.82465518216155	4.75491759058644
7.97732486686687	5.24522396331506	5.82017094151306	4.74581869370766
8.00343722322322	5.27882828869483	5.83144016154777	4.78871127527201
8.02954957957958	5.31592395546071	5.86427375784616	4.81361032968768
8.05566193593594	5.35461594480094	5.89994781624184	4.86441526045017
8.08177429229229	5.39149935546749	5.93619603254133	4.91270920666362
8.10788664864865	5.42614070218043	5.94651956552533	4.94644919871429
8.13399900500501	5.45584929255087	5.98742031243405	4.9217410624484
8.16011136136136	5.48697036967375	5.96939191306514	4.94230430047649
8.18622371771772	5.51512337731723	5.96843397707956	5.01976813519905
8.21233607407407	5.53782535829391	5.98556460264344	5.02479582544054
8.23844843043043	5.55826295555359	6.00724123971102	5.03544846231426
8.26456078678679	5.57554064219254	6.01001152122825	5.0457403776924
8.29067314314314	5.58972895502644	6.01258697054354	5.05789837339849
8.3167854994995	5.60102517725604	6.00594378761414	5.11331949127637
8.34289785585586	5.60713369492375	6.00463919053372	5.11982771906422
8.36901021221221	5.6080542335506	5.9892810857483	5.10111457011998
8.39512256856857	5.60378679313651	5.98807024262524	5.05773252964678
8.42123492492492	5.59653083487607	5.97789910240249	5.0164351473605
8.44734728128128	5.59257292563438	5.97082965184195	5.05736328975502
8.47345963763764	5.58479723555076	5.96200922748156	5.0676424987816
8.49957199399399	5.57307123802001	5.94430607083772	5.0759924412323
8.52568435035035	5.55959821806361	5.93494008555839	5.11303964666189
8.55179670670671	5.5412933955781	5.91702288369021	5.1097435372695
8.57790906306306	5.51793704577695	5.89963542985188	5.07935428159194
8.60402141941942	5.49181459658023	5.88086781914656	5.04630762980092
8.63013377577578	5.46612451624481	5.85673372315325	5.02175451383333
8.65624613213213	5.44399613999714	5.84735374391411	5.01113294406158
8.68235848848849	5.42362576692836	5.83158274071544	4.98930173719812
8.70847084484484	5.40878662497725	5.80936281255897	4.98163658439395
8.7345832012012	5.39417435735089	5.79357241287326	4.988939994402
8.76069555755756	5.37502157820401	5.77442807872147	4.99448465615184
8.78680791391391	5.35129733232389	5.75945199398633	4.99220763462274
8.81292027027027	5.32300161971055	5.72230435795486	4.99034351077923
8.83903262662663	5.29017319345989	5.70401154012551	4.95576286306452
8.86514498298298	5.2574236909071	5.69361430735091	4.91768695390137
8.89125733933934	5.23033781828982	5.67024955239341	4.89823602561962
8.9173696956957	5.2057777199278	5.6451442228963	4.88063158896217
8.94348205205205	5.17984468610043	5.62409421491196	4.86402215684904
8.96959440840841	5.15426420190624	5.6002065072921	4.84119208526547
8.99570676476477	5.12933753638996	5.58003182794439	4.82571626714302
9.02181912112112	5.10258137490739	5.55405907965049	4.80122849286124
9.04793147747748	5.0740061057748	5.52371665564057	4.77616186616238
9.07404383383383	5.04753884011578	5.49082284579696	4.74017931330856
9.10015619019019	5.02201949095642	5.45313523210382	4.71607656198454
9.12626854654655	4.99534913962631	5.40822057640944	4.68183644649826
9.1523809029029	4.96815381512665	5.36367832626141	4.65300175495527
9.17849325925926	4.93969995110333	5.31760530890128	4.62379402797462
9.20460561561562	4.91031929351174	5.28282013334106	4.59520415229605
9.23071797197197	4.87995700435802	5.233349691978	4.56358184897457
9.25683032832833	4.8491880329349	5.19870482454446	4.53479339418878
9.28294268468468	4.81860468471475	5.16808815985487	4.51336971763214
9.30905504104104	4.7889751939424	5.13513673783975	4.48307776653936
9.3351673973974	4.76017706929127	5.10279492216256	4.4482068005881
9.36127975375375	4.73182096293001	5.06820526651661	4.42097287196773
9.38739211011011	4.70404092713599	5.03742864536571	4.39400322375115
9.41350446646647	4.67723291815912	5.00536120927789	4.37124885478311
9.43961682282282	4.65140079275103	4.97520698010633	4.33365985717905
9.46572917917918	4.62660849841454	4.94946248385741	4.30985140408054
9.49184153553554	4.60287004171528	4.92116722141366	4.28037978160328
9.51795389189189	4.58015275832199	4.8840883580152	4.2506264635712
9.54406624824825	4.55777015394054	4.86489454627088	4.22516998680601
9.5701786046046	4.53553052628028	4.83603496099998	4.20126874695789
9.59629096096096	4.51435810005477	4.8050158601621	4.17686248071415
9.62240331731732	4.49487701992882	4.78783759902192	4.15029001828126
9.64851567367367	4.47706064522779	4.76572098587359	4.13505594765686
9.67462803003003	4.46044223463538	4.74580558312002	4.10995653569171
9.70074038638639	4.44393207538419	4.73033117469677	4.08503279929862
9.72685274274274	4.42746068659269	4.7197728927302	4.05944727840432
9.7529650990991	4.41217740118021	4.70664329617825	4.04570299415068
9.77907745545546	4.39814353190685	4.69555101201953	4.03060957428607
9.80518981181181	4.38527385703211	4.68371772353209	4.01701916605695
9.83130216816817	4.37443576086977	4.6762680607375	3.99948225312379
9.85741452452453	4.36483605979264	4.67889405201829	3.98646189673233
9.88352688088088	4.35639754424176	4.67467110384233	3.9665797809619
9.90963923723724	4.34966678674311	4.67067411874037	3.95543330917204
9.93575159359359	4.34388272846913	4.67709850943272	3.94205460275542
9.96186394994995	4.33948669992679	4.67976803456452	3.93196600112511
9.98797630630631	4.33710488454956	4.67747106361562	3.93691335211465
10.0140886626627	4.33619117566193	4.68192855894609	3.93000499301128
10.040201019019	4.33704064659789	4.68958317881157	3.92961796552992
10.0663133753754	4.33884746365302	4.6923630924953	3.93419821052276
10.0924257317317	4.34188767317691	4.69970913185449	3.93832284430907
10.1185380880881	4.34668079254813	4.71203374453895	3.93986442598243
10.1446504444444	4.35323618867733	4.72831994101148	3.95988312494629
10.1707628008008	4.36107487091599	4.73569466093707	3.96323743339855
10.1968751571572	4.37021486882906	4.74477570516745	3.96498581722376
10.2229875135135	4.37910172192907	4.75634006114729	3.97342105451339
10.2490998698699	4.38856511206188	4.76865933208034	3.98965442492104
10.2752122262262	4.39904140481583	4.78237949541491	3.99726199722122
10.3013245825826	4.41029182379864	4.79268419483276	4.01154388378877
10.3274369389389	4.42226021567603	4.80751099645969	4.02633687431252
10.3535492952953	4.4342470239677	4.81267300973014	4.03810494362207
10.3796616516517	4.44688773924701	4.8220949358631	4.06390881216769
10.405774008008	4.45991418854854	4.82942556549439	4.08843263630141
10.4318863643644	4.47239894546132	4.8438631610762	4.1098276705125
10.4579987207207	4.48496502832778	4.85640663537676	4.12725077525296
10.4841110770771	4.49774766428819	4.86480388938535	4.14653168749227
10.5102234334334	4.51060542217298	4.87344472165901	4.16618133057984
10.5363357897898	4.52324696574396	4.88709799098461	4.18284391265246
10.5624481461461	4.53559539206596	4.89396422507464	4.19942176327261
10.5885605025025	4.54719500286989	4.90728718993809	4.2136858328309
10.6146728588589	4.55812155741988	4.91668582085231	4.23224006589155
10.6407852152152	4.56849375480064	4.93147496139091	4.24656041038994
10.6668975715716	4.57831159501219	4.9465570178227	4.26470353667362
10.6930099279279	4.58760160170137	4.96196775874918	4.2699777640509
10.7191222842843	4.59632394254745	4.97884219416687	4.2736698909474
10.7452346406406	4.60425093369858	4.98588069116007	4.27831062692694
10.771346996997	4.61054355294902	4.98755698805023	4.27717659014827
10.7974593533534	4.61492968275938	4.99722199066359	4.26352535924495
10.8235717097097	4.61754211343207	5.01677777846121	4.25806677358584
10.8496840660661	4.61843027344671	5.03936353557673	4.24765863610696
10.8757964224224	4.61721773277364	5.04177713467834	4.23059889153975
10.9019087787788	4.61404097420656	5.06206505825869	4.21127837706158
10.9280211351351	4.60968842207888	5.06879685364164	4.19096702730579
10.9541334914915	4.60360532875244	5.0782123219341	4.17050437794252
10.9802458478478	4.59477768044704	5.08933687867988	4.15370601047099
11.0063582042042	4.58318364002143	5.09003086653705	4.13222816917765
11.0324705605606	4.56882320747567	5.08259651800545	4.11177276627261
11.0585829169169	4.55177198764266	5.06284139136213	4.08423959659246
11.0846952732733	4.53364267664381	5.06705466946774	4.05791063031778
11.1108076296296	4.51437201374298	5.05412609091819	4.0377168603428
11.136919985986	4.49266869141927	5.04293394138359	4.00903052923473
11.1630323423423	4.46863690918802	5.04265196423165	3.9745694826303
11.1891446986987	4.44304761071838	5.00678272428998	3.9467802555297
11.2152570550551	4.41531935284496	4.98507435079071	3.91158849196675
11.2413694114114	4.3875158903603	4.97263249105131	3.89387638391385
11.2674817677678	4.3566989313951	4.93673354894975	3.88263578180716
11.2935941241241	4.32257021868891	4.91065053038902	3.86010728889495
11.3197064804805	4.28512975224159	4.8558475264309	3.83390245930386
11.3458188368368	4.24437753205327	4.78750599327861	3.79711826649376
11.3719311931932	4.2005926182989	4.7455976826457	3.760875877949
11.3980435495496	4.15511727012696	4.70820753188797	3.71618644985954
11.4241559059059	4.10806020773681	4.66082742936743	3.68841576094028
11.4502682622623	4.05880876528798	4.62167202861613	3.64507727932504
11.4763806186186	4.00825940610033	4.57425797406233	3.58513170708935
11.502492974975	3.95907961876357	4.51427667860545	3.54046081842205
11.5286053313313	3.91370279501172	4.4747676806463	3.48722291829578
11.5547176876877	3.87084908093095	4.42869147192435	3.43635686264198
11.580830044044	3.82938482015634	4.38974612589996	3.36277757349616
11.6069424004004	3.79019632280331	4.35779769864271	3.30097693566414
11.6330547567568	3.75222458769311	4.31806424249682	3.24041292855263
11.6591671131131	3.7136850789064	4.27008087502017	3.17324196775935
11.6852794694695	3.67477434300619	4.22203423045097	3.10594498519229
11.7113918258258	3.63507610310447	4.18140067293754	3.03953434367961
11.7375041821822	3.59457967602772	4.14014896081311	2.97470877575778
11.7636165385385	3.55328506177591	4.10268200026946	2.91132458058119
11.7897288948949	3.51119226034913	4.07070933854432	2.84871076182619
11.8158412512513	3.46830127174726	4.04557866250643	2.78899100760864
11.8419536076076	3.42461209597036	4.01637180524057	2.73315739776091
11.868065963964	3.38000331534101	3.98794159703219	2.67955419579581
11.8941783203203	3.33436424747818	3.94874398090421	2.62776427629397
11.9202906766767	3.28762139708823	3.92317336516906	2.5811246179357
11.946403033033	3.24035855971937	3.89579751703979	2.53012331107258
11.9725153893894	3.19223392732957	3.86463526198213	2.47754859523061
11.9986277457457	3.14276761897842	3.83575102770519	2.42499309771604
12.0247401021021	3.09234317249926	3.79027342654974	2.37762057032643
12.0508524584585	3.04197464615332	3.75299170035191	2.32680813150176
12.0769648148148	2.991880174887	3.7079294013536	2.27837169623609
12.1030771711712	2.94230159246612	3.67324567643208	2.2290687066517
12.1291895275275	2.89323889889068	3.63198706077129	2.1855920234788
12.1553018838839	2.84469209416067	3.58393099557329	2.13958611447123
12.1814142402402	2.79626006273585	3.5479909415692	2.09733140638333
12.2075265965966	2.74775932434894	3.50502484632877	2.05775278410657
12.233638952953	2.69790693404097	3.45724414038871	2.0181783807305
12.2597513093093	2.64760610336092	3.42121270532237	1.98729962927118
12.2858636656657	2.59845094707118	3.37274517763221	1.95208454938408
12.311976022022	2.55045782582551	3.33295493882034	1.91511680252684
12.3380883783784	2.50362673962392	3.30172278083446	1.87594734354429
12.3642007347347	2.45720453612767	3.26555248124563	1.84158321417125
12.3903130910911	2.41008202370116	3.21435398632989	1.80944912586254
12.4164254474474	2.36422151998454	3.18644781398324	1.77854780728678
12.4425378038038	2.31974063766359	3.14199970337455	1.74922076386806
12.4686501601602	2.27607733274022	3.11288840969501	1.72146799560899
12.4947625165165	2.23244727960102	3.072159945755	1.69220518621008
12.5208748728729	2.19022495914287	3.04097644137312	1.66950226009183
12.5469872292292	2.14947679768231	2.98927983026177	1.64505585931782
12.5730995855856	2.11020279521938	2.96694434605078	1.60875678449164
12.5992119419419	2.07240295175406	2.95288941176419	1.5848144434477
12.6253242982983	2.03607726728638	2.94816313580345	1.55286090667526
12.6514366546547	2.00122574181632	2.94759058623627	1.52413035519862
12.677549011011	1.96784837534387	2.94519680050462	1.50669077094635
12.7036613673674	1.93526557329183	2.93345991605768	1.48838052340091
12.7297737237237	1.90263306304363	2.85365998608729	1.4624996713232
12.7558860800801	1.8714632119239	2.78239714194828	1.43586612172614
12.7819984364364	1.84181674614839	2.71649590596669	1.41001895864983
12.8081107927928	1.81369366571706	2.65567436357121	1.38922181294775
12.8342231491491	1.78709397062988	2.61761367588398	1.36334626077459
12.8603355055055	1.76201766088684	2.56938493851103	1.34679472479075
12.8864478618619	1.73846473648806	2.5395908396328	1.3213539878476
12.9125602182182	1.71643519743329	2.5089420695227	1.29785874719167
12.9386725745746	1.69592904372288	2.5142211021183	1.28006556696043
12.9647849309309	1.6769462753565	2.52407734513301	1.25828276376628
12.9908972872873	1.65948689233432	2.54040777002195	1.2428623446335
13.0170096436436	1.64355089465633	2.56173883779615	1.22764080514014
13.043122	1.62913828232251	2.59388298794115	1.21608077233988
13.0692343563564	1.61624905533283	2.61996944906098	1.19964548433385
13.0953467127127	1.60488321368733	2.64235613501411	1.17978524309654
13.1214590690691	1.59504075738597	2.65724788582092	1.16528013896077
13.1475714254254	1.58672168642885	2.66816465971999	1.15009260307364
13.1736837817818	1.57992600081583	2.69480129880145	1.1458107406848
13.1997961381381	1.574653700547	2.72327572435293	1.13861270647471
13.2259084944945	1.56973065198474	2.72266048999616	1.12970978985423
13.2520208508509	1.56383294463439	2.64546084717418	1.12116992660528
13.2781332072072	1.55942342660543	2.56823109764341	1.1129028915798
13.3042455635636	1.55658772830456	2.4926311802394	1.10433370705031
13.3303579199199	1.5553258497319	2.41180508345621	1.10330957343924
13.3564702762763	1.55563779088743	2.33358942754485	1.10562201205636
13.3825826326326	1.55752355177119	2.28007339334076	1.1107455707001
13.408694988989	1.56098313238312	2.22181442206765	1.11646131584586
13.4348073453453	1.56601653272324	2.2258897334831	1.11716733474358
13.4609197017017	1.57262375279154	2.21875254834822	1.11864701462596
13.4870320580581	1.58080479258805	2.22871048397511	1.11820505149587
13.5131444144144	1.59055965211274	2.26164480400333	1.12057709744617
13.5392567707708	1.60188833136563	2.28322130745518	1.12631845973333
13.5653691271271	1.61479083034669	2.31651674607466	1.1279453003061
13.5914814834835	1.62926714905596	2.36032998029267	1.1361187225809
13.6175938398398	1.64531728749339	2.41050401437256	1.1427761077669
13.6437061961962	1.66294124565908	2.46236186497974	1.14821630321877
13.6698185525526	1.68213902355289	2.51293297187927	1.15314992050747
13.6959309089089	1.70291062117491	2.56407570453673	1.16107284518061
13.7220432652653	1.72525603852514	2.61277596669657	1.17588425727533
13.7481556216216	1.74917527560352	2.66200091043111	1.18939329155626
13.774267977978	1.77466833241016	2.70812784689116	1.20426404099722
13.8003803343343	1.80173520894493	2.75566522816187	1.21698002609653
13.8264926906907	1.83037590520792	2.80490683453548	1.24019679823503
13.852605047047	1.86059042119911	2.86831660155023	1.25033302454693
13.8787174034034	1.89055361982796	2.88110762367952	1.27785533558004
13.9048297597598	1.91943359374552	2.8500627660555	1.290507643076
13.9309421161161	1.94991888942018	2.83125087276974	1.30634410097615
13.9570544724725	1.98203383509296	2.86856879557369	1.3227848822815
13.9831668288288	2.01577843076371	2.90741363248522	1.341419444825
14.0092791851852	2.05115267643248	2.93292797063733	1.36206464335832
14.0353915415415	2.08815657209931	2.98914572320189	1.38487942185859
14.0615038978979	2.12679011776418	3.05169084323166	1.40987870349673
14.0876162542543	2.16591328025285	3.10178987529093	1.43212756640518
14.1137286106106	2.2020811964867	3.11054221517521	1.46571889463156
14.139840966967	2.23899426111549	3.13714553481741	1.47485004236187
14.1659533233233	2.27580964181417	3.13501585202332	1.48866864932317
14.1920656796797	2.31295501534974	3.12020382617256	1.5334322146808
14.218178036036	2.35186868664585	3.10908950270757	1.5806848581241
14.2442903923924	2.39255065570252	3.11500894548085	1.60761922343599
14.2704027487487	2.4350009225197	3.11542497844421	1.64124478105557
14.2965151051051	2.47921948709745	3.17082403264421	1.67079767018287
14.3226274614615	2.52520634943567	3.22550304234239	1.69597087373978
14.3487398178178	2.57296150953451	3.28646316427578	1.72372127767132
14.3748521741742	2.62248496739384	3.34963227154429	1.76590130303411
14.4009645305305	2.67377672301371	3.42245001675061	1.81510618433282
14.4270768868869	2.72638070038641	3.48714074679435	1.85916327480919
14.4531892432432	2.77566136550147	3.52943701669805	1.90112714900397
14.4793015995996	2.82335990341779	3.55122584109629	1.94338646196468
14.505413955956	2.86877899508781	3.57684448898702	1.98748530689698
14.5315263123123	2.91307994968653	3.58465878883422	2.03924701629727
14.5576386686687	2.9590141448826	3.64325892784771	2.0966366016564
14.583751025025	3.00592285467202	3.67866433089827	2.15761335756468
14.6098633813814	3.05446417379615	3.72279345960417	2.20692146760666
14.6359757377377	3.10503635077736	3.7733323390063	2.25830573589061
14.6620880940941	3.15619115769579	3.83886332554815	2.32636166852621
14.6882004504505	3.20545092694098	3.88895713652881	2.3942087664818
14.7143128068068	3.25056743549859	3.91883458648498	2.46382136422101
14.7404251631632	3.29689121216168	3.93441095762773	2.53009289467237
14.7665375195195	3.34541555486348	3.95407671079812	2.57094067794658
14.7926498758759	3.3961404636039	3.9799204449398	2.63386682911553
14.8187622322322	3.44906593838296	4.02057712434039	2.6968971374288
14.8448745885886	3.50419197920064	4.06977294243709	2.76688510555071
14.8709869449449	3.56151858605698	4.14021133441249	2.84497153644891
14.8970993013013	3.62103756875783	4.21518101499125	2.92227834024018
14.9232116576577	3.67902343824343	4.27913932414201	2.98979749972432
14.949324014014	3.73219282710193	4.30782449959381	3.04376548032448
14.9754363703704	3.78577026813117	4.34242457585191	3.13110600472599
15.0015487267267	3.84138984984708	4.38307844333865	3.20688394022252
15.0276610830831	3.89925869893468	4.42897980194032	3.27397455451504
15.0537734394394	3.95937681539403	4.48134811614583	3.36083914763233
15.0798857957958	4.02090075479287	4.54582879488508	3.44474146215185
15.1059981521522	4.08315832429496	4.60248512427955	3.53085259805704
15.1321105085085	4.14555990488577	4.65555792343074	3.59914282249661
15.1582228648649	4.20814026746185	4.69575922414392	3.68601128007795
15.1843352212212	4.2727942866959	4.73546178173081	3.78916697048347
15.2104475775776	4.33964026440415	4.78169096195276	3.87910154691931
15.2365599339339	4.40867820058643	4.83651980089018	3.97775693700231
15.2626722902903	4.47990809524294	4.89480798648127	4.05811287094722
15.2887846466466	4.55332994837349	4.95692558378705	4.13198099202973
15.314897003003	4.62894375997819	5.03650038181079	4.21120455294506
15.3410093593594	4.70655576550593	5.11199706138598	4.29552583325385
15.3671217157157	4.78301227020702	5.16891259306898	4.37867356481651
15.3932340720721	4.86014115055862	5.22590403567034	4.46743643397794
15.4193464284284	4.93823215426306	5.28640255891182	4.54129593507079
15.4454587847848	5.01649475084413	5.36699351323079	4.62308817127928
15.4715711411411	5.0913881252935	5.41877241445462	4.72266427732983
15.4976834974975	5.16400685342094	5.47549494305002	4.79185767186174
15.5237958538539	5.23197926826911	5.54220697503684	4.8747117839733
15.5499082102102	5.29951567282677	5.60562558089438	4.95479026150941
15.5760205665666	5.36912053880461	5.67599905138193	5.03626619770243
15.6021329229229	5.44070480979717	5.73205848588376	5.09500543720627
15.6282452792793	5.51195404815522	5.7984619707784	5.16431336226272
15.6543576356356	5.58298448273414	5.87414059588475	5.21503770146462
15.680469991992	5.65280801748385	5.94569810742796	5.27924597148311
15.7065823483483	5.72056875659485	6.00988223338771	5.33369979237741
15.7326947047047	5.78936866970608	6.0854057322872	5.38015693247856
15.7588070610611	5.85036511457454	6.14677133344538	5.42774022107203
15.7849194174174	5.90336001190546	6.20388962413868	5.47791400693607
15.8110317737738	5.95357087682615	6.26398226885769	5.5024813723288
15.8371441301301	6.00316488780071	6.32681209135207	5.54642432521095
15.8632564864865	6.05331331688758	6.38268244834154	5.56954181878795
15.8893688428428	6.10593425160666	6.45466353229071	5.61117673388876
15.9154811991992	6.160948695618	6.51262684528167	5.64795990209766
15.9415935555556	6.21905383759064	6.586360498509	5.69721518703963
15.9677059119119	6.28025161297565	6.65807593959186	5.74191065088975
15.9938182682683	6.3445420217731	6.72470812788847	5.79970035643875
16.0199306246246	6.411925063983	6.7953043874711	5.89117644506763
16.046042980981	6.4823466269613	6.86268541449122	5.96993453993765
16.0721553373373	6.55410457552623	6.92273527762655	6.04159622801194
16.0982676936937	6.62685400660057	6.99696296222719	6.09784840706011
16.12438005005	6.70169918803941	7.07840828490808	6.19031383634618
16.1504924064064	6.77884321166903	7.17196934855257	6.27058084410887
16.1766047627628	6.85861767017798	7.276447895792	6.35845330727521
16.2027171191191	6.94142897823938	7.36848112631159	6.45191206037467
16.2288294754755	7.02739704321446	7.47827257531361	6.54536663737868
16.2549418318318	7.11506727272732	7.58641250182211	6.64463865704723
16.2810541881882	7.20429442054659	7.69137831067822	6.74143297384286
16.3071665445445	7.29581310052708	7.79948888608352	6.83764479156179
16.3332789009009	7.39162386890058	7.89833649924808	6.94156701072974
16.3593912572573	7.48965479763432	8.00034964152576	7.04377619606434
16.3855036136136	7.59017115594356	8.11406686497947	7.14399646524967
16.41161596997	7.69666260551904	8.22768292829461	7.25681172863088
16.4377283263263	7.809349674065	8.33831128704741	7.35909115319834
16.4638406826827	7.92545954501554	8.49052432319476	7.46745611170204
16.489953039039	8.04025452259225	8.69422681773342	7.56941840630861
16.5160653953954	8.15942579929205	8.82598990401941	7.67472436005546
16.5421777517518	8.28364503297638	9.01874708993286	7.77479182799126
16.5682901081081	8.40551518591048	9.18763198708795	7.87662831557879
16.5944024644645	8.52147944745439	9.36511870411336	7.97296389063591
16.6205148208208	8.63551137959433	9.47228801575155	8.06757358841185
16.6466271771772	8.74898999298443	9.62634636443174	8.14864404174945
16.6727395335335	8.8637668462664	9.78942537620399	8.25956843580907
16.6988518898899	8.97504050046419	9.91259608311301	8.34929790335976
16.7249642462462	9.08233140875613	10.050688457655	8.44367041522209
16.7510766026026	9.18537902481945	10.1607326852061	8.52904475291832
16.777188958959	9.27600068050083	10.247468104452	8.60309800467396
16.8033013153153	9.35685661907057	10.3360642318757	8.68449525998806
16.8294136716717	9.44337129911928	10.4158013749463	8.78842194476136
16.855526028028	9.53073950208025	10.5227797126108	8.85004018794994
16.8816383843844	9.62580873216078	10.5579044428973	8.96833835214416
16.9077507407407	9.7281916230445	10.612466083181	9.11265032535311
16.9338630970971	9.82704359733422	10.7023329930976	9.18496828377305
16.9599754534535	9.91349290779062	10.8196170254661	9.22725911260782
16.9860878098098	10.0063996769408	10.8861151311748	9.28475653104717
17.0122001661662	10.1093287633642	11.0163075876536	9.37122121295666
17.0383125225225	10.2249312883622	11.1054686312702	9.51140089820788
17.0644248788789	10.3321431021934	11.1824886323612	9.67022152159397
17.0905372352352	10.424144378611	11.1979402980986	9.75705956643979
17.1166495915916	10.5002349764038	11.2532017603541	9.79044258571555
17.1427619479479	10.5681645538451	11.3099932532551	9.85153693653321
17.1688743043043	10.6198979932948	11.3516608331675	9.88456187808014
17.1949866606607	10.6663747587403	11.4023314713254	9.91855071346056
17.221099017017	10.7121667863086	11.4130112434664	10.0344784798368
17.2472113733734	10.7448347874515	11.4595693394518	10.0774261219514
17.2733237297297	10.767658486561	11.4760265692226	10.1499261147422
17.2994360860861	10.7735108392492	11.4847252632363	10.1140656692827
17.3255484424424	10.7653142251049	11.5414138127388	10.0586743543562
17.3516607987988	10.7695257016457	11.5809069320727	10.0915234895293
17.3777731551552	10.7912814048468	11.6040618124294	10.1840161015699
17.4038855115115	10.8117727799522	11.6155420924889	10.2160742920332
17.4299978678679	10.8430261008669	11.6453927759055	10.2570682503941
17.4561102242242	10.8792827970492	11.7150902259369	10.2858052093462
17.4822225805806	10.9161232422835	11.7067472712177	10.3070711419481
17.5083349369369	10.9471452716651	11.7633697408114	10.3011376198061
17.5344472932933	10.9738682620652	11.8156318134767	10.3350828220147
17.5605596496497	10.9861767965992	11.8549949704381	10.3480267126163
17.586672006006	10.9812627749893	11.8641011542205	10.3090421839433
17.6127843623624	10.9676860387906	11.8811960070555	10.3056872384598
17.6388967187187	10.9413577119891	11.8706062490083	10.294417644526
17.6650090750751	10.916305539513	11.8338481525731	10.2548362557692
17.6911214314314	10.8956549070907	11.7869581378285	10.2236197539819
17.7172337877878	10.8676761857804	11.7235307566315	10.2003730815054
17.7433461441441	10.8370410963889	11.6569070618568	10.1464734094461
17.7694585005005	10.7961236943284	11.5913465200017	10.0854873358226
17.7955708568569	10.7442958005664	11.5414326373707	10.02649114385
17.8216832132132	10.6837127634988	11.4979968578324	9.9609427453235
17.8477955695696	10.6176635503514	11.4230811832574	9.88075500730258
17.8739079259259	10.5521398663579	11.3832790872277	9.76941124666936
17.9000202822823	10.493949354645	11.3248847923303	9.59471762377705
17.9261326386386	10.4342881446459	11.2644798945483	9.46659184045978
17.952244994995	10.3694263404728	11.1936239482306	9.27040991351943
17.9783573513514	10.2994777485461	11.0978274134332	9.08051410297203
18.0044697077077	10.2253056710621	11.0458676888603	8.89199255295711
18.0305820640641	10.146899273637	10.9564191658018	8.73438895408852
18.0566944204204	10.0638344393798	10.880201602539	8.59797607025519
18.0828067767768	9.97757699626983	10.7876398258206	8.47672487958889
18.1089191331331	9.88591930037896	10.6983863827307	8.32795014461217
18.1350314894895	9.79264576316573	10.5894731148518	8.17638915332604
18.1611438458458	9.69729528103442	10.4750352011481	8.0840265518962
18.1872562022022	9.59161894430687	10.3800024779256	7.94134747102118
18.2133685585586	9.47983390656316	10.3039430103952	7.8213303852039
18.2394809149149	9.35202121996551	10.2093410531962	7.74016655295077
18.2655932712713	9.21203097356528	10.1063242211584	7.5886731973722
18.2917056276276	9.04700996146061	10.05909517097	7.44716927440115
18.317817983984	8.86293910236184	9.96748333463666	7.1928463649205
18.3439303403403	8.67053103896322	9.89198536826842	6.9442437125799
18.3700426966967	8.50629494578411	9.813174363417	6.70589685427028
18.3961550530531	8.36228653310038	9.75025583560923	6.57806280265144
18.4222674094094	8.22442233198428	9.68828826903932	6.33122696600146
18.4483797657658	8.11635261741909	9.68000478262169	6.21782773710786
18.4744921221221	8.03780047380157	9.63802829362831	6.09262888582949
18.5006044784785	7.99805130347024	9.62165255893644	6.05248678873543
18.5267168348348	7.96172395495747	9.57655744475319	6.02372083317877
18.5528291911912	7.95226927844745	9.63681314854584	5.99895481027906
18.5789415475475	8.01808617688437	9.88889970717678	6.00043841412448
18.6050539039039	8.09523003230814	9.97275463387061	5.99975778549844
18.6311662602603	8.1575301335559	10.0717201873208	5.96631072081012
18.6572786166166	8.18622378928712	10.1988157104802	5.94588518927956
18.683390972973	8.21424588263861	10.2580786193698	5.96598553938081
18.7095033293293	8.29746481834216	10.3717399718813	5.93876153838507
18.7356156856857	8.40810992325664	10.643419173034	5.9554717962279
18.761728042042	8.51943374050746	10.8360294498311	5.99574512172906
18.7878403983984	8.61576645980366	10.9993786695552	6.06785108908026
18.8139527547548	8.73062829833654	11.1262737835015	6.08062969914102
18.8400651111111	8.87677169390443	11.2260985445946	6.24111761955819
18.8661774674675	9.07884547344801	11.2850613870579	6.36982590483223
18.8922898238238	9.34567615926964	11.7159300726898	6.62066585175302
18.9184021801802	9.59784375656801	12.0836517672245	6.91159545750624
18.9445145365365	9.82480114010398	12.1769067385779	7.19447722475188
18.9706268928929	10.0648169748034	12.2602117760341	7.43274942394492
18.9967392492493	10.3404021476343	12.5318011713174	7.5711341300701
19.0228516056056	10.5963058904239	12.809793249735	7.82466707457421
19.048963961962	10.8251475648002	12.9989602300097	8.21609507628331
19.0750763183183	11.0505095187648	13.2900693994228	8.62060161472648
19.1011886746747	11.2742855849277	13.4374749895935	8.88987545272427
19.127301031031	11.5349948560067	13.6530779124124	9.3831625491484
19.1534133873874	11.8241248692398	13.8994105306586	9.74285765640074
19.1795257437437	12.1314631588771	14.1614849626628	10.0469596609234
19.2056381001001	12.4452194612239	14.538500059765	10.5227826265595
19.2317504564565	12.7594804142706	14.9523027645971	10.8291300489109
19.2578628128128	13.0976093024558	15.29764925442	11.2149408440615
19.2839751691692	13.4548659275874	15.6795395362868	11.6088445993895
19.3100875255255	13.820865740526	16.1336831715821	11.9605002988768
19.3361998818819	14.2040491827589	16.7602339963632	12.3728543269155
19.3623122382382	14.6073060132808	17.4604535893095	12.7514469215227
19.3884245945946	15.0570874475524	17.9737913091457	13.0730447284558
19.414536950951	15.539674808266	18.5714186466895	13.4174693390399
19.4406493073073	16.0453860725634	19.11628530919	13.7767432723294
19.4667616636637	16.572207751265	19.727018001592	14.1258937514923
19.49287402002	17.1057376353417	20.2484634619826	14.5154075953279
19.5189863763764	17.6983096094027	20.8235757416443	14.9142895104133
19.5450987327327	18.3397148064881	21.4146728167823	15.4605299900811
19.5712110890891	18.9762053898729	21.9871876498786	15.7862497434094
19.5973234454454	19.5812121462757	22.5326060201087	16.0568178661264
19.6234358018018	20.1836922466322	22.9902535416438	16.5619846498876
19.6495481581582	20.7540142518361	23.5053264224981	17.2598082274764
19.6756605145145	21.2569695553457	23.9329486058818	17.848432834674
19.7017728708709	21.6918855663594	24.2902306492114	18.4061210227858
19.7278852272272	22.058762284877	24.5893780868291	18.8720376670719
19.7539975835836	22.3575997108985	24.9157978339356	19.2449730585454
19.7801099399399	22.588397844424	25.2539901935898	19.5273224154065
19.8062222962963	22.7511566854536	25.534062887332	19.4881461208533
19.8323346526527	22.845876233987	25.6842872376419	19.1964964001075
19.858447009009	22.8725564900244	25.8074413801269	18.8499035921476
19.8845593653654	22.8311974535659	25.8594406534136	18.4517647470349
19.9106717217217	22.7227829961309	25.7799496708667	17.9674407383788
19.9367840780781	22.597626836428	25.6197874153131	17.8904538923007
19.9628964344344	22.4488287938437	25.4090158904128	17.6159169467231
19.9890087907908	22.3020655145355	25.16243027038	17.8758921367293
20.0151211471471	22.1225573624164	24.8236638478711	18.2252264399135
20.0412335035035	21.8835794038546	24.4473844560321	18.3444459233855
20.0673458598599	21.5780660098178	24.0821415452338	18.180346400327
20.0934582162162	21.2061722589965	23.8725189872329	17.6737524016418
20.1195705725726	20.7879783758191	23.558687622347	17.1716570361619
20.1456829289289	20.349300130458	23.2916252771091	16.7946980958065
20.1717952852853	19.9129931848577	22.9176214351336	16.7520682935169
20.1979076416416	19.4418853785295	22.5571951421369	16.5282564033054
20.224019997998	18.9558531682816	22.0929238049054	16.1486729661175
20.2501323543544	18.4952091111107	21.6856106767197	15.8623748543597
20.2762447107107	18.0399247124055	21.1916285703338	15.4430295774579
20.3023570670671	17.6235317482134	20.7114288565684	15.1477583169081
20.3284694234234	17.1921839758731	20.2005805813083	14.7549436763062
20.3545817797798	16.732051321032	19.6309399713451	14.3462847163247
20.3806941361361	16.2431337836903	19.0960062051378	13.9225974165203
20.4068064924925	15.7254313638479	18.5378115070916	13.5067651712332
20.4329188488488	15.1812829363767	18.0211229866536	13.1003209942801
20.4590312052052	14.6290955043176	17.4299956134914	12.7346800956173
20.4851435615616	14.082018672296	16.7300728849407	12.3516378369127
20.5112559179179	13.5740477297969	16.1481316760963	11.9484619918702
20.5373682742743	13.1182654171249	15.5143754180284	11.4789312791444
20.5634806306306	12.6973279325307	14.8339693732095	11.0857207841308
20.589592986987	12.2983653537399	14.0661231019487	10.5774273420609
20.6157053433433	11.9244847352462	13.4774782753477	10.3093141446959
20.6418176996997	11.5711099194056	12.9188074990065	10.0050101476174
20.6679300560561	11.2220815043764	12.516638365987	9.70892731831544
20.6940424124124	10.8915258348743	12.0794170921771	9.43278451954867
20.7201547687688	10.5400161553169	11.7541731143062	9.13850965015297
20.7462671251251	10.1750406383357	11.4635421393965	8.80259758063845
20.7723794814815	9.82996287552781	11.178409750868	8.42617019107216
20.7984918378378	9.48577024969902	10.7917066277251	8.02645971950214
20.8246041941942	9.18886908627646	10.6344097585452	7.59554311082409
20.8507165505506	8.95693643822553	10.4932287701755	7.19333511434195
20.8768289069069	8.77460725235288	10.3674203541576	6.84966437200062
20.9029412632633	8.61745931038535	10.2872566126534	6.49024997016763
20.9290536196196	8.4086499972787	10.1331745334774	6.11111665134326
20.955165975976	8.13401136947756	10.0730751945399	5.78621755980336
20.9812783323323	7.85529845681149	10.0935797487041	5.19610380696986
21.0073906886887	7.42150135365511	9.8000352189485	4.68586640818513
21.033503045045	6.98331485085886	9.88648640092886	4.12747845428037
21.0596154014014	6.63908995327914	10.1526854328275	3.59959011368688
21.0857277577578	6.29508280499245	10.1860360908025	3.13052341960148
21.1118401141141	5.91969509542876	10.110240908791	2.81402824068553
21.1379524704705	5.67131140855733	9.95863031917591	2.56506170078917
21.1640648268268	5.63178789082672	9.99503368975802	2.45063116781507
21.1901771831832	5.79048568018665	10.8213823293215	2.30761374266391
21.2162895395395	5.97243507532326	11.0258370684124	2.23240648729328
21.2424018958959	6.1843826983917	10.8944835309247	2.22197255776352
21.2685142522523	6.51716387098718	11.2169656353171	2.51805681645255
21.2946266086086	6.90043815674783	11.7244700321325	2.89394660154696
21.320738964965	7.27161433476915	11.6344235906436	3.27182017476802
21.3468513213213	7.71085995106209	12.1732630950034	3.88427577199608
21.3729636776777	8.10850650334283	12.5473049746518	4.57306255164661
21.399076034034	8.5895535334081	12.8655957449267	5.1534438983961
21.4251883903904	9.0766061284685	13.6167084883544	5.79371801011247
21.4513007467467	9.57819789565961	14.3616762305086	6.34346265749125
21.4774131031031	10.0407431253329	15.1165876692428	6.86409193706831
21.5035254594595	10.514029267202	15.7886684310229	7.3628243577838
21.5296378158158	11.0139432674026	16.4167761179925	7.8154301941208
21.5557501721722	11.4908879052528	17.0516291735607	8.32127205335505
21.5818625285285	11.9970710887624	17.6828185275904	8.8078259355871
21.6079748848849	12.5549084616786	18.3397837906549	9.23061519651738
21.6340872412412	13.1530866709562	18.9865574949786	9.7284189816807
21.6601995975976	13.8042558208636	19.6027953584747	10.1237463800799
21.686311953954	14.4761382665722	20.2079935079408	10.5811092964414
21.7124243103103	15.1779161526543	20.7726884552569	10.9204533002824
21.7385366666667	15.8890745090043	21.3424658123805	11.4882820763225
21.764649023023	16.6096293595599	22.0121251249896	12.1587252340504
21.7907613793794	17.3265090324397	22.5425642241885	12.8785413541014
21.8168737357357	18.0408426244249	23.0768438740701	13.609034345628
21.8429860920921	18.7583594560742	23.6072799712245	14.3295968495831
21.8690984484484	19.4629384092188	24.1604863083397	15.1337482621454
21.8952108048048	20.1545524506955	24.7155331681841	15.9161442357064
21.9213231611612	20.8239943971271	25.3203736125273	16.7170412814941
21.9474355175175	21.4526130168245	25.8575003268457	17.3245391207927
21.9735478738739	22.0498185492399	26.3105173291961	17.8997187144843
21.9996602302302	22.6242648045817	26.7152026758298	18.7744857638531
22.0257725865866	23.1750588067974	27.240444086063	19.5974296269296
22.0518849429429	23.6977622367835	27.7332941622815	20.1703209990676
22.0779972992993	24.1942978736477	28.1345593079684	20.8303136915597
22.1041096556557	24.6650836485056	28.5995270707353	21.4824376843127
22.130222012012	25.1101195613571	28.9987320057081	21.9980276720021
22.1563343683684	25.5294056122023	29.3688334949929	22.4708770607692
22.1824467247247	25.9229418010409	29.7081929704846	22.9416642979403
22.2085590810811	26.2907281278732	30.0110529622569	23.3195971995903
22.2346714374374	26.6327645926992	30.3289418042294	23.7103465596271
22.2607837937938	26.9490511955186	30.593427776282	24.0706230710205
22.2868961501502	27.2395879363318	30.8724495630256	24.3866835300039
22.3130085065065	27.5043748151386	31.1126073292048	24.6809765725369
22.3391208628629	27.7434118319388	31.259270039351	24.9422544062763
22.3652332192192	27.9566989867328	31.3564756369563	25.1496541912562
22.3913455755756	28.1442362795204	31.4517586199702	25.2718919371142
22.4174579319319	28.3060237103015	31.5113566071791	25.3738174105052
22.4435702882883	28.4420612790763	31.5593055440211	25.3756347400888
22.4696826446446	28.5523489858446	31.6360209930015	25.3890665285338
22.495795001001	28.6368868306067	31.7346260398611	25.4197107265751
22.5219073573574	28.6956748133622	31.7812771068648	25.3122013418218
22.5480197137137	28.7287129341114	31.7905858748694	25.1467962197607
22.5741320700701	28.7360011928542	31.7909380183272	25.0530085308765
22.6002444264264	28.7175395895906	31.816048771614	24.8190122500805
22.6263567827828	28.6733281243206	31.697511267169	24.724168504094
22.6524691391391	28.6033667970442	31.6650933699083	24.4587765441956
22.6785814954955	28.5076556077613	31.5673513632995	24.2141004000792
22.7046938518519	28.3861945564723	31.4501243560134	23.9541356452996
22.7308062082082	28.2389836431766	31.3505033104724	23.5562709888156
22.7569185645646	28.0660228678747	31.2461318199441	23.1063377823004
22.7830309209209	27.8673122305663	31.1128136021855	22.6918115501978
22.8091432772773	27.6428517312515	30.934212210023	22.2640549498537
22.8352556336336	27.3929850218592	30.7934398801781	21.8184642665884
22.86136798999	27.1488348960274	30.6078545208178	21.7110264994198
22.8874803463463	26.8994480027072	30.3816325759132	21.6700967430769
22.9135927027027	26.6242606030771	30.1011706174925	21.5605803224837
22.9397050590591	26.3232726971369	29.8363368016565	21.309717133192
22.9658174154154	25.9964842848871	29.5456730783443	20.9205356937546
22.9919297717718	25.6462079350013	29.1786099835262	20.4040733530587
23.0180421281281	25.2997330304835	28.8760213411565	20.0113802946045
23.0441544844845	24.9601458048288	28.5603914770584	19.8060468046462
23.0702668408408	24.5996052824953	28.1735941344156	19.6233518769036
23.0963791971972	24.2165275389598	27.7685928826813	19.4313086525165
23.1224915535536	23.8173488503973	27.3249234118399	19.0865197204365
23.1486039099099	23.4078385188954	26.8993366893951	18.8265551469437
23.1747162662663	22.9807694678905	26.4451413847841	18.4309532341592
23.2008286226226	22.536702728915	25.998642280845	18.0861590905865
23.226940978979	22.0811277719796	25.5527517659362	17.7844658336682
23.2530533353353	21.6191466784953	25.1215329266988	17.3910408557174
23.2791656916917	21.1612994639838	24.6610722371836	16.9676283132887
23.305278048048	20.6940312248403	24.2099404600263	16.5691736733491
23.3313904044044	20.2135904885888	23.7721288313961	16.1755167205862
23.3575027607608	19.7232655615049	23.3097302889687	15.8562086116837
23.3836151171171	19.2449554199704	22.8606587264154	15.5171567819854
23.4097274734735	18.7949885702435	22.3898450346656	15.2642770331067
23.4358398298298	18.3623198536775	21.8701362089993	14.999766680189
23.4619521861862	17.9304850965504	21.3811583061298	14.7464577811458
23.4880645425425	17.496256622592	20.8671968674773	14.5394689633555
23.5141768988989	17.0617342406016	20.3331017376676	14.2813732369708
23.5402892552553	16.6584193528854	19.8029799756261	14.1654914942464
23.5664016116116	16.3037921761279	19.2391797687982	13.9811268000221
23.592513967968	15.9781937419387	18.6713681655917	13.8356976788545
23.6186263243243	15.6734640644865	18.1194092412116	13.7293070176626
23.6447386806807	15.3885111094375	17.5438862787101	13.6460021239724
23.670851037037	15.1232963043246	17.0134572272447	13.54404068715
23.6969633933934	14.8714964192661	16.5934357775495	13.2908183630598
23.7230757497497	14.6213158916619	16.2662018479086	13.0965131052183
23.7491881061061	14.387460259424	16.0551547275997	12.9215843618935
23.7753004624625	14.1748717243213	15.8910292619451	12.7411603951934
23.8014128188188	13.9904084052682	15.7468099026409	12.5790830150694
23.8275251751752	13.8342686545056	15.6038566060479	12.4167247642868
23.8536375315315	13.7063015676921	15.43728671131	12.2762488911848
23.8797498878879	13.5995454175391	15.2751665139646	12.1189180846677
23.9058622442442	13.5128171502701	15.1135688040017	12.0427854091932
23.9319746006006	13.444201967295	14.9787901534534	11.9412447720098
23.958086956957	13.3884420738326	14.8689256477759	11.8597403219206
23.9841993133133	13.3389041513338	14.7459773175187	11.8262426587751
24.0103116696697	13.3046429833863	14.6387107826141	11.798939698672
24.036424026026	13.2884697181725	14.5512538273036	11.8080927303042
24.0625363823824	13.272061265633	14.459767655699	11.7430248259944
24.0886487387387	13.2459655923911	14.3715094039304	11.8220287317964
24.1147610950951	13.2001237214014	14.27274220254	11.8005476390238
24.1408734514515	13.1390521816893	14.1655795871675	11.8447547857952
24.1669858078078	13.0786393585295	14.0575848042211	11.7605893311159
24.1930981641642	12.9820990743633	13.951830394435	11.7335958764697
24.2192105205205	12.8548671950793	13.8176655123486	11.6368952332011
24.2453228768769	12.7172371978467	13.7189719142486	11.5208456404393
24.2714352332332	12.5619420574558	13.5823306493307	11.3639855935922
24.2975475895896	12.4099868784592	13.4463533613321	11.206244920938
24.3236599459459	12.25802371272	13.3248747038515	11.041564244315
24.3497723023023	12.1060527178379	13.1816258332509	10.8748350769683
24.3758846586587	11.9573535852145	13.0652144070559	10.6979917918219
24.401997015015	11.8119592136569	12.9465382182374	10.5461619538594
24.4281093713714	11.6680760813474	12.8189053184009	10.3945899591252
24.4542217277277	11.5235206929398	12.6878516968007	10.2120721982994
24.4803340840841	11.3813386069656	12.5653267460755	10.0639890613895
24.5064464404404	11.2412104899664	12.4392628457322	9.90560331864773
24.5325587967968	11.1037636496336	12.314038521971	9.75961526479199
24.5586711531532	10.9691255926758	12.1893770709323	9.61775485619299
24.5847835095095	10.8372807858841	12.0652784926168	9.47689246230142
24.6108958658659	10.7077598548047	11.9436796954779	9.32224230569354
24.6370082222222	10.5807862798495	11.8356367321504	9.17529158797305
24.6631205785786	10.4565790348651	11.7281732093543	9.02228636453631
24.6892329349349	10.3351381198513	11.6229396292238	8.87708284315517
24.7153452912913	10.2164635348081	11.5357912742327	8.75766195303898
24.7414576476476	10.1003570390182	11.4188213633352	8.62469128731777
24.767570004004	9.98666713100563	11.3106158250975	8.50686905064893
24.7936823603604	9.87551571512141	11.2071454557576	8.36697693384258
24.8197947167167	9.76704227570727	11.098568363485	8.2385488091906
24.8459070730731	9.66129243592416	10.9953507177912	8.10505677044185
24.8720194294294	9.55818082611658	10.8901835819554	7.97416614700898
24.8981317857858	9.45752946045754	10.7859290258878	7.84587693889284
24.9242441421421	9.35937795719201	10.6900038506836	7.72018914608832
24.9503564984985	9.26380960949395	10.6156381675873	7.60483555060707
24.9764688548549	9.17046713057167	10.5447044599301	7.50919097609371
25.0025812112112	9.07920677663799	10.4757017381246	7.40642529328463
25.0286935675676	8.98983347928313	10.4134415297052	7.28619613039776
25.0548059239239	8.90105530592696	10.3543163467822	7.17883914651923
25.0809182802803	8.81230360726318	10.2844272532385	7.04822901173816
25.1070306366366	8.72385759632514	10.2363314255539	6.94178836428996
25.133142992993	8.63524419092857	10.1777816256188	6.80020122959197
25.1592553493494	8.54583877129784	10.1056938269626	6.68378336271938
25.1853677057057	8.45609621042203	10.0409054815237	6.5687873078931
25.2114800620621	8.36611280361879	10.0007622355313	6.45258002860991
25.2375924184184	8.27590107192607	9.97229809184936	6.32301019157944
25.2637047747748	8.18542164691469	9.91763409312413	6.19660443930617
25.2898171311311	8.09475844819531	9.85757609612374	6.06480664231382
25.3159294874875	8.00355773672328	9.79126935393884	5.96185768093346
25.3420418438438	7.91160709448413	9.72453945223866	5.8363455860763
25.3681542002002	7.81902900187668	9.65733908447194	5.71037570870787
25.3942665565566	7.72569131134111	9.63907554119488	5.59928923778489
25.4203789129129	7.63148226248225	9.60893095351439	5.4744223269427
25.4464912692693	7.53633316772973	9.56174287718857	5.3483079337018
25.4726036256256	7.4402519540616	9.53033798396777	5.22577804027481
25.498715981982	7.34323862147673	9.47513850047579	5.09920037582416
25.5248283383383	7.24529316997643	9.44223211269163	4.96901636279382
25.5509406946947	7.14641559955981	9.38582037657133	4.83773366196262
25.5770530510511	7.04660591022707	9.32329136501724	4.70527619008035
25.6031654074074	6.94586410197798	9.25769768616788	4.57164394714851
25.6292777637638	6.84419017481312	9.18281899470525	4.43432134195419
25.6553901201201	6.74158412873216	9.10748884904451	4.2935053940996
25.6815024764765	6.63804596373468	9.03183498675696	4.15586946183192
25.7076148328328	6.53357567982146	8.95617003231858	4.00692373232269
25.7337271891892	6.4281732769921	8.88049309047816	3.85348071718292
25.7598395455455	6.32183875524651	8.804473337696	3.70481592780244
25.7859519019019	6.21457211458487	8.72801670213364	3.55487923858799
25.8120642582583	6.10637335500727	8.66467581697538	3.40367064953713
25.8381766146146	5.99724247651337	8.61096753815418	3.25145326273165
25.864288970971	5.88717947910334	8.55480452671073	3.09795698524149
25.8904013273273	5.77618436277734	8.49618678264087	2.94343614939014
25.9165136836837	5.66425712753521	8.43511430594363	2.78686291654374
25.94262604004	5.61218406962416	8.37396606372441	2.91371152069298
25.9687383963964	5.66789784917843	8.35279746661433	3.06285051022417
25.9948507527528	5.5564478137315	8.27781523555382	2.91978759276143
26.0209631091091	5.44406864371291	8.20187991745359	2.77569317789514
26.0470754654655	5.33076033912306	8.1249915123102	2.6297351740775
26.0731878218218	5.43392712173664	8.21840448519751	2.53417631125065
