phys	rec.rate	upper	lower
0.010569015015015	NA	NA	NA
0.031707045045045	NA	NA	NA
0.0528450750750751	NA	NA	NA
0.0739831051051051	NA	NA	NA
0.0951211351351351	NA	NA	NA
0.116259165165165	NA	NA	NA
0.137397195195195	NA	NA	NA
0.158535225225225	NA	NA	NA
0.179673255255255	NA	NA	NA
0.200811285285285	11.487592566892	12.4408087367433	10.4266960711949
0.221949315315315	11.4576804897975	12.4020521287781	10.4040152920217
0.243087345345345	11.4280424719395	12.3633838320302	10.3821886704493
0.264225375375375	11.3986785133181	12.3248038464997	10.3612162064777
0.285363405405405	11.3695886139333	12.2863121721868	10.3410979001067
0.306501435435435	11.340772773785	12.2479088090911	10.3218337513365
0.327639465465465	11.3122309928733	12.2095937572129	10.3034237601671
0.348777495495495	11.1841728975763	12.0924141734047	10.1706750806688
0.369915525525526	11.1564410846649	12.0562434575008	10.15012911652
0.391053555555556	11.1290351181771	12.0201394718722	10.1311273829255
0.412191585585586	11.1019549981127	11.9841022165192	10.1136698798855
0.433329615615616	11.0752007244719	11.9481316914415	10.0981333075387
0.454467645645646	11.0476351372896	11.908348520551	10.0814691461479
0.475605675675676	11.0212358726863	11.8733093442255	10.067761301369
0.496743705705706	10.995186472778	11.8376285967599	10.060215946158
0.517881735735736	10.9694869375647	11.8019658819548	10.0456359103285
0.539019765765766	10.9441372670463	11.7667497385122	10.0369844161079
0.560157795795796	10.9191374612229	11.7316662168799	10.0300011075974
0.581295825825826	10.8944875200944	11.7005641770133	10.024507231998
0.602433855855856	10.8760904340672	11.6714573628736	10.0157549139864
0.623571885885886	10.8519878252526	11.6381118504169	10.0019319020691
0.644709915915916	10.8282353673081	11.6009596895331	9.98852665836664
0.665847945945946	10.8048330602335	11.5638567836254	9.97324531412361
0.686985975975976	10.7834826831174	11.5277296879013	9.97200948150468
0.708124006006006	10.7608072279476	11.4971886313288	9.96223068347602
0.729262036036036	10.7383856862338	11.4701593975233	9.96651862886854
0.750400066066066	10.7175338914247	11.4423181322013	9.96775465093974
0.771538096096096	10.695742554476	11.4094972208884	9.95982462196099
0.792676126126126	10.6741664399875	11.3881688392285	9.94762384923778
0.813814156156156	10.6523634635322	11.3571188151177	9.93575876363653
0.834952186186186	10.6306070775959	11.3251795485289	9.92427382471427
0.856090216216216	10.609043201994	11.2944354868564	9.91187807612711
0.877228246246246	10.5871778444721	11.2693440581965	9.89673801341973
0.898366276276276	10.5652515840826	11.2340227331822	9.88416416693821
0.919504306306306	10.5432232785567	11.1936020547582	9.87476509194398
0.940642336336336	10.5204486850776	11.1540135554996	9.87402423338563
0.961780366366366	10.4970423668295	11.1257117220139	9.86542308569314
0.982918396396396	10.4734484976501	11.0954798122217	9.85472737643986
1.00405642642643	10.4493860963694	11.0590091562829	9.83573278112648
1.02519445645646	10.425190740319	11.0300806894776	9.81807909265097
1.04633248648649	10.4008411272846	11.0007366152841	9.80184201344411
1.06747051651652	10.3759423988218	10.9709769337019	9.79207892887356
1.08860854654655	10.3501209339847	10.9366806340868	9.77557396606754
1.10974657657658	10.3236285841093	10.9064308775689	9.76681210257441
1.13088460660661	10.2966673294345	10.869940070914	9.74621921725282
1.15202263663664	10.2694176640408	10.8334332502574	9.72652652096665
1.17316066666667	10.2419817534283	10.8000853966043	9.70888965908838
1.1942986966967	10.2143636038676	10.7631511529813	9.69425935968931
1.21543672672673	10.1865632153589	10.7272799505312	9.6753851298907
1.23657475675676	10.1585805879021	10.6961165588324	9.65535797790111
1.25771278678679	10.1304157214972	10.6562644279235	9.63379442727348
1.27885081681682	10.1020686161443	10.617098214653	9.61474015673658
1.29998884684685	10.0735392718433	10.578732370497	9.59666927758579
1.32112687687688	10.0448276885942	10.5425269455659	9.57604048048841
1.34226490690691	10.0159338663971	10.5113817622418	9.55659990465942
1.36340293693694	9.98685780525186	10.4798425325555	9.53621873023376
1.38454096696697	9.95759491279096	10.4408890192393	9.51572149727981
1.405678996997	9.92816540800794	10.406423351475	9.49557262347658
1.42681702702703	9.89871121784733	10.3678330552558	9.47498400393743
1.44795505705706	9.86926622383382	10.3327857466107	9.45821766604817
1.46909308708709	9.83966372355982	10.2983189791444	9.43560937307651
1.49023111711712	9.80989484556262	10.2640221926274	9.41277818976051
1.51136914714715	9.77996012997636	10.2292821959402	9.38875327607642
1.53250717717718	9.75007173879278	10.1928753744883	9.36589365633907
1.55364520720721	9.72019029855641	10.158691740121	9.34217478944654
1.57478323723724	9.69014230943397	10.1171126756199	9.31780387032454
1.59592126726727	9.66023434405834	10.0785720068449	9.29470689528249
1.6170592972973	9.63055450566761	10.0379795096189	9.27301404891255
1.63819732732733	9.60119944411092	10.0027874399847	9.2475073230046
1.65933535735736	9.57202898884728	9.97063553038647	9.22186792918662
1.68047338738739	9.54319217239577	9.93804424659595	9.20025810389598
1.70161141741742	9.514863318674	9.90579544334767	9.17153411035177
1.72274944744745	9.48639171402199	9.8808003050786	9.14739782235448
1.74388747747748	9.45773282391544	9.84934825324	9.12441084824397
1.76502550750751	9.42888664835432	9.8160538563043	9.09613381698386
1.78616353753754	9.39985318733865	9.78017490602371	9.07189426992588
1.80730156756757	9.37103954779886	9.74734479107267	9.04927581227923
1.8284395975976	9.3427707002756	9.71739798199812	9.02691861317474
1.84957762762763	9.31430592655613	9.69864779893268	9.00444683058118
1.87071565765766	9.28562911128863	9.67139680317892	8.98154438612955
1.89185368768769	9.2567402544732	9.64524899589139	8.95958199198018
1.91299171771772	9.22763935610974	9.61330871287295	8.93855302272609
1.93412974774775	9.19832641619829	9.58954237596898	8.91528428996648
1.95526777777778	9.16880143473884	9.56553753722901	8.89193903068858
1.97640580780781	9.1390644117314	9.54043292841041	8.86479730121005
1.99754383783784	9.10911534717597	9.52274790347132	8.83731212755998
2.01868186786787	9.0790584117516	9.48761853202501	8.81397307003725
2.0398198978979	9.05028118998901	9.45960870210692	8.78973298642187
2.06095792792793	9.02202204985852	9.42683569100046	8.76845776979841
2.08209595795796	8.99396051572667	9.39088577741084	8.74594178366387
2.10323398798799	8.96693271977826	9.36135471502056	8.72234099521879
2.12437201801802	8.93956080720575	9.33182195308622	8.69881705634064
2.14551004804805	8.91217753520726	9.30776509873535	8.66828214574508
2.16664807807808	8.88522279498365	9.29344333943672	8.64096262618544
2.18778610810811	8.85780473830471	9.27066463133873	8.61854861342123
2.20892413813814	8.83077369650046	9.24285842193694	8.59425900090245
2.23006216816817	8.80381914889595	9.22248879168538	8.56748928137184
2.2512001981982	8.77626837599072	9.20341627646173	8.54389651978081
2.27233822822823	8.74812137778478	9.19177523008669	8.51573003994656
2.29347625825826	8.71937815427811	9.15847440375139	8.48677279396585
2.31461428828829	8.69003870547073	9.13977041390569	8.45974078909322
2.33575231831832	8.66063795840446	9.12535870484965	8.43318401035135
2.35689034834835	8.63185769787508	9.09165627937129	8.38962424360392
2.37802837837838	8.6051858703856	9.0649950853553	8.35824361042922
2.39916640840841	8.57988179238675	9.05402610917882	8.32490231381794
2.42030443843844	8.55469478073996	9.03791691007081	8.28499955288762
2.44144246846847	8.53001047888198	9.00752913644807	8.2403242287808
2.4625804984985	8.50500284226549	9.03225977928583	8.19789141077256
2.48371852852853	8.47936643718118	9.01377222715107	8.15944555246891
2.50485655855856	8.45210985666464	9.04955765012062	8.11740783591529
2.52599458858859	8.42319266790972	9.03718442596697	8.06509759267565
2.54713261861862	8.39261487091641	9.0117833778766	8.00826524129721
2.56827064864865	8.36082853273407	9.0317142204747	7.96759182996838
2.58940867867868	8.32894007483308	9.04310953946195	7.91353186675287
2.61054670870871	8.29623934742544	9.008926887308	7.85655104919608
2.63168473873874	8.26195075872078	8.98943267567832	7.78919590711376
2.65282276876877	8.22573761732639	8.96572180464933	7.70876516889432
2.6739607987988	8.18816157607321	8.90007154768485	7.62071899932182
2.69509882882883	8.14935108792301	8.83587659677397	7.52876456356756
2.71623685885886	8.10930615287574	8.75386852265229	7.45311948949237
2.73737488888889	8.06790267549789	8.76038509591911	7.384084631781
2.75851291891892	8.0231158137165	8.66849577855967	7.32744546406298
2.77965094894895	7.97539861741515	8.61869439759691	7.19217273282405
2.80078897897898	7.92467155932468	8.56549156948323	7.1382285033027
2.82192700900901	7.86884859501353	8.490073637012	7.05300547708038
2.84306503903904	7.81222360816133	8.44600158852319	6.99783133652773
2.86420306906907	7.75294601028625	8.38679586996928	6.88068329223163
2.8853410990991	7.69153140179539	8.34959097863529	6.76498927851684
2.90647912912913	7.62700574299742	8.30436250250423	6.65057046760926
2.92761715915916	7.56516225442858	8.26339321514804	6.57038550808789
2.94875518918919	7.50639839382504	8.2421581008027	6.45437929931609
2.96989321921922	7.45071416118686	8.18287519700676	6.34531634939772
2.99103124924925	7.39654420240627	8.14276515092581	6.22903159002957
3.01216927927928	7.34212812690764	8.1153895867443	6.13963960337417
3.03330730930931	7.29096863636696	8.07287698411954	6.07537957999335
3.05444533933934	7.24339751908486	8.02597126576617	6.01479267517307
3.07558336936937	7.19930735027629	7.98297251604273	5.95229698236748
3.0967213993994	7.15457312522982	7.93992105032466	5.87528618440806
3.11785942942943	7.10653418220817	7.90448316310358	5.87288436227661
3.13899745945946	7.05671398162488	7.8636443104903	5.8045031398458
3.16013548948949	7.00859001948512	7.83166270277254	5.71537854763524
3.18127351951952	6.963751030575	7.79182868112047	5.6599626642677
3.20241154954955	6.91851837775443	7.74588334151134	5.58527049359275
3.22354957957958	6.87775830578612	7.69707726388137	5.57558298161628
3.24468760960961	6.84113705511894	7.67014236467656	5.5208954651971
3.26582563963964	6.8052483708939	7.64123380299651	5.46770387811447
3.28696366966967	6.77342385347099	7.6075036371393	5.42272466144233
3.3081016996997	6.73881928568201	7.57785008572227	5.3847170209372
3.32923972972973	6.7027248171576	7.53753963661506	5.40199399867017
3.35037775975976	6.6717688447209	7.51489506395928	5.3604116898328
3.37151578978979	6.64613045955521	7.49458191796422	5.32012149724959
3.39265381981982	6.62572153063715	7.47404385657552	5.28644250924618
3.41379184984985	6.60560249651124	7.44714063182118	5.23050272844795
3.43492987987988	6.58757600941448	7.42452331553139	5.27057641221624
3.45606790990991	6.56897929208376	7.40488536133554	5.22342707115953
3.47720593993994	6.5540294764033	7.38214147310944	5.2174791071698
3.49834396996997	6.54471799668123	7.37822490051192	5.24391914968946
3.519482	6.54103293795352	7.36352095032331	5.24240137906742
3.54062003003003	6.53937888205228	7.34607181324431	5.27298965886875
3.56175806006006	6.53422878808499	7.31830200586069	5.28780037397169
3.58289609009009	6.526700037061	7.2888592063721	5.31412396323751
3.60403412012012	6.5242100078871	7.28227782120402	5.35828580938842
3.62517215015015	6.5276439180296	7.27222712539143	5.42116877022161
3.64631018018018	6.53700176748845	7.26372271143183	5.483930418539
3.66744821021021	6.54965181326082	7.25035569008779	5.52390769396719
3.68858624024024	6.56165865101905	7.25977260961899	5.55731940534697
3.70972427027027	6.57074664413231	7.23879122454478	5.59787273797988
3.7308623003003	6.57934627839779	7.23058465120384	5.61613300138115
3.75200033033033	6.58902372892902	7.20992648916823	5.64047560918481
3.77313836036036	6.60014469783765	7.19278540695821	5.67683568816737
3.79427639039039	6.61306492361941	7.1824448241872	5.71120927959853
3.81541442042042	6.62877539872036	7.18293116473792	5.71804450337745
3.83655245045045	6.64590566879732	7.17731973079986	5.7597975985431
3.85769048048048	6.66333006752744	7.18002148151139	5.81487710520651
3.87882851051051	6.68019633988201	7.18605288223729	5.85370758503646
3.89996654054054	6.69813124276577	7.20155592219835	5.88309728838395
3.92110457057057	6.71691394871591	7.23539550785602	5.92584799670888
3.9422426006006	6.73850598587762	7.25976155957735	5.96545868074239
3.96338063063063	6.76305477149553	7.28644241871443	6.00197785319133
3.98451866066066	6.78996788226471	7.3376837329362	6.05052919106768
4.00565669069069	6.81403941904579	7.37013763225984	6.10319627231131
4.02679472072072	6.8363614222092	7.42315265991624	6.1249625452126
4.04793275075075	6.85961361694627	7.45169962732578	6.18610722428577
4.06907078078078	6.88381568774351	7.50935983243685	6.22236246076351
4.09020881081081	6.90853980146562	7.54823133940522	6.24905044136719
4.11134684084084	6.93287105073725	7.5887046480519	6.24700705850999
4.13248487087087	6.95763010386717	7.66068493591268	6.25968682693523
4.1536229009009	6.9818624851319	7.72138295138131	6.26423054119084
4.17476093093093	7.00491787278763	7.79605698909027	6.28534279685138
4.19589896096096	7.02705194491131	7.83531313617376	6.31228586843193
4.21703699099099	7.04780731289121	7.86966861695731	6.32832474716303
4.23817502102102	7.06738887845795	7.89105283070308	6.32682879748154
4.25931305105105	7.0858044284025	7.9240574502692	6.33019261339788
4.28045108108108	7.10305396272482	7.96267574360918	6.34690809029015
4.30158911111111	7.11913748142498	7.99571849002277	6.35603793041791
4.32272714114114	7.13436346940023	8.00995872500933	6.37110764033516
4.34386517117117	7.14976141508436	8.04060180076042	6.37672747833938
4.3650032012012	7.16378720338677	8.09993745581113	6.40411993363057
4.38614123123123	7.17622521777224	8.13341125375998	6.41704025712564
4.40727926126126	7.18717202178792	8.18903257253687	6.41571436543712
4.42841729129129	7.19841271675327	8.20228972193784	6.42948095456562
4.44955532132132	7.20850219745226	8.22773627017676	6.4475013243135
4.47069335135135	7.2166202591755	8.24116050820061	6.46128011769268
4.49183138138138	7.22276690192303	8.23936487155998	6.47706008292698
4.51296941141141	7.22790416086977	8.26211049320856	6.48961512860916
4.53410744144144	7.23388370290741	8.29090281207226	6.49778860326742
4.55524547147147	7.23767791499323	8.28941671445879	6.50894839128064
4.5763835015015	7.23905945561725	8.30682486611354	6.52382340332458
4.59752153153153	7.23802832477941	8.30951744629861	6.53837791394422
4.61865956156156	7.2345845224798	8.29087118895827	6.53429352733901
4.63979759159159	7.22991562827186	8.26357596410269	6.54075636756636
4.66093562162162	7.22818470620661	8.23795876750312	6.54496800649239
4.68207365165165	7.22670279362744	8.20468631411583	6.54164996167352
4.70321168168168	7.2268031852263	8.19663736326086	6.54049285967812
4.72434971171171	7.22529739473074	8.17818718614688	6.54168593155777
4.74548774174174	7.22226808314983	8.12319179970247	6.54126970972774
4.76662577177177	7.21571725052368	8.08402599528539	6.53743283456556
4.7877638018018	7.20544972456206	8.01986170667181	6.53408206348685
4.80890183183183	7.19146550526493	7.98085699017482	6.53111842365939
4.83003986186186	7.174377602597	7.92980152676508	6.53382513393248
4.85117789189189	7.15621740702878	7.89606772983013	6.53437701104888
4.87231592192192	7.13870077363564	7.85555343913621	6.53189643371768
4.89345395195195	7.12181535115345	7.8298280760507	6.52602615369227
4.91459198198198	7.10103802175049	7.80147380922523	6.53187568547613
4.93573001201201	7.07719986391223	7.75333278982313	6.52717700641659
4.95686804204204	7.05461709018625	7.71941523122499	6.52408082144668
4.97800607207207	7.03218729460006	7.68252898508055	6.52012750429228
4.9991441021021	7.00744099586921	7.67092586397066	6.51917169742581
5.02028213213213	6.98066174450128	7.63169270437408	6.49855029337421
5.04142016216216	6.95424049177094	7.59366003413791	6.48330707827547
5.06255819219219	6.92819102266062	7.55184579147171	6.46917260047835
5.08369622222222	6.90086302539166	7.52369834597206	6.43169033774326
5.10483425225225	6.87498405716376	7.49052695911401	6.40271373461338
5.12597228228228	6.84871457972016	7.45541913867378	6.3777966799659
5.14711031231231	6.82132666548787	7.41652556875151	6.34134166967518
5.16824834234234	6.79176679936381	7.37961888046367	6.30201007197066
5.18938637237237	6.76003498134798	7.33406752267975	6.27198045491086
5.2105244024024	6.72613121144036	7.29174004948378	6.22504556943573
5.23166243243243	6.69005548964101	7.24474617824453	6.17899572551879
5.25280046246246	6.65183223000314	7.20111600277734	6.126571850915
5.27393849249249	6.61238441151499	7.15300105146408	6.09055225741953
5.29507652252252	6.5723206188339	7.1139088487581	6.04996546379168
5.31621455255255	6.53111637425719	7.05922224154837	6.00843047638865
5.33735258258258	6.48904004303954	7.02568167585622	5.9617876428972
5.35849061261261	6.4458898844195	6.9786773435482	5.91207865401747
5.37962864264264	6.40160183543737	6.93283531591709	5.85195509500698
5.40076667267267	6.35658969601101	6.87966332876443	5.80361269159979
5.4219047027027	6.31092442457063	6.82311356800513	5.76184792333152
5.44304273273273	6.2639340405007	6.77429875391157	5.720927952931
5.46418076276276	6.21608627563183	6.71079959061508	5.67601335019484
5.48531879279279	6.16514759851116	6.6575922862742	5.62844855645222
5.50645682282282	6.11331466051843	6.60402277893267	5.57840297765972
5.52759485285285	6.06260938867078	6.54798912356064	5.54092091151583
5.54873288288288	6.01308061230139	6.49964209245195	5.50519360128357
5.56987091291291	5.96238929688062	6.44057444435148	5.44235153190031
5.59100894294294	5.90780960807039	6.39123959209116	5.38333526099943
5.61214697297297	5.85493365770752	6.33973082275677	5.32343808169617
5.633285003003	5.80077810379059	6.28542640490899	5.26663790097237
5.65442303303303	5.74212664442233	6.24221840717489	5.19998190865091
5.67556106306306	5.6836277214751	6.19769641516588	5.14902233909878
5.69669909309309	5.62703854914481	6.16701240194166	5.0946674013436
5.71783712312312	5.56938064323818	6.13389788113514	5.04862753009733
5.73897515315315	5.51188464245359	6.08689120519282	5.0011042735143
5.76011318318318	5.45806578223643	6.07345747407336	4.9508743031766
5.78125121321321	5.40930132758781	6.0440891568648	4.89614987986412
5.80238924324324	5.3652696125209	6.02308850374381	4.84112887588059
5.82352727327327	5.32345535532705	5.97764685415175	4.78261713835286
5.8446653033033	5.28620038116828	5.97992270754559	4.76215357158667
5.86580333333333	5.25278988575193	5.95342039533204	4.71941124058716
5.88694136336336	5.21909550541348	5.89863534088659	4.68725778340106
5.90807939339339	5.18761905705069	5.85223557040183	4.65360973503441
5.92921742342342	5.16154636237035	5.83052154482952	4.61260713360466
5.95035545345345	5.1358152821521	5.80803248268853	4.58598257005899
5.97149348348348	5.11045182124804	5.76500063911895	4.56081415943221
5.99263151351351	5.09074019859842	5.73758721848159	4.53539824779021
6.01376954354354	5.07503402747255	5.75255125552713	4.51270762609265
6.03490757357357	5.05907400801344	5.70760249326374	4.50424182688272
6.0560456036036	5.04342259713721	5.68816951345717	4.48968587014518
6.07718363363363	5.02715782706012	5.64838079523545	4.47981588735504
6.09832166366366	5.01221330440331	5.59231255439415	4.47845750188685
6.11945969369369	5.0026583862721	5.56304361167552	4.48959842265448
6.14059772372372	4.99849360513233	5.5416791526424	4.49883043010637
6.16173575375375	4.99542854995772	5.54505373993372	4.50986280581162
6.18287378378378	4.99496529178143	5.51513496980794	4.510560410579
6.20401181381381	4.99975846729652	5.51516343839352	4.51734676348555
6.22514984384384	5.00979869985233	5.54752869806255	4.52409732517688
6.24628787387387	5.01932693993523	5.55699104650583	4.54316202857835
6.2674259039039	5.02667278433297	5.52096785668514	4.54480761446293
6.28856393393393	5.03885174778604	5.49866296245167	4.54487314529397
6.30970196396396	5.05596039700059	5.53439898991799	4.54702959023964
6.33083999399399	5.07654870574653	5.57729223999035	4.55994714422636
6.35197802402402	5.09577595272682	5.58756496603039	4.5699332475022
6.37311605405405	5.10895555156761	5.57935705637588	4.58513293882822
6.39425408408408	5.11671650732537	5.55930348814924	4.58116872655961
6.41539211411411	5.11970771063349	5.55048437625296	4.5935767985743
6.43653014414414	5.12162715003469	5.51866110410777	4.60441865226751
6.45766817417417	5.12659777989898	5.55993630769117	4.61046636558656
6.4788062042042	5.12880674136812	5.54754334496673	4.61326587856412
6.49994423423423	5.13230409537722	5.57958856544214	4.61101353329143
6.52108226426426	5.130087280271	5.56982548206804	4.61037857107818
6.54222029429429	5.12636846305178	5.52910642658645	4.622598999918
6.56335832432432	5.12602692867635	5.4969303527165	4.62262183654833
6.58449635435435	5.1290673038958	5.48804460454519	4.63058075888494
6.60563438438438	5.13548958870999	5.51676225677768	4.64597397816206
6.62677241441441	5.14526990807656	5.56361302740635	4.66678793392291
6.64791044444444	5.15519673715929	5.58091425258018	4.66286659178147
6.66904847447447	5.16619881681134	5.5684790587078	4.69594520281907
6.6901865045045	5.18054253638418	5.60884675544162	4.70227198020039
6.71132453453453	5.19524018702379	5.6673403066017	4.70815312991393
6.73246256456456	5.20114208856789	5.64514409074704	4.7383436085644
6.75360059459459	5.20840080373943	5.6224795932351	4.76470015226858
6.77473862462463	5.21881999561428	5.62095257443118	4.78270542534789
6.79587665465465	5.23239966419239	5.61380933234743	4.78796147197368
6.81701468468468	5.24913980947384	5.62568792905168	4.80543511867311
6.83815271471471	5.26904043145854	5.6590827245848	4.82785271874772
6.85929074474474	5.29210153014658	5.69243725716925	4.84663663660721
6.88042877477477	5.31785837159606	5.73434525004226	4.8656255619633
6.9015668048048	5.34195552113046	5.76631251477767	4.87616930741344
6.92270483483483	5.36342655567778	5.79709398167062	4.89465476132676
6.94384286486486	5.38308610945088	5.78566602781318	4.91085556513847
6.96498089489489	5.40533099662152	5.8266246586032	4.93666607994453
6.98611892492492	5.42946499776511	5.8537310899834	4.95382350631117
7.00725695495495	5.45290260560462	5.88222493935385	4.97886622857459
7.02839498498498	5.47545638663121	5.89543454637483	5.01614640896282
7.04953301501502	5.49815432315574	5.94320705194705	5.05109360518748
7.07067104504504	5.52025657816545	5.97943712340382	5.07626206621291
7.09180907507507	5.53909841395254	5.99361940904348	5.10352796630023
7.11294710510511	5.55953644436601	6.00608375335125	5.12348533017354
7.13408513513513	5.58343541218307	6.02491595694651	5.15490687214203
7.15522316516516	5.60986037859601	6.05646228283451	5.1798425155043
7.1763611951952	5.63586786041808	6.08481000037999	5.20991657236419
7.19749922522522	5.66493208329953	6.11642524909672	5.2200880295403
7.21863725525525	5.69748041769123	6.15045914986032	5.22937703625436
7.23977528528529	5.73221605731197	6.20937072076658	5.24501025376059
7.26091331531532	5.76415389853037	6.23869861560645	5.26183511487222
7.28205134534534	5.79614437441964	6.29519272663055	5.28012468709326
7.30318937537537	5.82726794539591	6.33090023149506	5.29253693454319
7.32432740540541	5.86022509840057	6.36850320164672	5.3098409246917
7.34546543543544	5.89536078695894	6.41063638655138	5.32844802073887
7.36660346546546	5.92851493357073	6.45428454720597	5.34021660045949
7.3877414954955	5.96377110885951	6.49031504487866	5.38521684997568
7.40887952552553	6.00093376655645	6.54075685241917	5.40666503456474
7.43001755555555	6.03841223431938	6.58416090247981	5.43915290502626
7.45115558558559	6.07631078344172	6.63364867393429	5.46292828590406
7.47229361561562	6.11630467220172	6.6817754752862	5.50453971792553
7.49343164564564	6.1562142406832	6.7310649533446	5.54710188378475
7.51456967567568	6.19859340635713	6.77962374098473	5.58413112900865
7.53570770570571	6.24383015401031	6.82715861514254	5.62049812116829
7.55684573573574	6.29192448364287	6.87741480776117	5.67452536426898
7.57798376576577	6.34172910525034	6.92248542095586	5.71677514032899
7.5991217957958	6.3899161764877	6.97386732845978	5.76495520836791
7.62025982582583	6.43881892111828	7.02166179416898	5.81952372739546
7.64139785585586	6.48986662062095	7.08673956010838	5.8752485806252
7.66253588588589	6.54305927499584	7.15654554508719	5.92773283994884
7.68367391591592	6.59820297839947	7.21427407322444	5.9809561525165
7.70481194594594	6.65459711180325	7.26391159344325	6.05591527103705
7.72594997597598	6.71265497393179	7.30646379844604	6.13032538516901
7.74708800600601	6.77243132101956	7.37068269657702	6.20193990535841
7.76822603603604	6.83392615306672	7.44308477949308	6.29942302550889
7.78936406606607	6.89752356946823	7.50982568205456	6.37441775246927
7.8105020960961	6.96305481332092	7.57105881145467	6.45107600827444
7.83164012612613	7.03059188576749	7.62786912089461	6.51246275648444
7.85277815615616	7.10122835402661	7.71036155569063	6.5839475867785
7.87391618618619	7.17462415715785	7.81523958828637	6.66412903784845
7.89505421621622	7.24943391351952	7.91879473740596	6.75084333219004
7.91619224624625	7.32242883333258	7.986724368047	6.83856507898637
7.93733027627628	7.39275315547279	8.06469473731564	6.9237494439125
7.95846830630631	7.46097310121104	8.16309646444638	6.9866312772064
7.97960633633634	7.53399540062673	8.26509805957999	7.08273950236058
8.00074436636637	7.60696629064272	8.33271626237112	7.14409549909094
8.0218823963964	7.67491321884491	8.39434153500043	7.21906344039011
8.04302042642643	7.74368372807624	8.46897866351736	7.28284710872364
8.06415845645646	7.80618830613597	8.52511703377487	7.35676437008911
8.08529648648649	7.86423339549283	8.56217973149548	7.40907880803298
8.10643451651652	7.92799884307368	8.63001569258926	7.46785968910939
8.12757254654655	7.98945101943166	8.65878993754187	7.51325944612366
8.14871057657658	8.05430041363381	8.71515365100209	7.57792851833914
8.16984860660661	8.11614694694741	8.79658930954793	7.61557760380482
8.19098663663664	8.16644091030198	8.84822336145017	7.66353673860701
8.21212466666667	8.19978532986085	8.90505935205672	7.68745734069124
8.2332626966967	8.21690380833814	8.96409707363931	7.70974044827956
8.25440072672673	8.23758116789121	9.03756193306039	7.71849018214524
8.27553875675676	8.28383470269132	9.12232655019368	7.75414811052834
8.29667678678679	8.34296760744479	9.19492026108525	7.77729561479062
8.31781481681682	8.41619445302487	9.2373110100899	7.8241754616888
8.33895284684685	8.4842776892345	9.29931899764937	7.88173238803255
8.36009087687688	8.54404654137764	9.34426376881637	7.92804206194683
8.38122890690691	8.59550100945446	9.38313359666118	7.97517465967994
8.40236693693694	8.63864109346484	9.42618855744232	8.0199804692792
8.42350496696697	8.67346679340883	9.49197157977314	8.05762081824761
8.444642996997	8.6999781092864	9.52017023029854	8.07795950399253
8.46578102702703	8.71817504109759	9.53679960858189	8.09273594131512
8.48691905705706	8.72859705954548	9.57297030341846	8.09129168871988
8.50805708708709	8.7414672285398	9.58620005776553	8.1017205807175
8.52919511711712	8.75420868952087	9.59393942936376	8.12576411761311
8.55033314714715	8.75923826453819	9.59877092714945	8.14463386777527
8.57147117717718	8.7596891813909	9.6250714823844	8.14891259327688
8.59260920720721	8.77018982766515	9.65446196898618	8.15893505541995
8.61374723723724	8.79358804950131	9.66829616034537	8.1676392070866
8.63488526726727	8.81486809419011	9.67537708660319	8.18139586643817
8.6560232972973	8.82950429708948	9.67229652189398	8.18289069032783
8.67716132732733	8.84216966055909	9.68897872556242	8.17712954983109
8.69829935735736	8.85324007732686	9.72164817618865	8.18764292882929
8.71943738738739	8.86249934271603	9.74249212882236	8.19920947467679
8.74057541741742	8.87451047814232	9.73373466474745	8.18841222990794
8.76171344744745	8.88554130514764	9.75472899682614	8.17311040173248
8.78285147747748	8.89282541507948	9.73893338580954	8.16335503678552
8.80398950750751	8.89486196295861	9.72724213513541	8.16198444102197
8.82512753753754	8.8916509487851	9.7207498020547	8.16314289763047
8.84626556756757	8.88319237255899	9.68155452261121	8.16373931585555
8.8674035975976	8.87019016313833	9.63711799779115	8.17507493121223
8.88854162762763	8.8537224979017	9.58137911825753	8.16968193316591
8.90967965765766	8.83414743071024	9.52052639145662	8.15800838994302
8.93081768768769	8.81207321586457	9.44874287656673	8.14989040735861
8.95195571771772	8.78930413261891	9.41511831954623	8.15308362196309
8.97309374774775	8.76495365416757	9.32904885091826	8.15830325075443
8.99423177777778	8.73843517596501	9.28458799425941	8.14737661509061
9.01536980780781	8.70974412463499	9.24002991505043	8.09813031733204
9.03650783783784	8.67876293744582	9.19969967779582	8.04881713345482
9.05764586786787	8.64622200310719	9.1636131222488	7.99848450347972
9.0787838978979	8.61503744985998	9.14408336472282	7.96344723692617
9.09992192792793	8.58451496983251	9.12529184322634	7.89475389893147
9.12105995795796	8.55614104696878	9.12904861048524	7.82546012300207
9.14219798798799	8.52918094907298	9.12606386153506	7.77749896290181
9.16333601801802	8.50579650135458	9.12863765089508	7.74343035671835
9.18447404804805	8.48672441916081	9.14780942114657	7.64160862927404
9.20561207807808	8.47131223772874	9.15810114070917	7.55361765936743
9.22675010810811	8.46060819445727	9.17898550133596	7.51355155324138
9.24788813813814	8.45259821884673	9.19784544133938	7.49849276592809
9.26902616816817	8.45093025235904	9.23006730606964	7.44785703988038
9.2901641981982	8.45584717325984	9.26100751862956	7.38596772313717
9.31130222822823	8.46734898154927	9.29322397738986	7.38198992523102
9.33244025825826	8.48543567722724	9.33289375420025	7.35925597942209
9.35357828828829	8.51010726029374	9.35925036187211	7.32132402440651
9.37471631831832	8.54136373074887	9.39689251265837	7.30073383798884
9.39585434834835	8.57920508859257	9.43591600347513	7.2851540571981
9.41699237837838	8.62363133382481	9.47753946715728	7.30947313502087
9.43813040840841	8.67464246644561	9.50473286764218	7.35304814728799
9.45926843843844	8.73068836690929	9.54543290405168	7.36798749651061
9.48040646846847	8.77955878912153	9.58969492085497	7.40984673610417
9.5015444984985	8.8166398116355	9.62781124850826	7.45597428842369
9.52268252852853	8.85225997889372	9.67293193729011	7.49450429790671
9.54382055855856	8.88932463061933	9.7383896451552	7.50279087941891
9.56495858858859	8.92473009565054	9.83068821695199	7.51435191225744
9.58609661861862	8.96444001709983	9.89589629451089	7.53122541845445
9.60723464864865	9.00881822342411	9.9926399744	7.47566359911695
9.62837267867868	9.06112874982094	10.0681931405217	7.49554980533445
9.64951070870871	9.12232695845618	10.1535621081265	7.53658381220929
9.67064873873874	9.18720649260365	10.2504917487101	7.5670155817375
9.69178676876877	9.2503761013685	10.3331110518461	7.67314013727647
9.7129247987988	9.31778763747045	10.4083520213414	7.78364435342143
9.73406282882883	9.39059693139166	10.4972771523201	7.84981920353684
9.75520085885886	9.46828924497186	10.5788015357178	7.97415689590454
9.77633888888889	9.54925243262918	10.6569400043754	8.10322367971231
9.79747691891892	9.63424386940164	10.7344066235902	8.20703051527669
9.81861494894895	9.72368829257283	10.8046474590743	8.29841022478729
9.83975297897898	9.81689412882316	10.8910748489444	8.38978660354261
9.86089100900901	9.91189584427325	10.9848336114579	8.45753185366438
9.88202903903904	10.0076214959321	11.0745462672164	8.52327762277962
9.90316706906907	10.1037843771493	11.1761624075244	8.62350026623856
9.9243050990991	10.2002217135644	11.2544193631674	8.77160459989036
9.94544312912913	10.2962606779415	11.3460089825682	8.86788859606709
9.96658115915916	10.3902215493329	11.4478082965884	9.04028216717946
9.98771918918919	10.4846479779178	11.6026747530068	9.16393727464152
10.0088572192192	10.5773049814984	11.7356655103281	9.34728337104979
10.0299952492492	10.6666539052247	11.8667974356848	9.49805437886877
10.0511332792793	10.7526947490967	11.9783435436372	9.65356277458649
10.0722713093093	10.8363064336668	12.0946470177711	9.76553274698859
10.0934093393393	10.9293041259825	12.2121039505764	9.87288980148122
10.1145473693694	11.0384785026272	12.3444342389951	9.95769239207723
10.1356853993994	11.1416721616333	12.4791752218976	10.0437289221431
10.1568234294294	11.2358326215805	12.591214866937	10.1012865658957
10.1779614594595	11.3209598824689	12.6730245102136	10.1636664293225
10.1990994894895	11.3970539442984	12.7933743683206	10.2163927026027
10.2202375195195	11.4870777437158	12.9384615153958	10.3006322575133
10.2413755495495	11.6277184366836	13.1135414475521	10.4548587951437
10.2625135795796	11.7585311027118	13.2186298839454	10.5320959674829
10.2836516096096	11.8700942519161	13.4013844494932	10.5366519214855
10.3047896396396	11.9624078842963	13.5249551819952	10.519209845661
10.3259276696697	12.0354944876703	13.673434390294	10.4976789135937
10.3470656996997	12.1032124291619	13.8394703409003	10.5335289081173
10.3682037297297	12.1701146886473	13.9256298782345	10.5958870938867
10.3893417597598	12.215979107205	14.0229266267599	10.5633825263157
10.4104797897898	12.2397791996911	14.1255502991551	10.5252594163202
10.4316178198198	12.2553433739139	14.1519992723516	10.5205810713254
10.4527558498498	12.2741632849685	14.1342446214645	10.5788302793185
10.4738938798799	12.284868449838	14.084301997988	10.6148246568705
10.4950319099099	12.282733426597	14.0006124495418	10.6189225979549
10.5161699399399	12.272980410223	13.9118744768707	10.7018980651572
10.53730796997	12.2537471938888	13.7639028046344	10.7390896366757
10.558446	12.2213374057565	13.646252859012	10.7643507178304
10.57958403003	12.160595527366	13.5737751259684	10.6652000217857
10.6007220600601	12.0811552860214	13.4815272206956	10.5957865349249
10.6218600900901	11.9920161451213	13.4228299523261	10.5598460544932
10.6429981201201	11.8996567591103	13.3683662424684	10.5599848957151
10.6641361501501	11.7790228716092	13.3403452887856	10.4327493605152
10.6852741801802	11.7041241482145	13.2786603273158	10.3952515015236
10.7064122102102	11.6766763137207	13.1928832137427	10.453268326563
10.7275502402402	11.6325034163514	13.1053203421491	10.3802145371113
10.7486882702703	11.5916991953156	12.9772049422407	10.3429216639053
10.7698263003003	11.5476721733208	12.8716606164259	10.3809722143729
10.7909643303303	11.4867421976544	12.7488848578674	10.2862315322479
10.8121023603604	11.4091155368295	12.6259207808787	10.3230841514749
10.8332403903904	11.2988447148191	12.4501179223966	10.2120547028217
10.8543784204204	11.1732221347205	12.3005045718403	10.0786842117362
10.8755164504504	11.0456466990851	12.1753840635306	10.0225081990453
10.8966544804805	10.8986653795793	12.013118696527	9.92105275641888
10.9177925105105	10.7450206717432	11.8461764613305	9.82683930468706
10.9389305405405	10.5888699918083	11.7133704346065	9.7024829217743
10.9600685705706	10.433018567041	11.5780658310169	9.57710944466062
10.9812066006006	10.2951321316341	11.4387905801896	9.47571090728827
11.0023446306306	10.1702212321081	11.2896437895944	9.35757199216816
11.0234826606607	10.0317325862586	11.1617689947491	9.22227893310229
11.0446206906907	9.88378512380137	10.9234476518045	9.07253160388326
11.0657587207207	9.73689052132712	10.7140525149247	8.93435891598167
11.0868967507507	9.5799830161373	10.5459143069044	8.79170080414979
11.1080347807808	9.41440306489285	10.4163084745044	8.63037484711962
11.1291728108108	9.25129377079151	10.196720510496	8.47079015423762
11.1503108408408	9.09141619866159	10.0057311510143	8.32584453797876
11.1714488708709	8.93469689114145	9.80765052350561	8.17652220688054
11.1925869009009	8.78239399235377	9.67714111748958	8.03162659739318
11.2137249309309	8.63107375425923	9.5288513273911	7.8890613234173
11.234862960961	8.48246923439807	9.38792379353582	7.72215943615836
11.256000990991	8.33899019807274	9.22209867229191	7.5698890401967
11.277139021021	8.19999463489728	9.07943872312645	7.42776939033877
11.2982770510511	8.0666176619918	8.92487158651936	7.27859513771873
11.3194150810811	7.93420934621527	8.81195012068405	7.14828096042837
11.3405531111111	7.8057374182909	8.65627145767412	7.05057441074481
11.3616911411411	7.68610909422125	8.53745102422453	6.9412843761457
11.3828291711712	7.57140477250772	8.41627689426418	6.83850194900025
11.4039672012012	7.46551221364829	8.28615342791718	6.72087324261693
11.4251052312312	7.36564392926262	8.15263198531809	6.6332442270222
11.4462432612613	7.27583219848501	8.03157246314649	6.51013787635217
11.4673812912913	7.18727859519133	7.8927670383488	6.42011652369918
11.4885193213213	7.08828836824551	7.76082373986075	6.34289334157624
11.5096573513514	6.98869848282305	7.62997655422421	6.27393479873618
11.5307953813814	6.87611644000374	7.49561331584952	6.20152577767789
11.5519334114114	6.76810700704444	7.41016057822207	6.11653411919141
11.5730714414414	6.674071579546	7.31314262573906	5.99655422909395
11.5942094714715	6.57401509048023	7.19347028821963	5.88227785119965
11.6153475015015	6.46498956376731	7.08065216351234	5.80159280136601
11.6364855315315	6.35084334074524	6.97424531091413	5.73122756523795
11.6576235615616	6.23978309734315	6.85304690923222	5.64756132805489
11.6787615915916	6.14257464384469	6.763908115465	5.57191483331513
11.6998996216216	6.05518873389924	6.61877658463863	5.48344510820554
11.7210376516517	5.98603853693354	6.52417339285026	5.41853172789918
11.7421756816817	5.93397741347545	6.50586094024679	5.35346215332092
11.7633137117117	5.89299026032497	6.48414362907756	5.27809579749958
11.7844517417417	5.84397424556638	6.42146818358301	5.2153989258942
11.8055897717718	5.78319810958612	6.36036209604205	5.14587661654866
11.8267278018018	5.69953034894638	6.28926499575754	5.09303971459337
11.8478658318318	5.60469719655396	6.14613379939194	5.0308990064971
11.8690038618619	5.5192941185588	6.05431714505804	4.96334774228896
11.8901418918919	5.43607285306286	5.94027886097642	4.89939721513103
11.9112799219219	5.36230803018816	5.82396180900768	4.84527339933153
11.932417951952	5.29916872170688	5.72481655876423	4.78843293022696
11.953555981982	5.24665492761896	5.68235077088666	4.74104093926834
11.974694012012	5.20473663416016	5.71165898253506	4.70240155272147
11.995832042042	5.16282805239824	5.71071904610766	4.67335159405738
12.0169700720721	5.12032881769247	5.66672054886182	4.64218134312164
12.0381081021021	5.07328951361769	5.61806202696752	4.62396141214856
12.0592461321321	5.0271236835466	5.54189389451025	4.59193349477777
12.0803841621622	4.98506502840026	5.47421716743222	4.56130069039911
12.1015221921922	4.94795645667716	5.37453854220862	4.53357738662947
12.1226602222222	4.91920234445579	5.29403324598177	4.48970527230818
12.1437982522523	4.89880269173587	5.28163477150875	4.46283833629902
12.1649362822823	4.8867523067523	5.33354676044297	4.43998317657564
12.1860743123123	4.87842422415236	5.37125142204755	4.43646406387532
12.2072123423423	4.8662162251196	5.3585165232544	4.41922519637708
12.2283503723724	4.84095474222253	5.32436529486252	4.39336627738434
12.2494884024024	4.81188653577725	5.26098646967644	4.37167730898113
12.2706264324324	4.78854805375528	5.2345290936312	4.3467815946527
12.2917644624625	4.76311389028003	5.22617137881526	4.33912207037112
12.3129024924925	4.73494488408444	5.18666005651622	4.32282687854403
12.3340405225225	4.71167758953026	5.18509173348186	4.30951169251951
12.3551785525526	4.68959647856417	5.16057214536539	4.29736104664139
12.3763165825826	4.66849689056166	5.15776422521068	4.2842258625305
12.3974546126126	4.64580959446504	5.14306955108359	4.27365376369409
12.4185926426426	4.62842686535575	5.12955774461369	4.25196922163787
12.4397306726727	4.61674727361418	5.09347154656881	4.24396869076986
12.4608687027027	4.61077081924055	5.07324947347563	4.2313907940609
12.4820067327327	4.60901710640064	5.06787446204097	4.21989419610941
12.5031447627628	4.60557915208532	5.07562294747129	4.21556577449637
12.5242827927928	4.60286558222171	5.06329013611866	4.22788488840003
12.5454208228228	4.60461125353705	5.05101507398655	4.23836717344446
12.5665588528529	4.61115065963816	5.04457459741196	4.25006715343373
12.5876968828829	4.61915341026126	5.03526764372092	4.26780269995506
12.6088349129129	4.62795062257494	5.00849607705025	4.28934710802491
12.6299729429429	4.64073068569861	4.99303179224929	4.31444707345399
12.651110972973	4.65750623885438	4.99518645826595	4.33996963875749
12.672249003003	4.67596445143814	4.98968440562341	4.35916521424044
12.693387033033	4.69162918217905	4.98351396743457	4.36452011666065
12.7145250630631	4.70151947130808	4.98070453967012	4.35993816176672
12.7356630930931	4.70274451908552	4.97956662630903	4.35091128891164
12.7568011231231	4.69906721207612	4.97412361117191	4.33975061634474
12.7779391531532	4.69291356752404	4.98078902611092	4.326967656233
12.7990771831832	4.68460314553868	4.99273882268117	4.32138332497411
12.8202152132132	4.67393068257702	4.99328170105816	4.31886930266519
12.8413532432432	4.66177685411671	4.98784936794271	4.30536531320781
12.8624912732733	4.64817282584746	4.98531230479837	4.2907957520077
12.8836293033033	4.63311859776879	4.98729105166501	4.28004110579494
12.9047673333333	4.61661416988109	4.97896231237143	4.2720175533958
12.9259053633634	4.59865954218419	4.96101551361301	4.25448569365621
12.9470433933934	4.57930337432884	4.94938324513124	4.23374784576495
12.9681814234234	4.55897633345015	4.94192159702892	4.21610762304509
12.9893194534535	4.53715256776459	4.92972602603856	4.18794702806208
13.0104574834835	4.51407971357631	4.90494430985383	4.16288751446625
13.0315955135135	4.48943494832456	4.87793025541145	4.12918571966688
13.0527335435435	4.46303206798456	4.84703819851806	4.09682674568637
13.0738715735736	4.43487107255618	4.82209552300887	4.06924707933604
13.0950096036036	4.40495196203939	4.79103863836878	4.04408941788621
13.1161476336336	4.37327473643434	4.76153334738462	4.01595473745007
13.1372856636637	4.33983939574098	4.73178586382061	3.98576771238373
13.1584236936937	4.30476350118276	4.6953271087575	3.94913642134294
13.1795617237237	4.269434577716	4.65082376653833	3.91483544755614
13.2006997537538	4.23335271179542	4.61627726274916	3.88445196498151
13.2218377837838	4.19759609382932	4.58152917184206	3.85371815930579
13.2429758138138	4.16134251284156	4.54549368981163	3.81980639649494
13.2641138438438	4.12439343277982	4.49780832705334	3.78191333783362
13.2852518738739	4.08641633732316	4.45287350908161	3.74321934757098
13.3063899039039	4.04658688220723	4.41152007740465	3.70186067195733
13.3275279339339	4.00490506743198	4.3728524432273	3.66630034882703
13.348665963964	3.9613708929976	4.33185070359107	3.62827760201977
13.369803993994	3.91598435890384	4.29362413847241	3.59724027802324
13.390942024024	3.86874546515083	4.2457117698733	3.56824418806159
13.4120800540541	3.8200641306456	4.19057545838109	3.52999225715197
13.4332180840841	3.77291051842328	4.14198640908187	3.4737595045131
13.4543561141141	3.72782614169124	4.09888955984964	3.40709042891983
13.4754941441441	3.68204858522378	4.05183900762458	3.32206057841141
13.4966321741742	3.63494183820591	4.00687282165481	3.2342494819162
13.5177702042042	3.58685997107947	3.95567100987989	3.14484323488365
13.5389082342342	3.53782614679135	3.89607359639968	3.05327669322452
13.5600462642643	3.48784036534159	3.84222648431936	2.97269609967946
13.5811842942943	3.43690262673027	3.78442584915722	2.88419271796761
13.6023223243243	3.38501293095724	3.72411279309837	2.80300241963391
13.6234603543544	3.33217127802261	3.6589793383217	2.71028361856552
13.6445983843844	3.27837766792638	3.60084917397609	2.63068346317222
13.6657364144144	3.22306260079833	3.53409426827624	2.55444138427913
13.6868744444444	3.16431402450121	3.48203260430452	2.49181624798838
13.7080124744745	3.09978616282334	3.42656605479709	2.41317899923132
13.7291505045045	3.02824416513181	3.37050817134359	2.35980973175025
13.7502885345345	2.9537315689806	3.31041327633594	2.29492263314925
13.7714265645646	2.8809544609435	3.26245691004171	2.21349501733965
13.7925645945946	2.8099159319217	3.21027353972847	2.15761800336206
13.8137026246246	2.73838128172463	3.16248491325821	2.09218745043744
13.8348406546547	2.66440724713344	3.11194511472414	2.04378581287858
13.8559786846847	2.58639718289571	3.05278508428794	1.97499124302021
13.8771167147147	2.51082424760651	3.00903073982012	1.89522309780182
13.8982547447447	2.43410405128985	2.95827951519032	1.80497930580851
13.9193927747748	2.34903015019618	2.91580852483656	1.71726031733063
13.9405308048048	2.26724960383935	2.87268670741107	1.63248966234912
13.9616688348348	2.18958138586626	2.83206559502843	1.54727455413799
13.9828068648649	2.11602549627701	2.79466244855197	1.46360011644662
14.0039448948949	2.04658193507165	2.75807198899774	1.38675208677035
14.0250829249249	1.98125070225014	2.71440447394615	1.30725868473487
14.046220954955	1.92003179781245	2.67910455114126	1.24156835595113
14.067358984985	1.86292522175858	2.6378653496105	1.16628584078387
14.088497015015	1.80637722072719	2.59873778737811	1.09102157958738
14.109635045045	1.7464875137746	2.55841895605099	1.0268090791646
14.1307730750751	1.68528011097679	2.50822254821308	0.960485827238243
14.1519111051051	1.61248331174141	2.41060866556765	0.905058122720081
14.1730491351351	1.53886478003726	2.29437016493232	0.842287876178339
14.1941871651652	1.47101360560502	2.20440276028057	0.791511476107796
14.2153251951952	1.40915444350266	2.14489685579089	0.73948868590858
14.2364632252252	1.35328729373003	2.16203790777404	0.70590912060332
14.2576012552553	1.3034121562873	2.13215648132279	0.668009089927461
14.2787392852853	1.25885298073473	2.1500607992372	0.627783704846993
14.2998773153153	1.21635524349713	2.06835468975884	0.59522427835728
14.3210153453453	1.17937011213666	2.02438197733903	0.566141216783723
14.3421533753754	1.14856277762396	2.00872074629178	0.544902535355069
14.3632914054054	1.12393323995873	2.00870765528006	0.523617228199219
14.3844294354354	1.10548149914105	2.03822073996868	0.499337181571883
14.4055674654655	1.093207555171	2.07321695562119	0.471308094975364
14.4267054954955	1.08711131761657	2.1271817526527	0.436326311270635
14.4478435255255	1.08204659146746	2.14396144796766	0.385313498166982
14.4689815555556	1.0743628933664	2.10280543975707	0.352537492785391
14.4901195855856	1.06797840147808	2.05618210934173	0.328107024392484
14.5112576156156	1.06831077525741	2.04302063456089	0.293462115955552
14.5323956456456	1.07538998697229	2.10973238638022	0.272326794784543
14.5535336756757	1.08657618598329	2.16452745689153	0.252441671527174
14.5746717057057	1.08347459985542	2.09722957724982	0.250821024760937
14.5958097357357	1.08299327533984	2.05806982696692	0.251333567063412
14.6169477657658	1.08782028285277	2.09510792926727	0.257053647535245
14.6380857957958	1.08850647684382	2.10024260671053	0.268693082885706
14.6592238258258	1.0915725527964	2.07530860113528	0.283500807719289
14.6803618558559	1.09426491430087	2.06136175884831	0.308062702892437
14.7014998858859	1.09984103671978	2.10872757222198	0.334943532881029
14.7226379159159	1.09784626388359	2.07523583327998	0.343926243838373
14.7437759459459	1.10069762299108	2.00513186997163	0.38038172969349
14.764913975976	1.11127053589872	1.95014830217857	0.417471815720035
14.786052006006	1.12956500260639	1.91817689163613	0.440819204956483
14.807190036036	1.15558102311434	1.88061835026833	0.480510416615867
14.8283280660661	1.18931859742229	1.88905497527759	0.526885352065908
14.8494660960961	1.23077772553036	1.90777411609392	0.57789729706576
14.8706041261261	1.27995840743858	1.94745291554496	0.631798516778536
14.8917421561562	1.33686064314689	2.03543662324134	0.700695858732361
14.9128801861862	1.40148443265541	2.15640782479701	0.776348444287066
14.9340182162162	1.47382977596394	2.28269591191898	0.855693317420071
14.9551562462462	1.55140994403547	2.3729183739665	0.937464196517079
14.9762942762763	1.63106775599784	2.46764994935885	1.02995338528169
14.9974323063063	1.71249182625437	2.49311539752277	1.10913545488902
15.0185703363363	1.80102390573955	2.56625875673704	1.17909849287607
15.0397083663664	1.89730654507261	2.62434517812089	1.2577843163894
15.0608463963964	1.99414256739563	2.69557853434814	1.34787707620547
15.0819844264264	2.09309155424061	2.75894263687653	1.44282822324964
15.1031224564565	2.19728287588767	2.83264015631517	1.54787694487251
15.1242604864865	2.29991721165825	2.92600965258886	1.65707809161711
15.1453985165165	2.40171017053072	3.00969192869543	1.76959779569601
15.1665365465465	2.49725741902213	3.0880538270025	1.90915259855377
15.1876745765766	2.58907308214543	3.16313247325589	2.04968459209183
15.2088126066066	2.68682289166187	3.25728747035164	2.16989979727091
15.2299506366366	2.78728820297737	3.32674898855435	2.31271586220753
15.2510886666667	2.8933115153848	3.38921234994323	2.41809176019362
15.2722266966967	3.00544883362103	3.46627653894789	2.56257308761553
15.2933647267267	3.12366098779209	3.52265695419872	2.69917033835467
15.3145027567568	3.23875905949662	3.61104924284284	2.82585501769283
15.3356407867868	3.33946722095159	3.7280124846939	2.93712407622936
15.3567788168168	3.43072773892699	3.82797836180028	3.03578702493058
15.3779168468468	3.51317507204366	3.94159148734392	3.11326914338358
15.3990548768769	3.58978880212631	4.04319191223984	3.19274242603275
15.4201929069069	3.66402524837975	4.15849671705738	3.27141632169657
15.4413309369369	3.73777365333374	4.22465657431419	3.35061442752455
15.462468966967	3.81033337008392	4.33768933026378	3.4058165995729
15.483606996997	3.88094972527554	4.40780089475866	3.48325830659363
15.504745027027	3.95002335188924	4.4572109424725	3.55923259191098
15.5258830570571	4.01751281608529	4.49220977804963	3.63118842763984
15.5470210870871	4.08457162891735	4.54727307570286	3.70991031302283
15.5681591171171	4.15446986425229	4.60595963457135	3.77626539094616
15.5892971471471	4.22529808657146	4.65002773737233	3.84794138568127
15.6104351771772	4.29474979028398	4.71089344771266	3.91764189805859
15.6315732072072	4.36514854992536	4.78536141349613	3.98966034258272
15.6527112372372	4.43988442931724	4.86576113915204	4.06040478974217
15.6738492672673	4.51965074318072	4.93706515556201	4.12479999842077
15.6949872972973	4.60347694987259	5.01258389469029	4.18536740022669
15.7161253273273	4.68511353632419	5.09113747210187	4.26411189798583
15.7372633573574	4.7663976742494	5.19278168336368	4.34323435440256
15.7584013873874	4.84600566299868	5.27848738033462	4.42020864866952
15.7795394174174	4.92533099984267	5.36995832325463	4.51488651170802
15.8006774474474	5.00886168831881	5.46120269381412	4.62027369184433
15.8218154774775	5.0929533397815	5.54587363475785	4.70727349387624
15.8429535075075	5.17470021048211	5.6381292736682	4.80294745262954
15.8640915375375	5.26017734203972	5.727650759732	4.89510895265825
15.8852295675676	5.35465059142793	5.80328355746274	4.97724249343672
15.9063675975976	5.44688030304503	5.90675581213208	5.06804228636459
15.9275056276276	5.53172698877042	6.02537206028551	5.15749148206847
15.9486436576577	5.61491178910578	6.12701537111239	5.23847575807194
15.9697816876877	5.71272696459156	6.243735492473	5.33403753887081
15.9909197177177	5.81141439237321	6.3699513104576	5.42597304500716
16.0120577477477	5.91503947791236	6.47177417530777	5.51788861202427
16.0331957777778	6.02187909337863	6.56836313365583	5.60604400565171
16.0543338078078	6.12866831396336	6.67671348248228	5.68334784311372
16.0754718378378	6.23811680703594	6.76704850430259	5.79633436243455
16.0966098678679	6.33901801316114	6.86397014739759	5.87371522561612
16.1177478978979	6.43277710650489	6.96787573169212	5.90793568383182
16.1388859279279	6.52957481260727	7.08195849900002	5.98256746021969
16.160023957958	6.62465066961556	7.18494787304195	6.06126334826125
16.181161987988	6.71193946797359	7.2843552885309	6.08265027446411
16.202300018018	6.80734846469954	7.38785428225083	6.15680884148565
16.223438048048	6.90528766429041	7.47918178520289	6.28197716430228
16.2445760780781	6.99647354113424	7.5624121205048	6.41695997174835
16.2657141081081	7.07788306118085	7.6373306864518	6.55234807421644
16.2868521381381	7.14951622443049	7.67838784492432	6.62063833474097
16.3079901681682	7.21137303088305	7.74959473283183	6.70078231653136
16.3291281981982	7.2634534805385	7.8181144222293	6.75027311554353
16.3502662282282	7.30575757339706	7.88001651393802	6.77432298422224
16.3714042582583	7.33828530945852	7.91020114854492	6.77513461420034
16.3925422882883	7.36103668872291	7.95130025861574	6.76462363846454
16.4136803183183	7.3740117111903	7.99272205196378	6.72628845211424
16.4348183483483	7.37721037686057	8.00153589207748	6.68349439843623
16.4559563783784	7.37378318570857	8.01293218185304	6.64929445495591
16.4770944084084	7.37540014701192	8.01842845310143	6.68150228960915
16.4982324384384	7.37725554145535	8.02317457485616	6.74225498294443
16.5193704684685	7.36897516921976	8.02671643073121	6.71395096603241
16.5405084984985	7.35849147458314	8.02676564059267	6.73513427383677
16.5616465285285	7.34380855991199	8.01646660880401	6.70863176817731
16.5827845585586	7.33382079136806	7.99853005094305	6.79026367309307
16.6039225885886	7.31819611905989	7.99648926388007	6.78304064622156
16.6250606186186	7.28868242647842	8.01398258365453	6.71039431580295
16.6461986486486	7.25169353631436	8.01541362207164	6.65649907625004
16.6673366786787	7.21878530783122	7.99496096607749	6.59883478855641
16.6884747087087	7.21856645046354	7.98285338152513	6.63297038155523
16.7096127387387	7.21624077404287	7.98178109046146	6.60627651654798
16.7307507687688	7.21060318217017	7.97017862163502	6.60310795072763
16.7518887987988	7.19936899888403	7.95399575532019	6.58185037426222
16.7730268288288	7.17272200144559	7.92631313010266	6.50728682824174
16.7941648588589	7.15427599662811	7.89978092772365	6.45881373101355
16.8153028888889	7.13601025572364	7.87978389459768	6.41865873878444
16.8364409189189	7.11033805940198	7.86195795639375	6.40495712313271
16.8575789489489	7.06368551763915	7.81547210079783	6.36163477422874
16.878716978979	7.00446155236139	7.74172980067039	6.32226833690923
16.899855009009	6.93981897812546	7.77419836725388	6.27472889370845
16.920993039039	6.8676376695558	7.7852717917581	6.2039581519494
16.9421310690691	6.8126404891655	7.76298539396985	6.13715999206666
16.9632690990991	6.76728319588039	7.7580371427419	6.08710111991151
16.9844071291291	6.7197648256309	7.75796362600107	6.0317736093937
17.0055451591592	6.66933507457694	7.73910849108877	5.97465335015267
17.0266831891892	6.61315464999198	7.72238605387877	5.92376826111127
17.0478212192192	6.55077762433762	7.69409291352086	5.84214855327954
17.0689592492492	6.50562431994865	7.64840520506036	5.77756509930948
17.0900972792793	6.46076604428231	7.56902291547974	5.7064781685199
17.1112353093093	6.41002772071435	7.46906189019556	5.63637280947938
17.1323733393393	6.35340934924475	7.38241740789066	5.58501585102453
17.1535113693694	6.29091092987354	7.26629554978999	5.53119488637679
17.1746493993994	6.2225324626007	7.12359906197411	5.47011911946073
17.1957874294294	6.14827394742618	7.01856350808001	5.42183385537978
17.2169254594595	6.06813538435006	6.89569787049304	5.36588640465762
17.2380634894895	5.98494455412049	6.80791166061965	5.30916893249358
17.2592015195195	5.90207347180919	6.66667700831158	5.24901473844361
17.2803395495495	5.81566609429216	6.58673917999524	5.18401349607229
17.3014775795796	5.72862417386911	6.49622044430733	5.10132432661993
17.3226156096096	5.64577233780192	6.40287520069996	5.01226153256703
17.3437536396396	5.56503174318535	6.3022254891785	4.90288410947626
17.3648916696697	5.48446889129491	6.21049278349613	4.76335202635257
17.3860296996997	5.40396870275984	6.09781831444354	4.64408320980642
17.4071677297297	5.32351763580386	5.99495992875306	4.53225177288307
17.4283057597598	5.2442113274145	5.88118152003873	4.35494725096747
17.4494437897898	5.16685635370749	5.77213046093147	4.20409858414558
17.4705818198198	5.09187484636168	5.65640232557505	4.12832111626912
17.4917198498499	5.01923244617174	5.56362631850122	4.05553362967558
17.5128578798799	4.94696437585487	5.48136891423973	3.97622550039184
17.5339959099099	4.87386936444872	5.38557810615618	3.89596643603397
17.5551339399399	4.79951700294527	5.30279531853478	3.81922952236141
17.57627196997	4.72764167033647	5.23514139705153	3.7771662835868
17.59741	4.65575937246923	5.16300807652012	3.75245447288417
17.61854803003	4.58736638089218	5.10305499439718	3.75285301393461
17.6396860600601	4.52299322997438	5.03955465046429	3.69290410682198
17.6608240900901	4.4570796516201	4.98283124995254	3.65903541458547
17.6819621201201	4.39104649291016	4.92524494237638	3.58642246532612
17.7031001501501	4.33493459856394	4.87534366440751	3.5596335396172
17.7242381801802	4.28872349697199	4.82907908155682	3.48423279505466
17.7453762102102	4.24445855169934	4.79470047963138	3.4223309800057
17.7665142402402	4.19369888491678	4.72924572164492	3.37003851634147
17.7876522702703	4.13823339514475	4.66595304253977	3.34552491633073
17.8087903003003	4.08891348444713	4.61407646944643	3.2987460720603
17.8299283303303	4.04846776235983	4.58157546809441	3.29971186606495
17.8510663603604	4.0168962288827	4.54955930949144	3.32664658115417
17.8722043903904	3.99411997867393	4.52977514110709	3.29948404980804
17.8933424204204	3.97432098122719	4.47964727483289	3.2810549276221
17.9144804504504	3.95982159432734	4.45141721281728	3.26211067254611
17.9356184804805	3.95218454708935	4.44371940678188	3.24477127992652
17.9567565105105	3.93796832594149	4.4086759927075	3.25641045820752
17.9778945405405	3.9234193832053	4.37812322477536	3.2605310941967
17.9990325705706	3.91063088572954	4.38045336337667	3.23316920018505
18.0201706006006	3.88790477537142	4.35218415862368	3.22308995593291
18.0413086306306	3.837867281836	4.27007399815312	3.19787715339563
18.0624466606607	3.79170123807309	4.23253310986991	3.20607240775817
18.0835846906907	3.74816277986831	4.1733338990273	3.20398865055607
18.1047227207207	3.71223902570649	4.16340484256041	3.1726217330372
18.1258607507507	3.68504309904983	4.19084058648373	3.12836440431257
18.1469987807808	3.65520904194169	4.16231484954116	3.10427712621993
18.1681368108108	3.6222051852557	4.08921429849607	3.08785468757676
18.1892748408408	3.59475849945337	4.08388075316992	3.05935170330971
18.2104128708709	3.57008639321572	4.07473147863909	3.03639090972452
18.2315509009009	3.54334415520055	4.02774405757267	3.03038532276491
18.2526889309309	3.52008970815334	3.99586684035602	3.01396032404057
18.273826960961	3.49892462709085	3.92743519037023	3.02428283974984
18.294964990991	3.48410200385567	3.8896511055304	3.0420263545019
18.316103021021	3.47700001788088	3.89009093702999	3.03787067431714
18.3372410510511	3.47758692161368	3.92555955590078	3.03402930557631
18.3583790810811	3.48032447396306	3.94368847689425	3.02277531199343
18.3795171111111	3.475139350359	3.9119784345583	2.99665754098149
18.4006551411411	3.46707257729873	3.89671946936385	2.97475461921304
18.4217931711712	3.45262169794328	3.86106622123364	2.95773629406628
18.4429312012012	3.43859203533452	3.83730825008264	2.94447836424919
18.4640692312312	3.42886590158127	3.83146056877491	2.94356890606964
18.4852072612613	3.41854990945145	3.83349833579977	2.93372303752024
18.5063452912913	3.40816434704699	3.81731495862525	2.92698130044692
18.5274833213213	3.4021686777854	3.82774794516926	2.92707489154657
18.5486213513514	3.39754750877856	3.83851183730322	2.92451137672394
18.5697593813814	3.39614884101309	3.84848855731249	2.91865915415193
18.5908974114114	3.39935095119936	3.84445160595197	2.92615232488363
18.6120354414414	3.40715383933745	3.8388413835532	2.90772426756111
18.6331734714715	3.41955750542735	3.83789673096917	2.91153195380187
18.6543115015015	3.43573992538156	3.83885484626181	2.90132737149967
18.6754495315315	3.45269969386821	3.85106433716449	2.87177869732491
18.6965875615616	3.46895183768009	3.85330332824167	2.87780273259041
18.7177255915916	3.47454292720739	3.85872278839809	2.87640587860388
18.7388636216216	3.47036893823809	3.86242847736217	2.86830633360973
18.7600016516516	3.46685982981137	3.87204116999411	2.86659626267661
18.7811396816817	3.4587509328652	3.87691648459824	2.86663992391508
18.8022777117117	3.45171226963964	3.89710964009535	2.86155640669871
18.8234157417417	3.44450459020834	3.8957509816329	2.85297825852165
18.8445537717718	3.43518725072511	3.89498881733262	2.84305689828315
18.8656918018018	3.42422790673543	3.89966049495309	2.84278504273942
18.8868298318318	3.41247199996458	3.90138227778561	2.82562203457279
18.9079678618619	3.40253577390867	3.90033183453009	2.78091887083125
18.9291058918919	3.39282307549693	3.89561887330683	2.76951444396492
18.9502439219219	3.3807957652657	3.88257528616751	2.76794046535502
18.971381951952	3.36973643649638	3.86787795927148	2.7497587191884
18.992519981982	3.36256330726812	3.85726776514961	2.75611453298992
19.013658012012	3.35461517366179	3.85283404529295	2.74922975812344
19.034796042042	3.34877858689221	3.83021623405812	2.74933438842057
19.0559340720721	3.34471627163083	3.81836018711716	2.74997572971114
19.0770721021021	3.33688602098419	3.84043282294541	2.74985822101036
19.0982101321321	3.32533210695624	3.82817133216214	2.75793729865795
19.1193481621622	3.31773523346319	3.81503293365996	2.77458005976638
19.1404861921922	3.31438099675251	3.85635804548405	2.79916705116045
19.1616242222222	3.30761584347073	3.86370290896711	2.80161388013439
19.1827622522523	3.30117939225285	3.83754774669523	2.82920246124249
19.2039002822823	3.30006685554816	3.810179238422	2.85019232184868
19.2250383123123	3.30448120186214	3.79761972403798	2.8650768253913
19.2461763423423	3.31442243119428	3.80092260990199	2.877731622814
19.2673143723724	3.32989054354496	3.81131773606416	2.89536547366399
19.2884524024024	3.3508855389142	3.84648512721139	2.89672033365933
19.3095904324324	3.37740741730181	3.90174840400867	2.9063265279998
19.3307284624625	3.40945617870778	3.94858958031747	2.90233511882291
19.3518664924925	3.44703182313238	3.99816490610399	2.87674575076169
19.3730045225225	3.49007903669714	4.0658396264248	2.86590817584637
19.3941425525526	3.5347730246898	4.11743747054655	2.86625570499756
19.4152805825826	3.58277541611623	4.1528436285216	2.89020467250278
19.4364186126126	3.63652492954686	4.25488658991986	2.9178116295326
19.4575566426426	3.69602156498197	4.34413312926194	2.94848584694209
19.4786946726727	3.7612653224214	4.4582037039935	2.9905640412974
19.4998327027027	3.83224103394716	4.58693168276058	3.03249239269338
19.5209707327327	3.90454766107225	4.69703309441892	3.07627090074964
19.5421087627628	3.9694045641757	4.75882645769625	3.11805837690257
19.5632467927928	4.03361485482586	4.82006645493208	3.1717122656454
19.5843848228228	4.0995889153582	4.90065801048588	3.23175002642052
19.6055228528529	4.15925714382332	4.95145459125847	3.303355511191
19.6266608828829	4.21608336715313	4.99388147870389	3.37824552209408
19.6477989129129	4.27687127249481	5.02495092243745	3.45119742020974
19.6689369429429	4.34355274112813	5.06387766558018	3.51846598084365
19.690074972973	4.41612777305305	5.10648716948873	3.60076309092246
19.711213003003	4.49459636826965	5.16237333046671	3.65955678714258
19.732351033033	4.57895851393132	5.26216154280944	3.72959834075774
19.7534890630631	4.66246070270505	5.3691811454923	3.82539300672704
19.7746270930931	4.73446302591581	5.42610377218412	3.91183452390174
19.7957651231231	4.80644586404671	5.51157424259233	3.99938576543413
19.8169031531532	4.88313768051395	5.55962070631082	4.09539652974764
19.8380411831832	4.95368623599309	5.61087692787031	4.17970819795402
19.8591792132132	5.01830275630656	5.66960411622438	4.27764139363603
19.8803172432432	5.08648409935829	5.71675382630997	4.39326265946369
19.9014552732733	5.15446823763397	5.80390649239152	4.44706968505988
19.9225933033033	5.21288821704299	5.86674396121908	4.50736681375047
19.9437313333333	5.26958288071508	5.91715366856371	4.6005120119686
19.9648693633634	5.3292862184089	5.99456319526722	4.66353887813398
19.9860073933934	5.39002501297936	6.07898263895632	4.71656201918368
20.0071454234234	5.44645947398463	6.12677598577676	4.76338481689247
20.0282834534535	5.50179427080082	6.20213204713455	4.79998850950829
20.0494214834835	5.55603287328485	6.26951367510176	4.84483044692386
20.0705595135135	5.61243026112026	6.34209955378649	4.88881882784307
20.0916975435435	5.67102427900339	6.41633829299545	4.93939278468867
20.1128355735736	5.73179896208757	6.50086895791297	4.99145602803133
20.1339736036036	5.79188701568608	6.57501603487348	5.03156588630044
20.1551116336336	5.85078255749464	6.6471450651731	5.06628263404633
20.1762496636637	5.90905025397708	6.72668830707162	5.10273926568853
20.1973876936937	5.96759145919265	6.81206421680914	5.13717361563984
20.2185257237237	6.02743226089418	6.90744577519346	5.17222783806213
20.2396637537538	6.08744897976064	6.98369472125887	5.20795707592343
20.2608017837838	6.14846554212676	7.06152607671666	5.24500582440338
20.2819398138138	6.21008071089623	7.14054666566368	5.28297736646617
20.3030778438438	6.27221256540287	7.22519789927721	5.31991002583982
20.3242158738739	6.33497569342739	7.30313103948433	5.35977001352972
20.3453539039039	6.39892233260688	7.39372246341579	5.39614828415741
20.3664919339339	6.46405248294133	7.47317959243764	5.43428816935791
20.387629963964	6.53036614443054	7.55890854383486	5.47385464780064
20.408767993994	6.59786331707482	7.64656593036781	5.51298378346579
20.429906024024	6.66654400087386	7.74422187783082	5.55324142821537
20.4510440540541	6.73636933102647	7.8447875410342	5.59355592653034
20.4721820840841	6.805721683609	7.95969558351489	5.63339974374803
20.4933201141141	6.87255841435534	8.04827688003775	5.67329454601502
20.5144581441441	6.93914499892005	8.14806437402256	5.71418280488998
20.5355961741742	7.00551893952087	8.24102674113792	5.75765621504723
20.5567342042042	7.07139477141537	8.3337311646148	5.79326070282926
20.5778722342342	7.13710992090303	8.42501356709345	5.84032974867541
20.5990102642643	7.20267065221002	8.51213305954649	5.87925688707643
20.6201482942943	7.26807696533616	8.60579202501668	5.9177310767402
20.6412863243243	7.33332886028158	8.70883337999164	5.95575447793277
20.6624243543544	7.39842633704652	8.8006953310416	5.99332709064546
20.6835623843844	7.46336939563058	8.89906470141631	6.03044891488711
20.7047004144144	7.52815803603401	8.9964445629425	6.06711995065412
20.7258384444444	7.59308471255938	9.09406248014733	6.10334019794199
20.7469764744745	7.65831630453734	9.19906035832046	6.14017524546097
20.7681145045045	7.72374243707231	9.30835645276873	6.17873875254624
20.7892525345345	7.78896207213247	9.42687060228789	6.21721284627392
20.8103905645646	7.85360532687112	9.52565275720606	6.25416666726027
20.8315285945946	7.91764925395084	9.62796354572975	6.28872118537397
20.8526666246246	7.98101121302213	9.70895912967639	6.32295585317753
20.8738046546547	8.04363556536781	9.7929156198842	6.3568883336096
20.8949426846847	8.10550746376149	9.88889833720126	6.39051862667749
20.9160807147147	8.16657865042302	9.99587376618723	6.4238467323804
20.9372187447447	8.22684912535197	10.0994149178248	6.4568726507134
20.9583567747748	8.28932060032264	10.1922549338547	6.5031101514142
20.9794948048048	8.34803066001002	10.2846233350642	6.53299166618551
21.0006328348348	8.41367081802321	10.3785633915781	6.58825977503765
21.0217708648649	8.47088268769581	10.4703985526801	6.62189499786648
21.0429088948949	8.90563136684888	10.7678705256105	7.36036336579473
21.0640469249249	8.96634010996975	10.8557829418899	7.39867093471153
21.085184954955	9.02616467426126	10.9418952465093	7.43665602639995
21.106322984985	9.08510505972244	11.0262074394711	7.47433757220053
