phys	rec.rate	upper	lower
0.00756578978978979	NA	NA	NA
0.0226973693693694	1.64897437645062	2.50492699605641	0.672081890411334
0.0378289489489489	1.64945355704876	2.49696460692254	0.681568704807877
0.0529605285285285	1.65012042099153	2.49014655784309	0.691858880948542
0.0680921081081081	1.65097496827893	2.48437386965849	0.70396832773851
0.0832236876876877	1.65201719891096	2.47807823517569	0.715828007056502
0.0983552672672673	1.65324711288763	2.47229066778852	0.727549579835281
0.113486846846847	1.65466471020892	2.46701116749695	0.741053202952441
0.128618426426426	1.65626999087485	2.46223973430099	0.75536018781373
0.143750006006006	1.65806295488541	2.45797636820066	0.770470534419134
0.158881585585586	1.6600436022406	2.45422106919591	0.775182231111816
0.174013165165165	1.66221193294042	2.45062350990797	0.77887853596594
0.189144744744745	1.66456794698487	2.4474648370884	0.788202097311319
0.204276324324324	1.66711164437396	2.4446638266612	0.798904162148358
0.219407903903904	1.66984302510768	2.4422905999721	0.805586608410575
0.234539483483483	1.67218071998422	2.43797326698868	0.817082737714288
0.249671063063063	1.71120804656269	2.55583120779764	0.798380159073421
0.264802642642643	1.71220096073381	2.54793683546732	0.799187207978535
0.279934222222222	1.71326040975561	2.5401225447962	0.800067875802828
0.295065801801802	1.71438639362809	2.53299734768109	0.801022162546295
0.310197381381381	1.71557891235125	2.52577300117813	0.80517615900163
0.325328960960961	1.71683796592508	2.51853068442119	0.814266103635672
0.340460540540541	1.71816355434959	2.51127039741029	0.824222939528933
0.35559212012012	1.71955567762477	2.5039921401454	0.834460437855337
0.3707236996997	1.72101433575064	2.49669591262656	0.845369232119508
0.385855279279279	1.72253952872717	2.48938171485372	0.85820905330168
0.400986858858859	1.72413125655439	2.48185609572033	0.871520690230903
0.416118438438438	1.72578951923228	2.47294261642924	0.885304142907178
0.431250018018018	1.72752759466841	2.46472132943492	0.898612697177078
0.446381597597598	1.75382853091498	2.56826548106129	0.87435685099446
0.461513177177177	1.7552735083192	2.56108538118291	0.887934280158586
0.476644756756757	1.75664901232625	2.55437224923362	0.888920875284667
0.491776336336336	1.75795504293614	2.54761784906442	0.879528430630276
0.506907915915916	1.75919160014887	2.54197105343001	0.890786350051035
0.522039495495495	1.76035868396443	2.53703466096052	0.905715579217864
0.537171075075075	1.76172361001459	2.53098551370951	0.91463276920333
0.552302654654655	1.78202674654797	2.60256538054345	0.935511378796709
0.567434234234234	1.78372313685698	2.59298002402215	0.949734473446931
0.582565813813814	1.78545230363288	2.58257058528916	0.959170148194879
0.597697393393393	1.78721424687565	2.57212394921929	0.980352457156492
0.612828972972973	1.78917067855858	2.56172478135653	0.993297455294907
0.627960552552553	1.79306668021846	2.54460995223729	0.979547991184646
0.643092132132132	1.79551462750513	2.53441846859546	0.9941295774327
0.658223711711712	1.79787919407164	2.5242328411559	1.01875718518221
0.673355291291291	1.80016037991801	2.51457848953394	1.03942573465591
0.688486870870871	1.80235818504422	2.50601718926097	1.06101459437231
0.70361845045045	1.80447260945028	2.49745367361359	1.07343664075935
0.71875003003003	1.80650365313619	2.48888794259183	1.09723299374793
0.73388160960961	1.80845131610194	2.48031999619567	1.0959665676367
0.749013189189189	1.81031559834755	2.47174983442511	1.10658899495302
0.764144768768769	1.812096499873	2.46317745728017	1.11350705479033
0.779276348348348	1.8137940206783	2.45460286476081	1.11643924454311
0.794407927927928	1.81540816076344	2.44648269564773	1.1203289924983
0.809539507507508	1.81693892012844	2.43919178697961	1.12475507202854
0.824671087087087	1.81838629877329	2.43034938641407	1.12973504456645
0.839802666666667	1.81975029669798	2.42097386932742	1.13341984915381
0.854934246246246	1.82103091390252	2.41288541100095	1.14475484775506
0.870065825825826	1.82222815038691	2.40478570517751	1.14562903035115
0.885197405405405	1.82334200615114	2.39667475185718	1.15951045829887
0.900328984984985	1.82437248119524	2.38855255103989	1.16021278806897
0.915460564564565	1.82531957551916	2.38123949648556	1.16944918179659
0.930592144144144	1.82618328912295	2.37467473237128	1.18232020822511
0.945723723723724	1.82696362200658	2.36797544664874	1.19946442304969
0.960855303303303	1.82766057417006	2.36103199868341	1.215305844035
0.975986882882883	1.82827414561338	2.35443713687311	1.22435161914181
0.991118462462462	1.82880433633656	2.34736333168008	1.23874546220257
1.00625004204204	1.82925114633958	2.33747130069788	1.25588789207495
1.02138162162162	1.82961457562245	2.32756287113234	1.2657809068887
1.0365132012012	1.82989462418517	2.32081416543424	1.27874158911957
1.05164478078078	1.83009129202774	2.3158881894311	1.28910154646184
1.06677636036036	1.83020457915015	2.30917532072987	1.29174755326275
1.08190793993994	1.83023448555241	2.29833730851919	1.30118072812452
1.09703951951952	1.83018101123452	2.2875645822772	1.30733700554452
1.1121710990991	1.83004415619649	2.28013947309813	1.31270287413384
1.12730267867868	1.83186585159663	2.27587926784243	1.31749526649092
1.14243425825826	1.83738489539322	2.27275390233945	1.3406969626401
1.15756583783784	1.84145466757023	2.26704884953814	1.35414148047846
1.17269741741742	1.84536091103802	2.26195398763807	1.35009677615656
1.187828996997	1.84910362579662	2.25930951496758	1.34198428616281
1.20296057657658	1.85268281184601	2.2603774054831	1.35958016535386
1.21809215615616	1.8560984691862	2.26595064936492	1.364747422537
1.23322373573574	1.85935059781719	2.2619900933076	1.39111371947646
1.24835531531532	1.86243919773897	2.25423455006041	1.39807998236838
1.26348689489489	1.86536426895155	2.25166568304211	1.39163644454472
1.27861847447447	1.86812581145495	2.24512281900818	1.3853816667338
1.29375005405405	1.87072382524913	2.24364315386551	1.39089893287468
1.30888163363363	1.87315831033412	2.23687319107398	1.39679051864071
1.32401321321321	1.87542926670988	2.23206089338525	1.40283727218673
1.33914479279279	1.87753669437647	2.23599525853089	1.40719975484981
1.35427637237237	1.87948059333385	2.24172963270876	1.41120001102302
1.36940795195195	1.88126096358203	2.25654692737666	1.41908344217898
1.38453953153153	1.88287780512099	2.27696014289089	1.42240417460179
1.39967111111111	1.88433111795077	2.28473491832162	1.4268044582574
1.41480269069069	1.88562090207134	2.30126934644618	1.42720268880893
1.42993427027027	1.88674715748272	2.3141783446872	1.43161140266711
1.44506584984985	1.88770988418488	2.32428178747019	1.43973799694395
1.46019742942943	1.88850908217784	2.33799105611385	1.44729975305935
1.47532900900901	1.88914475146162	2.35838037536898	1.45244823140556
1.49046058858859	1.88961689203617	2.37179421097645	1.4575821286432
1.50559216816817	1.88992550390155	2.38479630695361	1.46309302342345
1.52072374774775	1.8900705870577	2.40384918957873	1.46220523972896
1.53585532732733	1.89005214150466	2.41977356615283	1.46110694098127
1.55098690690691	1.88987016724241	2.42783766343521	1.46223118078394
1.56611848648649	1.88952466427098	2.42956503688406	1.46405008780624
1.58125006606607	1.88901563259032	2.4338305762119	1.46582066849375
1.59638164564565	1.88834307220048	2.43943119236608	1.46805326412401
1.61151322522523	1.88750698310144	2.442388961214	1.47029704134307
1.6266448048048	1.88650736529318	2.44524289733114	1.47599303670055
1.64177638438438	1.88534421877573	2.45994359502207	1.48213147998611
1.65690796396396	1.88401754354908	2.47351634448187	1.48195825348711
1.67203954354354	1.88252733961322	2.48596114571083	1.47735118068126
1.68717112312312	1.88087360696817	2.49602412722681	1.47886499986462
1.7023027027027	1.87905634561391	2.5019240344048	1.47703010423846
1.71743428228228	1.87707555555045	2.50695762526777	1.47661306126365
1.73256586186186	1.87493123677778	2.51112489981547	1.47698913130666
1.74769744144144	1.87262338929593	2.51442585804814	1.47942536837069
1.76282902102102	1.87015201310487	2.51686049996557	1.48457988154179
1.7779606006006	1.8675171082046	2.518428825568	1.49006979437792
1.79309218018018	1.86471867459514	2.51898638808636	1.49531285834489
1.80822375975976	1.86175671227646	2.51852916210757	1.50057385992299
1.82335533933934	1.85863122124859	2.51721988423254	1.49761861245057
1.83848691891892	1.85534220151153	2.5270501645136	1.49649605330659
1.8536184984985	1.85188965306525	2.53422403411195	1.49917178649142
1.86875007807808	1.84827357590978	2.52896685134047	1.49865752365373
1.88388165765766	1.84449397004511	2.52275593326947	1.49634804989138
1.89901323723724	1.84055083547122	2.51559127989884	1.49448902928224
1.91414481681682	1.83644417218815	2.52223289282868	1.49103893581507
1.9292763963964	1.83217398019587	2.51263797581235	1.48744586761508
1.94440797597598	1.82774025949439	2.5021249329945	1.48385346079887
1.95953955555556	1.8231430100837	2.49076676713637	1.48075556132407
1.97467113513514	1.81838223196382	2.49138720256529	1.47656535544739
1.98980271471471	1.81345792513474	2.48400545604001	1.4712076758325
2.00493429429429	1.80837008959644	2.47824209252405	1.46598145544303
2.02006587387387	1.80311872534894	2.48394319323511	1.4614295606679
2.03519745345345	1.79770383239227	2.47472462843704	1.46203348178852
2.05032903303303	1.79212541072638	2.46923962097544	1.46002356755368
2.06546061261261	1.78638346035128	2.45697479670152	1.45695198178773
2.08059219219219	1.78047798126698	2.44251899325765	1.453283924418
2.09572377177177	1.77440897347349	2.4317734957568	1.44826600631733
2.11085535135135	1.76817643697079	2.42269240192126	1.44263272636812
2.12598693093093	1.76178037175888	2.39600259839245	1.43711268646622
2.14111851051051	1.75522077783778	2.38469243567962	1.43224790590421
2.15625009009009	1.74849765520748	2.36250085926826	1.42517912143048
2.17138166966967	1.74161100386798	2.34227841446614	1.41939640026716
2.18651324924925	1.73456082381928	2.31719512160504	1.4138091220384
2.20164482882883	1.72734711506136	2.29525468396818	1.40816624462374
2.21677640840841	1.71996987759426	2.26644501879256	1.40572196602552
2.23190798798799	1.71242911141795	2.23663068993634	1.40053900974881
2.24703956756757	1.70472481653242	2.20728864532613	1.39570527866693
2.26217114714715	1.69685699293772	2.178033963797	1.38888511484798
2.27730272672673	1.68882564063381	2.14765023585895	1.38084432001803
2.29243430630631	1.68063075962069	2.12020865967203	1.37514241830217
2.30756588588589	1.67227234989837	2.10027656169566	1.37172955765984
2.32269746546547	1.66375041146685	2.10260167727389	1.36592094677138
2.33782904504505	1.65506494432613	2.10033139978505	1.35810043438338
2.35296062462462	1.6462159484762	2.08778072912047	1.3518888444147
2.3680922042042	1.63720342391708	2.08449119768578	1.343687363706
2.38322378378378	1.62972153737427	2.08288258726945	1.33656209810367
2.39835536336336	1.63043649695948	2.07026254310864	1.32524913503846
2.41348694294294	1.63010938731899	2.09828449758303	1.30940185910634
2.42861852252252	1.62717451520462	2.11822373483212	1.29570047499546
2.4437501021021	1.62163188061636	2.11511188488062	1.28217670756994
2.45888168168168	1.61348148355417	2.11056375771529	1.27904148801593
2.47401326126126	1.6027233240181	2.12816808753632	1.26441049689757
2.48914484084084	1.60490517958318	2.1194091081306	1.24584455740905
2.50427642042042	1.60326150025156	2.11041461946887	1.23372317063915
2.519408	1.60449835417505	2.11223126952144	1.21856867176727
2.53453957957958	1.59707833533836	2.12846635405736	1.20955995959244
2.54967115915916	1.57958679664342	2.14738634389149	1.19895818549261
2.56480273873874	1.57396720531744	2.1317524049425	1.17680508555835
2.57993431831832	1.55758433353693	2.10609284912483	1.15924182785339
2.5950658978979	1.54154045273469	2.15495762544096	1.13013769388422
2.61019747747748	1.55167304243314	2.31083167480885	1.09041390277226
2.62532905705706	1.5435548755258	2.31691816901449	1.05875789468205
2.64046063663664	1.51374141160532	2.32468276810018	1.04248695438306
2.65559221621622	1.47400458977495	2.17871427270958	1.03687708708645
2.6707237957958	1.45303470659605	2.1899546320395	1.00372995855696
2.68585537537538	1.43346279269838	2.19448713504045	0.963320204604832
2.70098695495495	1.41413909326356	2.1587528561441	0.93167148231337
2.71611853453453	1.39506360829157	2.16006684042993	0.896750255261399
2.73125011411411	1.37623633778245	2.1459284313338	0.860144092564436
2.74638169369369	1.35765728173614	2.10151628994304	0.83424248020485
2.76151327327327	1.33932644015268	2.06740755729486	0.798902034606584
2.77664485285285	1.32124381303209	2.04524789651934	0.769670904335491
2.79177643243243	1.30340940037432	2.02498233039036	0.736305592260797
2.80690801201201	1.2858232021794	2.01907155062605	0.712662155986836
2.82203959159159	1.26848521844733	2.00112092161084	0.689667887405941
2.83717117117117	1.25139544917809	1.99539711483183	0.654344636218489
2.85230275075075	1.2345538943717	1.97625634816929	0.609549535322865
2.86743433033033	1.21796055402815	1.9735910690844	0.581429191194038
2.88256590990991	1.20161542814747	1.96020348609183	0.555720480803725
2.89769748948949	1.18551851672959	1.95839012957291	0.526607821689498
2.91282906906907	1.16966981977458	1.95807513177405	0.49749645013689
2.92796064864865	1.1540693372824	1.95668403513668	0.479198487202989
2.94309222822823	1.1387170692531	1.95419298767242	0.453568248701439
2.95822380780781	1.12361301568659	1.93800488888271	0.419268134200603
2.97335538738739	1.10875717658296	1.93174372980682	0.393655458385189
2.98848696696697	1.09414955194215	1.92431870016054	0.371224074724189
3.00361854654655	1.07979014176421	1.91567064894648	0.353689175662806
3.01875012612613	1.0656789460491	1.90573165350379	0.32386636467335
3.03388170570571	1.05181596479682	1.88885675060395	0.296160473462808
3.04901328528529	1.0382011980074	1.87150875573696	0.251692930765381
3.06414486486486	1.02483464568081	1.85984410937962	0.206059682211384
3.07927644444444	1.0117163078171	1.84695706688237	0.187490069551532
3.09440802402402	0.998846184416179	1.83495328325151	0.173038806595652
3.1095396036036	0.986224275478145	1.82198914800016	0.151562562164483
3.12467118318318	0.973850581002934	1.80431099211712	0.13497483524241
3.13980276276276	0.961725100990577	1.78450992307142	0.119063059670925
3.15493434234234	0.949847835441049	1.76491757277149	0.101079126541533
3.17006592192192	0.938218784354387	1.73581201076656	0.0791354242404816
3.1851975015015	0.926837947730541	1.70911903989221	0.0702741764307506
3.20032908108108	0.915705325569577	1.68872822850472	0.0614212748109617
3.21546066066066	0.904820917871407	1.66309729001132	0.0485083739187598
3.23059224024024	0.894184724636118	1.63287114905523	0.0370632092404172
3.24572381981982	0.883796745863652	1.61399761876978	0.0256940296133689
3.2608553993994	0.873656981554049	1.59440994023892	0.00972815155686213
3.27598697897898	0.86376543170727	1.58006184072843	0
3.29111855855856	0.854122096323336	1.55891151133418	0
3.30625013813814	0.844726975402263	1.53685097739285	0
3.32138171771772	0.835580068944016	1.51655618825161	0
3.3365132972973	0.826681376948626	1.48882796291402	0
3.35164487687688	0.818030899416084	1.46983082344633	0
3.36677645645646	0.809628636346346	1.44761299301038	0
3.38190803603604	0.801474587739497	1.41658803235757	0
3.39703961561562	0.793568753595481	1.38660784810261	0
3.41217119519519	0.785911133914295	1.36942638995034	0
3.42730277477478	0.768435987184226	1.33371403821237	0
3.44243435435435	0.728445828537179	1.31770812378201	0
3.45756593393393	0.693557941799547	1.31368763032829	0
3.47269751351351	0.665153912535468	1.29016418828931	0
3.48782909309309	0.643233740744904	1.26397713230969	0
3.50296067267267	0.627797426427824	1.24605720176833	0
3.51809225225225	0.618844969584301	1.23094793230278	0
3.53322383183183	0.616376370214285	1.21480926047421	0
3.54835541141141	0.620391628317776	1.20394120911244	0
3.56348699099099	0.615574895469422	1.20494571589239	0
3.57861857057057	0.58028174407452	1.1651639645821	0
3.59375015015015	0.546072606522932	1.12281967345597	0
3.60888172972973	0.514257610705794	1.09150740615557	0
3.62401330930931	0.484836756623097	1.06281652495697	0
3.63914488888889	0.457810044274886	1.07161537091298	0
3.65427646846847	0.433177473661108	1.04759908475343	0
3.66940804804805	0.410939044781778	1.02771179739272	0
3.68453962762763	0.391094757636916	1.01451860673842	0
3.69967120720721	0.373644612226535	1.00525268923842	0
3.71480278678679	0.358588608550551	1.00200646483074	0
3.72993436636637	0.345926746609105	0.996415486333277	0
3.74506594594595	0.335659026402039	0.990952443878447	0
3.76019752552553	0.327785447929461	0.988216749691139	0
3.77532910510511	0.322306011191337	0.995530109298645	0
3.79046068468468	0.319220716187682	1.01897959556705	0
3.80559226426426	0.318529562918449	1.01329114313223	0
3.82072384384384	0.320232551383703	1.02995729621401	0
3.83585542342342	0.324329681583403	1.03965998720001	0
3.850987003003	0.330820953517571	1.06107132702182	0
3.86611858258258	0.327268080293557	1.08863670052209	0
3.88125016216216	0.301019190872285	1.06789114183197	0
3.89638174174174	0.275693662399287	1.03193308198585	0
3.91151332132132	0.251956066727704	0.997092103175491	0
3.9266449009009	0.229806403857503	0.973943248420442	0
3.94177648048048	0.209244673788739	0.952508519797116	0
3.95690806006006	0.190270876521362	0.926673777756892	0
3.97203963963964	0.172885012055411	0.906175268250974	0
3.98717121921922	0.157087080390826	0.913124316307241	0
4.0023027987988	0.142877081527681	0.882697588878422	0
4.01743437837838	0.130255015465925	0.874874477414681	0
4.03256595795796	0.1192208822056	0.877378645150284	0
4.04769753753754	0.109774681746653	0.876058572459551	0
4.06282911711712	0.101916414089113	0.89011220692895	0
4.0779606966967	0.0956460792329892	0.900515896780592	0
4.09309227627628	0.0909636771782536	0.914731190018229	0
4.10822385585586	0.0878692079249275	0.929322659939379	0
4.12335543543544	0.0863626714730487	0.93212918521213	0
4.13848701501501	0.0864440678225122	0.941072266733699	0
4.15361859459459	0.0881133969734008	0.94714220816154	0
4.16875017417417	0.0913706589257215	0.972732890816889	0
4.18388175375375	0.096215853679434	0.967596174670752	0
4.19901333333333	0.102648981234542	0.969225269812084	0
4.21414491291291	0.110670041591054	0.993536798539267	0
4.22927649249249	0.120279034748991	1.01823609525277	0
4.24440807207207	0.131475960708307	1.04167554055135	0
4.25953965165165	0.144260819469047	1.05693572149838	0
4.27467123123123	0.158633611031195	1.07494504269798	0
4.28980281081081	0.17459433539473	1.09350230961596	0
4.30493439039039	0.192142992559686	1.10979444128223	0
4.32006596996997	0.211279582526038	1.13332146596842	0
4.33519754954955	0.2320041052938	1.16328789930058	0
4.35032912912913	0.25431656086296	1.19372417423336	0
4.36546070870871	0.278216949233548	1.21837217092646	0
4.38059228828829	0.303705270405516	1.23909815184237	0
4.39572386786787	0.330781524378898	1.25966307307556	0
4.41085544744745	0.35944571115369	1.27956531537878	0
4.42598702702703	0.389697830729881	1.29964773332024	0
4.44111860660661	0.421537883107488	1.32130258107573	0
4.45625018618619	0.45496586828647	1.34986884167403	0
4.47138176576577	0.489981786266903	1.38827634047762	0
4.48651334534535	0.526585637048709	1.41781586938153	0
4.50164492492492	0.564777420631912	1.44260595354957	0.00777414083648167
4.5167765045045	0.604557137016562	1.47333000624988	0.0420839436590238
4.53190808408408	0.645924786202588	1.5140516832252	0.0787323039317575
4.54703966366366	0.688880368190014	1.55575103520007	0.109321552706918
4.56217124324324	0.73342388297886	1.5870979060561	0.156589727722014
4.57730282282282	0.77955533056911	1.6288529972835	0.201105399552201
4.5924344024024	0.827274710960766	1.68461610700778	0.245397864704051
4.60756598198198	0.876582024153811	1.72582407694248	0.290879135712216
4.62269756156156	0.927477270148289	1.7550444162423	0.334441795185186
4.63782914114114	0.979960448944151	1.80405647309111	0.371601617158699
4.65296072072072	1.03403156054141	1.85302568481585	0.408659172673875
4.6680923003003	1.08969060494011	1.89575778168353	0.458536494265435
4.68322387987988	1.14693758214019	1.95232202958604	0.502272696197897
4.69835545945946	1.20577249214167	1.98274392384712	0.546854949903004
4.71348703903904	1.26619533494457	2.04416322708051	0.59579855061651
4.72861861861862	1.32820611054888	2.11704755150016	0.648310478552865
4.7437501981982	1.38896124097945	2.20801128663941	0.688152407045419
4.75888177777778	1.44020424872848	2.40597589692509	0.724457150590512
4.77401335735736	1.48992409749231	2.6522717201273	0.748386598898574
4.78914493693694	1.53895815225825	2.85788585896973	0.749063157501216
4.80427651651652	1.58730641302627	3.03630060077623	0.757279691540761
4.8194080960961	1.63496887979646	3.09729358445812	0.799090611040277
4.83453967567568	1.68194555256871	3.07292431312924	0.861582279832486
4.84967125525526	1.72823643134311	3.00370108068964	0.925900432591638
4.86480283483484	1.7738415161196	2.84475262726926	0.991088484422336
4.87993441441441	1.81873909555158	2.81705336434338	1.05026819026943
4.89506599399399	1.86011498730706	2.83236802517758	1.09388023143911
4.91019757357357	1.8943382720915	2.86232212578855	1.15928971156221
4.92532915315315	1.92183885810694	2.80112868288385	1.20111835426843
4.94046073273273	1.9483466721706	2.84792948861317	1.2344932391654
4.95559231231231	1.97684723529826	2.86883611674524	1.27545734775875
4.97072389189189	2.00736253238927	2.9332064524717	1.28174318707966
4.98585547147147	2.03989256344372	2.92529886424335	1.36456578738004
5.00098705105105	2.07443732846156	2.89851157374712	1.4040683906067
5.01611863063063	2.11099682744281	2.93784951308385	1.47954236140795
5.03125021021021	2.14494632598002	2.98887041048513	1.52032113380307
5.04638178978979	2.17140908141334	3.0089057118175	1.55448009872053
5.06151336936937	2.20739250391602	3.0583306744372	1.56626008967103
5.07664494894895	2.25390985438351	3.14028901400302	1.62574258655092
5.09177652852853	2.29619470541979	3.22264189172432	1.69734227615258
5.10690810810811	2.33901214241792	3.26282080817088	1.73231152723749
5.12203968768769	2.37648172899359	3.29448561693839	1.75943236578065
5.13717126726727	2.41064975602093	3.36545337185873	1.776814290389
5.15230284684685	2.44511451783298	3.47141317803817	1.79827246971205
5.16743442642643	2.47987601442974	3.56919054969695	1.81065861240854
5.18256600600601	2.51493424581117	3.62203681427117	1.82399024217529
5.19769758558559	2.55028921197732	3.74177318413773	1.82995552069671
5.21282916516517	2.58594091292816	3.80333124023525	1.8518156902821
5.22796074474475	2.62188934866369	3.84945263748284	1.88319818606347
5.24309232432432	2.65813451918396	3.89122465798812	1.91908790268776
5.2582239039039	2.6946764244889	3.92820844985083	1.95844808210718
5.27335548348348	2.73151506457854	3.95002818781904	1.9878412408755
5.28848706306306	2.76865043945288	3.95075167514139	2.01698404150656
5.30361864264264	2.80608254911193	3.98774439260712	2.06530310271241
5.31875022222222	2.84381139355566	4.02340682326077	2.11199205614288
5.3338818018018	2.88286621079966	4.04445705646646	2.14189992252277
5.34901338138138	2.92541920145484	4.04846340411754	2.21322680232442
5.36414496096096	2.96701938158337	4.08977139064914	2.26501114892131
5.37927654054054	3.00724095373678	4.20664094945711	2.30136861469059
5.39440812012012	3.04608391791503	4.30868555932267	2.31462652934579
5.4095396996997	3.08354827411815	4.32098709773118	2.31963087997298
5.42467127927928	3.11963402234614	4.33407901796254	2.32316001685132
5.43980285885886	3.15434116259897	4.31879881791154	2.35860544816115
5.45493443843844	3.18766969487669	4.29062678799443	2.40012584696671
5.47006601801802	3.21961961917923	4.26891903451503	2.45841343524914
5.4851975975976	3.25019093550667	4.20918677997181	2.47550915516569
5.50032917717718	3.27938364385895	4.13394262503287	2.46872508689669
5.51546075675676	3.30719774423608	4.05480880546403	2.50275068797895
5.53059233633634	3.33363323663811	4.01740121943841	2.51883275481887
5.54572391591592	3.35935499167828	3.97134562325756	2.54498025132078
5.5608554954955	3.39035618428493	3.96964141992595	2.55177255476484
5.57598707507507	3.42273679866265	4.0065186329288	2.56832658496181
5.59111865465465	3.4550441065707	4.02271612268649	2.58765351019326
5.60625023423423	3.487278108009	4.06022867598352	2.60806069390714
5.62138181381381	3.51943880297763	4.09721260081608	2.6352999157416
5.63651339339339	3.55152619147652	4.13775756081623	2.66502182695465
5.65164497297297	3.5835402735057	4.17774252627472	2.69597360175036
5.66677655255255	3.61548104906522	4.21628916044667	2.72805294253074
5.68190813213213	3.64734851815496	4.24371392532761	2.76120418998309
5.69703971171171	3.67914268077502	4.28295881274776	2.79542734410791
5.71217129129129	3.71086353692536	4.3205617370227	2.82582403579457
5.72730287087087	3.74251108660603	4.3514534980117	2.83395149066228
5.74243445045045	3.77408532981694	4.39543082676675	2.84670120214302
5.75756603003003	3.80558626655816	4.43697984776975	2.83136861993012
5.77269760960961	3.83701389682968	4.47784431236686	2.81037615588282
5.78782918918919	3.86836822063148	4.52084811838148	2.84948479041576
5.80296076876877	3.89964923796358	4.56249085558331	2.87579376450708
5.81809234834835	3.93085694882597	4.60500977813762	2.88615294521511
5.83322392792793	3.96199135321864	4.64489783527973	2.91678102162738
5.84835550750751	3.99305245114162	4.68286807989094	2.95183017141393
5.86348708708709	4.02404024259483	4.71568022383159	2.98485593430691
5.87861866666667	4.05495472757842	4.7477807813036	2.9902153058833
5.89375024624625	4.08579590609221	4.78062912817114	3.01028955229565
5.90888182582583	4.11656377813636	4.82113874468261	3.05361399803586
5.92401340540541	4.14725834371079	4.86365831551598	3.10186765200654
5.93914498498498	4.17787960281548	4.90080007850964	3.1205467490359
5.95427656456456	4.20842755545048	4.9357728522058	3.1582101329585
5.96940814414414	4.23890220161574	4.96458572668126	3.18063587153818
5.98453972372372	4.26930354131134	4.99296605918988	3.24632129859263
5.9996713033033	4.2996315745372	5.03205609493519	3.27027773682392
6.01480288288288	4.32988630129337	5.06557253807502	3.28208688381633
6.02993446246246	4.36006772157977	5.09989989355554	3.30004820363371
6.04506604204204	4.39017583539656	5.12941576232616	3.34666293056057
6.06019762162162	4.42021064274357	5.15782157025455	3.39469044205281
6.0753292012012	4.4501721436209	5.18417822699836	3.41723136126617
6.09046078078078	4.4800603380285	5.21226761845162	3.46267486632515
6.10559236036036	4.50987522596638	5.23935860583996	3.48942532908661
6.12072393993994	4.53961680743457	5.26628273984296	3.51962161427695
6.13585551951952	4.56928508243309	5.29158331043912	3.54193873082218
6.1509870990991	4.59888005096183	5.31689846238486	3.5601566867365
6.16611867867868	4.62840171302086	5.34142145743808	3.58792083158491
6.18125025825826	4.65785006861028	5.36938744372677	3.6289248324427
6.19638183783784	4.68722511772987	5.39802615977874	3.68360986197552
6.21151341741742	4.71652686037979	5.42573454275604	3.7221713855241
6.226644996997	4.74575529656004	5.45262059407187	3.75586786833443
6.24177657657658	4.77491042627056	5.47819259953265	3.7956849014828
6.25690815615616	4.80399224951132	5.4966338091888	3.82244006735955
6.27203973573574	4.83300076628242	5.51446184711976	3.86707537435579
6.28717131531532	4.86193597658385	5.53166403837489	3.90904447767841
6.3023028948949	4.89079788041551	5.54918498213093	3.94435508177978
6.31743447447447	4.91958647777745	5.57356617858554	3.97689349694058
6.33256605405405	4.94830176866969	5.59438923005193	4.00880178604706
6.34769763363363	4.97694375309225	5.61605817521734	4.06936421189881
6.36282921321321	5.00551243104511	5.64009540657076	4.11413217777745
6.37796079279279	5.03400780252817	5.66672348753514	4.16073667635836
6.39309237237237	5.06242986754165	5.6901443944463	4.20532153508246
6.40822395195195	5.09077862608532	5.70735984764013	4.24473588198937
6.42335553153153	5.11905407815931	5.72385159089662	4.27832345722519
6.43848711111111	5.14725622376362	5.74285193767206	4.33031771662404
6.45361869069069	5.17538506289815	5.78775267852486	4.39588752073864
6.46875027027027	5.20344059556304	5.82217685649433	4.45274483730982
6.48388184984985	5.2314228217582	5.86789211932084	4.51149903130629
6.49901342942943	5.25933174148367	5.90961745760902	4.56578827900337
6.51414500900901	5.28716735473937	5.94768809533049	4.60400683054774
6.52927658858859	5.31492966152539	6.00217174788435	4.63076957215437
6.54440816816817	5.34261866184173	6.03753145516063	4.67321393167119
6.55953974774775	5.37023435568833	6.07331736217263	4.72645190179563
6.57467132732733	5.39777674306521	6.14294536102572	4.77349688870791
6.58980290690691	5.42524582397242	6.20740015620501	4.82550446136904
6.60493448648649	5.4526415984099	6.30489304509345	4.85494960982759
6.62006606606607	5.47996406637766	6.42395194290354	4.88100070205756
6.63519764564565	5.50721322787571	6.51772587270084	4.94102056818199
6.65032922522523	5.53438908290405	6.6125836912758	4.99347358702249
6.66546080480481	5.56149163146272	6.70852539862819	5.00766353626113
6.68059238438438	5.58852087355163	6.80941841352047	5.03409749901468
6.69572396396396	5.62123642099874	6.96526866312823	5.0407876736357
6.71085554354354	5.67633499501805	7.25955169977657	5.07815001150673
6.72598712312312	5.72922454237914	7.50337486822682	5.11179608406918
6.7411187027027	5.77697087708774	7.58417409303749	5.13295483897385
6.75625028228228	5.81957399914399	7.62412868251176	5.13728599697681
6.77138186186186	5.85703390854776	7.73809298956806	5.1497256345476
6.78651344144144	5.88935060529909	7.85480261402964	5.16788226107131
6.80164502102102	5.916524089398	7.9237236910873	5.18652988620401
6.8167766006006	5.93855436084447	7.97940739780054	5.20629841191903
6.83190818018018	5.95544141963856	8.04212661032815	5.2353934818441
6.84703975975976	5.96718526578013	7.95289519130468	5.25628675400804
6.86217133933934	5.97416783314353	7.95592682518149	5.26860160312415
6.87730291891892	6.00697588442431	8.05901486279398	5.28502840517349
6.8924344984985	6.0537488055671	8.10177654843532	5.30033020283759
6.90756607807808	6.09463604558168	8.10120485320141	5.31624842886691
6.92269765765766	6.12963760446812	8.03473390863236	5.33533212170247
6.93782923723724	6.15875348222643	8.02055909328565	5.34396906352844
6.95296081681682	6.18198367885662	7.9916766635543	5.36297035020975
6.9680923963964	6.1993281943586	7.96562585571596	5.37698876296073
6.98322397597598	6.2107870287324	7.89296140364101	5.38766507549426
6.99835555555556	6.21636018197809	7.87743741116465	5.40534827899192
7.01348713513513	6.21604765409568	7.86292188623521	5.41008821394301
7.02861871471471	6.22602238219351	7.93158920606573	5.422603815829
7.04375029429429	6.27849341919481	7.94384847415155	5.43742712529971
7.05888187387387	6.32387023262684	7.9566910096971	5.4353735478848
7.07401345345345	6.35838583765282	7.95201254266176	5.43375718979812
7.08914503303303	6.38204023427273	7.94308000603745	5.44251936458435
7.10427661261261	6.39483342248672	7.99299883225568	5.45837370293019
7.11940819219219	6.40968152654631	7.95203563049453	5.45315401265443
7.13453977177177	6.47729391483273	8.04136964044587	5.473600170304
7.14967135135135	6.53351910632828	8.07082678574193	5.48733201703992
7.16480293093093	6.5681303609324	8.19098770714813	5.51092324495303
7.17993451051051	6.58112767864506	8.24421453972673	5.53521593832948
7.19506609009009	6.58653062740836	8.15003514202785	5.52882273982909
7.21019766966967	6.65456335286909	8.27210102309126	5.54159366741697
7.22532924924925	6.71463508552594	8.70838757607649	5.5655084763482
7.24046082882883	6.75260225797834	8.71725766517237	5.57616621071633
7.25559240840841	6.76846487022635	8.64503238514084	5.5925195216611
7.27072398798799	6.76222292227003	8.55736541513753	5.58539836407457
7.28585556756757	6.73387641410921	8.17984522334009	5.59474278128642
7.30098714714715	6.68504669389531	7.69583414297699	5.59349040952723
7.31611872672673	6.67554497182809	7.58109225294825	5.60153609610475
7.33125030630631	6.69039126319605	7.58952220875963	5.61711180018682
7.34638188588589	6.70387841881831	7.62542051015461	5.63271923964835
7.36151346546547	6.71600643869478	7.62601804907865	5.64818798111478
7.37664504504504	6.72677532282566	7.59491886647522	5.66640236819779
7.39177662462462	6.73618507121078	7.6114234537177	5.68653337971038
7.4069082042042	6.74423568385019	7.63172899961304	5.69777729299635
7.42203978378378	6.75092716074388	7.6424508215703	5.70736080050087
7.43717136336336	6.75625950189189	7.6541001241636	5.72156811475509
7.45230294294294	6.76023270729416	7.66061078219839	5.73668758150664
7.46743452252252	6.76284677695088	7.70523380031537	5.74909353163412
7.4825661021021	6.76410171086171	7.72320771089707	5.7409456032602
7.49769768168168	6.76399750902689	7.72955004594267	5.75027625857119
7.51282926126126	6.76253417144647	7.72991530865662	5.75536592230395
7.52796084084084	6.75971169812018	7.75391463980626	5.73518053864047
7.54309242042042	6.7555300890483	7.76365713222623	5.71665560173443
7.558224	6.74998934423071	7.76593192940819	5.70468927600163
7.57335557957958	6.74308946366738	7.75335599614328	5.68480280114214
7.58848715915916	6.73483044735838	7.75758593223602	5.67281768287868
7.60361873873874	6.72521229530367	7.74580217720459	5.6679052629268
7.61875031831832	6.71423500750317	7.70543577277612	5.6604351847997
7.6338818978979	6.7018985839571	7.6892759564534	5.64018468018669
7.64901347747748	6.68820302466529	7.68136287966542	5.62766394180484
7.66414505705706	6.67314832962772	7.66118581819485	5.63073978657904
7.67927663663664	6.65673449884443	7.63032711502517	5.62789821934457
7.69440821621622	6.63896153231559	7.59762846271825	5.62646828904337
7.7095397957958	6.61982943004095	7.53784924479333	5.62708269827412
7.72467137537538	6.59933819202052	7.50403826528144	5.62923428529767
7.73980295495496	6.57748781825448	7.47905311986336	5.63298671691623
7.75493453453453	6.55427830874278	7.44417349308279	5.63317629094547
7.77006611411411	6.52970966348533	7.40730087410739	5.62954169822505
7.78519769369369	6.50378188248213	7.38415272632369	5.62768758342581
7.80032927327327	6.47649496573327	7.3667454606617	5.63148077653672
7.81546085285285	6.44603758571958	7.31984176611045	5.62970919543959
7.83059243243243	6.41279795936153	7.27194021987038	5.5717470567458
7.84572401201201	6.38212845298628	7.25521280973818	5.44887480857965
7.86085559159159	6.35415602219005	7.23393838506837	5.28384349726104
7.87598717117117	6.32888066697275	7.21396597704771	5.20915024986837
7.89111875075075	6.30630238733437	7.19062750430655	5.15881454913033
7.90625033033033	6.2864211832751	7.17679422023747	5.14277396179506
7.92138190990991	6.26923705479465	7.16961773858257	5.14140377503758
7.93651348948949	6.25475000189319	7.18129032261414	5.17278209827685
7.95164506906907	6.2429600245707	7.16961586003691	5.20114513173939
7.96677664864865	6.23386712282721	7.15535872877858	5.26459514453207
7.98190822822823	6.2274712966626	7.14035029689963	5.37367677865127
7.99703980780781	6.22377254607706	7.13222136184949	5.49042172025402
8.01217138738739	6.22170199130484	7.11715970757795	5.5120633763596
8.02730296696697	6.21560009013247	7.10487055007065	5.49331115255569
8.04243454654655	6.20852949576223	7.09008355679882	5.48593241715716
8.05756612612613	6.20118064564486	7.0707094361918	5.47245023660043
8.07269770570571	6.19355353978001	7.0590640368708	5.46261886424978
8.08782928528528	6.18564817816802	7.0489573404798	5.44818284405983
8.10296086486487	6.17746456080865	7.03085000249933	5.4601854455171
8.11809244444444	6.16900268770193	7.01119547314836	5.43153559796065
8.13322402402402	6.16026255884811	6.98765522428708	5.41955248089216
8.1483556036036	6.15124417424675	6.98310537428818	5.40584666206812
8.16348718318318	6.14194753389818	7.0022918711448	5.39430143545592
8.17861876276276	6.13237263780244	7.00405963864002	5.37291289883645
8.19375034234234	6.12251948595908	6.98130642235374	5.37180592483057
8.20888192192192	6.11238807836881	6.96661558852331	5.37572708175439
8.2240135015015	6.10197841503104	6.98618152435981	5.38008226496859
8.23914508108108	6.09129049594599	6.98636009872171	5.36045011717626
8.25427666066066	6.08032432111353	6.99621422392793	5.34777313676935
8.26940824024024	6.069079890534	6.98400949933369	5.34038978865787
8.28453981981982	6.05755720420705	7.00945000630312	5.32950083875641
8.2996713993994	6.04575626213271	7.00787936655586	5.32069364996219
8.31480297897898	6.03367706431136	6.99922692406089	5.31913696159386
8.32993455855856	6.02131961074231	6.99380772582571	5.31845575543475
8.34506613813814	6.00868390142626	6.97924344827377	5.30755553136224
8.36019771771772	5.99576993636284	6.96995530947695	5.30737647859974
8.3753292972973	5.98257771555206	6.95810141908603	5.30446976123017
8.39046087687688	5.96910723899402	6.94365573220392	5.3063504067206
8.40559245645646	5.95535850668873	6.90674767069944	5.29830786790767
8.42072403603604	5.94133151863605	6.85308698940577	5.28194555291154
8.43585561561562	5.92702627483612	6.81908707554773	5.29413227768651
8.4509871951952	5.91244277528891	6.78710486462876	5.27226425874702
8.46611877477477	5.89758101999437	6.72861163072132	5.25193151643464
8.48125035435435	5.88244100895253	6.69518118260541	5.22512826532199
8.49638193393393	5.86702274216342	6.6743091415278	5.21098556645525
8.51151351351351	5.85132621962689	6.64293123857217	5.19044159514191
8.52664509309309	5.83535144134332	6.6592381623068	5.17167404090642
8.54177667267267	5.81909840731218	6.73169845193028	5.1540981238559
8.55690825225225	5.8025671175339	6.70746927149044	5.14511897322351
8.57203983183183	5.78531397438554	6.74986179816416	5.13701752635241
8.58717141141141	5.75692442672149	6.66379101514839	5.12932210654353
8.60230299099099	5.72650525340284	6.61546353067786	5.06312465882213
8.61743457057057	5.69972347707794	6.60274768779711	4.97146534920912
8.63256615015015	5.67657909774666	6.56762509088815	4.92969359121082
8.64769772972973	5.6570721154092	6.50510209082838	4.92004883589885
8.66282930930931	5.63920371647886	6.45272188366555	5.01682926641163
8.67796088888889	5.60646082904697	6.69922609609887	4.8755868785396
8.69309246846847	5.57960567688945	6.39588377334701	4.96675605989649
8.70822404804805	5.52995778556661	6.42907367355786	4.91075840129403
8.72335562762763	5.48187140654735	6.3665022600478	4.82389564622325
8.73848720720721	5.43566678149336	6.36806428044523	4.69579692827432
8.75361878678679	5.39134391040477	6.37564914362863	4.59046979513887
8.76875036636637	5.34890279328146	6.39157421298128	4.47736174904692
8.78388194594595	5.30834343012376	6.34277721754251	4.37846298387343
8.79901352552553	5.26966582093106	6.24804945350896	4.28125444989547
8.8141451051051	5.23286996570405	6.20804987589342	4.19436242396376
8.82927668468469	5.19795586444219	6.16460622943668	4.1358652317049
8.84440826426426	5.16492351714596	6.15247714371265	4.06272176666223
8.85953984384384	5.13377292381488	6.13340675255694	3.9803729490526
8.87467142342342	5.10450408444917	6.10614122605917	3.93933180696278
8.889803003003	5.07711699904899	6.06979772356323	3.89296407946819
8.90493458258258	5.05161166761403	6.03569030588839	3.85250283399872
8.92006616216216	5.02798809014451	6.00476739423162	3.82238194881113
8.93519774174174	5.00624626664032	5.94837934123606	3.79188363626164
8.95032932132132	4.98638619710144	5.91067203272962	3.77288735096092
8.9654609009009	4.96840788152813	5.8851376064191	3.7602150944851
8.98059248048048	4.95231131992005	5.85637774390155	3.76998480744782
8.99572406006006	4.93809651227731	5.83437895466814	3.77470972997222
9.01085563963964	4.92576345860009	5.8245382660154	3.77751612125221
9.02598721921922	4.91531215888808	5.80143501732652	3.78750731312643
9.0411187987988	4.90674261314149	5.7850430178945	3.82310417011692
9.05625037837838	4.90005482136035	5.77767626905447	3.83243134738356
9.07138195795796	4.89524878354441	5.77894669871818	3.79514483839725
9.08651353753754	4.89232449969401	5.78067485566249	3.80286821332917
9.10164511711712	4.87663019453028	5.78186403108823	3.77712832756109
9.1167766966967	4.84246412216415	5.79551983735855	3.54329456339695
9.13190827627628	4.81697341725487	5.82573508366247	3.31555003916781
9.14703985585585	4.80056419081918	5.82721571273938	3.08821570755656
9.16217143543544	4.79323644285754	5.82461161116755	2.87694301425314
9.17730301501502	4.79499017336935	5.81569594018291	2.71089331320137
9.19243459459459	4.8058253823551	5.81012863551608	2.67007806379275
9.20756617417418	4.80796642151744	5.81036374092257	2.57872548728718
9.22269775375375	4.78547106536502	5.83995674377785	2.44381055075454
9.23782933333333	4.76135276018786	5.86804471019697	2.04299902843825
9.25296091291291	4.81518422063017	5.84454866465989	2.3199485370934
9.26809249249249	4.81055578444062	5.87020575035167	2.30536746888395
9.28322407207207	4.81570457090341	5.8842320771163	2.40279939942171
9.29835565165165	4.85086023157177	5.90625980668624	2.48637740662709
9.31348723123123	4.91602276644542	5.91161710012204	2.73177502575738
9.32861881081081	4.97900155816976	5.91653414299186	2.92382501420306
9.34375039039039	5.00740819371959	5.94614358637723	2.96677773942848
9.35888196996997	5.04088090454392	5.97133134172733	3.11092044442516
9.37401354954955	5.07995028800945	5.98320892259594	3.21723154191084
9.38914512912913	5.12461634411654	5.99280991679451	3.32039677315106
9.40427670870871	5.17487907286481	6.05324157934199	3.52682447779743
9.41940828828829	5.23073847425452	6.07173636030133	3.74024075734318
9.43453986786787	5.29219454828555	6.10850071417008	4.06251639920832
9.44967144744745	5.35924729495781	6.14890833300164	4.3982830826083
9.46480302702703	5.43189671427152	6.17569945573783	4.62239903794185
9.47993460660661	5.51107342239915	6.23975691852855	4.77319237428673
9.49506618618619	5.60844714657957	6.52092965198085	4.83110363406362
9.51019776576577	5.70213329930419	6.91215958858879	4.89389666722154
9.52532934534534	5.78410208543321	7.33683242054982	4.91720608505005
9.54046092492493	5.85435350496663	7.60192951622232	4.99472110645523
9.5555925045045	5.91288755790451	7.76051507549852	5.05672740804033
9.57072408408408	5.95970424424667	8.06425531800017	5.11154590331073
9.58585566366366	6.00720836761346	8.36510835486586	5.14444961472158
9.60098724324324	6.10581735613488	8.88060860527126	5.18805066160394
9.61611882282282	6.17685249688052	9.19066517411863	5.2302338824771
9.6312504024024	6.2068986864087	9.53918920433693	5.27471567563967
9.64638198198198	6.22970350509217	9.85965281049709	5.29247850828647
9.66151356156156	6.3404022813339	10.1016781882062	5.33026276271049
9.67664514114114	6.30743938555918	9.80068966110465	5.33529492480139
9.69177672072072	6.36984788453197	8.91701361436981	5.32108823594768
9.7069083003003	6.39362387458962	9.0001954278627	5.33821349435296
9.72203987987988	6.3411412978243	8.61782886895675	5.3144261652304
9.73717145945946	6.34665694149792	8.35118583092382	5.33015412111282
9.75230303903904	6.29542433482697	7.84271945899041	5.33966782529751
9.76743461861862	6.31198915102934	7.41692066732097	5.34251298223759
9.7825661981982	6.38001205564299	7.43260933772227	5.38374226260465
9.79769777777778	6.43842962648354	7.51438664092473	5.36687389214242
9.81282935735736	6.48724186355053	7.60382715002043	5.35148968178522
9.82796093693694	6.52644876684463	7.68767137171333	5.35041777795817
9.84309251651652	6.55605033636526	7.74638732748946	5.31726215543696
9.8582240960961	6.57604657211236	7.81566223094451	5.29387867001563
9.87335567567568	6.58643747408675	7.85367904927306	5.27068369829604
9.88848725525526	6.58722304228745	7.85468531301164	5.24615276696535
9.90361883483483	6.57840327671497	7.81987010145496	5.21595588112458
9.91875041441441	6.55997817736934	7.78580646893762	5.19124328685378
9.93388199399399	6.53194774425033	7.72951948641721	5.11439870997938
9.94901357357357	6.49431197735803	7.63121166948588	5.11721356395363
9.96414515315315	6.44707087669257	7.58045138693515	5.11833330991189
9.97927673273273	6.39022444225388	7.48967695762522	5.12179784526322
9.99440831231231	6.32377267404177	7.36310497014637	5.09305876438962
10.0095398918919	6.24771557205649	7.27377362707615	5.07472410345867
10.0246714714715	6.1620531362979	7.17478574679885	5.08191197069623
10.0398030510511	6.06678536676613	7.09739983949484	5.05333253185556
10.0549346306306	5.96191226346088	6.99572967257208	5.01724782529615
10.0700662102102	5.85308977051848	6.89358029700638	4.9533365380436
10.0851977897898	5.79172269893004	6.8275964974071	4.90827035377489
10.1003293693694	5.73252357745221	6.73622208169425	4.82288716636993
10.115460948949	5.65989920742134	6.66734308193631	4.7316803606464
10.1305925285285	5.57384958883708	6.62977167041051	4.64709253125652
10.1457241081081	5.47437472169922	6.57985772763923	4.53322916626494
10.1608556876877	5.36147460600825	6.4348774781658	4.44451084836642
10.1759872672673	5.2351492417638	6.30194510948308	4.34286844382232
10.1911188468468	5.09716613509503	6.1557689095927	4.24678060918778
10.2062504264264	4.97373169054159	6.08540188028444	4.11069910013214
10.221382006006	4.85774893294437	5.96986009693849	3.93441667118897
10.2365135855856	4.74287793814768	5.80765911777744	3.73667370128324
10.2516451651652	4.62911870615192	5.60134531683156	3.64926967950421
10.2667767447447	4.50694165937867	5.45123899438587	3.56880330644504
10.2819083243243	4.37355066029488	5.34757273968518	3.38893819784442
10.2970399039039	4.26722232343264	5.25685107219432	3.31432522035941
10.3121714834835	4.18838108621483	5.1666425609907	3.2607492709059
10.3273030630631	4.07387095433596	5.12663345326555	3.04938233492295
10.3424346426426	3.94326873387296	5.07986912393375	2.8793549270857
10.3575662222222	3.82772271329116	5.03026552368625	2.72152256706492
10.3726978018018	3.72723289259072	4.95707705461656	2.5399869360753
10.3878293813814	3.64179927177163	4.92604385425615	2.40314934346463
10.402960960961	3.57142185083371	4.86445336204163	2.25674284288245
10.4180925405405	3.51610062977719	4.79822408985646	2.21604692924409
10.4332241201201	3.47583560860192	4.76758300588278	2.10133482522192
10.4483556996997	3.45062678730803	4.74184010208569	1.95080149275362
10.4634872792793	3.44047416589551	4.71663951314935	1.88646610695961
10.4786188588589	3.42822357955607	4.68614645465407	1.78477762108934
10.4937504384384	3.32212945884766	4.64646427008179	1.75753371999947
10.508882018018	3.22573522629709	4.62371414958108	1.61832265363942
10.5240135975976	3.16112813172651	4.58885353007847	1.44058559277071
10.5391451771772	3.12830817513566	4.57624530445934	1.38866564233228
10.5542767567568	3.12727535652419	4.54857222464949	1.28328054900089
10.5694083363363	3.1580296758927	4.5383438363867	1.22741143258822
10.5845399159159	3.22046779716797	4.540756033387	1.2634027015012
10.5996714954955	3.23183435484742	4.56553850879599	1.05480598550862
10.6148030750751	3.19363397474192	4.61921920575215	1.2133964200656
10.6299346546547	3.17323065397673	4.61227797856478	1.05312572907952
10.6450662342342	3.17062439255205	4.67341684533998	1.08261581191579
10.6601978138138	3.18581519046782	4.73122053998058	0.991920108202341
10.6753293933934	3.2188030477241	4.79048522771507	1.20041299349997
10.690460972973	3.26958796432048	4.84539916595984	1.34697042737497
10.7055925525526	3.3381699402577	4.90117032381328	1.7140653164583
10.7207241321321	3.42454897553502	4.87765769522741	1.85214847058895
10.7358557117117	3.49300389170979	4.88909591969066	1.95278371530318
10.7509872912913	3.52429539998839	4.88911999888739	1.9290809725615
10.7661188708709	3.55777312370638	4.9601576426636	1.94832137849223
10.7812504504505	3.59358186121017	5.11455589606026	2.03879540145596
10.79638203003	3.63172161250016	5.14796166559978	2.121549652498
10.8115136096096	3.67219237757625	5.17546511248212	2.18398078161309
10.8266451891892	3.71499415643822	5.19757765512561	2.26453013608782
10.8417767687688	3.76012694908629	5.20638547505795	2.36171148789028
10.8569083483483	3.8075907555205	5.25967464923451	2.47654034630089
10.8720399279279	3.85738557574059	5.27428443106706	2.60902123813961
10.8871715075075	3.90951140974698	5.37830504666617	2.77603031311771
10.9023030870871	3.96396825753909	5.42016143380238	2.8879764256256
10.9174346666667	4.02075611911764	5.44519868660735	2.99744407628541
10.9325662462462	4.07987499448192	5.50122570372915	3.07617078672705
10.9476978258258	4.14132488363233	5.70011735143015	3.16451311479108
10.9628294054054	4.20510578656886	5.94253236350794	3.22550543188601
10.977960984985	4.2712177032913	6.1177759491772	3.28375164813427
10.9930925645646	4.33966063380003	6.22052582947916	3.34303884850719
11.0082241441441	4.41043457809461	6.18933321407036	3.36156027760327
11.0233557237237	4.48353953617522	5.98747560467825	3.42723191815944
11.0384873033033	4.55897550804202	5.93550830008228	3.41379602683775
11.0536188828829	4.62662356690425	6.15400673333793	3.43403776577749
11.0687504624625	4.67630338740702	6.74826031592962	3.43396514382114
11.083882042042	4.72327093898532	6.91539736382841	3.43577391622879
11.0990136216216	4.767824850173	7.07209570489698	3.36160968887506
11.1141452012012	4.80996512097015	7.10889058685436	3.20091145213358
11.1292767807808	4.84969175137659	7.19658066460836	2.94611792874209
11.1444083603604	4.88700474139234	7.11847978454586	2.71118547952497
11.1595399399399	4.92190409101748	7.09462375590944	2.41653629067479
11.1746715195195	4.95438980025177	7.12102347646975	2.13435062159692
11.1898030990991	4.98422803781415	7.15302216971171	1.9174225902705
11.2049346786787	4.98136999628034	6.76911095824055	1.79192930650614
11.2200662582583	4.96727015617641	6.61673170689278	1.81998154764601
11.2351978378378	4.96201389032767	6.48401230026607	1.85121139768527
11.2503294174174	4.918622757935	6.35147561515193	2.04092925815362
11.265460996997	4.87754695872578	6.30898206042311	2.27168560347891
11.2805925765766	4.85050546940108	6.2785505514392	2.47775207267093
11.2957241561562	4.83749828996182	6.25589263052555	2.60775091921419
11.3108557357357	4.8385254204075	6.20500370634002	2.73016520362846
11.3259873153153	4.85358686073835	6.163500074675	2.85921636310992
11.3411188948949	4.85209646976074	6.15969635182323	2.99868730021304
11.3562504744745	4.85497594436705	6.15777577282674	3.04754405371356
11.3713820540541	4.87572052793474	6.18682452650807	2.96905636632792
11.3865136336336	4.91094838113438	6.24178830863852	3.0213427017967
11.4016452132132	4.96517562734244	6.17917933164463	3.25602402238981
11.4167767927928	5.0338537817846	6.1799753972726	3.6947885749695
11.4319083723724	5.10617980125655	6.20810460324659	3.62119287284579
11.447039951952	5.16891095524402	6.21768978420218	3.69873797026187
11.4621715315315	5.23429103244277	6.25573550528618	4.15338954861157
11.4773031111111	5.31379925031856	6.28412161256161	4.33246380075531
11.4924346906907	5.38456690663338	6.35333319080705	4.43236378282534
11.5075662702703	5.43198550887627	6.30448404194158	4.49866182033725
11.5226978498499	5.49368769817718	6.3278987155414	4.52321149273511
11.5378294294294	5.55123639257266	6.44589171611471	4.63654383520688
11.552961009009	5.61361245508516	6.50672385241167	4.73945418045924
11.5680925885886	5.68193073451204	6.65158920452721	4.80665022623146
11.5832241681682	5.7605453532564	6.86325125842394	4.84580463600827
11.5983557477477	5.83075169559359	7.12008661718098	4.86295396014216
11.6134873273273	5.86464591023353	7.2017738150606	4.88530136201889
11.6286189069069	5.86224965019078	7.17316473636265	4.96475971127686
11.6437504864865	5.88350271625037	7.27330079677789	5.0092907558012
11.6588820660661	5.91881853583829	7.33882882718124	5.02101252762039
11.6740136456456	5.91012946565007	7.3339720485982	5.05121105279541
11.6891452252252	5.87408503205624	7.22814717810753	5.07803588683398
11.7042768048048	5.85776101988897	7.26393986011128	5.09397244008284
11.7194083843844	5.82427664562575	7.23333004159712	5.10724830480883
11.734539963964	5.82687997815703	7.10372750102288	5.10698827923077
11.7496715435435	5.81238746961434	7.03332767162571	5.09988470810367
11.7648031231231	5.78079911999752	6.86064356792492	5.10211629284777
11.7799347027027	5.73211492930664	6.65176013616911	5.11582507652798
11.7950662822823	5.66633489754166	6.50614035154048	5.10250671730875
11.8101978618619	5.60132186884532	6.4435443948622	5.08595383945194
11.8253294414414	5.56553939402679	6.34064553033604	5.06925145951225
11.840461021021	5.52721383258533	6.31386703529013	5.01388957191908
11.8555926006006	5.48504440696967	6.26537021339706	4.91636039633859
11.8707241801802	5.43903111717981	6.1640606883818	4.85508755914169
11.8858557597598	5.38917396321614	6.03726502677415	4.82780152016676
11.9009873393393	5.33547294507807	5.89408682613221	4.77925853028643
11.9161189189189	5.27800826290608	5.80929874031735	4.70381236896362
11.9312504984985	5.22607010294668	5.78871734545809	4.54912348406295
11.9463820780781	5.18156153435674	5.74943180570069	4.46326757840278
11.9615136576577	5.14012634735731	5.72991510070175	4.35402962418572
11.9766452372372	5.10176454194873	5.69913361746392	4.28504405229425
11.9917768168168	5.06647611813063	5.66203205822295	4.22061309927422
12.0069083963964	5.03426107590293	5.63263863956387	4.19962558321493
12.022039975976	5.00511941526609	5.6149179318285	4.17118613719855
12.0371715555556	4.97905113621949	5.58515976267804	4.19802294354978
12.0523031351351	4.95605623876376	5.53369364310672	4.2145153465481
12.0674347147147	4.93613472289856	5.47382962601176	4.24513411222027
12.0825662942943	4.91928658862387	5.42564880424178	4.28952453484588
12.0976978738739	4.90551183593981	5.38420078765802	4.29392172608161
12.1128294534535	4.89481046484629	5.36353101997149	4.29279826257577
12.127961033033	4.88416772539774	5.3685891878661	4.25730595413809
12.1430926126126	4.85550960904052	5.35296142250533	4.25009520197919
12.1582241921922	4.82691756590011	5.35079811892309	4.24302370757192
12.1733557717718	4.80269149259422	5.34313125865324	4.21875189299899
12.1884873513514	4.78283138912332	5.33011728732971	4.23504552222406
12.2036189309309	4.76733725548679	5.3062620865911	4.19378980315032
12.2187505105105	4.75620909168528	5.28010994808044	4.16311726898362
12.2338820900901	4.74944689771835	5.27799220678428	4.17768962764943
12.2490136696697	4.74705067358613	5.27554750389215	4.19455420359939
12.2641452492492	4.74902041928868	5.26285687407383	4.19175326504179
12.2792768288288	4.75535613482604	5.24794313368768	4.18193137200775
12.2944084084084	4.76605782019792	5.23701021073284	4.17835841398323
12.309539987988	4.77993622485063	5.25226062512352	4.17606513882868
12.3246715675676	4.77028120405161	5.28439252151893	4.18393186191977
12.3398031471471	4.75383785992968	5.26395232609024	4.20636130298811
12.3549347267267	4.7425642163066	5.2808088976078	4.20354332963623
12.3700663063063	4.73646027318261	5.28389484728895	4.17554642476043
12.3851978858859	4.73552603055713	5.30093979084356	4.1451580108048
12.4003294654655	4.73976148843092	5.3123089405619	4.1158811405859
12.415461045045	4.74916664680361	5.32583659663397	4.0901203260622
12.4305926246246	4.76374150567494	5.33415900956616	4.11559476435173
12.4457242042042	4.78348606504531	5.33833798535306	4.12744707378819
12.4608557837838	4.80840032491469	5.35211673402886	4.1488729300803
12.4759873633634	4.83848428528289	5.37231005444406	4.17881373737005
12.4911189429429	4.87373794614978	5.38662477622913	4.22705657711574
12.5062505225225	4.91416130751592	5.40590516629064	4.27983632912531
12.5213821021021	4.95829658479926	5.4564007481869	4.31142179272859
12.5365136816817	4.97816780261583	5.4841675408798	4.36194669997687
12.5516452612613	4.99548583691533	5.50097581682274	4.38037485546268
12.5667768408408	5.02306615389705	5.51873478133597	4.41513657199223
12.5819084204204	5.06090875356106	5.53834935845444	4.50177837869823
12.59704	5.10894399048264	5.56025292129518	4.55190521410881
12.6121715795796	5.14389720050765	5.58263255439779	4.57591307915035
12.6273031591592	5.16510355400214	5.61814890288402	4.59264613836333
12.6424347387387	5.18884741611955	5.6545187248659	4.61254217497334
12.6575663183183	5.21512878686089	5.68533242590751	4.63511475072245
12.6726978978979	5.24394766622533	5.69422080009415	4.68407634711021
12.6878294774775	5.27530405421339	5.71585961082907	4.7487465345399
12.7029610570571	5.30919795082488	5.716325757192	4.80311063775835
12.7180926366366	5.34526424402607	5.72160535278469	4.87949767615205
12.7332242162162	5.37517435822618	5.75800657485985	4.92646640736309
12.7483557957958	5.40250792564515	5.77008816794175	4.97128806529616
12.7634873753754	5.43047098015403	5.80112054257666	5.01469850900768
12.778618954955	5.45906352175365	5.79709102358339	5.06534702311384
12.7937505345345	5.48828555044334	5.79681620456407	5.11720949397559
12.8088821141141	5.51813706622337	5.8129632283929	5.17628034026662
12.8240136936937	5.54864592529091	5.83186379505969	5.24262130317103
12.8391452732733	5.57989520368943	5.87293769080715	5.27370393850616
12.8542768528529	5.61022236468098	5.90946635860595	5.3021304556448
12.8694084324324	5.64204642632382	5.93825668064394	5.3441747639483
12.884540012012	5.67978155489913	5.98848556874527	5.36965788352112
12.8996715915916	5.71559750552786	6.04519404503406	5.39017065919164
12.9148031711712	5.74904606322091	6.07720262858212	5.41404858714466
12.9299347507507	5.78012722797758	6.11051693405504	5.44546580350127
12.9450663303303	5.80884099979856	6.13486927241171	5.47747602569771
12.9601979099099	5.83518737868334	6.17005762079496	5.50528384453562
12.9753294894895	5.85916636463222	6.20215497247961	5.54881356864525
12.9904610690691	5.88077795764522	6.23918573717689	5.57647586311971
13.0055926486486	5.90002215772201	6.27004939134764	5.60454939185417
13.0207242282282	5.91972294478118	6.29702146379473	5.62819994210325
13.0358558078078	5.95194974262675	6.3241360754818	5.64895781023871
13.0509873873874	5.98424549739548	6.36193429153708	5.66201446821757
13.066118966967	6.01449009973372	6.39149260537294	5.67747029282647
13.0812505465465	6.0426835496418	6.42093374337976	5.69895264477207
13.0963821261261	6.06882584712027	6.4516717141092	5.69991561761029
13.1115137057057	6.09291699216795	6.48440782365367	5.71417775331975
13.1266452852853	6.11495698478599	6.51071267552935	5.72867304985475
13.1417768648649	6.1349458249739	6.53923838777319	5.73702209903592
13.1569084444444	6.15288351273142	6.56113510851364	5.73949817618854
13.172040024024	6.1687700480592	6.59215151774876	5.75079295672908
13.1871716036036	6.18260543095654	6.61415885713915	5.75228554583862
13.2023031831832	6.19438966142421	6.64306622240699	5.75341216654607
13.2174347627628	6.20412273946125	6.65681420282634	5.76122951467624
13.2325663423423	6.21180466506867	6.67497420787002	5.76859005237807
13.2476979219219	6.21743543824567	6.68886130890308	5.77074665370476
13.2628295015015	6.22101505899283	6.69621533312172	5.77326263052675
13.2779610810811	6.22254352730958	6.70004114037512	5.78076142408128
13.2930926606607	6.22202084319638	6.69875203967372	5.78988614872277
13.3082242402402	6.2194470066532	6.69075849430766	5.78966501734567
13.3233558198198	6.21482201767978	6.67998159960999	5.79215635687156
13.3384873993994	6.20814587627628	6.66935289428325	5.78943984937711
13.353618978979	6.19941858244278	6.6518577809985	5.77600687364012
13.3687505585586	6.18864013617882	6.63254132388772	5.76865238530665
13.3838821381381	6.17581053748521	6.6179133845112	5.77071894289804
13.3990137177177	6.16092978636125	6.59428631729047	5.7683687089363
13.4141452972973	6.14399788280722	6.57481132857313	5.75593579936756
13.4292768768769	6.12501482682318	6.55193841461358	5.74501602404247
13.4444084564565	6.10398061840903	6.53381314504851	5.74489302317388
13.459540036036	6.08089525756462	6.51746248228282	5.72208655516603
13.4746716156156	6.05831434184777	6.49507874687096	5.69407822813864
13.4898031951952	6.0488364566364	6.49145123181769	5.65260535426494
13.5049347747748	6.03804072742568	6.52050250693134	5.61637367627638
13.5200663543544	6.0230756684265	6.48821408254892	5.61912630985128
13.5351979339339	6.00995722947356	6.48318295921621	5.59643377020835
13.5503295135135	6.00750460818303	6.53437451016169	5.5812946182217
13.5654610930931	6.00439846699984	6.53899713473312	5.58626876883051
13.5805926726727	6.00671599072318	6.55909109105061	5.54462935785303
13.5957242522523	6.00746748368698	6.54135593971554	5.50092688966928
13.6108558318318	6.00655208320553	6.53288575507147	5.53145534194744
13.6259874114114	6.00399094122111	6.54798458679417	5.56277287877327
13.641118990991	6.00385426405321	6.56848143998157	5.53431483568588
13.6562505705706	6.01630012055056	6.60861015274503	5.53210700047756
13.6713821501502	6.0391085001991	6.62886495108734	5.56095550006924
13.6865137297297	6.06955317834723	6.65514347003649	5.5515717734738
13.7016453093093	6.10008629181619	6.68123700593784	5.52613221818684
13.7167768888889	6.12816993401918	6.71135056443008	5.50580380738438
13.7319084684685	6.15380410495672	6.74076891691502	5.44460854099103
13.747040048048	6.17698880462813	6.76844958977862	5.40514821314131
13.7621716276276	6.1977240330338	6.79988236587281	5.38128313981395
13.7773032072072	6.21600979017374	6.84043937663006	5.36121535396026
13.7924347867868	6.23184607604784	6.88552083213935	5.34390721233681
13.8075663663664	6.24523289065612	6.92840984229521	5.33065788667002
13.8226979459459	6.25617023399856	6.96618068137451	5.32126921244398
13.8378295255255	6.26465810607532	6.9901211500276	5.31634241746337
13.8529611051051	6.27069650688601	7.01042291573011	5.31512162189018
13.8680926846847	6.27428543643112	7.02345402458956	5.31654452825131
13.8832242642643	6.27542489471035	7.03003813069663	5.29559820503295
13.8983558438438	6.2741148817237	7.02792015334427	5.30070983185735
13.9134874234234	6.27035539747126	7.02357804244388	5.29935276349348
13.928619003003	6.26414644195319	7.02559410387773	5.3243677690358
13.9437505825826	6.25548801516909	7.02223291088092	5.34883802833658
13.9588821621622	6.24438011711943	7.00274812205826	5.36169263256143
13.9740137417417	6.23082274780365	6.97581127374351	5.37825909005699
13.9891453213213	6.21481590722208	6.94473328302483	5.39880413232551
14.0042769009009	6.19635959537485	6.91406942841721	5.42245977912145
14.0194084804805	6.17545381226202	6.87908723397786	5.45908624098246
14.0345400600601	6.15209855788286	6.84138782882893	5.49903121495951
14.0496716396396	6.12629383223834	6.79258949810479	5.5127842673476
14.0648032192192	6.09803963532765	6.73434679204361	5.52861280271506
14.0799347987988	6.06733596715162	6.68338804420942	5.51570881069134
14.0950663783784	6.03418282770933	6.62911942138971	5.4785683791435
14.110197957958	5.99858021700137	6.58867402293196	5.41010080547217
14.1253295375375	5.9605281350276	6.55193194241056	5.3422965707879
14.1404611171171	5.92002658178799	6.50344879842572	5.28284792915826
14.1555926966967	5.87707555728277	6.50705235552283	5.22385004249832
14.1707242762763	5.83680918966485	6.47520273228505	5.14718449930607
14.1858558558559	5.84005824460087	6.71708739645534	5.10382234888634
14.2009874354354	5.83639465194507	6.96239610545468	5.07907201633175
14.216119015015	5.81102030759024	7.16559519609725	5.00683998490515
14.2312505945946	5.76424725824926	7.33222072291096	4.93486687621444
14.2463821741742	5.75161789698828	7.45187905986945	4.90333653844473
14.2615137537538	5.760606328088	7.46697054757863	4.86266303444287
14.2766453333333	5.75095346551632	7.45909960982543	4.83467868510171
14.2917769129129	5.72265930927306	7.49802912656982	4.8065371389944
14.3069084924925	5.67572385935829	7.4566520587913	4.75073424907918
14.3220400720721	5.61014711577237	7.37061227296645	4.69541714003584
14.3371716516517	5.52592907851472	7.28545029558847	4.62703294102222
14.3523032312312	5.42306974758611	7.11801961016991	4.53908268421558
14.3674348108108	5.32380918902696	6.96427988268613	4.43888487599737
14.3825663903904	5.27360971843934	6.98257031573806	4.39632150207174
14.39769796997	5.15418282798498	6.68888937413472	4.31174493710357
14.4128295495495	5.05490074776606	6.48361180711742	4.23846924424123
14.4279611291291	4.98497461183389	6.34069533834477	4.18475232979633
14.4430927087087	4.90304603604376	6.19114843329831	4.12172840498216
14.4582242882883	4.80911502039488	6.00961304769428	4.04477498187674
14.4733558678679	4.70318156488776	5.83516100851536	3.95404762756613
14.4884874474474	4.60031369077197	5.77843695745183	3.85460256385751
14.503619027027	4.52267780407481	5.71782511970943	3.79206136705536
14.5187506066066	4.44003765964529	5.69291811028082	3.72013446696431
14.5338821861862	4.35112153178797	5.6410556055633	3.64544201092102
14.5490137657658	4.25592942050279	5.60739952304879	3.55844601267252
14.5641453453453	4.1544613257896	5.5984683239104	3.47190983385715
14.5792769249249	4.0575262143576	5.58827060673293	3.38829408195673
14.5944085045045	3.95967518350972	5.47601587420644	3.31572361449776
14.6095400840841	3.87703061238395	5.46625118439289	3.23819592117277
14.6246716636637	3.79390902500212	5.45643240621463	3.15697346584441
14.6398032432432	3.70032333706924	5.44682059665589	3.07536557751659
14.6549348228228	3.5722300757499	5.02871955615312	2.98520143483705
14.6700664024024	3.4865963970764	4.98821664771775	2.91217100299776
14.685197981982	3.39581170233971	4.94961224530507	2.8187600227527
14.7003295615616	3.2280674153306	4.17526711948726	2.72250063857285
14.7154611411411	3.13264085160942	4.13919254285141	2.603583496072
14.7305927207207	3.04217400961645	4.09249626471099	2.49463154842976
14.7457243003003	2.95147530883843	4.05170076552237	2.35494636565267
14.7608558798799	2.86054474927468	4.02007612056896	2.21863137424893
14.7759874594595	2.76938233092558	3.98949272108346	2.06003395004091
14.791119039039	2.67798805379081	3.96109762429246	1.91055504586197
14.8062506186186	2.58636191787089	3.9309283884765	1.75523313041848
14.8213821981982	2.49450392316511	3.89792932610987	1.58441576578211
14.8365137777778	2.40241406967426	3.86773204800373	1.42494158379975
14.8516453573574	2.31009235739775	3.83689642717071	1.26846623302384
14.8667769369369	2.21753878633562	3.80402599007022	1.1121768996203
14.8819085165165	2.12475335648836	3.77002961639891	0.945280885357626
14.8970400960961	2.0317360678552	3.73271636530182	0.785486577744094
14.9121716756757	1.9384869204369	3.69985506068136	0.647608194617312
14.9273032552553	1.84500591423301	3.66813039710893	0.491617990286888
14.9424348348348	1.75129304924366	3.63688731841044	0.322665502865257
14.9575664144144	1.65734832546883	3.60644997950102	0.165101654671547
14.972697993994	1.56317174290844	3.57673358213878	0
14.9878295735736	1.46876330156273	3.54805082026053	0
15.0029611531532	1.33116408827051	3.44280592673578	0
15.0180927327327	1.23040225305078	3.41362878834538	0
15.0332243123123	1.07030891926043	3.01068497931007	0
15.0483558918919	0.969372678935893	2.97672308671699	0
15.0634874714715	0.866966669407184	2.94297764733827	0
15.0786190510511	0.766291719455383	2.90944866117848	0
15.0937506306306	0.667347829079541	2.87613612823396	0
15.1088822102102	0.570134998280325	2.84304004850745	0
