phys	rec.rate	upper	lower
0.011370037037037	NA	NA	NA
0.0341101111111111	0	1.26385407615781	0
0.0568501851851852	0	1.2656979125499	0
0.0795902592592593	0	1.26722249092915	0
0.102330333333333	0	1.25826956588692	0
0.125070407407407	0	1.25387016285656	0
0.147810481481481	0	1.23125714897587	0
0.170550555555556	0	1.25365330616922	0
0.19329062962963	0	1.27352142902538	0
0.216030703703704	0	1.27046091041636	0
0.238770777777778	0	1.27474819100359	0
0.261510851851852	0	1.28839627920653	0
0.284250925925926	0	1.29860305605071	0
0.306991	0	1.30821271542666	0
0.329731074074074	0	1.3258795636295	0
0.352471148148148	0	1.34225908811114	0
0.375211222222222	0	1.36891245275672	0
0.397951296296296	0	1.3924535396904	0
0.42069137037037	0	1.41821577642292	0
0.443431444444444	0	1.44614022370493	0
0.466171518518519	0	1.47325162071107	0
0.488911592592593	0	1.50118474245148	0
0.511651666666667	0	1.53061444663335	0
0.534391740740741	0.0280712345027425	1.55628128242328	0
0.557131814814815	0.0660958498175921	1.58537549276548	0
0.579871888888889	0.104565496238217	1.61554871321739	0
0.602611962962963	0.143480173764613	1.64499333971588	0
0.625352037037037	0.182839882396786	1.67410379474673	0
0.648092111111111	0.222644622134732	1.70213764894354	0
0.670832185185185	0.26289439297845	1.72626632892339	0
0.693572259259259	0.303589194927945	1.7558297919513	0
0.716312333333333	0.344729027983214	1.78541090153252	0
0.739052407407407	0.386313892144255	1.81397712131394	0
0.761792481481482	0.428343787411073	1.84115478673346	0
0.784532555555556	0.470818713783664	1.87231893820733	0
0.80727262962963	0.513738671262028	1.903134898167	0
0.830012703703704	0.557103659846167	1.93358114773849	0
0.852752777777778	0.600913679536078	1.96326813663962	0
0.875492851851852	0.645168730331766	1.99297277209413	0
0.898232925925926	0.689868812233227	2.02081795315353	0
0.920973	0.735013925240461	2.05017000275059	0
0.943713074074074	0.780604069353473	2.07909017591298	0
0.966453148148148	0.826639244572253	2.11029078536523	0
0.989193222222222	0.873119450896813	2.14026226618343	0
1.0119332962963	0.920044688327142	2.16921473194595	0
1.03467337037037	0.96741495686325	2.19942467749721	0
1.05741344444444	1.01523025650513	2.22921249912569	0
1.08015351851852	1.06349058725278	2.25848230802019	0
1.10289359259259	1.11219594910621	2.28602301433366	0
1.12563366666667	1.16134634206541	2.31241330787492	0
1.14837374074074	1.21094176613039	2.33784417505202	0
1.17111381481481	1.26098222130114	2.36156913069386	0
1.19385388888889	1.31146770757766	2.3884160085717	0
1.21659396296296	1.36239822495997	2.41432076896871	0
1.23933403703704	1.41377377344803	2.44106085336262	0
1.26207411111111	1.46559435304188	2.47171114574451	0
1.28481418518519	1.51785996374149	2.50221687641953	0
1.30755425925926	1.5705706055469	2.53277002623995	0
1.33029433333333	1.62372627845807	2.56337059520573	0
1.35303440740741	1.677326982475	2.59401858331689	0.0131005227654488
1.37577448148148	1.73137271759773	2.63314052696912	0.0937002998373381
1.39851455555556	1.78586348382622	2.66453546822809	0.190027208833945
1.42125462962963	1.84079928116049	2.68977334006651	0.277619105582765
1.4439947037037	1.89618010960052	2.71808914554454	0.371873175166881
1.46673477777778	1.95200596914634	2.75040858965603	0.465522040932814
1.48947485185185	2.00827685979792	2.78273519566355	0.561262104109028
1.51221492592593	2.06499278155528	2.81506896356712	0.653561825039109
1.534955	2.12215373441842	2.84680240890409	0.748202711556746
1.55769507407407	2.17975971838732	2.87669714079114	0.845060087686899
1.58043514814815	2.23781073346202	2.90732004062478	0.929108661622329
1.60317522222222	2.29630677964247	2.9399685021357	1.0474284147156
1.6259152962963	2.35524785692871	2.97058645377785	1.16110941659732
1.64865537037037	2.41463396532071	3.00869348212762	1.25530443816036
1.67139544444444	2.47446510481849	3.04682886770993	1.37361287540371
1.69413551851852	2.53474127542205	3.08075930231268	1.48104362183333
1.71687559259259	2.59546247713137	3.11474111936181	1.5796964999003
1.73961566666667	2.65662870994649	3.14989745869897	1.6929636519962
1.76235574074074	2.71823997386736	3.1885829265972	1.79435259334132
1.78509581481481	2.78029626889399	3.23054226960013	1.89830034082704
1.80783588888889	2.84279759502644	3.26976751072296	2.00975807860773
1.83057596296296	2.90574395226463	3.31506711248726	2.12648967752131
1.85331603703704	2.9691353406086	3.36807603254385	2.23324857847036
1.87605611111111	3.03297176005835	3.43239825573827	2.35094204444644
1.89879618518519	3.09725321061387	3.49586641790649	2.46784758668247
1.92153625925926	3.16197969227517	3.57355717467579	2.57747244088622
1.94427633333333	3.22715120504223	3.65869876580211	2.66941011977596
1.96701640740741	3.29276774891508	3.73979758447603	2.74370824098796
1.98975648148148	3.3588293238937	3.83967046130665	2.80417186054215
2.01249655555556	3.42533592997808	3.92952512553729	2.90632028463
2.03523662962963	3.49228756716826	4.04691710771243	2.97727798038509
2.0579767037037	3.5596842354642	4.20252266656083	3.04529421071644
2.08071677777778	3.62752593486591	4.32717096643391	3.11151721785057
2.10345685185185	3.69581266537338	4.44668182066303	3.17442485201107
2.12619692592593	3.76454442698667	4.57431224112377	3.22672655150069
2.148937	3.83372121970569	4.70392094641451	3.2880449740829
2.17167707407407	3.90334304353051	4.83879385971337	3.34714449577888
2.19441714814815	3.97340989846109	5.01321953894793	3.40046939013323
2.21715722222222	4.04392178449744	5.18246483465039	3.45563580669285
2.2398972962963	4.11487870163959	5.33775829620514	3.5068400043235
2.26263737037037	4.18628064988749	5.48799758139935	3.55742570304346
2.28537744444444	4.25812762924118	5.64036252683975	3.60633261427644
2.30811751851852	4.33041963970062	5.78056361028666	3.65117836075771
2.33085759259259	4.40315668126586	5.93510110813491	3.71016243213658
2.35359766666667	4.47633875393686	6.1045942733895	3.76516166980965
2.37633774074074	4.54996585771363	6.2896468464253	3.82781935087197
2.39907781481481	4.62403799259619	6.48268204224274	3.88038879096094
2.42181788888889	4.69855515858452	6.66595854101577	3.95710148946696
2.44455796296296	4.77351735567862	6.83992621241186	4.00775033337589
2.46729803703704	4.84892458387848	7.02755616470108	4.04946972446024
2.49003811111111	4.92477684318414	7.20882004276532	4.09143795311793
2.51277818518519	5.00107413359557	7.39216413703648	4.13699672180189
2.53551825925926	5.07781645511275	7.5945062665281	4.18777096056499
2.55825833333333	5.15500380773572	7.78964814581834	4.22039788047664
2.58099840740741	5.23263619146447	7.96185910190488	4.25425917104068
2.60373848148148	5.31071360629901	8.12651164199777	4.28309815805126
2.62647855555556	5.38923605223926	8.30327428570975	4.31275751882062
2.64921862962963	5.46820352928537	8.49988989438927	4.34705592195957
2.6719587037037	5.54761603743719	8.70177227486017	4.37747641746189
2.69469877777778	5.6274735766948	8.89585653669636	4.4103068539981
2.71743885185185	5.70777614705818	9.09381234304085	4.44841247679015
2.74017892592593	5.78852374852736	9.28569525464901	4.48034737567317
2.762919	5.8697163811023	9.47820812416718	4.51167685622984
2.78565907407407	5.951354044783	9.67372892091482	4.54302185242923
2.80839914814815	6.03343673956949	9.88227263998856	4.57438236427125
2.83113922222222	6.0982270908016	9.99620425165528	4.60575839175598
2.8538792962963	6.14311886230446	9.91649204161064	4.631141549141
2.87661937037037	6.17666642288382	9.84111599713555	4.63511124596528
2.89935944444444	6.2126398970211	9.74990841332395	4.61962696530665
2.92209951851852	6.25103928471631	9.66655178414779	4.59002715815384
2.94483959259259	6.29186458596938	9.5865837054661	4.61064561813984
2.96757966666667	6.33511580078036	9.50547582912401	4.62030334593655
2.99031974074074	6.38079292914928	9.42710116028458	4.62942096560247
3.01305981481481	6.4288959710761	9.36615369455846	4.65148932247252
3.03579988888889	6.47942492656079	9.30510754891346	4.70279322853481
3.05853996296296	6.53237979560344	9.2394160654935	4.7616676996706
3.08128003703704	6.58776057820397	9.17357876489917	4.80860290919509
3.10402011111111	6.6455672743624	9.09315809715837	4.90087518652026
3.12676018518519	6.70579988407873	9.01878231241445	4.94659014486222
3.14950025925926	6.76845840735299	8.93833021739044	5.00974943969094
3.17224033333333	6.83354284418516	8.8745320691797	5.06277665295644
3.19498040740741	6.90105319457522	8.83061657593564	5.11629105752409
3.21772048148148	6.97098945852318	8.75179348727263	5.14877992510121
3.24046055555556	7.04335163602907	8.6743240717294	5.20744085976805
3.26320062962963	7.11813972709284	8.63248265524023	5.2394533926024
3.2859407037037	7.18461408796971	8.6039536898189	5.26689758357871
3.30868077777778	7.21944612854015	8.54923809468019	5.27637657302654
3.33142085185185	7.2302458572078	8.48409664894628	5.30860055848903
3.35416092592593	7.22767620691259	8.42760026581713	5.34061476637153
3.376901	7.21076902029525	8.37187588177636	5.37264524231669
3.39964107407407	7.19286376864138	8.31536988108001	5.40944900179555
3.42238114814815	7.17587957782186	8.2468410798737	5.43681341977872
3.44512122222222	7.15981644783671	8.19566489149059	5.46883427852653
3.4678612962963	7.14467437868587	8.14819616670541	5.50092982672124
3.49060137037037	7.1304533703694	8.09512712730944	5.51958109189878
3.51334144444444	7.11509580135798	8.04175611455095	5.55174891974195
3.53608151851852	7.08988599704237	7.96780888662136	5.58662501778717
3.55882159259259	7.06503981283805	7.91740555289688	5.62571035718227
3.58156166666667	7.04236363150144	7.88724562159725	5.64768582971627
3.60430174074074	7.02185745303253	7.85781641700158	5.6766244745643
3.62704181481481	7.00352127743135	7.83256395768717	5.69755971032416
3.64978188888889	6.98735510469789	7.80599121467037	5.71174784046069
3.67252196296296	6.97335893483211	7.78243820183686	5.73333381805376
3.69526203703704	6.96153276783409	7.75966541720621	5.75341476106417
3.71800211111111	6.95187660370375	7.73318219497411	5.75395696891917
3.74074218518519	6.94439044244111	7.71197408675834	5.82183814073536
3.76348225925926	6.93907428404626	7.68886084305958	5.8493569212208
3.78622233333333	6.93592812851905	7.6657885559958	5.93160102546906
3.80896240740741	6.93495197585958	7.64114826257225	5.98480524083362
3.83170248148148	6.93614582606782	7.61361726843013	6.01774782653581
3.85444255555556	6.9309369819919	7.63107899886832	6.03054984620811
3.87718262962963	6.91870193915011	7.64189842005607	6.05418248872277
3.8999227037037	6.9062634948964	7.6225977216386	6.07807703115834
3.92266277777778	6.88918097479934	7.67192979694623	6.04715690586501
3.94540285185185	6.86611727539587	7.7071883100729	6.02991372246164
3.96814292592593	6.83376826647773	7.79721376900584	6.00266743123422
3.990883	6.80945263395788	7.85320114036474	5.94938674681629
4.01362307407407	6.79317037783642	7.86287236256261	5.8902218262191
4.03636314814815	6.78492149811329	7.89415928486193	5.867135663882
4.05910322222222	6.78470599478855	7.8740319199957	5.90354419388647
4.0818432962963	6.79252386786216	7.8150180977777	5.94500550094248
4.10458337037037	6.80837511733412	7.79978906470794	5.98335853532124
4.12732344444444	6.80805070180168	7.8587180487001	6.04417787656649
4.15006351851852	6.78464309241367	7.85601472350388	5.96832568483663
4.17280359259259	6.75732378449715	7.84620458201622	5.91026019831896
4.19554366666667	6.74572360739157	7.92658455441906	5.93208915883783
4.21828374074074	6.77177989936924	7.94642239398402	5.96779885718747
4.24102381481481	6.78931078920178	7.92927238515343	5.95259241027022
4.26376388888889	6.79193934145308	7.95749055924269	5.92435826484679
4.28650396296296	6.77658960578266	7.95490624675924	5.84071253727358
4.30924403703704	6.75675776616229	7.95380255518734	5.78151601755062
4.33198411111111	6.74015058948899	7.92358736732516	5.70506386745322
4.35472418518519	6.72676807576267	7.88994574914593	5.61563770750668
4.37746425925926	6.71661022498334	7.90144433259915	5.56832124709456
4.40020433333333	6.70967703715107	7.95925165949529	5.5098150669674
4.42294440740741	6.70596851226576	7.99716086836302	5.47123086595187
4.44568448148148	6.7054846503275	8.03968003308347	5.42829408571164
4.46842455555556	6.70822545133623	8.0740263921161	5.42253203784643
4.49116462962963	6.71419091529197	8.10706674022852	5.41654456676345
4.5139047037037	6.72338104219476	8.14538707644471	5.41902698885577
4.53664477777778	6.73579583204453	8.19725567855558	5.46248161749867
4.55938485185185	6.75143528484128	8.24174120636077	5.49313942511313
4.58212492592593	6.77029940058511	8.27803106907796	5.5434064442942
4.604865	6.79238817927588	8.30300189764809	5.62364572110245
4.62760507407407	6.81770162091373	8.3423757651044	5.73965103089597
4.65034514814815	6.84623972549856	8.35293891610497	5.82988518172128
4.67308522222222	6.8780024930304	8.39015262421684	5.9265819183376
4.6958252962963	6.91298992350923	8.4049391433872	6.0390114745544
4.71856537037037	6.95120201693511	8.43590401165609	6.13680199440618
4.74130544444444	6.99263877330796	8.48164747459689	6.22566106112995
4.76404551851852	7.03730019262786	8.50847482575933	6.30013308398725
4.78678559259259	7.08518627489479	8.52834219239799	6.33608808523126
4.80952566666667	7.1356795381345	8.54883828727942	6.37262794073478
4.83226574074074	7.18375396337518	8.56598477191071	6.39404607502104
4.85500581481481	7.23027629786611	8.58024284010508	6.41520364999084
4.87774588888889	7.2758128007401	8.57717369737318	6.42388512028502
4.90048596296296	7.32036347199713	8.59907120365571	6.44255781567546
4.92322603703704	7.36392831163707	8.60893090900184	6.46932721878949
4.94596611111111	7.4065073196602	8.59779558439218	6.52921154359185
4.96870618518519	7.44810049606623	8.59974979100821	6.56264510231321
4.99144625925926	7.48870784085533	8.64223983025907	6.61583443744757
5.01418633333333	7.52832935402751	8.71688271599465	6.65140842384961
5.03692640740741	7.56696503558262	8.81031979302244	6.70981809705657
5.05966648148148	7.60461488552081	8.91235055874326	6.73751374036479
5.08240655555556	7.64127890384203	8.99872091418375	6.77696332175061
5.10514662962963	7.67695709054624	9.07865993731652	6.82723563947118
5.1278867037037	7.71164944563353	9.15654480603688	6.86140055392202
5.15062677777778	7.74535596910384	9.22513546710002	6.9014888122625
5.17336685185185	7.77807666095712	9.28769831420727	6.94412348645244
5.19610692592593	7.80981152119349	9.36426538408299	6.9717488322872
5.218847	7.84056054981285	9.4114050537003	6.99668456417885
5.24158707407407	7.87032374681528	9.44930636819772	7.02470614099153
5.26432714814815	7.89910111220069	9.4875888160355	7.05564528356468
5.28706722222222	7.92689264596912	9.51659759323539	7.03456325761821
5.3098072962963	7.9536983481206	9.53633269979891	6.97320524081921
5.33254737037037	8.02512434541027	9.55496685180511	6.94024941220072
5.35528744444444	8.11809349359159	9.59567250576277	6.9082530561377
5.37802751851852	8.22074753720406	9.54008467253394	6.99219730690185
5.40076759259259	8.37743534702983	9.53757616978281	7.06971518123252
5.42350766666667	8.51520275711446	9.59705726846019	7.11611356089954
5.44624774074074	8.63404976745787	9.7265931511179	7.11249227194723
5.46898781481481	8.73397637806015	9.88220749331068	7.11498763448847
5.49172788888889	8.81498258892122	10.0191298821463	7.07906580704614
5.51446796296296	8.87706840004119	10.1282628526159	7.07509900530206
5.53720803703704	8.92023381141988	10.2005099080293	7.00997319565792
5.55994811111111	8.94447882305742	10.2779962843912	6.94571465695609
5.58268818518519	8.94980343495393	10.3031912932665	6.88405621732326
5.60542825925926	8.93620764710902	10.3029831740228	6.81532363655707
5.62816833333333	8.90369145952314	10.2882580222746	6.72346017125721
5.65090840740741	8.85225487219597	10.2447236471983	6.62361799823305
5.67364848148148	8.78189788512766	10.1651509580586	6.51925567953289
5.69638855555556	8.69262049831821	10.0707911861277	6.41503331578083
5.71912862962963	8.58442271176756	9.98010857284217	6.30854448418623
5.7418687037037	8.45730452547569	9.81491322693731	6.19771685140533
5.76460877777778	8.31126593944271	9.6251782005799	6.0740860758
5.78734885185185	8.14630695366852	9.46944569673737	5.96091528556692
5.81008892592593	7.96242756815322	9.2688577276545	5.84624110606696
5.832829	7.75962778289666	9.07808751276273	5.72106028095233
5.85556907407407	7.53790759789893	8.8765812372223	5.57693341754716
5.87830914814815	7.30011367312411	8.67300587806161	5.46388674543049
5.90104922222222	7.19491171270403	8.57279790592008	5.33766972088903
5.9237892962963	7.09036164716349	8.5337764921839	5.24542846381806
5.94652937037037	7.06513233738151	8.82520246079301	5.2156891288243
5.96926944444444	6.8979875402252	8.71126200141311	5.06701568370695
5.99200951851852	6.7086694038856	8.61253681665168	4.96742333974823
6.01474959259259	6.56470026742881	8.54018602668564	4.79810932188807
6.03748966666667	6.34509165094895	8.26523602246097	4.68957720934563
6.06022974074074	6.12658533992857	7.84033112529818	4.58037231621043
6.08296981481482	5.99544355956888	7.82906497984574	4.3953371055608
6.10570988888889	5.85155176345214	7.69970214960769	4.14933251226709
6.12844996296296	5.68093821873947	7.52695238901235	4.00558377723875
6.15119003703704	5.48360292543079	7.30947249844408	3.80943875381046
6.17393011111111	5.28808640188501	7.0595352570248	3.6238221447852
6.19667018518519	5.12171649006039	6.8621367560535	3.48190310049894
6.21941025925926	4.95780531770855	6.84931800656402	3.24227509640059
6.24215033333333	4.79619401986618	6.72290211043841	3.04247097869807
6.26489040740741	4.63688259653315	6.40816089247802	2.94478371550411
6.28763048148148	4.47836717301979	6.14003661576523	2.79090240906183
6.31037055555556	4.29973186265111	6.03992483743178	2.64009414570672
6.33311062962963	4.11935935621936	5.90517613679853	2.45578200332438
6.3558507037037	3.94578198931827	5.65924843924382	2.30239589168647
6.37859077777778	3.77899976194774	5.37331536714565	2.1443027865453
6.40133085185185	3.59763487174004	5.03129662168544	2.00703101832354
6.42407092592593	3.3831516809254	4.85878166767649	1.87272880332186
6.446811	3.19480834291631	4.63809091247264	1.72856800673209
6.46955107407407	2.97036838021256	4.42626618377325	1.54967833581362
6.49229114814815	2.72032573745135	4.19523645941674	1.37905321576184
6.51503122222222	2.48238398477368	3.95222346269846	1.18948029404763
6.5377712962963	2.25654312217943	3.71382052847126	1.02335319646868
6.56051137037037	2.04280314966866	3.48108349565401	0.803436578326505
6.58325144444444	1.84116406724133	3.31878941245175	0.56094271024636
6.60599151851852	1.65162587489756	3.15396186818438	0.345402579333687
6.62873159259259	1.47418857263717	2.98268277762144	0.111697393638889
6.65147166666667	1.30885216046029	2.85494825034398	0
6.67421174074074	1.15561663836687	2.76650002868686	0
6.69695181481482	1.01448200635696	2.61612662543519	0
6.71969188888889	0.885448264430471	2.54024553086882	0
6.74243196296296	0.76851541258749	2.40745819834057	0
6.76517203703704	0.663683450827881	2.33572413549108	0
6.78791211111111	0.57095237915184	2.25887773782797	0
6.81065218518519	0.490322197559278	2.22879103609137	0
6.83339225925926	0.42179290605013	2.1572645529341	0
6.85613233333333	0.365364504624522	2.09826935503736	0
6.87887240740741	0.321036993282274	2.0536184360789	0
6.90161248148148	0.288810372023612	2.07912689041933	0
6.92435255555556	0.268684640848319	2.08058022950325	0
6.94709262962963	0.260659799756591	2.07809242313607	0
6.9698327037037	0.264735848748236	2.10149779874786	0
6.99257277777778	0.280912787823437	2.13641690365025	0
7.01531285185185	0.309190616982046	2.12525145662462	0
7.03805292592593	0.349569336224182	2.11050510162817	0
7.060793	0.402048945549717	2.1804021291159	0
7.08353307407407	0.46662944495879	2.30462751978433	0
7.10627314814815	0.543310834451243	2.37025038671003	0
7.12901322222222	0.632093114027336	2.42485478245999	0
7.1517532962963	0.729537256102831	2.48077910267882	0
7.17449337037037	0.742509105847424	2.42602049034189	0
7.19723344444444	0.734898063570786	2.40171687787648	0
7.21997351851852	0.754644758208082	2.37604327075281	0
7.24271359259259	0.801749189759211	2.33352146990951	0
7.26545366666667	0.876211358224175	2.39024847018989	0
7.28819374074074	0.978031263603183	2.46661431050214	0
7.31093381481482	1.105945189471	2.55633803929456	0
7.33367388888889	1.14319605911644	2.62070355494585	0
7.35641396296296	1.2245136627885	2.68981710475567	0
7.37915403703704	1.320615805434	2.77975583536143	0
7.40189411111111	1.32802994565198	2.73492586481	0
7.42463418518519	1.3414794161818	2.71928027426327	0
7.44737425925926	1.36096422075304	2.76202128807821	0
7.47011433333333	1.3864843593656	2.79056069916772	0
7.49285440740741	1.41803983201964	2.8030712500601	0
7.51559448148148	1.45563063871501	2.87614661298608	0
7.53833455555556	1.49925677945172	2.94459731911765	0.0441770757493825
7.56107462962963	1.5489182542299	2.98727019175822	0.141647293164764
7.5838147037037	1.60461506304947	3.03535484326962	0.253338891365074
7.60655477777778	1.66634720591035	3.11028098310767	0.338842577770199
7.62929485185185	1.73411468281268	3.18512071562809	0.468479888626038
7.65203492592593	1.80791749375636	3.26802039027172	0.573301333363595
7.674775	1.88775563874139	3.3271878250331	0.69313578844181
7.69751507407407	1.97362911776792	3.35882672021747	0.83866996133485
7.72025514814815	2.06553793083579	3.41770582304668	0.999780089495329
7.74299522222222	2.16348207794501	3.46031396061667	1.14245224659993
7.7657352962963	2.26746155909564	3.50650938943007	1.29764180043969
7.78847537037037	2.37747637428764	3.55632121613792	1.42305633178513
7.81121544444444	2.49352652352104	3.60361488865629	1.57397350045002
7.83395551851852	2.61561200679591	3.64777013485094	1.73323564848829
7.85669559259259	2.74373282411199	3.69064777112754	1.86761273208217
7.87943566666667	2.87788897546957	3.74066131075455	1.98090027690767
7.90217574074074	3.01808046086854	3.81439234919251	2.12421811317102
7.92491581481482	3.17158684345457	3.93821757031614	2.28919472269016
7.94765588888889	3.33091591880574	4.22628542918816	2.40461415830569
7.97039596296296	3.47353729380406	4.47263356943077	2.56055947024851
7.99313603703704	3.61606707627495	4.70167253787817	2.72812099390829
8.01587611111111	3.79942049862286	5.06701354929202	2.88981732053035
8.03861618518519	3.96229712653201	5.37037315718292	3.03891815256258
8.06135625925926	4.16637669583813	5.67423904709505	3.10176483766205
8.08409633333333	4.32570970547657	5.99893495062904	3.2035046766829
8.10683640740741	4.43182906375054	6.10284966912316	3.29495452325396
8.12957648148148	4.48473477066015	6.08376770740863	3.33901000754214
8.15231655555556	4.48549937029406	5.98982691139772	3.41433372160941
8.17505662962963	4.54073253080641	6.04075064045103	3.42984285464396
8.19779670370371	4.57499568770914	6.05842396714552	3.53102934162287
8.22053677777778	4.71099013112244	6.12770105574845	3.59841764741843
8.24327685185185	4.85464542436602	6.19754745354746	3.71256600611093
8.26601692592593	4.97832429286566	6.27447552681912	3.74748680537665
8.288757	5.08202673662138	6.28825605556025	3.82278659821325
8.31149707407408	5.16575275563334	6.29477684310431	3.85987580728561
8.33423714814815	5.22950234990131	6.27318214761213	3.86376843487599
8.35697722222222	5.27327551942548	6.28601341345342	3.86574005490846
8.3797172962963	5.29707226420558	6.31553662018243	3.86581711436042
8.40245737037037	5.30089258424193	6.38345363750517	3.85256058103879
8.42519744444445	5.29599579758656	6.46987687986513	3.74971385865659
8.44793751851852	5.36445660854246	6.55164362649756	3.80455683694529
8.47067759259259	5.44063363409947	6.60780564842966	3.86751199404569
8.49341766666667	5.50532287734438	6.64937330395415	3.95437680725825
8.51615774074074	5.55852433827753	6.68448380773719	4.00230142118248
8.53889781481482	5.60023801689877	6.69607859603244	4.06845697973677
8.56163788888889	5.63046391320814	6.71127253347022	4.10175866916008
8.58437796296296	5.64920202720568	6.72578787368708	4.13834949065648
8.60711803703704	5.65645235889137	6.72399728955388	4.17890235766984
8.62985811111111	5.65221490826515	6.71002396416579	4.20641218321189
8.65259818518519	5.63648967532707	6.68287824327187	4.22710924458563
8.67533825925926	5.60927666007711	6.64814020017914	4.20408147660376
8.69807833333333	5.5705758625154	6.61792165038494	4.19557133512783
8.72081840740741	5.52038728264174	6.56619162286315	4.17130885414614
8.74355848148148	5.45871092045619	6.49059335680713	4.14005017420668
8.76629855555556	5.38554677595879	6.43691848719387	4.10561540767077
8.78903862962963	5.3008948491495	6.34112989969603	4.08765468559226
8.81177870370371	5.20475514002851	6.19767474202687	4.03137834637496
8.83451877777778	5.09712764859547	6.09742278098911	4.00397834522337
8.85725885185185	4.97801237485068	5.97942667392698	3.92981595801193
8.87999892592593	4.8474093187939	5.82924752796242	3.82029398213439
8.902739	4.70531848042539	5.65893022174743	3.68996241126206
8.92547907407408	4.55332070420102	5.51504663098456	3.52554337448927
8.94821914814815	4.45275387952339	5.3573047532564	3.56671975977398
8.97095922222222	4.36655444426477	5.23485751762629	3.58012881004268
8.9936992962963	4.25955850840213	5.172109273704	3.52824180736383
9.01643937037037	4.13176607193537	4.99174277344475	3.45982194048073
9.03917944444445	3.98942789062154	4.81122189848516	3.37631078000118
9.06191951851852	3.88165738870152	4.71789882508602	3.27526275577788
9.08465959259259	3.79666422224556	4.61389818250328	3.23373561474939
9.10739966666667	3.71331194959271	4.5211345731737	3.18167112660922
9.13013974074074	3.63645339534852	4.4774285252863	3.16859084784907
9.15287981481482	3.56744792480324	4.44758445944567	3.08301920573582
9.17561988888889	3.50354034998048	4.41578946367466	3.0341007546897
9.19835996296296	3.43736341831922	4.35934486790157	2.93405947857759
9.22110003703704	3.3689171298197	4.26671602720007	2.85777045370003
9.24384011111111	3.29820148448152	4.11040785865529	2.78440214462749
9.26658018518519	3.22521648230503	4.01226782493982	2.68956321705827
9.28932025925926	3.15267723675696	3.98474607361567	2.59042516662665
9.31206033333333	3.08375169812999	3.97265690483125	2.4918211644293
9.33480040740741	3.01662645852162	3.93282872227877	2.36926412454798
9.35754048148148	2.95129533624438	3.90764036477017	2.28550372463177
9.38028055555556	2.88775833129833	3.86634358743118	2.19176026556853
9.40302062962963	2.82601544368325	3.81704975198773	2.07664841292884
9.42576070370371	2.76606667339933	3.78001708748781	1.9847308717286
9.44850077777778	2.70791202044655	3.73087003817666	1.90302105304053
9.47124085185185	2.65155148482499	3.66951029977707	1.81873262332199
9.49398092592593	2.59698506653437	3.63317452240191	1.76738855609019
9.516721	2.54421276557494	3.57972807801483	1.70116330010561
9.53946107407408	2.49323458194669	3.52715087934001	1.63349361717971
9.56220114814815	2.44405051564941	3.47172789616956	1.58424016126587
9.58494122222222	2.39666056668332	3.41694437627032	1.56641809548764
9.6076812962963	2.35106473504839	3.34736504948125	1.53131301172644
9.63042137037037	2.3072630207445	3.2731965529347	1.50948131947747
9.65316144444445	2.26525542377178	3.20936356664157	1.49634640332193
9.67590151851852	2.22504194413014	3.14663033791219	1.49347159353582
9.69864159259259	2.18662258181965	3.05639068214062	1.4851932496126
9.72138166666667	2.14962701221427	2.98836197635008	1.45487569732444
9.74412174074074	2.08959586976101	2.91673140426298	1.4121940414979
9.76686181481482	2.02414545995628	2.8686375669555	1.36065960022524
9.78960188888889	1.971478124044	2.79903650005211	1.27989208259573
9.81234196296296	1.93159386202438	2.73149891830129	1.21673171822723
9.83508203703704	1.8853087587413	2.65700441017633	1.19176911850964
9.85782211111111	1.81801625061044	2.61683611962994	1.10495780860898
9.88056218518519	1.78081011521813	2.54596360214884	0.986640737198189
9.90330225925926	1.72301767197959	2.49808270941195	0.971421130495743
9.92604233333333	1.66496626805849	2.43731892046226	0.921309555132167
9.94878240740741	1.62510166509029	2.36378309067955	0.873347762187599
9.97152248148148	1.60342386307483	2.31354530864822	1.04175118696166
9.99426255555556	1.58850943039459	2.25844616702845	1.04090412008626
10.0170026296296	1.55694797503685	2.1905354926206	0.993870713071345
10.0397427037037	1.50922977870986	2.12422822600763	0.957808073689604
10.0624827777778	1.44784021060919	2.07477369847639	0.905712967252181
10.0852228518519	1.3897869515159	2.00700225383862	0.86647258682137
10.1079629259259	1.33507000143	1.92352970977128	0.815610987181682
10.130703	1.28368936035138	1.88690713389596	0.773239103485617
10.1534430740741	1.23564502828023	1.85511985263191	0.738862750253471
10.1761831481481	1.19093700521635	1.82704353592305	0.707008307781246
10.1989232222222	1.14956529115973	1.8001113537003	0.681416914544745
10.2216632962963	1.11152988611074	1.75945146586314	0.64250639842569
10.2444033703704	1.076830790069	1.73269446041986	0.608461515243997
10.2671434444444	1.04546800303449	1.71381840430062	0.566800087729054
10.2898835185185	1.01744152500746	1.68935465441929	0.545264605441874
10.3126235925926	0.99275135598779	1.68122783155603	0.512763302229525
10.3353636666667	0.971397495975478	1.65937092824593	0.483846159613613
10.3581037407407	0.953379944970458	1.63474157472794	0.466941794422119
10.3808438148148	0.938698702972884	1.61035467867904	0.453789070016343
10.4035838888889	0.927353769982697	1.58623882736064	0.42888147165254
10.426323962963	0.919345145999668	1.58223765635329	0.385621070223853
10.449064037037	0.914672831024257	1.5806693855004	0.366657151359733
10.4718041111111	0.913336825056087	1.57297022309678	0.334102639401944
10.4945441851852	0.915337128095311	1.57362802111035	0.301983662455418
10.5172842592593	0.920673740141805	1.57250789551822	0.264764774038294
10.5400243333333	0.915922545495849	1.56364001524182	0.235799395141465
10.5627644074074	0.895485592598122	1.49588769783541	0.200748271791388
10.5855044814815	0.853627473667494	1.41323613831354	0.173166976280566
10.6082445555556	0.809428113233621	1.28905429376597	0.144948564615737
10.6309846296296	0.769066694916963	1.23355301379553	0.133672052589887
10.6537247037037	0.732543218717422	1.18765702762438	0.0930569478160753
10.6764647777778	0.699857684635384	1.14006160912338	0.0664795583942081
10.6992048518519	0.671010092670319	1.10993409797815	0.0422580968426131
10.7219449259259	0.646000442822637	1.09215645769554	0.0286297402144276
10.744685	0.624828735092281	1.08091818470436	0.0204069746442804
10.7674250740741	0.607494969478972	1.08103243790578	0.000230410217897811
10.7901651481481	0.593999145982978	1.0989825658515	0
10.8129052222222	0.584341264604259	1.12134708170326	0
10.8356452962963	0.578521325342718	1.14621561811576	0
10.8583853703704	0.576539328198472	1.17825091263286	0
10.8811254444444	0.558529725262126	1.19103034823422	0
10.9038655185185	0.522020155319964	1.13607706139537	0
10.9266055925926	0.487856973143125	1.09435065590473	0
10.9493456666667	0.456047114681175	1.05069250694687	0
10.9720857407407	0.426590579934341	1.01342760438289	0
10.9948258148148	0.39948736890257	0.977512027910736	0
11.0175658888889	0.374737481585722	0.947223328954823	0
11.040305962963	0.352340917983932	0.914436794397779	0
11.063046037037	0.332297678097061	0.886998554164273	0
11.0857861111111	0.31460776192531	0.857167333323354	0
11.1085261851852	0.299271169468611	0.837304357279675	0
11.1312662592593	0.286287900726757	0.829211143884293	0
11.1540063333333	0.275657955700055	0.797287209136166	0
11.1767464074074	0.267381334388304	0.796681000279115	0
11.1994864814815	0.261458036791609	0.797104252431971	0
11.2222265555556	0.257888062909964	0.797526682182167	0
11.2449666296296	0.256671412743235	0.788965518929596	0
11.2677067037037	0.257808086291564	0.795465328514311	0
11.2904467777778	0.261298083554951	0.808489143098425	0
11.3131868518519	0.267141404533251	0.831302820144395	0
11.3359269259259	0.275338049226667	0.849996588500437	0
11.358667	0.285888017635083	0.877991407719499	0
11.3814070740741	0.298791309758376	0.919974572431855	0
11.4041471481481	0.314047925596792	0.931311314768001	0
11.4268872222222	0.331657865150388	0.950838663836884	0
11.4496272962963	0.351621128418706	0.970585765850351	0
11.4723673703704	0.373937715402218	0.986417226361668	0
11.4951074444444	0.398607626100628	0.998139386729561	0
11.5178475185185	0.425630860514148	1.01662505547393	0
11.5405875925926	0.455007418642679	1.0613775295465	0
11.5633276666667	0.486737300486108	1.09454650880938	0
11.5860677407407	0.520820506044759	1.15754694773003	0
11.6088078148148	0.5572570353182	1.22066223330647	0
11.6315478888889	0.596046888306863	1.2938476885603	0
11.654287962963	0.637190065010318	1.34080967741894	0.0266760963444301
11.677028037037	0.680686565428872	1.41014132659844	0.0572246081101477
11.6997681111111	0.726367146645363	1.46489645653856	0.0783519686334833
11.7225081851852	0.747405237643581	1.47553160618028	0.0994189862191328
11.7452482592593	0.752894988026818	1.4544988317792	0.123445026951309
11.7679883333333	0.763110845777774	1.430778644171	0.144337685927959
11.7907284074074	0.77805281089618	1.41808283031069	0.182193081892703
11.8134684814815	0.79772088338202	1.44095792397095	0.207815342527631
11.8362085555556	0.822115063235599	1.43831500813179	0.228295866706685
11.8589486296296	0.851235350456671	1.48131043321042	0.257273318504902
11.8816887037037	0.885081745045285	1.51428995941075	0.297941772407315
11.9044287777778	0.923654247001424	1.53938778144568	0.333775453948721
11.9271688518519	0.966952856325181	1.57052875827715	0.364125096162639
11.9499089259259	1.01497757301639	1.62990477803589	0.39612947629733
11.972649	1.06772839707527	1.69493766240446	0.432267226083878
11.9953890740741	1.11221919637886	1.74542221403395	0.462781787956208
12.0181291481481	1.12452824122762	1.75221341427273	0.500678034428132
12.0408692222222	1.13984898756813	1.75930356457523	0.539390243900304
12.0636092962963	1.1604995022441	1.76885030521659	0.580376294990958
12.0863493703704	1.18647978525553	1.78558500738713	0.61586112269392
12.1090894444444	1.21778983660221	1.80471161892795	0.647612835458557
12.1318295185185	1.25442965628437	1.83657522643704	0.681604275708267
12.1545695925926	1.296399244302	1.90114167410422	0.715205750635296
12.1773096666667	1.34369860065483	1.95213778370419	0.751084948827145
12.2000497407407	1.39632772534318	2.0038984799286	0.794670016598958
12.2227898148148	1.45423992665987	2.0786033918518	0.82016132548863
12.2455298888889	1.49285816861582	2.14349367535242	0.863387016336415
12.268269962963	1.51469704733659	2.16700719578073	0.900330491551351
12.291010037037	1.53972485924564	2.18998400713996	0.944548474480175
12.3137501111111	1.56794160434306	2.22414647627311	0.986024997838949
12.3364901851852	1.59934728262869	2.25396669575095	1.0387212701951
12.3592302592593	1.63394189410255	2.28200641035234	1.08445088486365
12.3819703333333	1.67172543876478	2.31444946464693	1.13053982041522
12.4047104074074	1.7126979166154	2.35342240092497	1.17486975403161
12.4274504814815	1.75685932765415	2.38672802842409	1.22833066985972
12.4501905555556	1.80420967188121	2.41505213000862	1.28394824189348
12.4729306296296	1.85474894929665	2.45175616233792	1.33079214752506
12.4956707037037	1.90847715990024	2.48094357147319	1.38135182197834
12.5184107777778	1.96539430369229	2.52087147689374	1.42618662350923
12.5411508518519	2.01337081789558	2.55874921606703	1.473078700499
12.5638909259259	2.04647438462095	2.59445623989772	1.51222268626787
12.586631	2.08136835880126	2.62971003521117	1.56267086135154
12.6093710740741	2.11818138984314	2.67774491394068	1.60574220667328
12.6321111481481	2.15691347774646	2.72788803453608	1.65164296449877
12.6548512222222	2.19756462251137	2.76797631446358	1.69276223051642
12.6775912962963	2.24013482413771	2.80505203988424	1.74721795027339
12.7003313703704	2.28462408262559	2.84642885062174	1.8155647378789
12.7230714444444	2.33103239797496	2.89272784030489	1.86647956723059
12.7458115185185	2.37935977018589	2.92937408589626	1.91621077385339
12.7685515925926	2.42960619925841	2.96381003259014	1.96763171431928
12.7912916666667	2.48177168519225	2.99811122991846	2.02441459525881
12.8140317407407	2.53585622798779	3.03708532426725	2.08631522550214
12.8367718148148	2.59185982764472	3.0741884152017	2.1354635129051
12.8595118888889	2.64903711747109	3.10887943332614	2.17468666257773
12.882251962963	2.69701139152332	3.14914700542985	2.19835977380868
12.904992037037	2.74752295603503	3.19121637815887	2.23832358401594
12.9277321111111	2.80476757702004	3.22948939452069	2.30357454295342
12.9504721851852	2.85856566644329	3.27681001361101	2.35689339005195
12.9732122592593	2.90987574256532	3.31217292100645	2.40069307469345
12.9959523333333	2.96027700181583	3.38020187214412	2.45376938200503
13.0186924074074	3.00976944419477	3.42876618100748	2.50686629118978
13.0414324814815	3.05835306970197	3.50033668923121	2.56021626795595
13.0641725555556	3.10602787833773	3.57407512428862	2.60606546584376
13.0869126296296	3.15279387010183	3.64452358937161	2.64501453306476
13.1096527037037	3.19865104499433	3.72678567923215	2.69818225921016
13.1323927777778	3.24359940301528	3.78111134016953	2.73697902174873
13.1551328518519	3.28763894416461	3.8209114639932	2.78107154775708
13.1778729259259	3.33076966844236	3.87391315040321	2.83176594331426
13.200613	3.37299157584846	3.91194984922294	2.88356626951634
13.2233530740741	3.41430466638307	3.96582395294185	2.92784282322606
13.2460931481481	3.45470894004591	3.99469706606613	2.9589376378148
13.2688332222222	3.49420439683728	4.0491104099823	3.00345028190684
13.2915732962963	3.53279103675717	4.10850461487952	3.04773818796432
13.3143133703704	3.57046885980522	4.15484963818473	3.09298927859142
13.3370534444444	3.60770980686561	4.19100103775729	3.13831149184281
13.3597935185185	3.65757329427958	4.22845992313754	3.18321515377664
13.3825335925926	3.71132446346733	4.27681119795499	3.22635956413809
13.4052736666667	3.76225011892373	4.3298925995504	3.26387746941882
13.4280137407407	3.81035026064854	4.3832018917178	3.29665232780917
13.4507538148148	3.85562488864198	4.42240858522969	3.32486693813695
13.4734938888889	3.89807400290399	4.46680105744899	3.36586917988374
13.496233962963	3.93769760343445	4.50647860355182	3.40420555164139
13.518974037037	3.9744956902335	4.53538769977688	3.43257634852736
13.5417141111111	4.00846826330114	4.58345929662558	3.46287434173734
13.5644541851852	4.03961532263732	4.62187307660356	3.49479640888896
13.5871942592593	4.067936868242	4.67576209535984	3.5285393881095
13.6099343333333	4.09601069765735	4.71792705310313	3.56888222103318
13.6326744074074	4.14607564989479	4.76411860288761	3.619896513214
13.6554144814815	4.19611494943281	4.8234064468119	3.6451523075538
13.6781545555556	4.23902747721061	4.88352023325053	3.65944012474716
13.7008946296296	4.27481323322828	4.91704597361305	3.68714560280984
13.7236347037037	4.30347221748584	4.95838443610715	3.70388396857813
13.7463747777778	4.34003597108815	5.00418192916566	3.71879387216758
13.7691148518519	4.39601216616347	5.06150561369006	3.74268817006553
13.7918549259259	4.44932690029778	5.12331799540208	3.76448563717925
13.814595	4.4996724354792	5.19204650223643	3.77619304414197
13.8373350740741	4.54704877170746	5.26782346837935	3.80421886620865
13.8600751481481	4.59145590898271	5.32600653277759	3.83010435420208
13.8828152222222	4.63289384730482	5.39340835561105	3.86111214008234
13.9055552962963	4.67136258667407	5.44152833688914	3.87330579295031
13.9282953703704	4.70686212709007	5.49259049782845	3.89275032612932
13.9510354444444	4.7393924685531	5.53003834410483	3.90752934819931
13.9737755185185	4.76895361106307	5.55641562765404	3.93272997645067
13.9965155925926	4.79554555462	5.5876828380261	3.95857472679884
14.0192556666667	4.81916829922389	5.61676988051594	3.9797701125329
14.0419957407407	4.83982184487477	5.63480893548284	4.0024013358007
14.0647358148148	4.85750619157241	5.65444294366915	4.02606411668276
14.0874758888889	4.87222133931713	5.67403913078145	4.04978349267816
14.110215962963	4.88396728810885	5.68847584044959	4.0736621136767
14.132956037037	4.89274403794743	5.70020347157005	4.10246624026676
14.1556961111111	4.89855158883303	5.69803870444815	4.12626852653196
14.1784361851852	4.90138994076552	5.7010485079883	4.14471977737528
14.2011762592593	4.90125909374493	5.67449105091995	4.15888311753365
14.2239163333333	4.89815904777136	5.66493872810837	4.19002064060284
14.2466564074074	4.89208980284473	5.66544401482184	4.21582629190995
14.2693964814815	4.88311977021768	5.64791250422752	4.23932698143096
14.2921365555556	4.8890252782405	5.63006291286118	4.25720442855207
14.3148766296296	4.90421364833345	5.61659660503806	4.24452796513834
14.3376167037037	4.91406983848882	5.64963704807347	4.22652055167977
14.3603567777778	4.91859384870655	5.65590603649396	4.23001849258462
14.3830968518519	4.91778567898679	5.68869364546934	4.22278571308398
14.4058369259259	4.91164532932915	5.67360240836988	4.21630584578588
14.428577	4.90017279973409	5.64899203434389	4.21683697732223
14.4513170740741	4.88336809020132	5.59918190224677	4.20113566189353
14.4740571481481	4.86180893775697	5.54713606792709	4.21315724503789
14.4967972222222	4.84895265907403	5.52162553664492	4.20570271936556
14.5195372962963	4.83363743680893	5.52156485211702	4.18779931485147
14.5422773703704	4.80907947488676	5.43360222572727	4.17774091273778
14.5650174444444	4.78665845964557	5.42766305516618	4.1688571232449
14.5877575185185	4.76856109369719	5.41996996885303	4.15940028520379
14.6104975925926	4.75166184902894	5.41321282656541	4.12021030192304
14.6332376666667	4.73596072564116	5.40004549534916	4.07476469988497
14.6559777407407	4.7214577235338	5.39354030653299	4.04706107707814
14.6787178148148	4.70815284270671	5.37807279462979	4.00429962789992
14.7014578888889	4.69604608316021	5.36632991251406	3.93763164822632
14.724197962963	4.68513744489385	5.34638456783255	3.89189423050177
14.746938037037	4.67542692790798	5.32520499966898	3.87285320961641
14.7696781111111	4.66691453220248	5.32546337976095	3.83365216927095
14.7924181851852	4.65960025777739	5.30085238048359	3.79635588900219
14.8151582592593	4.65348410463251	5.28447209082555	3.75202163336085
14.8378983333333	4.64856607276829	5.26488949592806	3.7240032868599
14.8606384074074	4.6448461621842	5.25105462827278	3.6909814223263
14.8833784814815	4.64232437288056	5.24033426786987	3.67147116087163
14.9061185555556	4.64100070485737	5.22091021737891	3.67152120153471
14.9288586296296	4.64087515811454	5.21222330135435	3.6587209701287
14.9515987037037	4.64194773265199	5.2090386277041	3.67036408812011
14.9743387777778	4.63059085781246	5.2114082167163	3.68713135504762
14.9970788518519	4.59449364859932	5.2187348150554	3.62087608553787
15.0198189259259	4.57100900814852	5.24078786713518	3.62587650752157
15.042559	4.56167905524664	5.2434457250565	3.6070458743311
15.0652990740741	4.56650378989414	5.24371103034889	3.63444657747192
15.0880391481481	4.55874863641833	5.25345023874991	3.61744964957803
15.1107792222222	4.51921560670733	5.27023993354301	3.61048668354095
15.1335192962963	4.48654108776483	5.28853473111936	3.57287187602964
15.1562593703704	4.46121276763918	5.3112983219279	3.50141698411335
15.1789994444444	4.44323064633035	5.33677873869897	3.44996116236425
15.2017395185185	4.43259472383816	5.36036821337574	3.41324402628881
15.2244795925926	4.42930500016277	5.37798038984444	3.37984181326633
15.2472196666667	4.4333614753041	5.40014712190411	3.40320743042999
15.2699597407407	4.44476414926234	5.42259590233803	3.43875248493356
15.2926998148148	4.46351302203717	5.44524809244318	3.48540717786771
15.3154398888889	4.48960809362882	5.46817669062036	3.53289487158744
15.338179962963	4.52304936403729	5.49135317295294	3.58815039725304
15.360920037037	4.56383683326248	5.51124787020729	3.64940565517246
15.3836601111111	4.61197050130441	5.53433767621555	3.68944122747553
15.4064001851852	4.66518128686101	5.56900778035142	3.69893863248345
15.4291402592593	4.67837171269595	5.60605919510098	3.69574817806903
15.4518803333333	4.69107630980948	5.63830261340712	3.70046331199034
15.4746204074074	4.72587458253678	5.66140489038747	3.73309436561456
15.4973604814815	4.78276653087797	5.68877323220063	3.76530711951956
15.5201005555556	4.82594373391411	5.70803382657608	3.82039607710078
15.5428406296296	4.83957517287464	5.75753281896522	3.84047857822954
15.5655807037037	4.85822056305224	5.80925798547088	3.88178014940232
15.5883207777778	4.88191704145003	5.86052028116458	3.92534932181767
15.6110608518519	4.91066460806801	5.91293422154001	3.97581570509401
15.6338009259259	4.94446326290596	5.95505031214417	3.99982350542221
15.656541	4.9833130059642	6.00391094472828	4.05232805171276
15.6792810740741	5.02721383724253	6.04682674303275	4.1195292430182
15.7020211481481	5.07616575674091	6.09857145041457	4.20409725959874
15.7247612222222	5.13016876445962	6.14277353510564	4.25935294460681
15.7475012962963	5.18922286039809	6.18248451504269	4.34722500719364
15.7702413703704	5.25332804455714	6.24252089391512	4.44992968210188
15.7929814444444	5.32248431693603	6.2921930286083	4.55258432542777
15.8157215185185	5.39669167753509	6.33862527437642	4.67553558116731
15.8384615925926	5.47595012635429	6.39582993318131	4.81717557401558
15.8612016666667	5.56025966339364	6.44191727379385	4.94322814346956
15.8839417407407	5.64962028865324	6.49542307522325	5.07235207578929
15.9066818148148	5.74403200213278	6.53258557724299	5.19867843607077
15.9294218888889	5.84349195735719	6.58932846554963	5.33738711986266
15.952161962963	5.94624244161203	6.6409908480895	5.46342082110695
15.974902037037	6.0483246805281	6.79099180292273	5.54745583218946
15.9976421111111	6.14928842041297	7.00636134698102	5.63965674070624
16.0203821851852	6.27116118967497	7.15188935275584	5.74538420044651
16.0431222592593	6.40932280395009	7.48333329372048	5.81063283923108
16.0658623333333	6.52099231151951	7.70577669562455	5.87815879129758
16.0886024074074	6.61976262674128	7.8497338783115	5.96762357567036
16.1113424814815	6.73608480619373	7.99782765739491	6.06041560932604
16.1340825555556	6.84127932420234	8.18244970162773	6.14162506021946
16.1568226296296	6.96476277696804	8.29672736732675	6.23927572731337
16.1795627037037	7.04862326334756	8.32721532438945	6.30067255596841
16.2023027777778	7.19421415228603	8.41860290678718	6.36304099611419
16.2250428518519	7.39324575173313	8.58688215692596	6.48726842652393
16.2477829259259	7.57737078903071	8.71786500673888	6.59135699634266
16.270523	7.74610712162898	8.89592614815539	6.69682196354909
16.2932630740741	7.89945474952768	9.0738459012021	6.78923764956595
16.3160031481481	8.03741367272699	9.26929644827168	6.86488526866768
16.3387432222222	8.15998389122676	9.41170094246191	6.92890747172077
16.3614832962963	8.26716540502716	9.51815689722913	7.00719090489787
16.3842233703704	8.35895821412814	9.61510248028967	7.07587810539755
16.4069634444444	8.43536231852956	9.70103831150463	7.12438666563113
16.4297035185185	8.49637771823169	9.79407103428322	7.16537146070523
16.4524435925926	8.5420044132342	9.80484112838146	7.18361817864858
16.4751836666667	8.57224240353729	9.80908520825028	7.20307648558025
16.4979237407407	8.58709168914106	9.81196218908428	7.20440316328962
16.5206638148148	8.58655227004522	9.80419551989798	7.19885293256049
16.5434038888889	8.57062414625005	9.75562490023314	7.2012051172491
16.566143962963	8.53930731775522	9.67483582605342	7.22404934810028
16.588884037037	8.49260178456131	9.60354025464952	7.22046915308031
16.6116241111111	8.43050754666758	9.55264196772719	7.18928422368918
16.6343641851852	8.35302460407462	9.52942081653385	7.14494596427345
16.6571042592593	8.2601529567821	9.4715593474713	7.08321060966553
16.6798443333333	8.15189260479004	9.41821525068527	7.04945723342408
16.7025844074074	8.02824354809883	9.38471460097671	6.92299305022609
16.7253244814815	7.96336823442261	9.36958840170344	6.85976990329996
16.7480645555556	7.93686741132221	9.33610387819797	6.85978875558726
16.7708046296296	7.85987302243668	9.15576870425474	6.80063852433958
16.7935447037037	7.84565882896596	9.1306327814144	6.77865098957729
16.8162847777778	7.86600962943559	9.16701708017735	6.75029016200927
16.8390248518519	7.86908543897852	9.36611647428482	6.69152766608097
16.8617649259259	7.8548862575952	9.48499543838492	6.598153097518
16.884505	7.82341208528492	9.54932657841747	6.49828607034281
16.9072450740741	7.77466292204827	9.56463597892647	6.3899653339914
16.9299851481481	7.70863876788504	9.50472817797293	6.29942499948858
16.9527252222222	7.62533962279536	9.38804496519918	6.21087061665286
16.9754652962963	7.5247654867789	9.24469438547932	6.12258117266285
16.9982053703704	7.40691635983601	9.00057212271135	6.03937597292758
17.0209454444444	7.27179224196657	8.75735519920018	5.95684205041867
17.0436855185185	7.11939313317041	8.47476875987806	5.88695597557762
17.0664255925926	6.94971903344793	8.26858963845866	5.7810677521634
17.0891656666667	6.77132941337109	8.03914859394943	5.63112146159969
17.1119057407407	6.605922212856	7.76360476732846	5.40864902707343
17.1346458148148	6.4421043972102	7.54165108021585	5.12080473914211
17.1573858888889	6.27909864661741	7.30718306535404	4.8806435286336
17.180125962963	6.11690496107797	7.08479286135006	4.68388541476493
17.202866037037	5.95552334059131	6.94797411923743	4.49420394120846
17.2256061111111	5.7566813232389	6.76582235627819	4.28138873020492
17.2483461851852	5.52197568440804	6.65506498178533	3.97323895536203
17.2710862592593	5.3287516867724	6.55022691054893	3.54310599733564
17.2938263333333	5.10175683940688	6.47938736406869	3.14752673868352
17.3165664074074	4.9318292161141	6.39707572587181	2.89092089009552
17.3393064814815	4.81896881689501	6.27647064715148	2.78241127583148
17.3620465555556	4.76317564174903	6.14641408747149	2.81877035722151
17.3847866296296	4.76444969067621	6.02943579358691	2.95269531427902
17.4075267037037	4.72438208512856	5.94210558455907	2.83438348347527
17.4302667777778	4.64857944503372	5.83981410557969	2.23535663764656
17.4530068518519	4.56858828352446	5.76690932078647	1.87674320433368
17.4757469259259	4.5219679258074	5.7211688320156	2.02931520608289
17.498487	4.37997551623822	5.67386261321069	1.5928612938067
17.5212270740741	4.2615158629314	5.62642717931902	1.27356014426748
17.5439671481481	4.18701609116086	5.57595763731333	1.13669860751447
17.5667072222222	4.15647620092607	5.52724616517002	1.28443791791256
17.5894472962963	4.16989619222775	5.47768942306378	1.49761067785709
17.6121873703704	4.22680707047674	5.43082632337334	1.66437021311702
17.6349274444444	4.2291821977603	5.39364424668025	1.84787494344775
17.6576675185185	4.20691006448159	5.34450592608691	1.94517829401747
17.6804075925926	4.23697820132627	5.33057168922401	2.03700331749276
17.7031476666667	4.25014728485367	5.29551667820556	2.16639212098748
17.7258877407407	4.21684187004468	5.26319433634955	2.14589237019111
17.7486278148148	4.22347600251441	5.25041583297528	2.3001713913969
17.7713678888889	4.27046533805159	5.27455554509836	2.59901772599117
17.794107962963	4.35780987665614	5.30262698453211	3.11025980619262
17.816848037037	4.43371727025	5.32114100224546	3.36379219496195
17.8395881111111	4.47734091743881	5.46603175402057	3.43261101653948
17.8623281851852	4.47097022726317	5.77473125360656	3.36185793102975
17.8850682592593	4.46675983095262	6.02971592535045	3.29613629517574
17.9078083333333	4.46472473264974	6.30179124643221	3.21051293707102
17.9305484074074	4.46486493235454	6.47385758879857	3.16728320223535
17.9532884814815	4.46718043006685	6.64398235182972	3.14563967451648
17.9760285555556	4.47167122578669	6.75509370677297	3.11569325328347
17.9987686296296	4.47833731951441	6.78684210967963	3.09667739302312
18.0215087037037	4.48717871124962	6.83812288532434	3.12464661174677
18.0442487777778	4.49819540099229	6.79273653219957	3.13710193753051
18.0669888518519	4.51138738874275	6.99034007002025	3.18294380660702
18.0897289259259	4.5267546745007	7.12978639844704	3.22889005492669
18.112469	4.54429725826634	7.44668432125131	3.31295424877949
18.1352090740741	4.56401514003947	7.68088522629118	3.40353457638189
18.1579491481481	4.58570914827038	8.03932899414383	3.48305140194583
18.1806892222222	4.59415962451855	7.99094717312056	3.45700068058238
18.2034292962963	4.55863513120287	7.60985819840568	3.44705604688208
18.2261693703704	4.52602460480238	7.57066308256768	3.44393341846727
18.2489094444444	4.50089846489252	7.74452986878308	3.32440147012548
18.2716495185185	4.4866103783863	7.56871928696015	3.36355751650577
18.2943895925926	4.46878709594109	7.40675038244671	3.32938964160283
18.3171296666667	4.44470839503063	7.19735152223276	3.14997945779607
18.3398697407407	4.4235508142821	6.99819822956879	3.02681256702103
18.3626098148148	4.40531435369554	6.75388410087926	2.91662406199707
18.3853498888889	4.38999901327108	6.61542315663429	2.76953299826589
18.408089962963	4.37760479300869	6.50136272802703	2.67704187927398
18.430830037037	4.36813169290814	6.25729689153654	2.58627436789525
18.4535701111111	4.36157971296966	6.11840632011607	2.53117160000812
18.4763101851852	4.3579488531933	6.0203739898481	2.49137740734187
18.4990502592593	4.35723911357898	5.89651515980324	2.4799317731949
18.5217903333333	4.35945049412645	5.83925351283132	2.48602237135911
18.5445304074074	4.3645829948362	5.71665368053621	2.48980588159329
18.5672704814815	4.37263661570777	5.59537438194719	2.48940819806299
18.5900105555556	4.38361135674162	5.53787354478959	2.50679778040364
18.6127506296296	4.39750721793714	5.48132135571611	2.53719165416268
18.6354907037037	4.41432419929497	5.45554267231297	2.59870753465149
18.6582307777778	4.43406230081466	5.432365249645	2.6577397703727
18.6809708518519	4.45672152249641	5.40613177227175	2.75782861270418
18.7037109259259	4.48230186434023	5.41547264544767	2.82558992617263
18.726451	4.51080332634596	5.42396778269632	2.99012548427439
18.7491910740741	4.54222590851378	5.44602328795706	3.13803811576125
18.7719311481481	4.57656961084372	5.46459673086625	3.27430228293229
18.7946712222222	4.6138344333356	5.46772993485553	3.41959180253784
18.8174112962963	4.65402037598934	5.47701417170094	3.5658563008774
18.8401513703704	4.69712743880516	5.48440655023019	3.66298360683845
18.8628914444444	4.74315562178328	5.52464220257742	3.72624670697163
18.8856315185185	4.79210492492309	5.59189717076444	3.77902746411354
18.9083715925926	4.84049932828411	5.67960404234848	3.86025542830435
18.9311116666667	4.87657367415653	5.78613995394663	3.82893453196403
18.9538517407407	4.90984303895265	5.90712726164211	3.84498278812596
18.9765918148148	4.94149249771558	6.09392906678234	3.86201379701025
18.9993318888889	4.97152205044502	6.24134957297402	3.88223089211263
19.022071962963	4.99993169714096	6.39111948762573	3.87364719290136
19.044812037037	5.0267214378034	6.52700071840365	3.85080496811621
19.0675521111111	5.05189127243243	6.63670192949128	3.86263548280249
19.0902921851852	5.07544120102804	6.6638076938366	3.84464479996782
19.1130322592593	5.09737122359018	6.67083740221145	3.86487690424433
19.1357723333333	5.11768134011892	6.73409712838765	3.91743771278642
19.1585124074074	5.13637155061401	6.72799907952859	3.91594363498658
19.1812524814815	5.15344185507588	6.809340665993	3.92646337371308
19.2039925555556	5.16889225350423	6.8431315997209	3.96729558849336
19.2267326296296	5.18342548257951	7.00869656347846	4.01014401769067
19.2494727037037	5.19744476781509	7.12638905498216	3.9884446411854
19.2722127777778	5.20957287321557	7.13113527044305	4.01094143400256
19.2949528518519	5.21978205949148	7.13374896892709	4.06104494362574
19.3176929259259	5.2280723266428	7.12496874123659	4.07518510760968
19.340433	5.23444367466996	7.14752418368609	4.06789441413475
19.3631730740741	5.2388961035724	7.19021576416618	4.06126934634683
19.3859131481481	5.24142961335057	7.07907767074645	4.08620378010154
19.4086532222222	5.24204420400421	7.12317728298662	4.10540836261327
19.4313932962963	5.24073987553321	7.13853305786089	4.15612227863291
19.4541333703704	5.23751662793802	7.08129770493445	4.21769722871522
19.4768734444444	5.23237446121821	7.06934281648631	4.27611105755676
19.4996135185185	5.22531337537395	7.22996230006358	4.35206993339207
19.5223535925926	5.21633337040532	7.28926240409162	4.40069323555083
19.5450936666667	5.20605604387168	7.20047450478481	4.41879834825508
19.5678337407407	5.2083845436042	7.28318201647897	4.38536833886213
19.5905738148148	5.222352699918	7.27162613519056	4.34838508619744
19.6133138888889	5.22737804126363	7.18643826379803	4.33276013877106
19.636053962963	5.2260071237169	7.09603710976622	4.39341658858533
19.658794037037	5.23516613292709	7.0066185315341	4.38875493871106
19.6815341111111	5.24266311652031	6.92133266434448	4.38372226595669
19.7042741851852	5.248475441438	6.83645386914999	4.3733619284228
19.7270142592593	5.25260310768029	6.76288771205733	4.37547800274994
19.7497543333333	5.25504611524698	6.72061373344687	4.36132691602079
19.7724944074074	5.25580446413831	6.76885270128713	4.34581302384117
19.7952344814815	5.25487815435422	6.70112723646176	4.33553090209077
19.8179745555556	5.25226718589453	6.69985815695936	4.32713720364422
19.8407146296296	5.24797155875942	6.71763069899045	4.31915836330198
19.8634547037037	5.24199127294881	6.7229372399498	4.31121632376218
19.8861947777778	5.23432632846272	6.70822422051052	4.29998949459843
19.9089348518519	5.22497672530126	6.61682421783846	4.29636251176283
19.9316749259259	5.21394246346415	6.60588743071648	4.29139158302621
19.954415	5.20122354295188	6.57763685221215	4.28548703322641
19.9771550740741	5.18681996376374	6.5262015785379	4.27999734153682
19.9998951481481	5.17073172590036	6.49845927071014	4.27419841343911
20.0226352222222	5.15295882936145	6.45129195058276	4.25244683250403
20.0453752962963	5.13350127414714	6.40661058401508	4.24454345078827
20.0681153703704	5.11235906025746	6.351389812173	4.23688285339285
20.0908554444444	5.0895321876919	6.3133279210602	4.22922798526794
20.1135955185185	5.06502065645114	6.26500265155691	4.22267539284636
20.1363355925926	5.03882446653502	6.17990570890358	4.22370736584188
20.1590756666667	5.01094361794322	6.10395823241631	4.2250564536876
20.1818157407407	4.98137811067618	6.0680117269018	4.22471199480447
20.2045558148148	4.95012794473334	5.9779092575943	4.20321327477622
20.2272958888889	4.91719312011527	5.87568441007622	4.19017976653914
20.250035962963	4.88257363682169	5.77759726602966	4.17858405339037
20.272776037037	4.84626949485246	5.73027838148474	4.16801716327227
20.2955161111111	4.80828069420802	5.70118440933863	4.14036421948924
20.3182561851852	4.77416071181191	5.65783985916319	4.12559190030219
20.3409962592593	4.74965261594948	5.63190963865777	4.10805032735298
20.3637363333333	4.72530962099438	5.60188770918165	4.09260036336514
20.3864764074074	4.700901282793	5.57387323208838	4.08136247662992
20.4092164814815	4.67642760134538	5.54128130376894	4.06444539813059
20.4319565555556	4.6518885766516	5.50465324540499	4.05433891609616
20.4546966296296	4.62728420871163	5.45951887908107	4.03221874836419
20.4774367037037	4.60261449752535	5.41883319469217	4.01317082990669
20.5001767777778	4.5778794430929	5.37137439539622	3.96123338665002
20.5229168518519	4.55307904541438	5.32490690993421	3.92205433863109
20.5456569259259	4.52821330448948	5.28789471846972	3.8897307675409
20.568397	4.50328222031824	5.23000582932392	3.86216831358042
20.5911370740741	4.47828579290112	5.18024007079046	3.82981836887221
20.6138771481481	4.45322402223751	5.14180740729202	3.78625074161255
20.6366172222222	4.42809690832799	5.09540129682412	3.74144077855962
20.6593572962963	4.40290445117195	5.03678320484097	3.71567875207711
20.6820973703704	4.37764665076991	4.97770944332615	3.67777532315124
20.7048374444444	4.35232350712149	4.9201562839979	3.62996275958732
20.7275775185185	4.32693502022704	4.8651008773656	3.59425823248803
20.7503175925926	4.30148119008611	4.81414832815736	3.57011850979754
20.7730576666667	4.27596201669923	4.78057603202235	3.54120314467893
20.7957977407407	4.250377500066	4.74009119644012	3.50447398661707
20.8185378148148	4.22472764018672	4.70866668770021	3.48352998215243
20.8412778888889	4.19901243706103	4.6737716944669	3.4600506853202
20.864017962963	4.17323189068927	4.65060000267539	3.41958361585304
20.886758037037	4.14738600107118	4.62925353250345	3.38782234246138
20.9094981111111	4.12244789309467	4.61078181821413	3.35646073245725
20.9322381851852	4.10036386400779	4.59651719556646	3.35140824295612
20.9549782592593	4.07874694839537	4.57781460256616	3.31233728806509
20.9777183333333	4.05743796588431	4.55838794566434	3.28576110672701
21.0004584074074	4.03643691647478	4.53508071124652	3.25222933960393
21.0231984814815	4.01574380016679	4.51634433225664	3.22203309658097
21.0459385555556	3.99535861696023	4.49944241677609	3.18828081897865
21.0686786296296	3.97528136685522	4.48978233407911	3.15608511920881
21.0914187037037	3.95551204985165	4.47189450202379	3.12515764188991
21.1141587777778	3.93605066594973	4.44505543085434	3.10400675211886
21.1368988518519	3.91689721514914	4.42726594516284	3.08878255845464
21.1596389259259	3.89805169745001	4.40506090899554	3.07491754370154
21.182379	3.87951411285255	4.39275104334438	3.05880034186351
21.2051190740741	3.86128446135641	4.37314099986537	3.03887063561868
21.2278591481481	3.843362742962	4.33354867656583	3.0222032205249
21.2505992222222	3.82574895766872	4.32117660493653	3.01034269046408
21.2733392962963	3.80844310547713	4.29977164104856	3.00292948699105
21.2960793703704	3.79144518638725	4.28844924964521	2.98077712686637
21.3188194444444	3.7747552003985	4.28167003574167	2.98824802219988
21.3415595185185	3.75837314751143	4.27680958742434	2.97721754193425
21.3642995925926	3.74229902772582	4.26705328234685	2.96761485772298
21.3870396666667	3.72653284104179	4.2456600982348	2.94381980294979
21.4097797407407	3.71107458745909	4.23485564901187	2.9383056186534
21.4325198148148	3.69592426697804	4.22592749651334	2.89968904436659
21.4552598888889	3.68108187959825	4.2144843354709	2.86171124705098
21.477999962963	3.66654742532024	4.19679446536548	2.84473606515985
21.500740037037	3.65232090414368	4.19330615198249	2.84269838510569
21.5234801111111	3.63840231606842	4.18160714388303	2.84458645266565
21.5462201851852	3.62479166109472	4.16729913761571	2.84991010634193
21.5689602592593	3.61073291488198	4.15741820751505	2.83156094506399
21.5917003333333	3.59416646694809	4.15075103351738	2.79373365150292
21.6144404074074	3.57763474108409	4.14702986121584	2.7799068818776
21.6371804814815	3.56140267243586	4.14575594768165	2.75998437960507
21.6599205555556	3.54547026100383	4.13994225853121	2.80055058512455
21.6826606296296	3.52983750678747	4.13338661253582	2.78154099958779
21.7054007037037	3.51450440978736	4.12665392010039	2.74800013716681
21.7281407777778	3.49947097000274	4.12207564037165	2.7280093755995
21.7508808518519	3.48473718743472	4.11878766464677	2.73320679396313
21.7736209259259	3.47030306208215	4.10930558390582	2.71173188986762
21.796361	3.45616859394574	4.10392738018987	2.70065966128328
21.8191010740741	3.44233378302525	4.1075953274593	2.67667257095244
21.8418411481481	3.42879862932059	4.0984225611962	2.65767147822871
21.8645812222222	3.41556313283219	4.09326192756393	2.64544192723711
21.8873212962963	3.40262729355943	4.09023344763925	2.61719767839383
21.9100613703704	3.38999111150278	4.08659984930752	2.59542767061147
21.9328014444444	3.37643301082752	4.0825127013433	2.57970627893484
21.9555415185185	3.36133220061973	4.07777533053301	2.56406586921674
21.9782815925926	3.34660095360476	4.06829517935995	2.53602302997314
22.0010216666667	3.33226131572036	4.06870535735949	2.50778782484778
22.0237617407407	3.31831328696639	4.07046793770812	2.4820726176189
22.0465018148148	3.30475686734335	4.07236154737758	2.47198792267579
22.0692418888889	3.29159205685107	4.07101246590128	2.43924981828909
22.091981962963	3.27881885548935	4.06805437866081	2.41149007347866
22.114722037037	3.26643726325834	4.06735990075218	2.38404542659775
22.1374621111111	3.25444728015802	4.06778648554361	2.34564379677371
22.1602021851852	3.24284890618851	4.0648166176257	2.31396705168019
22.1829422592593	3.23128523362428	4.06805510428595	2.28013981264029
22.2056823333333	3.21692790369907	4.06919676807297	2.24758510222595
22.2284224074074	3.20823527880645	4.06832735450165	2.2158175376099
22.2511624814815	3.20264180573088	4.07538672787243	2.2085283817807
22.2739025555556	3.18806909810806	4.07475721803808	2.1773759783949
22.2966426296296	3.17357720063428	4.07475433929152	2.14955595689893
22.3193827037037	3.15921458504571	4.07485240772804	2.1204596368658
22.3421227777778	3.14498125134213	4.08163068529295	2.08758665872355
22.3648628518519	3.13087719952412	4.08831991129763	2.0539593021162
22.3876029259259	3.11690242959127	4.08566525227522	2.0239132574459
22.410343	3.1030569415438	4.0832711015188	1.99465851317228
22.4330830740741	3.08934073538144	4.08105086465474	1.96526439017268
22.4558231481481	3.07870001357597	4.08540198301307	1.95285413526736
22.4785632222222	3.06632100448823	4.09868569724776	1.92259148309224
22.5013032962963	3.07471535625271	4.11185337352574	1.99750836994447
22.5240433703704	3.06351296851132	4.11292512416715	1.96810774034799
22.5467834444444	3.0222383674922	3.99896233336688	1.97745755210423
22.5695235185185	3.01113344463167	4.00090707203888	1.95473055618871
22.5922635925926	2.99961111548693	4.00222622575434	1.9310955259986
22.6150036666667	2.9874673229116	4.00288062305403	1.90261877411812
22.6377437407407	2.97470206690675	4.00319730000244	1.8732971035036
22.6604838148148	2.96131534747156	4.00341574203476	1.84369662975898
22.6832238888889	2.94730716460676	4.00333783716537	1.81381735287952
22.705963962963	2.9326775183118	4.0028388070687	1.78365927286707
