phys	rec.rate	upper	lower
0.021209548048048	NA	NA	NA
0.0636286441441442	NA	NA	NA
0.10604774024024	NA	NA	NA
0.148466836336336	NA	NA	NA
0.190885932432432	NA	NA	NA
0.233305028528529	6.41373791306152	7.67090125148765	5.25868394189676
0.275724124624625	6.45568847513614	7.6757303900561	5.34006401230095
0.318143220720721	6.49013459201618	7.66779446238794	5.4181767533923
0.360562316816817	6.51469210033616	7.64393375571696	5.4909043129766
0.402981412912913	6.54441774976971	7.62130775860427	5.56714820575627
0.445400509009009	6.57352645374487	7.59778710795	5.64658947813886
0.487819605105105	6.60367766698211	7.57551677861107	5.72622444504796
0.530238701201201	6.63487138948146	7.55012553709138	5.81074760610504
0.572657797297297	6.66710762124289	7.53223013324109	5.88987132042969
0.615076893393393	6.70065716507372	7.51209186107701	5.96792232158613
0.65749598948949	6.73563828133454	7.49122183064927	6.04772543819635
0.699915085585586	6.77303871494707	7.48228640230374	6.12739426310618
0.742334181681682	6.81061147011527	7.4745268733733	6.21285549567267
0.784753277777778	6.84650372581619	7.46299673571696	6.29585742068208
0.827172373873874	6.88036235001086	7.45582709117411	6.36248371577844
0.86959146996997	6.90937423405139	7.45139801658917	6.42881163500197
0.912010566066066	6.93649235989241	7.44537108875511	6.50780954900066
0.954429662162162	6.95491402235464	7.43737829147291	6.56401515127717
0.996848758258258	6.96727923473965	7.420737422019	6.6326067802622
1.03926785435435	6.98895881256318	7.39354056614453	6.68909038242229
1.08168695045045	7.03332603737314	7.38701849914671	6.75860875500728
1.12410604654655	7.09677101424464	7.41561616804958	6.83643345061391
1.16652514264264	7.17484372074601	7.49223016267479	6.91587970571846
1.20894423873874	7.24214976045079	7.6084091818002	6.94692312006952
1.25136333483483	7.29300509318844	7.74833109723916	6.91914365947292
1.29378243093093	7.33431460583106	7.87166131622728	6.90536897995479
1.33620152702703	7.37411586358164	7.96765751503947	6.91054903683333
1.37862062312312	7.42173531894105	8.04682870811739	6.97447407580944
1.42103971921922	7.44969266326706	8.11228620622953	6.96315147896432
1.46345881531532	7.4566997558767	8.17969823819152	6.92132183250806
1.50587791141141	7.44275659676997	8.20205873270871	6.8775232194498
1.54829700750751	7.40786318594687	8.22484450377448	6.8260014349063
1.5907161036036	7.35201952340741	8.18704091322184	6.76219698308961
1.6331351996997	7.29089993674081	8.14095662615835	6.70501095631884
1.6755542957958	7.27724984969375	8.08407014531621	6.67793414277991
1.71797339189189	7.32091251137445	8.088924585535	6.66347865361119
1.76039248798799	7.33854455865489	8.11703930939298	6.61191873938275
1.80281158408408	7.34801711780779	8.09960201470549	6.60636131158586
1.84523068018018	7.3315466110304	8.01974248261531	6.59275844040219
1.88764977627628	7.25621292542098	7.93473084843929	6.53434149356203
1.93006887237237	7.13349315576868	7.82110741379976	6.44982470997726
1.97248796846847	6.99612144564526	7.62930089845315	6.37858475835404
2.01490706456456	6.82887341440234	7.47635520701406	6.28838552653851
2.05732616066066	6.65029185374437	7.33361163633819	6.14182833118361
2.09974525675676	6.4832956360259	7.18918633492355	5.96353859797158
2.14216435285285	6.31957245910152	7.01837312055676	5.78439029135845
2.18458344894895	6.16520922822894	6.8675336679371	5.58801332476183
2.22700254504505	6.00779975827467	6.68014390960102	5.41066975604089
2.26942164114114	5.8457699538005	6.48069601087459	5.23496370657935
2.31184073723724	5.68379370369362	6.27464663898669	5.07582505612337
2.35425983333333	5.51854978057107	6.08965900013165	4.88833551072235
2.39667892942943	5.34724813411274	5.91923365017386	4.72293440564522
2.43909802552553	5.18228921396887	5.78494915170767	4.44023975712199
2.48151712162162	5.0082269078872	5.67372139127187	4.16190512961409
2.52393621771772	4.8694140572444	5.5870820002704	3.92754320263074
2.56635531381381	4.75845236752196	5.46791577177804	3.7462544934608
2.60877440990991	4.68427386744658	5.39774754894985	3.67628610230729
2.65119350600601	4.58405109419201	5.26670114460754	3.63224292863398
2.6936126021021	4.47448923478778	5.14626480435477	3.62876562059403
2.7360316981982	4.4183826689123	5.14158892100691	3.52973964779167
2.77845079429429	4.34965866656669	5.0448995670488	3.47000961896081
2.82086989039039	4.26496286338594	5.0175929761571	3.46328577624335
2.86328898648649	4.18157581196383	4.91495989614326	3.45529941856338
2.90570808258258	4.14353324375639	4.9613299643605	3.47092824234662
2.94812717867868	4.12604027740346	4.867256641195	3.51742840530933
2.99054627477478	4.15929659491582	4.80782326040605	3.58743618144077
3.03296537087087	4.24402203511501	4.94532620060014	3.65203493486513
3.07538446696697	4.34005099850479	5.00020456740222	3.74416811500607
3.11780356306306	4.43187614826255	4.97813602790553	3.81906211642767
3.16022265915916	4.51784880606564	5.03201567729919	3.88668189062615
3.20264175525526	4.57688141108151	5.03313016555905	3.97948937135753
3.24506085135135	4.6366674402813	5.04519471942969	4.06976094515216
3.28747994744745	4.6808038155319	5.05161633050576	4.16872083617399
3.32989904354354	4.741498898447	5.11845648062098	4.23426336525641
3.37231813963964	4.81054393119136	5.18523523490425	4.30288674036234
3.41473723573574	4.86808021904076	5.26515572915584	4.3585590915544
3.45715633183183	4.92743101864624	5.35300807943191	4.42249423171664
3.49957542792793	4.98773020225744	5.43473549459874	4.51842753208542
3.54199452402402	5.05370090720937	5.51340035555386	4.59922888142703
3.58441362012012	5.125343133502	5.58537178131776	4.67791456040652
3.62683271621622	5.20265840761907	5.64522205679057	4.74960486406472
3.66925181231231	5.28718587801626	5.68713470915593	4.83431422565288
3.71167090840841	5.3790782116255	5.77753490763305	4.91805862640546
3.7540900045045	5.46397583884658	5.91382707979078	5.01036294536276
3.7965091006006	5.54031916695627	6.03231112583026	5.09655734740028
3.8389281966967	5.60728500384592	6.08951129155463	5.18163841087055
3.88134729279279	5.6673935353199	6.12349413730026	5.28019711468738
3.92376638888889	5.71617248628328	6.14433459921309	5.36406149098648
3.96618548498499	5.74804512088714	6.17488421560279	5.42020750542486
4.00860458108108	5.77118677029668	6.20734021135207	5.46090812949703
4.05102367717718	5.79136084081332	6.19921443064178	5.48447232768219
4.09344277327327	5.80451191918279	6.17422347414663	5.49749216707225
4.13586186936937	5.79673037932296	6.12149777966432	5.50990955697491
4.17828096546547	5.78522229269408	6.09627899625773	5.52479731317026
4.22070006156156	5.78523787077563	6.08856328089564	5.51076406319831
4.26311915765766	5.78834077387417	6.07547784904472	5.49135877902149
4.30553825375375	5.79130061494607	6.06623050399978	5.47805474613492
4.34795734984985	5.79686428975225	6.08932233801622	5.44950579105292
4.39037644594595	5.80268329248013	6.10768770258384	5.43551096428571
4.43279554204204	5.81027991555838	6.13272076158488	5.41704799160072
4.47521463813814	5.82268161960513	6.17275331020084	5.40370401517044
4.51763373423423	5.84025645071182	6.20746298753957	5.39625676905755
4.56005283033033	5.86315421490384	6.25485769637608	5.40928099945036
4.60247192642643	5.89013911220419	6.30866762823051	5.43402156268998
4.64489102252252	5.92251995513542	6.37693418738108	5.4501517850787
4.68731011861862	5.9591348375835	6.43671141986945	5.46754942330518
4.72972921471471	6.00176998243647	6.48689533620123	5.51986515061505
4.77214831081081	6.04886109518861	6.5409361525069	5.55851378096715
4.81456740690691	6.10074780162356	6.62541607582186	5.61722579332616
4.856986503003	6.15865160909505	6.68606452363405	5.64727231674461
4.8994055990991	6.21819060947922	6.76059062560936	5.70412314372133
4.9418246951952	6.27624241571134	6.81849331640675	5.77675449899113
4.98424379129129	6.33183568757129	6.89112861858893	5.83807169010337
5.02666288738739	6.3864775143656	6.93325097668138	5.91265542250916
5.06908198348348	6.43498425020599	6.98704827757378	6.00388642032439
5.11150107957958	6.47709387361536	7.0224478347062	6.09079843811876
5.15392017567568	6.52419467516776	7.05404129433917	6.15403498798443
5.19633927177177	6.59562521740988	7.10256031945076	6.21733601324528
5.23875836786787	6.66594804799059	7.18295105999293	6.23481831838038
5.28117746396396	6.74340782265078	7.29705996375657	6.24246956523425
5.32359656006006	6.84852753496074	7.4413264299768	6.32345145443367
5.36601565615616	6.91059914699001	7.5444491959491	6.34028159057321
5.40843475225225	6.92411952136476	7.59159917458441	6.27451526765893
5.45085384834835	6.89695341570981	7.6069530541839	6.19586627925115
5.49327294444445	6.86465629953967	7.59640961819675	6.18063013876123
5.53569204054054	6.80916843427665	7.52904044889324	6.11855953878123
5.57811113663664	6.78019329691322	7.48625623424008	6.15693504767241
5.62053023273273	6.72313786122645	7.4139754086949	6.12144724282998
5.66294932882883	6.67965034787129	7.34570053072453	6.13307348882997
5.70536842492493	6.58714847364735	7.22811033916972	5.97755015846339
5.74778752102102	6.51899041331389	7.07810532626177	6.01274610191314
5.79020661711712	6.43726328124155	6.97857162408959	5.95186338743849
5.83262571321321	6.35607888137585	6.92379489397571	5.85663740646089
5.87504480930931	6.30335860484717	6.85441507910468	5.83441651183125
5.91746390540541	6.2458352127743	6.78310850766678	5.78643065118419
5.9598830015015	6.13981090286917	6.64510886469139	5.67306622581507
6.0023020975976	5.99615798561371	6.55358911659337	5.5461101230741
6.04472119369369	5.88365330561505	6.41648090457562	5.43931113073774
6.08714028978979	5.77109764746776	6.33997762120035	5.3274543076644
6.12955938588589	5.61937253789189	6.19676843950287	5.20776229817008
6.17197848198198	5.45967558326486	6.03723742143024	5.08675609038021
6.21439757807808	5.29240749020047	5.82331925182606	4.90222943755916
6.25681667417417	5.10448498212449	5.66179665392076	4.69907842995687
6.29923577027027	4.93535500866164	5.43246143493356	4.48703814721162
6.34165486636637	4.768278349861	5.29258483769684	4.29182168856156
6.38407396246246	4.61536662067042	5.10976523469154	4.08944208013633
6.42649305855856	4.47240978186115	4.94179328125405	3.9279755987621
6.46891215465465	4.3389642559929	4.83292749514209	3.76240077095884
6.51133125075075	4.21773778629597	4.72931164587205	3.61813189197659
6.55375034684685	4.1088992295373	4.60525250830938	3.50528912868162
6.59616944294294	4.00576383574159	4.49098735842407	3.39943801016396
6.63858853903904	3.91245635196364	4.40244564170997	3.29916740061215
6.68100763513514	3.8278010247118	4.33306732299057	3.21727780937027
6.72342673123123	3.75162386876544	4.24717210026841	3.14861213447111
6.76584582732733	3.69019711330238	4.18445520747861	3.10310984392387
6.80826492342342	3.63295369219478	4.10940484227572	3.06497836082064
6.85068401951952	3.57938265592523	4.0428869274304	3.03917999078267
6.89310311561562	3.52435338870805	3.9638774522488	3.00234650345115
6.93552221171171	3.46868572532548	3.89798478864107	2.95659286940678
6.97794130780781	3.41312702943565	3.84097270313169	2.91295430858669
7.0203604039039	3.35360463922448	3.75597462379997	2.88232119302325
7.0627795	3.29600962997835	3.67788664694427	2.85967484123949
7.1051985960961	3.24440241630746	3.59630045768455	2.84006652930545
7.14761769219219	3.2025534903201	3.54238249287405	2.84353799392007
7.19003678828829	3.17046285201625	3.50389815734308	2.82939428275716
7.23245588438438	3.14813050139592	3.47796911745964	2.82509784024142
7.27487498048048	3.135541808182	3.4932213209369	2.81634720726185
7.31729407657658	3.12580915439635	3.48930714803714	2.81574129219743
7.35971317267267	3.11979085636644	3.43223563936921	2.80011658151464
7.40213226876877	3.12307033880884	3.40823538451354	2.79342012196026
7.44455136486487	3.13517821743348	3.44591066834657	2.78513196606869
7.48697046096096	3.1479638211048	3.4548243876911	2.79068097767003
7.52938955705706	3.15460875998545	3.45768112267432	2.79643750323796
7.57180865315315	3.1545213234134	3.46776678811672	2.80054348094591
7.61422774924925	3.14986084815529	3.46048075113407	2.79827174678733
7.65664684534535	3.15118211125547	3.45869584205961	2.81370771173611
7.69906594144144	3.15222413907466	3.43898822903428	2.80633840054555
7.74148503753754	3.15469880173305	3.43577298674639	2.80432391789511
7.78390413363363	3.14123102823366	3.41738787198282	2.79885136398779
7.82632322972973	3.12406894770154	3.40789892179716	2.80701122895635
7.86874232582583	3.10664346891062	3.38434573428673	2.81164386232452
7.91116142192192	3.09288269066384	3.36359469090779	2.81616558833174
7.95358051801802	3.07699762275505	3.33693958793244	2.80264163582239
7.99599961411411	3.05164792830536	3.29730736024877	2.78838486434053
8.03841871021021	3.01540864728195	3.23534601307332	2.7726506049198
8.08083780630631	2.97449085956258	3.19345741253278	2.74448381361367
8.1232569024024	2.93005024636662	3.14026801071912	2.72650994123878
8.1656759984985	2.88684432568798	3.09113671517435	2.68885149409215
8.2080950945946	2.84264053704042	3.04210337538811	2.65982105879562
8.25051419069069	2.79942765380342	2.99577255604777	2.62177538734307
8.29293328678679	2.75657696516225	2.94673314252693	2.57715107888882
8.33535238288288	2.7140514966826	2.89462941748901	2.53533539525868
8.37777147897898	2.67214597023156	2.85120018884537	2.49912443973703
8.42019057507508	2.63158189969191	2.80243836537284	2.45900275839889
8.46260967117117	2.59235928506368	2.75707091934898	2.41898014968422
8.50502876726727	2.55447812634682	2.71668511143233	2.37933567383793
8.54744786336336	2.51765930085487	2.68258747191657	2.33813039108083
8.58986695945946	2.48095196013842	2.6496011380257	2.29847920249263
8.63228605555556	2.44534249062525	2.61633458181445	2.25918602976778
8.67470515165165	2.4109609772872	2.58222569204403	2.22158486152475
8.71712424774775	2.37780742012425	2.54819886635486	2.18553437547338
8.75954334384384	2.34588181913641	2.51752223465478	2.15099280123045
8.80196243993994	2.31518417432368	2.49062713606827	2.12014715525547
8.84438153603604	2.28571448568606	2.46193304325311	2.08904042720669
8.88680063213213	2.25747275322355	2.43722196114373	2.0579425195679
8.92921972822823	2.23045897693614	2.41540862471986	2.03039208076438
8.97163882432432	2.20467315682383	2.38969203466087	2.00011872822345
9.01405792042042	2.18011529288666	2.36695980929226	1.97369201092599
9.05647701651652	2.15678538512459	2.34508166626656	1.9460081015457
9.09889611261261	2.13468343353758	2.32452130341222	1.9225278748515
9.14131520870871	2.11380943812573	2.30441667763068	1.89425508943125
9.1837343048048	2.0935267898948	2.28692510063589	1.87366514189748
9.2261534009009	2.07352932105323	2.26821249294041	1.85516666793478
9.268572496997	2.05471046265418	2.24756050217388	1.83579271450931
9.31099159309309	2.03707748902514	2.23595799994206	1.8225532733716
9.35341068918919	2.01987965760123	2.22456081550232	1.80701973576783
9.39582978528529	2.00117096591578	2.20668111609782	1.79559039166233
9.43824888138138	1.98326009100687	2.18629497914933	1.77811014492437
9.48066797747748	1.96637377281259	2.16586562388523	1.7657055057671
9.52308707357357	1.95051201133299	2.14717923189315	1.75429996122563
9.56550616966967	1.93567480656798	2.12871860937738	1.7469567919666
9.60792526576577	1.92186215851764	2.10842158688456	1.74113336984804
9.65034436186186	1.90907406718194	2.09033030392934	1.73504095814404
9.69276345795796	1.89731053256087	2.07201177822421	1.73409142549982
9.73518255405406	1.88657155465443	2.05482793273835	1.72513028454168
9.77760165015015	1.87685713346264	2.03807187327555	1.72517877700752
9.82002074624625	1.86816726898551	2.01991209406341	1.71480250694483
9.86243984234234	1.86050196122299	2.00412516858055	1.71290647375266
9.90485893843844	1.85386121017512	1.98889596114609	1.70461841915918
9.94727803453453	1.8482450158419	1.97995927499649	1.6994674226068
9.98969713063063	1.8436533782233	1.9681104520001	1.69709037202157
10.0321162267267	1.84008629731936	1.96634752321145	1.68979328687204
10.0745353228228	1.83754377313005	1.97284468803198	1.68128001430026
10.1169544189189	1.83602580565538	1.98768592731941	1.67311510163125
10.159373515015	1.83456339343552	1.99795467616308	1.66612648980547
10.2017926111111	1.83172168318234	1.9941407484417	1.65963060490445
10.2442117072072	1.82945715729982	1.98906925311447	1.65114337362545
10.2866308033033	1.82738964224605	1.98611325649365	1.6483445429207
10.3290498993994	1.82219739640161	1.98400456281926	1.64150245831356
10.3714689954955	1.8162607099807	1.98141006100858	1.63297908136017
10.4138880915916	1.80988816797526	1.9778274417948	1.6356551558361
10.4563071876877	1.80285046341547	1.97417995169511	1.62880437812856
10.4987262837838	1.7960308267231	1.97049682880179	1.62146255274249
10.5411453798799	1.78943087041921	1.96611646770832	1.62245172380174
10.583564475976	1.78305059450386	1.95949825858854	1.62007659066324
10.6259835720721	1.77688999897703	1.95454765679979	1.6148832134492
10.6684026681682	1.77094908383871	1.94729236025998	1.61089521896254
10.7108217642643	1.76522784908889	1.94179446671943	1.60832746903595
10.7532408603604	1.75972629472763	1.93622007611577	1.60383780996027
10.7956599564565	1.75444442075487	1.92545899226205	1.60072706332533
10.8380790525526	1.74938222717062	1.91687971728897	1.59451570855723
10.8804981486486	1.74453971397491	1.90814164783114	1.58705105120412
10.9229172447447	1.73942671089525	1.8997726030339	1.57820217674701
10.9653363408408	1.73252035723741	1.88847364933352	1.56913691730724
11.0077554369369	1.72541597866596	1.87706551736385	1.56214874598429
11.050174533033	1.71830290867854	1.867724558675	1.55486117055613
11.0925936291291	1.71118114727517	1.85780030199384	1.5465042867223
11.1350127252252	1.70378992208192	1.84587094397795	1.53837248023148
11.1774318213213	1.69465708016114	1.83408263374603	1.53240092787774
11.2198509174174	1.68419271577824	1.82493508750377	1.52456848200662
11.2622700135135	1.67347242408891	1.81095923232268	1.51641422783921
11.3046891096096	1.66250356030477	1.80109925520686	1.50957031412289
11.3471082057057	1.65100281507237	1.79647598400483	1.50331216825291
11.3895273018018	1.6386225521176	1.78547686052586	1.49711915312099
11.4319463978979	1.62557750755113	1.77356073467278	1.49107129949031
11.474365493994	1.61207054028123	1.76178695694525	1.4811546940162
11.5167845900901	1.59815337097521	1.74998936345068	1.47518486723529
11.5592036861862	1.5839486589672	1.73678224001442	1.46729937347819
11.6016227822823	1.56945640425722	1.71563940250689	1.45643994729017
11.6440418783784	1.55467660684527	1.69658018224882	1.44395451993154
11.6864609744745	1.53961450721168	1.67942253298695	1.43215612899134
11.7288800705706	1.52429739543093	1.65777954104064	1.41964587487841
11.7712991666667	1.50863914041141	1.63634862935654	1.40842971393664
11.8137182627628	1.49267911745727	1.6184721539812	1.3935192171173
11.8561373588589	1.4765210271314	1.59938149542105	1.38090983536439
11.898556454955	1.46016494526344	1.58091504740519	1.37002215968134
11.9409755510511	1.44384457840577	1.55901637694385	1.35580026360752
11.9833946471471	1.42777128279763	1.5399510437236	1.33937053698126
12.0258137432432	1.41194214400829	1.52581408744974	1.32356818502064
12.0682328393393	1.39660834650804	1.50875683626537	1.30785024649891
12.1106519354354	1.38149681631089	1.49258747585179	1.29135501305411
12.1530710315315	1.36651706096239	1.47888805008889	1.27313141292303
12.1954901276276	1.35176547227972	1.46416759342644	1.25881992250976
12.2379092237237	1.3372356698796	1.44915134887165	1.24290385715927
12.2803283198198	1.32287014000008	1.43567528826336	1.22741320221559
12.3227474159159	1.30866888264116	1.41940721246151	1.21231033356829
12.365166512012	1.29463189780283	1.40379716976054	1.19918273585007
12.4075856081081	1.28075918548514	1.38734262783365	1.18568240402471
12.4500047042042	1.26705074568802	1.37383042655264	1.16910576846782
12.4924238003003	1.25350657841155	1.35940778726076	1.15360444514835
12.5348428963964	1.24012668365561	1.34268143952689	1.13595775657309
12.5772619924925	1.22679492415876	1.32749870859382	1.12130051759629
12.6196810885886	1.21343499522396	1.31045098674345	1.10627241813518
12.6621001846847	1.19976524022134	1.29391017987735	1.09207546728216
12.7045192807808	1.18587568043072	1.27717783511547	1.0776989611929
12.7469383768769	1.17218319973052	1.26212412612297	1.06080765620321
12.789357472973	1.15834800767928	1.24814724200084	1.04649399876838
12.8317765690691	1.14443063341414	1.23551200432033	1.03118227124775
12.8741956651652	1.1308154463068	1.21807328322443	1.01485814498941
12.9166147612613	1.11723712542007	1.20286877116434	0.999436371926094
12.9590338573574	1.10386120887364	1.18882722277857	0.984388591823719
13.0014529534535	1.09080043527891	1.17767557778248	0.96716160231498
13.0438720495496	1.07805480463588	1.16659265897962	0.955803659536925
13.0862911456456	1.06543834394726	1.15398052786399	0.940887460026098
13.1287102417417	1.05272525010974	1.14286884421829	0.924173772304733
13.1711293378378	1.03948612926399	1.13017330588215	0.911024888117852
13.2135484339339	1.02585925742064	1.11755140696331	0.898167139572554
13.25596753003	1.01253614348837	1.10466943577335	0.884198111160104
13.2983866261261	0.999518312889177	1.09130510422823	0.870300820090357
13.3408057222222	0.986805765623099	1.07945924492137	0.857631051661605
13.3832248183183	0.974398501690119	1.06956541963091	0.843618912518525
13.4256439144144	0.962296521090276	1.05939398352277	0.830870876270902
13.4680630105105	0.950499823823514	1.04928441741266	0.817434640634693
13.5104821066066	0.939008409889875	1.04066940547564	0.807513204509182
13.5529012027027	0.927822279289328	1.02948802064829	0.796797119024199
13.5953202987988	0.916941432021866	1.02148679207789	0.783515234663955
13.6377393948949	0.906365868087579	1.01491728641459	0.768719271680698
13.680158490991	0.896095587486342	1.00702558535242	0.758322153915974
13.7225775870871	0.886130590218217	1.00105225988881	0.745958826351375
13.7649966831832	0.876218919678292	0.992243482174278	0.736846447465353
13.8074157792793	0.866222142090835	0.981867298844591	0.727824215440721
13.8498348753754	0.856516680986513	0.971661566311601	0.717326628291903
13.8922539714715	0.847106609283493	0.964344388954658	0.710498681528844
13.9346730675676	0.83799192698187	0.955369076200386	0.70195055625008
13.9770921636637	0.829172634081617	0.946220089208697	0.693981807512854
14.0195112597598	0.820648730582676	0.938614038818442	0.686691610684788
14.0619303558559	0.812420216485141	0.93173624633028	0.677219634648369
14.104349451952	0.804487091788958	0.92704651138401	0.667879109497857
14.146768548048	0.796849356494124	0.921122481490318	0.660692918731046
14.1891876441441	0.7892615176489	0.916850607633045	0.652748289602228
14.2316067402402	0.781539223815015	0.909220358095329	0.644551626235103
14.2740258363363	0.774091804339172	0.900384848966689	0.639167757369294
14.3164449324324	0.766926522211272	0.893129072129119	0.634516987562659
14.3588640285285	0.760043377431332	0.883875720103648	0.630811314012388
14.4012831246246	0.753442369999321	0.874288969107776	0.627969158054229
14.4437022207207	0.747123499915254	0.865368005709187	0.623939296902125
14.4861213168168	0.741086767179128	0.859195244540933	0.621437714671297
14.5285404129129	0.735332171790969	0.85358486393982	0.617148940494573
14.570959509009	0.729859713750729	0.848299325705925	0.613475911150711
14.6133786051051	0.724669393058456	0.844114651413598	0.607802205781136
14.6557977012012	0.719761209714122	0.840760301198228	0.603203217767404
14.6982167972973	0.715135163717731	0.836584309458896	0.596733798344258
14.7406358933934	0.710791255069292	0.833611034874086	0.590944424024761
14.7830549894895	0.706729483768793	0.832270449234798	0.584069756344032
14.8254740855856	0.70294984981622	0.829823032653138	0.579041821751514
14.8678931816817	0.699452353211618	0.828298388952514	0.575114527255759
14.9103122777778	0.696236993954973	0.827622143862182	0.571184590872155
14.9527313738739	0.69330377204624	0.828111256051774	0.568079276928313
14.99515046997	0.690652687485465	0.828892072108364	0.565099633083657
15.0375695660661	0.688283740272647	0.82821439214242	0.560619841267029
15.0799886621622	0.686196930407765	0.830051508698095	0.556472378746098
15.1224077582583	0.684392257890822	0.83332899750645	0.552203878969302
15.1648268543544	0.682869722721838	0.835832123406123	0.549020755769736
15.2072459504505	0.681629324900789	0.839067008476859	0.542200185816087
15.2496650465465	0.680545385832332	0.842106469638078	0.539892038286931
15.2920841426426	0.678810424213161	0.841334545082901	0.539425776164632
15.3345032387387	0.675560113106967	0.83521306427197	0.537385917016517
15.3769223348348	0.672009691995884	0.82898601142146	0.533293562389306
15.4193414309309	0.667911850019155	0.822102011642121	0.532125175559638
15.461760527027	0.663730461002539	0.813986603404019	0.528927787111373
15.5041796231231	0.659754323136855	0.806683330245352	0.527159121055507
15.5465987192192	0.655983436422076	0.799026315862763	0.525917185745058
15.5890178153153	0.652417800858221	0.791487541060008	0.523020715640306
15.6314369114114	0.649057416445289	0.782894725825637	0.521349697029494
15.6738560075075	0.645902283183242	0.773674404320219	0.519942440022116
15.7162751036036	0.642952401072124	0.766500588437769	0.518080826649067
15.7586941996997	0.640207770111942	0.759626144257113	0.517344201841159
15.8011132957958	0.637668390302611	0.753505699848333	0.51537330880063
15.8435323918919	0.635334261644285	0.746635894265333	0.513402874389597
15.885951487988	0.633205384136816	0.739327166810248	0.512522459837452
15.9283705840841	0.631281757780275	0.733772449219616	0.511186492555031
15.9707896801802	0.629563382574637	0.728642400750594	0.509107087317815
16.0132087762763	0.628050258519917	0.723069859680036	0.509250641091325
16.0556278723724	0.626742385616144	0.719712993693948	0.508072188176232
16.0980469684685	0.625639763863252	0.718550603409195	0.506528341189441
16.1404660645646	0.624742393261272	0.717255874210422	0.503014857058691
16.1828851606607	0.624050273810239	0.717817261430935	0.50252996770867
16.2253042567568	0.623563405510083	0.719835437358689	0.502216080560467
16.2677233528529	0.623281788360865	0.723120196998552	0.502142028886343
16.310142448949	0.623205422362554	0.726000371560926	0.50231545320882
16.352561545045	0.623334307515162	0.730220433574532	0.499276668559963
16.3949806411411	0.623668443818678	0.736126537055983	0.499578865337594
16.4373997372372	0.624207817360758	0.740459460467841	0.500098564138678
16.4798188333333	0.623093550934442	0.741102402430067	0.500908005444336
16.5222379294294	0.619898097311568	0.734889218809921	0.502960520121977
16.5646570255255	0.616844406760904	0.728093727130514	0.503728616032789
16.6070761216216	0.613947168736457	0.721586680672327	0.503494055206054
16.6494952177177	0.611206383238279	0.714915829856927	0.502017795090405
16.6919143138138	0.608622050266354	0.709948179550111	0.501195415122505
16.7343334099099	0.606194169820646	0.704043493948661	0.500003791390669
16.776752506006	0.603922741901209	0.698781606094396	0.498354383380838
16.8191716021021	0.601807766508004	0.692800227644473	0.497418915509625
16.8615906981982	0.599849243641035	0.688385855620078	0.497023772574398
16.9040097942943	0.59804717330036	0.685136688606691	0.496033280195238
16.9464288903904	0.59640155548585	0.682073877616438	0.494573899825414
16.9888479864865	0.594912390197662	0.678499670301394	0.492468149421503
17.0312670825826	0.59357967743568	0.675316026911534	0.491481784335433
17.0736861786787	0.592403417199948	0.673045236086746	0.489496904835235
17.1161052747748	0.591383609490462	0.673653827780446	0.487220463502702
17.1585243708709	0.590520254307247	0.675179799726056	0.485119961784788
17.200943466967	0.589813351650252	0.675937976697825	0.482263674169834
17.2433625630631	0.589196073269996	0.679928301713259	0.479269875615374
17.2857816591592	0.588004040175287	0.679889013639132	0.475867296968862
17.3282007552553	0.585653765070942	0.674739811096433	0.472664159324939
17.3706198513514	0.582563176505241	0.669169321327214	0.46990410174941
17.4130389474474	0.579607561575931	0.663620512372966	0.464842574440224
17.4554580435435	0.576786920283044	0.658599851014357	0.465579421186592
17.4978771396396	0.574101252626639	0.655128512398607	0.462182708829235
17.5402962357357	0.571550558606623	0.654045544138266	0.45696979021054
17.5827153318318	0.569114690084947	0.655776941898858	0.452033463033457
17.6251344279279	0.566220970399898	0.651346331894176	0.449717193962762
17.667553524024	0.563181803885324	0.646725199852178	0.447892617600012
17.7099726201201	0.560270203897416	0.645891944581917	0.443974676474599
17.7523917162162	0.557446184094303	0.643863402115984	0.440155395912586
17.7948108123123	0.554173865519293	0.639591673671311	0.436367575735231
17.8372299084084	0.550835231413132	0.633988787480977	0.432677762086615
17.8796490045045	0.547617262257093	0.6291396895806	0.429150146746272
17.9220681006006	0.544519958050989	0.623495403202498	0.425719850403364
17.9644871966967	0.541543318794939	0.619412396307658	0.422341005381603
18.0069062927928	0.538687344488934	0.616012096853042	0.419741046041746
18.0493253888889	0.535952035132922	0.615845442295002	0.417752635929541
18.091744484985	0.53333739072694	0.615921416253962	0.413769372954706
18.1341635810811	0.53067617604626	0.615600516754126	0.411870222852735
18.1765826771772	0.527629684549135	0.611352106074857	0.409079104004027
18.2190017732733	0.524666728428809	0.608938006585098	0.404273066763973
18.2614208693694	0.521759790100857	0.608760667321996	0.401378853119435
18.3038399654655	0.518350878232293	0.603226496924561	0.396864301539868
18.3462590615616	0.514896178248852	0.597079516873529	0.391783508797701
18.3886781576577	0.511554912136035	0.593426291179074	0.386786635507371
18.4310972537538	0.508327079893964	0.59077564458871	0.381748772995181
18.4735163498499	0.505205027152004	0.59002309344248	0.376616990506612
18.5159354459459	0.501675130910035	0.586637278809952	0.372221407276409
18.558354542042	0.497938410900224	0.580188227209357	0.367506188571299
18.6007736381381	0.494310104286839	0.574882454778395	0.362865573444177
18.6431927342342	0.490790211069737	0.569644370010083	0.358423598864179
18.6856118303303	0.487378731249026	0.566424453819952	0.356041114261004
18.7280309264264	0.48407566482464	0.565374543127857	0.353739080675797
18.7704500225225	0.480881011796614	0.565081700596303	0.351220761670184
18.8128691186186	0.477794772164906	0.565664799055498	0.348393850176911
18.8552882147147	0.47481694592959	0.56722554719632	0.344903635724247
18.8977073108108	0.471919803224128	0.568870767195262	0.341496201954908
18.9401264069069	0.468621354142965	0.563378265196575	0.337800499119628
18.982545503003	0.465239741868849	0.557096797675055	0.333833057794899
19.0249645990991	0.461965696432941	0.554301231666361	0.330983396735216
19.0673836951952	0.458799217835198	0.552656610589028	0.328269088802672
19.1098027912913	0.455740306075647	0.551723302746372	0.323155645350769
19.1522218873874	0.452788961154315	0.551386344836156	0.318571442974667
19.1946409834835	0.449945183071123	0.552839427640606	0.315912045326165
19.2370600795796	0.447208971826165	0.554485945714629	0.314133118686528
19.2794791756757	0.444580327419345	0.555889424956496	0.310582875588063
19.3218982717718	0.441736051398342	0.556566758840737	0.307060086826337
19.3643173678679	0.437899179119145	0.549723117182824	0.304025268023023
19.406736463964	0.4340666478787	0.542987338134872	0.300108934740389
19.4491555600601	0.43033756458061	0.535413605879386	0.296742094894537
19.4915746561562	0.426711929224983	0.528020361918046	0.293090289997412
19.5339937522523	0.423189741811723	0.521397492799711	0.288767657465566
19.5764128483484	0.419771002340883	0.515584423607913	0.285846757146068
19.6188319444444	0.416455710812425	0.510557581850572	0.283285783570128
19.6612510405405	0.413243867226364	0.508292527768494	0.280211306638737
19.7036701366366	0.410135471582724	0.505302163035501	0.276706892262014
19.7460892327327	0.407130523881481	0.503380830659065	0.274747479816394
19.7885083288288	0.404229024122625	0.50245853899127	0.271159385523278
19.8309274249249	0.401430972306183	0.501592353217082	0.268932296001007
19.873346521021	0.398736368432112	0.50294237465951	0.26556822760782
19.9157656171171	0.396145212500475	0.503159143260764	0.262321831183172
19.9581847132132	0.393657504511239	0.504267378529061	0.25914967473939
20.0006038093093	0.391273244464394	0.505874848366811	0.256470708192009
20.0430229054054	0.388992432359944	0.507418086163322	0.254941751655566
20.0854420015015	0.386815068197876	0.509417364354664	0.253814826256457
20.1278610975976	0.384741151978253	0.511367127495921	0.252253301682764
20.1702801936937	0.382770683701007	0.514216751163104	0.249872892759047
20.2126992897898	0.380903663366168	0.517084593845943	0.247260399293419
20.2551183858859	0.37914009097371	0.519268089893202	0.245666005295396
20.297537481982	0.377479966523659	0.521252081798104	0.244802807865148
20.3399565780781	0.375923290016045	0.523990179819011	0.242751065406254
20.3823756741742	0.374470061450771	0.527476366740662	0.240994880269469
20.4247947702703	0.373120280827949	0.531483002007973	0.238744908241979
20.4672138663664	0.371873948147492	0.534949924150214	0.235612039509377
20.5096329624625	0.370609926655985	0.538832497614251	0.232512532127736
20.5520520585586	0.367301259164111	0.534429898628801	0.229988196649068
20.5944711546547	0.36326462503467	0.527158573697736	0.227532260758657
20.6368902507508	0.359327245709123	0.520680422176466	0.223834886892836
20.6793093468468	0.35548912118746	0.513119338813927	0.221111875547362
20.7217284429429	0.351750251469695	0.505983755268445	0.21853234405452
20.764147539039	0.348110636555817	0.499307567857107	0.217236539137988
20.8065666351351	0.344570276445825	0.492299866582211	0.217618423720193
20.8489857312312	0.3411291711397	0.485589990355901	0.214427878486313
20.8914048273273	0.337787320637496	0.479931150467204	0.213253001095991
20.9338239234234	0.334544724939141	0.474788755581096	0.209824808176731
20.9762430195195	0.331401384044723	0.470095643595568	0.208005002560277
21.0186621156156	0.328357297954154	0.465287408402856	0.205645296782665
21.0610812117117	0.325412466667462	0.461526859451281	0.204507242948967
21.1035003078078	0.32256689018469	0.460690473595416	0.202121719375633
21.1459194039039	0.319820568505801	0.460503622872419	0.199591083435828
21.1883385	0.317173501630792	0.459302570381256	0.197239500786607
21.2307575960961	0.314625689559667	0.459782420731192	0.195226700725574
21.2731766921922	0.312177132292423	0.461892061470277	0.192895862369242
21.3155957882883	0.309827829829074	0.464805039960949	0.191462771668468
21.3580148843844	0.307577782169626	0.468376537724164	0.188583662350578
21.4004339804805	0.305426989314042	0.471961400929635	0.187073174785672
21.4428530765766	0.30337545126236	0.474800687924238	0.183795759639532
21.4852721726727	0.301423168014557	0.477713017001846	0.182913432790606
21.5276912687688	0.29957013957064	0.481223071800384	0.180649336119774
21.5701103648649	0.297816365930649	0.483855162936529	0.17926910359162
21.612529460961	0.296161847094477	0.48734228268275	0.176242633547027
21.6549485570571	0.294606583062221	0.491278193767988	0.175207387735673
21.6973676531532	0.293150573833888	0.494465445622863	0.174783399733618
21.7397867492493	0.29163447477077	0.49590805678088	0.173089576404834
21.7822058453453	0.289617637188829	0.49012591138252	0.173012880134509
21.8246249414414	0.287643140639149	0.483344484294487	0.173208432632124
21.8670440375375	0.285768639954684	0.476928477426932	0.173139404343056
21.9094631336336	0.283994135135444	0.470495222102883	0.170793035337264
21.9518822297297	0.282319626181352	0.464142050759183	0.170563427172323
21.9943013258258	0.280745113092454	0.457907843035546	0.169648728551068
22.0367204219219	0.279270595868771	0.451773608026556	0.169120306181033
22.079139518018	0.277896074510275	0.445591593748545	0.168555275173024
22.1215586141141	0.276621549016924	0.439812634243363	0.167474917015771
22.1639777102102	0.27544701938882	0.433983369438151	0.166943911189368
22.2063968063063	0.274372485625848	0.428255340363138	0.166563567331733
22.2488159024024	0.273397947728124	0.422606409462274	0.166228167812626
22.2912349984985	0.272523405695563	0.417062856076735	0.165953514393241
22.3336540945946	0.271748859528202	0.411650550757696	0.164468775922909
22.3760731906907	0.271074309226015	0.408496591647514	0.163917047746555
22.4184922867868	0.270499754789035	0.40379713203328	0.164461222674612
22.4609113828829	0.270025196217246	0.40082465710351	0.16364613397431
22.503330478979	0.269650633510624	0.400566601745768	0.163559903055137
22.5457495750751	0.269376066669196	0.39940647336077	0.16167967693639
22.5881686711712	0.269201495692995	0.399390195501654	0.162734446236322
22.6305877672673	0.269126920581946	0.399624868623343	0.162197849619885
22.6730068633634	0.269152341336107	0.399378298842408	0.160410778337048
22.7154259594595	0.269277757955453	0.400991488840819	0.160915427986476
22.7578450555556	0.269503170439982	0.404883033304243	0.162689735856794
22.8002641516517	0.269828578789713	0.409212318093466	0.163327456579219
22.8426832477478	0.27025398300462	0.411575034973008	0.162574207047721
22.8851023438438	0.270779383084735	0.415214611432769	0.16287680998016
22.9275214399399	0.271404779030015	0.420718145653617	0.163594450007288
22.969940536036	0.272130170840507	0.425573701992285	0.163933728769112
23.0123596321321	0.272955558516189	0.429226296338847	0.164116834626073
23.0547787282282	0.273880942057043	0.434340197231299	0.165088679859183
23.0971978243243	0.274906321463099	0.439735499974668	0.164989437193422
23.1396169204204	0.276031696734352	0.445209837915871	0.164982954890879
23.1820360165165	0.27725706787079	0.450772750965287	0.166589758085471
23.2244551126126	0.278582434872407	0.455776739506191	0.168092636838038
23.2668742087087	0.280007797739246	0.460797240596514	0.169763357255544
23.3092933048048	0.281533156471237	0.466378713069177	0.170938050237418
23.3517124009009	0.283158511068427	0.472536813968962	0.172273111627036
23.394131496997	0.284883861530839	0.477861814018299	0.173750483344405
23.4365505930931	0.286709207858387	0.483258643581389	0.174698182116167
23.4789696891892	0.288634550051153	0.488738604829675	0.176906176995988
23.5213887852853	0.290659888109144	0.494301697763673	0.179366348987796
23.5638078813814	0.292785222032267	0.499947922383286	0.181651987571898
23.6062269774775	0.295010551820617	0.505666826816701	0.184087290536585
23.6486460735736	0.297335877474143	0.511486537316981	0.18444118631339
23.6910651696697	0.299758471269021	0.517325020637677	0.187305556685296
23.7334842657658	0.301837391374138	0.516701635207332	0.188624182664052
23.7759033618619	0.303696246850089	0.514245595096982	0.189740569424474
23.818322457958	0.305658370701199	0.510855294237042	0.189965630503662
23.8607415540541	0.30772376292749	0.509122331104578	0.190910789846834
23.9031606501502	0.309892423528945	0.50679892800131	0.193241860684714
23.9455797462462	0.312164352505598	0.507459712759086	0.194007084641779
23.9879988423423	0.314539549857423	0.510984067233531	0.195108004501035
24.0304179384384	0.317018015584432	0.516038800882938	0.195719419278409
24.0728370345345	0.319599749686589	0.521475867709692	0.1977954281411
24.1152561306306	0.322284752163926	0.527502141836761	0.200559458911231
24.1576752267267	0.325073023016431	0.534416312588446	0.204509550117532
24.2000943228228	0.327753816632118	0.538795733073254	0.206828621052349
24.2425134189189	0.329855489596667	0.534245509495682	0.208793678776934
24.284932515015	0.332011777951999	0.52872574898658	0.20982929709548
24.3273516111111	0.334275302163599	0.523524143661553	0.21124067984618
24.3697707072072	0.336646062231452	0.519622014445576	0.213272081576941
24.4121898033033	0.339124058155576	0.51626723750337	0.216533848341898
24.4546088993994	0.341709289935936	0.513006663292644	0.216368976342954
24.4970279954955	0.344401757572595	0.510798743093163	0.216593938354234
24.5394470915916	0.347201461065477	0.511967166214751	0.217869932460619
24.5818661876877	0.35010840041464	0.513583591796168	0.219295834161004
24.6242852837838	0.353122575620024	0.518059105340822	0.221710449730212
24.6667043798799	0.356243986681731	0.522028296960785	0.224059966973434
24.709123475976	0.359472633599656	0.526830518511365	0.227250034165945
24.7515425720721	0.362808516373823	0.530357326736902	0.228539615408972
24.7939616681682	0.366251635004296	0.536919934574498	0.229141923534595
24.8363807642643	0.369801989490995	0.544869827165794	0.232401181492216
24.8787998603604	0.373459579833971	0.552269808810369	0.233488019435414
24.9212189564565	0.377224406033199	0.559928524552633	0.234989054896506
24.9636380525526	0.381096468088674	0.567663220537738	0.237619804079789
25.0060571486487	0.385075766000451	0.575475159570296	0.240962144545921
25.0484762447447	0.388666205271367	0.579749629964566	0.243795301852578
25.0908953408408	0.391180579431063	0.575281719491218	0.246755056800774
25.1333144369369	0.393754836286246	0.571218013758705	0.248001874412111
25.175733533033	0.396442230913603	0.56833545975896	0.24938359025895
25.2181526291291	0.39924276331305	0.565371980690132	0.251809172145402
25.2605717252252	0.402156433484626	0.563302599325137	0.254166277376487
25.3029908213213	0.405183241428379	0.563265000637799	0.257350961217175
25.3454099174174	0.40832318714421	0.564395289807477	0.260432792061746
25.3878290135135	0.411576270632227	0.565468705053964	0.264145501449553
25.4302481096096	0.414942491892353	0.571294680979166	0.267473446047166
25.4726672057057	0.418421850924613	0.577112561049349	0.271143040631593
25.5150863018018	0.422014347729	0.583632738958301	0.274918714706862
25.5575053978979	0.425719982305519	0.590077397774508	0.278114334529693
25.599924493994	0.429538754654222	0.598679190933586	0.281535967422189
25.6423435900901	0.433411796851389	0.606468988947364	0.285090475065732
25.6847626861862	0.436285930437367	0.608702204043598	0.288195062263844
25.7271817822823	0.438807314272247	0.607463343871453	0.292342869066058
25.7696008783784	0.440948103293885	0.607955267731292	0.296442652283052
25.8120199744745	0.443072213771724	0.605264160801826	0.300222502925463
25.8544390705706	0.445313778901258	0.60279413630225	0.303922820116512
25.8968581666667	0.447672798682425	0.60384959681138	0.30796051965247
25.9392772627628	0.450149273115299	0.606614201295593	0.311956702799189
25.9816963588589	0.45255182598647	0.610923960390742	0.316286637709057
26.024115454955	0.454598394257255	0.611144652155255	0.32053481418702
26.0665345510511	0.456738019881985	0.608500228931433	0.324245714866135
26.1089536471471	0.458992563771141	0.606438596268506	0.328765939969381
26.1513727432432	0.461362025924772	0.604959177071005	0.332624166955902
26.1937918393393	0.463846406342867	0.60332218764843	0.33684918868932
26.2362109354354	0.466445705025431	0.601632634948554	0.340566215761576
26.2786300315315	0.469159921972473	0.602861380861912	0.344534109454145
26.3210491276276	0.471989057183956	0.604457167301156	0.349381646479545
26.3634682237237	0.47493311065994	0.605708677653508	0.352564601468333
26.4058873198198	0.477992082400364	0.603842689453056	0.356209524551648
26.4483064159159	0.481165972405252	0.604967098903936	0.361134446665133
26.490725512012	0.48445478067461	0.606847532845419	0.365992657663281
26.5331446081081	0.487858507208444	0.608124890759641	0.369150109370788
26.5755637042042	0.491377152006743	0.609277511219665	0.373614437067067
26.6179828003003	0.495010715069491	0.610397054009011	0.378579085902854
26.6604018963964	0.498759196396706	0.611965610970831	0.382678588396613
26.7028209924925	0.502622595988427	0.614517398384045	0.388213468250716
26.7452400885886	0.506600913844572	0.617666254366096	0.394200891175916
26.7876591846847	0.510694149965185	0.620070786932153	0.399365363880398
26.8300782807808	0.514902304350277	0.622721172221226	0.403429565910375
26.8724973768769	0.519225376999833	0.625285896251245	0.408364860389026
26.914916472973	0.523663367913848	0.627427581446388	0.412956876368568
26.9573355690691	0.528216277092347	0.631703202774955	0.417337241291821
26.9997546651652	0.532884104535287	0.634069086778079	0.423084568447949
27.0421737612613	0.537666850242713	0.636291953887735	0.429538821349606
27.0845928573574	0.542564514214589	0.640163214049441	0.435001121294424
27.1270119534535	0.547577096450955	0.644094693495941	0.439734621246544
27.1694310495496	0.552704596951771	0.648304249148891	0.445203816044756
27.2118501456456	0.557947015717031	0.652988790123267	0.451415543029559
27.2542692417417	0.5633043527468	0.657795368984409	0.457305662225704
27.2966883378378	0.568776608040999	0.662501011598464	0.463675363995141
27.3391074339339	0.574363781599696	0.666763070289459	0.470297721993689
27.38152653003	0.580065873422826	0.672559098921904	0.476750192906984
27.4239456261261	0.585882883510442	0.675532206373006	0.482696091513536
27.4663647222222	0.591814811862504	0.680488256393761	0.486794542439437
27.5087838183183	0.597861658479088	0.686878774733521	0.493362611371507
27.5512029144144	0.604023423360063	0.693914513012664	0.498404344617587
27.5936220105105	0.610300106505556	0.70089374651241	0.505737407034808
27.6360411066066	0.6166917079155	0.708734887644032	0.512351139374313
27.6784602027027	0.623198227589884	0.715634814261207	0.519626894693121
27.7208792987988	0.629819665528777	0.723740846890344	0.523947973645021
27.7632983948949	0.636556021732109	0.73201150739371	0.530267339554824
27.805717490991	0.643407296199912	0.739028979583171	0.536738356098645
27.8481365870871	0.650373488932188	0.747719751567532	0.543319145894467
27.8905556831832	0.657454599928933	0.756242595940858	0.548537731746206
27.9329747792793	0.664650629190127	0.765779580410732	0.555975071821244
27.9753938753754	0.671961576715795	0.775948082198977	0.563298029643277
28.0178129714715	0.679387442505918	0.784497083167978	0.569560300536849
28.0602320675676	0.686928226560537	0.793738030789264	0.576537997806966
28.1026511636637	0.694583928879598	0.804000202943287	0.583367462030397
28.1450702597598	0.702354549463127	0.813229071823222	0.589651162453337
28.1874893558559	0.710240088311141	0.824485354455543	0.597443947933858
28.229908451952	0.718240545423584	0.834708839909136	0.604690969613924
28.2723275480481	0.72602218489866	0.841614457793422	0.611648057828326
28.3147466441441	0.733373282469361	0.843883504479375	0.619647446906632
28.3571657402402	0.740831698773098	0.84747283325834	0.627272752814938
28.3995848363363	0.748410950084587	0.851942405201417	0.634854841423471
28.4420039324324	0.756111036403733	0.854956469114677	0.642974305163153
28.4844230285285	0.763931957730558	0.861866405610846	0.650685240004199
28.5268421246246	0.771873714065076	0.869441314862858	0.659334628986435
28.5692612207207	0.779936305407237	0.874857636843273	0.669477292893717
28.6116803168168	0.788119731757105	0.880192189760026	0.678220280418976
28.6540994129129	0.796423993114674	0.88589326770269	0.686246782470701
28.696518509009	0.804849089479901	0.892023437535373	0.694958744041868
28.7389376051051	0.813395020852785	0.899776284175877	0.703343134706181
28.7813567012012	0.822061787233386	0.908733123971011	0.712407096590831
28.8237757972973	0.83084938862167	0.917768943645953	0.721061129672917
28.8661948933934	0.83975782501762	0.928233556161826	0.729752296958974
28.9086139894895	0.848787096421225	0.939282565761895	0.738553147785872
28.9510330855856	0.857691309102734	0.948839062018163	0.746467792161592
28.9934521816817	0.865837991612956	0.954484830926981	0.755291264215526
29.0358712777778	0.874036045117051	0.959326868117526	0.764805329541394
29.0782903738739	0.882364765388872	0.967163000888554	0.774293065538203
29.12070946997	0.890824152428493	0.974767116789237	0.782132280911528
29.1631285660661	0.899414206235854	0.983013400681677	0.79158311907746
29.2055476621622	0.908134926811009	0.992053315113188	0.80105400465244
29.2479667582583	0.916986314153929	1.00116530768785	0.811033263882696
29.2903858543544	0.925968368264606	1.00982132571607	0.819621176300573
29.3328049504505	0.935081089143078	1.01949177004565	0.828016193812196
29.3752240465465	0.94432447678931	1.0290714189736	0.835649975719307
29.4176431426426	0.953698531203322	1.03918830711845	0.844903525725378
29.4600622387387	0.963203252385095	1.04777608738906	0.853377257094804
29.5024813348348	0.972838640334648	1.05704827885713	0.862520400984157
29.5449004309309	0.98260469505195	1.06768759893492	0.871368432666287
29.587319527027	0.992501416537059	1.07989244377679	0.879193188765166
29.6297386231231	1.0025288047899	1.09260057293843	0.889079481211458
29.6721577192192	1.01239819433418	1.10289609700151	0.898264726679323
29.7145768153153	1.02134464017452	1.11178513965852	0.906950550903201
29.7569959114114	1.03034476830287	1.12036734610455	0.91816930441685
29.7994150075075	1.03949818849913	1.13276539172099	0.924952372478184
29.8418341036036	1.04880490076327	1.14296154808095	0.935871003014872
29.8842531996997	1.05826490509526	1.15202436566484	0.947916456885593
29.9266722957958	1.06783237139282	1.16182801269815	0.954560371974959
29.9690913918919	1.07650321614624	1.17107699736498	0.965420062431819
30.011510487988	1.08490566648593	1.18075201973811	0.975913937986584
30.0539295840841	1.09348681951693	1.19168902568799	0.985540260893707
30.0963486801802	1.10224667523926	1.20317093654986	0.992696252130986
30.1387677762763	1.11029240871839	1.21208055631287	1.00310340159653
30.1811868723724	1.1176149300079	1.2210261908474	1.01321662278545
30.2236059684685	1.12515135971402	1.22879888905751	1.02358020780635
30.2660250645646	1.13290178132723	1.23733190741642	1.03235117556077
30.3084441606607	1.14080757800847	1.24288538642875	1.04085931702977
30.3508632567568	1.1481889956039	1.24859135435418	1.04895590359516
30.3932823528529	1.15558051629765	1.25672518104207	1.0572814040616
30.435701448949	1.16321018882831	1.26413130731681	1.06374122147811
30.478120545045	1.17107801319587	1.27287483285259	1.06940433684974
30.5205396411411	1.17918398940035	1.28162664946001	1.07806879096219
30.5629587372372	1.18752811744174	1.29024651811724	1.08576388127201
30.6053778333333	1.19611039732005	1.2982707039219	1.09064226562537
30.6477969294294	1.20493082903526	1.30712801148724	1.09770125533456
30.6902160255255	1.21398941258739	1.31683483143861	1.1059627979918
30.7326351216216	1.22328614797644	1.32985767677507	1.11167972104816
30.7750542177177	1.23282103520241	1.34210771764513	1.11724645046047
30.8174733138138	1.24242723978023	1.3538061294373	1.12232518537992
30.8598924099099	1.25144047188783	1.36032489538179	1.13046220936278
30.902311506006	1.2600715312174	1.36936157494932	1.13600221478297
30.9447306021021	1.26854644597419	1.37722382402275	1.14211775278123
30.9871496981982	1.27713773490292	1.38690341188203	1.15000975574843
31.0295687942943	1.28430287498464	1.39053845568727	1.15991982186248
31.0719878903904	1.2914664351188	1.39915460335718	1.16855778362499
31.1144069864865	1.29904538692777	1.40453911660598	1.17810908653013
31.1568260825826	1.30703973041155	1.41259057672428	1.18732826574967
31.1992451786787	1.31544946557018	1.42490365773679	1.19595321968171
31.2416642747748	1.32427459240361	1.43609825599446	1.20517740822615
31.2840833708709	1.33351511091187	1.44712702226456	1.21237671105262
31.326502466967	1.3430368093708	1.45840875408249	1.22241832170542
31.3689215630631	1.3519467084031	1.46759473933421	1.22791098277819
31.4113406591592	1.36112515465859	1.4726736770903	1.23432396165887
31.4537597552553	1.37080120772649	1.4844807103302	1.24296090094813
31.4961788513514	1.38034986953642	1.49489034649292	1.24780640340821
31.5385979474474	1.38931851968312	1.50185221810053	1.25314006061314
31.5810170435435	1.39835002751779	1.50850097955728	1.25936219034574
31.6234361396396	1.40798986054621	1.5181156171052	1.26680514043133
31.6658552357357	1.41823801876832	1.52890932112964	1.27192252569405
31.7082743318318	1.4290789469893	1.54036048279461	1.28268968425841
31.7506934279279	1.43948988726476	1.54935791789001	1.29370261062927
31.793112524024	1.44995090078478	1.56064935437321	1.3047301361912
31.8355316201201	1.46111760439623	1.56910013376932	1.31439553875199
31.8779507162162	1.47298999809918	1.58157321828815	1.32820909494372
31.9203698123123	1.48556808189353	1.59618588970447	1.34056929795273
31.9627889084084	1.49876189090264	1.61111268451142	1.35372201787261
32.0052080045045	1.51033786924145	1.62307468617453	1.36384734267861
32.0476271006006	1.5217500427534	1.63263501076122	1.37359292239743
32.0900461966967	1.53269704615082	1.64545116604368	1.38236214379159
32.1324652927928	1.54222146990844	1.65574345861038	1.3841805157236
32.1748843888889	1.5497918898501	1.66751832265564	1.38468299203938
32.217303484985	1.55815949002367	1.68048437882082	1.38385351330143
32.2597225810811	1.56581256843961	1.69046320530085	1.37863162674834
32.3021416771772	1.5745221891367	1.70595868070009	1.38539528989033
32.3445607732733	1.58455775980207	1.72058043463407	1.39117838335423
32.3869798693694	1.5943001128245	1.73651711372428	1.38846756551876
32.4293989654655	1.60438169888081	1.75160962948875	1.38506764764735
32.4718180615616	1.61067288871951	1.76425136627119	1.38196675368484
32.5142371576577	1.61360393433871	1.77300365164728	1.3545000274739
32.5566562537538	1.61807296267733	1.78342630038111	1.35334428210512
32.5990753498499	1.62424399713473	1.79528254359684	1.33847011708634
32.641494445946	1.63211703771099	1.80429294648082	1.31795880850458
32.683913542042	1.6416920844061	1.8158780806858	1.3225632846326
32.7263326381381	1.65296913722004	1.83263571485944	1.30528320198307
32.7687517342342	1.66594819615281	1.84802708455567	1.32045403222278
32.8111708303303	1.68062926120441	1.86282876870837	1.31996750373383
32.8535899264264	1.69657676721186	1.87800683827529	1.33531378066579
32.8960090225225	1.70736836700741	1.89102419754609	1.34776491618567
32.9384281186186	1.71771641210049	1.90456105649825	1.35342678784825
32.9808472147147	1.73010333534298	1.91840479627896	1.38729625680395
33.0232663108108	1.74452913673496	1.93356328926311	1.39945667125493
33.0656854069069	1.76099381627634	1.94854987956992	1.39878154324344
33.108104503003	1.77880577327306	1.96339348877169	1.40819243308014
33.1505235990991	1.79043729314526	1.97849621993333	1.41326834299024
33.1929426951952	1.80088662223514	1.99409287482767	1.42331303326171
33.2353617912913	1.81273134333545	2.00969169410807	1.42775961767143
33.2777808873874	1.82187794556898	2.02484033651637	1.43933693677319
33.3201999834835	1.83043542246206	2.03508899941691	1.44501003684259
33.3626190795796	1.840563576345	2.04968290821559	1.43817852773807
33.4050381756757	1.85046273835141	2.0652007214793	1.44599212940416
33.4474572717718	1.86163515526071	2.08626869717082	1.45158382721299
33.4898763678679	1.874429515996	2.10143149151741	1.48170759329687
33.532295463964	1.88884582055725	2.11866937148211	1.50196465737172
33.5747145600601	1.90488406894449	2.13459236261195	1.52991030827888
33.6171336561562	1.92254426115771	2.15225921246721	1.55686382053065
33.6595527522523	1.9418263971969	2.16883020807647	1.58496836711555
33.7019718483484	1.96273047706208	2.18814052690223	1.62651710718144
33.7443909444444	1.98525650075325	2.20536928430558	1.66521128505496
33.7868100405405	2.00904110641459	2.22033528039315	1.70591596337038
33.8292291366366	2.03336420261762	2.24805764684811	1.75703451705749
33.8716482327327	2.05896786963427	2.27342004467399	1.80817112579535
33.9140673288288	2.0858957756421	2.2973171732085	1.86048199955875
33.9564864249249	2.11414792064106	2.31731813464332	1.898736988178
33.998905521021	2.14359609278687	2.33874655896621	1.9344431052692
34.0413246171171	2.1722977996821	2.38065182637723	1.96944925389368
34.0837437132132	2.20055617958605	2.45808342881293	2.00106210056131
34.1261628093093	2.22825625309844	2.53799902784719	2.02827694173948
34.1685819054054	2.25535390984037	2.59735021807579	2.05162245827368
34.2110010015015	2.28230144594746	2.65155903333195	2.07532922207548
34.2534200975976	2.30910118651746	2.71941127802253	2.09144692638373
34.2958391936937	2.33576866224998	2.76025537660491	2.11848928433645
34.3382582897898	2.36210367098026	2.79176078249276	2.14217824307227
34.3806773858859	2.38804269590133	2.8332229961127	2.16207626748544
34.423096481982	2.41384581524762	2.86231580032187	2.18418010041721
34.4655155780781	2.44113521493054	2.89657351853191	2.20360114393918
34.5079346741742	2.46857297749669	2.93950011737985	2.22360824302627
34.5503537702703	2.49478055537124	2.96749564313399	2.24428342645306
34.5927728663664	2.5199922942827	2.99974260481285	2.26695980805901
34.6351919624625	2.54549546188902	3.02508968136032	2.28385446049134
34.6776110585586	2.56997458064915	3.04498530418532	2.30142510597662
34.7200301546547	2.59316691062074	3.08127883800251	2.32415328491456
34.7624492507508	2.6150724518037	3.10888040174006	2.35601075134492
34.8048683468469	2.63742513182204	3.13770405847166	2.37684732438947
34.8472874429429	2.66349787352065	3.16128527386048	2.40247911469149
34.889706539039	2.68832533578798	3.16320041263587	2.42193280838568
34.9321256351351	2.71359501706664	3.1824530601852	2.44328565307818
34.9745447312312	2.73811025694297	3.20404438035598	2.46524456845002
35.0169638273273	2.76258094141693	3.22572203035229	2.48580013808887
35.0593829234234	2.78650387298991	3.24269815638637	2.50962491329557
35.1018020195195	2.80846669519813	3.25365558307901	2.53295923539292
35.1442211156156	2.82846940804163	3.25593026889569	2.55782304566185
35.1866402117117	2.84651201152039	3.26361269392462	2.58639904949694
35.2290593078078	2.86259450563439	3.25621589038906	2.61718035378832
35.2714784039039	2.87671689038368	3.25407639115689	2.64494807245086
35.3138975	2.88887916576825	3.25879469096999	2.67195301590042
35.3563165960961	2.89908133178805	3.25526809727392	2.69959994465378
35.3987356921922	2.90749539659759	3.24672711345325	2.72744757127136
35.4411547882883	2.91915104027518	3.24572714247739	2.7524163583309
35.4835738843844	2.93799553926119	3.23121025798075	2.77855576957027
35.5259929804805	2.9599214632593	3.27040477325214	2.79976355125668
35.5684120765766	2.97758693476988	3.31466795772562	2.81346375221462
35.6108311726727	2.9905010870652	3.34125704548412	2.82168352085681
35.6532502687688	2.99849197589427	3.33614045049438	2.83562126809685
35.6956693648649	3.00490778736488	3.31569813381838	2.8355884153672
35.738088460961	3.00913548229363	3.31109414760805	2.83754943752051
35.7805075570571	3.01141931274044	3.30417713904556	2.84307478272254
35.8229266531532	3.0150237135789	3.30410629797723	2.84501893353395
35.8653457492493	3.0199059084315	3.3125687280922	2.84270066177826
35.9077648453453	3.026425055828	3.32794576437749	2.83089468647882
35.9501839414414	3.03320956203971	3.31653209860512	2.81876309998413
35.9926030375375	3.04017645262127	3.30997588888484	2.80821058391735
36.0350221336336	3.04732572757265	3.30451099862413	2.79889876963967
36.0774412297297	3.05465738689386	3.30346882876561	2.79354092369889
36.1198603258258	3.06215020859359	3.31539914214007	2.78923929207592
36.1622794219219	3.06959656194313	3.32119441267784	2.77913108333694
36.204698518018	3.07732782218624	3.33976441856779	2.77578477824273
36.2471176141141	3.08514356790295	3.35915667307504	2.77178291529621
36.2895367102102	3.09393820290265	3.37783841539792	2.76777512940398
36.3319558063063	3.1037900186477	3.39585323435528	2.7663778013274
36.3743749024024	3.114699015138	3.41316584604019	2.7669110102334
36.4167939984985	3.12666519237367	3.43154320480811	2.77147868358003
36.4592130945946	3.13968855035463	3.45194476064239	2.77045844385979
36.5016321906907	3.15376908908093	3.46815078373531	2.77908692281925
36.5440512867868	3.16890680855254	3.47938809602623	2.78817078183169
36.5864703828829	3.18510170876946	3.49835521247359	2.78282655998049
36.628889478979	3.20235378973171	3.514417616418	2.7904740544797
36.6713085750751	3.22066305143929	3.53062708098587	2.79246009036479
36.7137276711712	3.24002949389212	3.54203123456485	2.80509393956588
36.7561467672673	3.26045311709036	3.55579955691066	2.81947403549521
36.7985658633634	3.28193392103385	3.56554533653828	2.83721428721231
36.8409849594595	3.3043478602399	3.57040727289945	2.85875579615327
36.8834040555556	3.32001328548365	3.5846766554418	2.88518652975807
36.9258231516517	3.32956693496352	3.59692721291193	2.91648294795499
36.9682422477478	3.33282701827187	3.60888512358849	2.94819440110192
37.0106613438439	3.33265828857366	3.61591145532092	2.93920108804575
37.0530804399399	3.33435317486119	3.62079473124964	2.93197007564027
37.095499536036	3.33806425415038	3.62773649307952	2.9149952961867
37.1379186321321	3.34634007835832	3.64103286201253	2.88555629854655
37.1803377282282	3.35918345877838	3.65865836680689	2.87159251084504
37.2227568243243	3.37659439541065	3.68149002752782	2.87235307961429
37.2651759204204	3.39857288825505	3.70754865010264	2.88950344095537
37.3075950165165	3.42511893731155	3.73044173200373	2.91781895262445
37.3500141126126	3.45493113647535	3.75643410876001	2.96318825911623
37.3924332087087	3.48765766379979	3.77535899204658	3.02163600047477
37.4348523048048	3.52213193982434	3.79776300809318	3.08153423219489
37.4772714009009	3.55899015079119	3.82339682122725	3.14902866932982
37.519690496997	3.59965143507348	3.8438138694277	3.19988296061464
37.5621095930931	3.64079775827291	3.85898048503285	3.26818627586993
37.6045286891892	3.68150161447984	3.88615309151579	3.34062499143689
37.6469477852853	3.71644228599437	3.90892416397022	3.39052203350567
37.6893668813814	3.75368142361219	3.93661620363275	3.43408559076832
37.7317859774775	3.78965040698721	3.97023404250512	3.47700790965737
37.7742050735736	3.82376250403393	4.00322315372907	3.52172760582245
37.8166241696697	3.85860178757575	4.03380635199277	3.56201995972225
37.8590432657658	3.89296118762293	4.07365476450425	3.5924933921756
37.9014623618619	3.92507461104702	4.11163108803545	3.62667149221807
37.943881457958	3.95830371007502	4.15311932499137	3.67241010277394
37.9863005540541	3.99269349741549	4.19098085677079	3.71579715342031
38.0287196501502	4.02824397306842	4.22797160351752	3.74706921203641
38.0711387462462	4.06495513703381	4.27012224086704	3.77504958716093
38.1135578423423	4.10282698931163	4.31164508254263	3.80238043034495
38.1559769384384	4.1416964652031	4.35015303677128	3.83799088981788
38.1983960345345	4.17880018776067	4.38772624403314	3.87416754823003
38.2408151306306	4.21322656610498	4.42796612150529	3.91252068962359
38.2832342267267	4.24744046270061	4.46680178564071	3.95271028739634
38.3256533228228	4.28226542752671	4.50382768085062	3.99300330959207
38.3680724189189	4.31770146058329	4.54317435677476	4.0347658023876
38.410491515015	4.35374856187031	4.58077526981296	4.07620560170092
38.4529106111111	4.39040673138779	4.61797879920214	4.12397879467803
38.4953297072072	4.42767596913575	4.65749378020884	4.17061330666951
38.5377488033033	4.4655562751141	4.69395573566216	4.21298899682621
38.5801678993994	4.50404764932299	4.72964103326716	4.25972205180202
38.6225869954955	4.5431500917623	4.76382224319869	4.30843892629687
38.6650060915916	4.58286360243207	4.79731454475341	4.34809056194504
38.7074251876877	4.62318818133234	4.83189050228061	4.3913053032477
38.7498442837838	4.66412382846303	4.86574125265303	4.43869970025686
38.7922633798799	4.70399222819462	4.89911336588945	4.49277912460312
38.834682475976	4.74278717426607	4.93286143423983	4.54205824893381
38.8771015720721	4.78227378180468	4.96602628932789	4.59033156233475
38.9195206681682	4.82244886015379	4.9985036695865	4.63634141084412
38.9619397642643	4.86125025063725	5.03054945244823	4.67766741408932
39.0043588603604	4.89908180516654	5.06291944890681	4.71932531868155
39.0467779564565	4.93570979163451	5.09446554273795	4.76478899033492
39.0891970525526	4.97203729173507	5.12378277627721	4.80615068626891
39.1316161486487	5.00945286796884	5.15503688288704	4.85326118413947
39.1740352447448	5.04761929063531	5.1858151688352	4.88833340186235
39.2164543408408	5.08270761764269	5.21612129583987	4.91868048895036
39.2588734369369	5.11610659264627	5.24405237637446	4.93946800159575
39.301292533033	5.15032949106864	5.27494024839968	4.97644730729547
39.3437116291291	5.18523564861801	5.31093111398176	5.01434221962005
39.3861307252252	5.21969867675759	5.34894250332458	5.03622619034037
39.4285498213213	5.25056662864746	5.3845780386541	5.07712252825413
39.4709689174174	5.28219489676079	5.42116424107888	5.10564347540496
39.5133880135135	5.31619790811672	5.45783729844311	5.13458666474796
39.5558071096096	5.35142925401681	5.49974984411326	5.15304596494469
39.5982262057057	5.38639320096246	5.5381094345867	5.17675449624958
39.6406453018018	5.42237188159204	5.57705743804793	5.20318540726947
39.6830643978979	5.45918680826612	5.61722806994705	5.23301053602515
39.725483493994	5.49786807951914	5.66404375966419	5.2712557926212
39.7679025900901	5.5389667574376	5.70653374473615	5.31012623089893
39.8103216861862	5.58211281148205	5.75908222735035	5.34241863687132
39.8527407822823	5.62427285227017	5.79894838575492	5.386629791745
39.8951598783784	5.66740421900322	5.84366834362204	5.43671387737539
39.9375789744745	5.71282171974295	5.8893587916915	5.48736159368493
39.9799980705706	5.76052535448939	5.9391452556896	5.53294913458113
40.0224171666667	5.81051512324247	5.98377560015041	5.57252324184718
40.0648362627628	5.86077037257585	6.0302224630793	5.62278120448675
40.1072553588589	5.90812010854239	6.07430359880353	5.67383367827456
40.149674454955	5.95690628486304	6.12063967020903	5.72089623770751
40.1920935510511	6.00751052123938	6.16528821365922	5.76870712546387
40.2345126471471	6.0567494317691	6.21279796831091	5.82080273811392
40.2769317432432	6.10566663617132	6.25621951946992	5.87622853982375
40.3193508393393	6.15445440673015	6.30097227447547	5.93551011590123
40.3617699354354	6.20425731752502	6.34612482347572	5.99795073516983
40.4041890315315	6.2555292841344	6.39268629566512	6.05679808307788
40.4466081276276	6.30822201520918	6.44272441253721	6.11844570613289
40.4890272237237	6.36090426666385	6.49246574735539	6.176908532572
40.5314463198198	6.41292638018895	6.53765646704216	6.23359581335459
40.5738654159159	6.46386625314429	6.58290103837841	6.29837353432198
40.616284512012	6.51508785708326	6.62978290886071	6.36931962230807
40.6587036081081	6.56700586665316	6.67852650673606	6.43069696903152
40.7011227042042	6.61900581046928	6.72908656849314	6.4993258367434
40.7435418003003	6.67095223583614	6.78156172679073	6.55859589698341
40.7859608963964	6.71913216386679	6.83065826842473	6.60553318053548
40.8283799924925	6.76710498980569	6.87947591278892	6.65133679838642
40.8707990885886	6.81526469306926	6.92998266025363	6.70207004027117
40.9132181846847	6.8613278949906	6.9758454310715	6.74535229865526
40.9556372807808	6.9083485974117	7.03148548534557	6.78945506962643
40.9980563768769	6.95694628935862	7.07898948983239	6.83758467535792
41.040475472973	7.00673898814418	7.13033233677428	6.88640905292367
41.0828945690691	7.05715447028755	7.18331463689511	6.93136286777372
41.1253136651652	7.10659987131051	7.23780737320678	6.97792044301685
41.1677327612613	7.15604533150073	7.29494571270226	7.01969579514963
41.2101518573574	7.20622186321223	7.35422020670062	7.0631282187876
41.2525709534535	7.25593998101606	7.41045958333413	7.10684058308286
41.2949900495496	7.30490309058386	7.46951648481813	7.1489153408042
41.3374091456457	7.35404318263853	7.52811900257158	7.19139377516595
41.3798282417417	7.40328861347496	7.58353461810755	7.23718045259552
41.4222473378378	7.45290697909495	7.63981575782025	7.28098939588003
41.4646664339339	7.5023456794741	7.70234798616739	7.32501596963952
41.50708553003	7.55160925637867	7.75964715766221	7.37078153161734
41.5495046261261	7.60103753346361	7.8171373725146	7.41380041547648
41.5919237222222	7.65064341861173	7.87457083561774	7.45593222268108
41.6343428183183	7.7004460594468	7.93267266572274	7.50059592525551
41.6767619144144	7.75043003415568	7.9945654196978	7.54221365719274
41.7191810105105	7.80055373344264	8.05552080998594	7.58895074526883
41.7616001066066	7.85080802962145	8.11559023293438	7.63354781445162
41.8040192027027	7.90120382534815	8.17645663395778	7.67623549401661
41.8464382987988	7.9520647638583	8.23832460103142	7.71909958110072
41.8888573948949	8.00311794101737	8.30045747662005	7.76203325323051
41.931276490991	8.05435239680302	8.3643884347805	7.80769624585813
41.9736955870871	8.10583173322565	8.42701804286394	7.85459141803327
42.0161146831832	8.15720360282539	8.48733684659731	7.89623360815524
42.0585337792793	8.20904653266794	8.54816367429992	7.93837414078594
42.1009528753754	8.26101306236122	8.61202193580602	7.98589040531084
42.1433719714715	8.31260388727035	8.67479993866568	8.02844183319251
42.1857910675676	8.36315306206566	8.7347272043389	8.07037455918744
42.2282101636637	8.41521542501316	8.79690194788679	8.11263178073187
42.2706292597598	8.46312657221039	8.84938803646885	8.15299942089516
42.3130483558559	8.50798768998198	8.89449230008231	8.19513124991065
42.355467451952	8.54880448590131	8.88469827543044	8.23514877110084
