phys	rec.rate	upper	lower
0.326604064064064	NA	NA	NA
0.979812192192192	1.44321309657537	1.48070374505567	1.39613443450209
1.63302032032032	1.43345793283771	1.47115555154004	1.38706907805872
2.28622844844845	1.42362267442335	1.46091640953712	1.37795211608439
2.93943657657658	1.41376501075746	1.45064686476936	1.36879211390597
3.5926447047047	1.40388494184005	1.44034691723678	1.35959078359807
4.24585283283283	1.3939824676711	1.43001656693935	1.35033998840639
4.89906096096096	1.38405758825063	1.41965537469026	1.34102966647075
5.55226908908909	1.37411030357864	1.40926213048453	1.33168793963288
6.20547721721722	1.36414061365511	1.39883813249159	1.32231480789282
6.85868534534534	1.35414851848006	1.38838338071143	1.31291027125056
7.51189347347347	1.34413401805348	1.37789787514405	1.30347432970608
8.1651016016016	1.33409711237538	1.36738161578946	1.2940069832594
8.81830972972973	1.32403780144574	1.35683460264766	1.28449232847328
9.47151785785786	1.31395608526458	1.346240899791	1.27492206928878
10.124725985986	1.30385196383189	1.3356512485021	1.26531076197687
10.7779341141141	1.29372543714768	1.32501448139992	1.25565825073312
11.4311422422422	1.28357650521193	1.31434701571608	1.24596453555752
12.0843503703704	1.27340516802466	1.30364885145054	1.23622961645008
12.7375584984985	1.26321142558586	1.29291998860335	1.22645349341081
13.3907666266266	1.25299527789554	1.28225827603042	1.21667799714925
14.0439747547548	1.24275662122632	1.27165875690032	1.20690122869884
14.6971828828829	1.23249389601465	1.2612066276734	1.19704489594929
15.350391011011	1.2222041588984	1.2507862952239	1.18692719406869
16.0035991391391	1.21188326042628	1.24013012903986	1.17693580908108
16.6568072672673	1.20153158503249	1.22971252975094	1.16675694884712
17.3100153953954	1.19114918173569	1.21916061539618	1.15663826065043
17.9632235235235	1.18073366747314	1.20853770160246	1.14657557121616
18.6164316516517	1.17029653280385	1.19781017690542	1.13655717566717
19.2696397797798	1.15984929452314	1.18697530334644	1.126550939447
19.9228479079079	1.14939662938223	1.17628563805997	1.11663097717518
20.576056036036	1.13895655862056	1.16560962601681	1.10672842239666
21.2292641641642	1.12853647241449	1.1549249653834	1.09680075140432
21.8824722922923	1.11814277426669	1.14426232405399	1.08648062105539
22.5356804204204	1.1077785337697	1.13353246112794	1.07635023802283
23.1888885485485	1.0974480395048	1.12282730782388	1.06645127587816
23.8420966766767	1.08715249735208	1.11198271129825	1.05642372560589
24.4953048048048	1.07689225646898	1.10129779668294	1.04662892197125
25.1485129329329	1.06666758247561	1.09080632234317	1.0369994191266
25.8017210610611	1.05647804488639	1.08022718075878	1.02702620092378
26.4549291891892	1.0463242604578	1.06965676574438	1.0171355295127
27.1081373173173	1.0362063671404	1.05912946501184	1.00727610082753
27.7613454454454	1.0261243649342	1.04868979902693	0.997656618422852
28.4145535735736	1.01607825383919	1.03820420639241	0.988126115586592
29.0677617017017	1.00606803385538	1.02778552917034	0.978650030134135
29.7209698298298	0.996093704982772	1.01745478457752	0.969228636935151
30.374177957958	0.986155267221356	1.00714489584942	0.95986921753962
31.0273860860861	0.976252720571135	0.996773661651147	0.950563958026143
31.6805942142142	0.966386065032112	0.986255292429644	0.941312858394779
32.3338023423423	0.956555300604284	0.975941618767536	0.932111194127302
32.9870104704705	0.946760427287654	0.965552713853355	0.922957761794139
33.6402185985986	0.937001526433424	0.955322556213029	0.913858358061479
34.2934267267267	0.927278852930287	0.945026076563784	0.904809634415744
34.9466348548549	0.917593592616857	0.93475293240586	0.895549233830244
35.599842982983	0.907945560570688	0.924504144862407	0.886359026905677
36.2530511111111	0.898334253587458	0.914281609303992	0.87751106944768
36.9062592392392	0.888758575237551	0.904181037236296	0.868507542873783
37.5594673673674	0.879212335653853	0.894198167675834	0.859547243666972
38.2126754954955	0.869693779023972	0.884152363604578	0.850798826234515
38.8658836236236	0.860199763497873	0.87424416711742	0.842284229979878
39.5190917517518	0.850702207201999	0.864397892152182	0.833511518154402
40.1722998798799	0.841072905004258	0.854456257756202	0.825056609734542
40.825508008008	0.831266511139778	0.844428912924886	0.815962366016828
41.4787161361361	0.82134866119457	0.834287253032215	0.806739927511661
42.1319242642643	0.811399536362479	0.824175018231535	0.797203041204151
42.7851323923924	0.801400548994302	0.814094281089185	0.787141286930842
43.4383405205205	0.791346670156618	0.804135114780274	0.776938012042927
44.0915486486486	0.781263107449808	0.793996521117253	0.766792943749649
44.7447567767768	0.771177639581536	0.784034460283786	0.756813153016864
45.3979649049049	0.76107830762583	0.774079215370829	0.746442567376207
46.051173033033	0.750978994116915	0.764034754055156	0.736809571958196
46.7043811611612	0.740902488690284	0.754001189246867	0.726776935905681
47.3575892892893	0.730851829571634	0.743960892991014	0.716912984146844
48.0107974174174	0.720827801559136	0.733827161213336	0.706863377682564
48.6640055455455	0.710834678122381	0.723857887018103	0.697043839122326
49.3172136736737	0.700870163773678	0.713705762664954	0.687291091260639
49.9704218018018	0.690935044809433	0.70348099749649	0.67755122866419
50.6236299299299	0.681031137565927	0.693268001713041	0.667833856453067
51.2768380580581	0.671158442043162	0.682990287488186	0.658195206704011
51.9300461861862	0.661316958241138	0.672615837215218	0.648594595290407
52.5832543143143	0.651506686159854	0.66224942824564	0.638886635262022
53.2364624424424	0.641726196640229	0.651845894624828	0.629283109716873
53.8896705705706	0.631974082918475	0.641107434468457	0.620199010383346
54.5428786986987	0.622251166098766	0.630655229175051	0.610952039121666
55.1960868268268	0.61254755926881	0.620366436634123	0.601260737210832
55.849294954955	0.602846551308979	0.610338327323519	0.591674102812992
56.5025030830831	0.593155633786348	0.600516893744249	0.582099553917805
57.1557112112112	0.583428259743584	0.590729897637499	0.572621476570042
57.8089193393393	0.573523026129732	0.580924791874788	0.56157750228407
58.4621274674675	0.563422923425461	0.571465931210387	0.546117431910266
59.1153355955956	0.55309148562397	0.562301760406449	0.527611647601241
59.7685437237237	0.542407695896098	0.553174943420581	0.508823340132826
60.4217518518519	0.531287604111527	0.544490583278164	0.492265736724927
61.07495997998	0.519908871421761	0.535799639668676	0.475099358205295
61.7281681081081	0.508257105089421	0.527107352712844	0.459636242811633
62.3813762362362	0.495233243653783	0.517638161637617	0.443561813426222
63.0345843643644	0.480797150807944	0.508320623903551	0.427315664399445
63.6877924924925	0.464942160315216	0.498852118414172	0.410653928777789
64.3410006206206	0.448949481874565	0.489495047032523	0.394259188808162
64.9942087487487	0.432599595088811	0.480576643451828	0.378677670377719
65.6474168768769	0.415850855825962	0.472460692137788	0.362688117400256
66.300625005005	0.399386045489664	0.46453461394566	0.348631206116989
66.9538331331331	0.383005387174209	0.455386981451681	0.332995085802604
67.6070412612613	0.366592903259446	0.443792059491386	0.318044876641215
68.2602493893894	0.350440591764653	0.433441733119367	0.304012731254899
68.9134575175175	0.334767790274209	0.423698177706169	0.289092979665749
69.5666656456457	0.31968481258513	0.415028037007133	0.275111278298668
70.2198737737738	0.305089935115603	0.403562238290666	0.260923465640674
70.8730819019019	0.291016545403846	0.388478633257778	0.249428508253477
71.52629003003	0.277532116700145	0.369136110474048	0.237170711759852
72.1794981581582	0.264642887123093	0.347233244133593	0.224866292480431
72.8327062862863	0.252487098170152	0.325834356170845	0.213416858687355
73.4859144144144	0.241059490857002	0.304195478494262	0.203009523042178
74.1391225425425	0.230373153397857	0.290602258149062	0.191724359211874
74.7923306706707	0.220440423327992	0.277943197242369	0.182105960981278
75.4455387987988	0.2112670413265	0.266669605724556	0.172081016437767
76.0987469269269	0.202849354137556	0.259802575619347	0.162908614954119
76.751955055055	0.195193981192385	0.254054302608682	0.153944741136849
77.4051631831832	0.188282842579254	0.248450153907058	0.144976429180819
78.0583713113113	0.18212345971996	0.244244585409013	0.137023078433566
78.7115794394394	0.176700950890869	0.240787405308353	0.129212477764979
79.3647875675676	0.172013474979169	0.236734455952578	0.119598316211069
80.0179956956957	0.168000160259959	0.234207098986868	0.112318391468844
80.6712038238238	0.164649154743106	0.231974868513709	0.106151647134014
81.324411951952	0.161996357711643	0.230294042006068	0.100236609261595
81.9776200800801	0.159903341825873	0.229441502965317	0.0946280686738387
82.6308282082082	0.158314756631441	0.228595454120244	0.0877118867606649
83.2840363363363	0.15676979560793	0.223849240420657	0.0812697771751691
83.9372444644645	0.155269864358962	0.220142125908607	0.0767932400191323
84.5904525925926	0.153791598304651	0.217798900156389	0.0701574848033162
85.2436607207207	0.151152606758465	0.212478169237348	0.0668536130891342
85.8968688488488	0.147543582198237	0.210019342510845	0.0632591845459161
86.550076976977	0.143120098412304	0.202624694133277	0.0585085013429366
87.2032851051051	0.138319475210119	0.195943366931989	0.0521898952400256
87.8564932332332	0.133444723578329	0.192632881144006	0.0434220906654074
88.5097013613614	0.128573187775994	0.195465738915689	0.0354241169819567
89.1629094894895	0.120669284510297	0.18512128447533	0.0267802200583257
89.8161176176176	0.111832242952267	0.178143881806962	0.0169652144171714
90.4693257457457	0.102934852540999	0.175183750864926	0.0108618338883225
91.1225338738739	0.0935897350004773	0.163435322127585	0.00423185484638946
91.775742002002	0.0847911388025964	0.161085544371104	0
92.4289501301301	0.0762813320625281	0.156576537350674	0
93.0821582582583	0.0680920029473377	0.154675627224104	0
93.7353663863864	0.0602003530980214	0.150485545839793	0
94.3885745145145	0.0526377750876018	0.149632357487251	0
95.0417826426426	0.0449886378994808	0.144145666495344	0
95.6949907707708	0.0371155401856359	0.136835842375206	0
96.3481988988989	0.0297054107992024	0.136075774681159	0
97.001407027027	0.0225720515229667	0.125470185625396	0
97.6546151551551	0.0162338341338154	0.112407840686625	0
98.3078232832833	0.0108299727200444	0.103074287761199	0
98.9610314114114	0.00631557528372854	0.0924640529462799	0
99.6142395395395	0.00253519061227074	0.0812827071538134	0
100.267447667668	0	0.0743329573104083	0
100.920655795796	0	0.0781562933764812	0
101.573863923924	0	0.0711692609750378	0
102.227072052052	0	0.0706159814694746	0
102.88028018018	0	0.0800315854192748	0
103.533488308308	0	0.0776356336223246	0
104.186696436436	0	0.0849250215440221	0
104.839904564565	0.00215717953261171	0.0864866537356316	0
105.493112692693	0.00483399102348945	0.0851293995909506	0
106.146320820821	0.00803135668893101	0.0805930260024602	0
106.799528948949	0.0117300763997787	0.0797012572447403	0
107.452737077077	0.0158183743883913	0.0796490820685507	0
108.105945205205	0.01971883541066	0.0798520104315713	0
108.759153333333	0.0234171261858945	0.0769283760326947	0
109.412361461461	0.0272942545069548	0.0759190241846668	0
110.06556958959	0.0310179508827882	0.0755039725649299	0
110.718777717718	0.0345492090511286	0.0753983851131195	0
111.371985845846	0.0368768771196276	0.0746158635679109	0
112.025193973974	0.0382661416727396	0.0722888447125894	0
112.678402102102	0.0392671699738623	0.0703090993124457	0
113.33161023023	0.040152155486782	0.0674656192542625	0
113.984818358358	0.0411163490248201	0.0659563570638393	0
114.638026486486	0.041818737090824	0.0649844361842808	0
115.291234614615	0.0423482064022302	0.0635416851283283	0.0014072460102386
115.944442742743	0.0426900752138264	0.0628084893287609	0.00539979767988694
116.597650870871	0.0425171600662144	0.0618243680694865	0.00786609533618042
117.250858998999	0.042043594522906	0.0603622207644255	0.00901223845308197
117.904067127127	0.0415195064517354	0.0589953894031523	0.0085340621362651
118.557275255255	0.0407933987396832	0.0583963638892833	0.00779300300998736
119.210483383383	0.0397494980974732	0.0576787150700707	0.00800432611330187
119.863691511512	0.0384239317056766	0.0561741432045816	0.00919324555450288
120.51689963964	0.0371128878092044	0.0544358127419657	0.00986517527349712
121.170107767768	0.0358678851234292	0.0528043656498998	0.0108838853724468
121.823315895896	0.0347378481482591	0.0513164045256384	0.0111942853434508
122.476524024024	0.0337341819236512	0.0497767845124254	0.0118188522584704
123.129732152152	0.0328624581887656	0.0484603318972333	0.0113197464211759
123.78294028028	0.0321014775748922	0.0477014463915695	0.0120447703830523
124.436148408408	0.031387930752047	0.0473002042368331	0.0119912139463308
125.089356536537	0.0307510703264303	0.0467907135921746	0.0121741406879226
125.742564664665	0.030205979114546	0.047146369130665	0.0114968146708142
126.395772792793	0.0297302585321735	0.0464272097468786	0.0111684263530354
127.048980920921	0.02934123556521	0.0457283830691796	0.011191032672984
127.702189049049	0.0290402684195658	0.045192219726072	0.0112401290436712
128.355397177177	0.0288047769846846	0.0447168205319308	0.01090885283816
129.008605305305	0.0286229541192768	0.0441770038212624	0.0108155860185074
129.661813433433	0.0285300302355866	0.0434031652281186	0.0109712635957588
130.315021561562	0.0284609583492855	0.0430821930543036	0.0113114135119725
130.96822968969	0.0283525589216767	0.0424433845327986	0.0118066557414876
131.621437817818	0.0282708260887087	0.0416680408888582	0.0124133460293852
132.274645945946	0.0282665325727496	0.0408799106475599	0.0131572017215417
132.927854074074	0.0282894521265838	0.0404408915206582	0.0137608509538144
133.581062202202	0.0283468900760997	0.0396668620367137	0.0144930568333285
134.23427033033	0.0284625149659356	0.039017434973074	0.0151137961306852
134.887478458458	0.0285989895989142	0.0384806036212108	0.0157527136526649
135.540686586587	0.0287529475889689	0.0378276213023293	0.0164495858115766
136.193894714715	0.0289321436773322	0.0373360090172924	0.017263836358011
136.847102842843	0.0291262838715573	0.0366261951538983	0.0182115751966317
137.500310970971	0.0293778385504307	0.0357902262819146	0.0191536230017423
138.153519099099	0.0297045741960504	0.0350573876773575	0.0194868966190557
138.806727227227	0.0300931191014879	0.0346876710460104	0.0195596886311728
139.459935355355	0.0304943621292876	0.0345309711827877	0.0195439891768237
140.113143483483	0.0306887440389854	0.0341692477788799	0.0202657146836735
140.766351611612	0.0305351510262373	0.0335684927986637	0.0207287598486614
141.41955973974	0.0301731612781238	0.0329659368930361	0.021679951663236
142.072767867868	0.029604942279293	0.032227920208336	0.0221156548741057
142.725975995996	0.0290045542736776	0.0316209966412076	0.0221900406621044
143.379184124124	0.0283781334965342	0.0310508680837852	0.0222224344433068
144.032392252252	0.0277237042612249	0.0303052500699419	0.0223148014739899
144.68560038038	0.0270870253517713	0.0297015051889348	0.0224031872856746
145.338808508509	0.0264391088841148	0.029357117522477	0.0226344844970678
145.992016636637	0.0257779893069841	0.0287553633791632	0.0226573452139323
146.645224764765	0.0251169341153196	0.0281635306802706	0.0223830102804656
147.298432892893	0.0244549343550675	0.0276292468961915	0.0220134560357827
147.951641021021	0.0237880272728032	0.0271788034737831	0.0215034175014856
148.604849149149	0.0231171334041705	0.0264574869419564	0.0207953768024859
149.258057277277	0.0224563283154438	0.0259715976322306	0.0200341462229785
149.911265405405	0.0218049022409825	0.0255368381499471	0.0192982234254882
150.564473533534	0.0211631465795422	0.0252829288844863	0.0186490692215095
151.217681661662	0.020523420856399	0.0247823007531445	0.0179597932948371
151.87088978979	0.0198769257951463	0.0239445510268685	0.0172843431480246
152.524097917918	0.0192438130944801	0.0232965043621408	0.0166064780282969
153.177306046046	0.0186328247876206	0.0228410115264372	0.0159685842017204
153.830514174174	0.0180442452210195	0.022444677366465	0.0153431579517825
154.483722302302	0.0174722352078491	0.0219839220639621	0.0146531602248835
155.13693043043	0.0169168631454416	0.0215484879886856	0.0139924767461693
155.790138558559	0.0163763710083977	0.0210825018311724	0.0132953441175714
156.443346686687	0.0158502760818376	0.0205872849124675	0.0126676183645557
157.096554814815	0.0153384326185583	0.0201598249167151	0.0119667255954207
157.749762942943	0.0148414603748822	0.0197736248332071	0.0112710155295009
158.402971071071	0.0143587462489921	0.0193115294406108	0.0106383166931319
159.056179199199	0.013888025144938	0.0188439134656198	0.00996703047482493
159.709387327327	0.0134178894103236	0.0183433316114299	0.00930561697500298
160.362595455455	0.0129389314652618	0.0174583828398408	0.00865040552555922
161.015803583584	0.0124743457694002	0.0168306131189192	0.00795593748083794
161.669011711712	0.0120322143424162	0.0165422871784501	0.00710983102510239
162.32221983984	0.0116111445518946	0.0163099368848197	0.00648716377893723
162.975427967968	0.0112155593368011	0.0161159220668739	0.00563002856799742
163.628636096096	0.0108386862008245	0.0158872426613595	0.00480531344896232
164.281844224224	0.0104591981129197	0.0155146980613619	0.00405244788502074
164.935052352352	0.0100554307492062	0.0148331283434119	0.00330909404953088
165.58826048048	0.00964718968189268	0.0144941967082566	0.00248338357699632
166.241468608609	0.00923530877845292	0.0139176612392761	0.00177948923317198
166.894676736737	0.0088251218986706	0.0133936067017104	0.0010292020865642
167.547884864865	0.0084217503260985	0.0130795843528504	0.000476618234790285
168.201092992993	0.00803556920739076	0.0129853333020109	0
168.854301121121	0.00757659816053993	0.0125452229709017	0
169.507509249249	0.00703337370015931	0.0121165207717419	0
170.160717377377	0.00648958607866106	0.0119113010225375	0
170.813925505505	0.00592414508067782	0.0115694269234505	0
171.467133633634	0.00530866978333379	0.0110610913699821	0
172.120341761762	0.00465547114687305	0.0107284248023819	0
172.77354988989	0.00394448795743201	0.0100310117263266	0
173.426758018018	0.0032299707704722	0.00950693527088574	0
174.079966146146	0.00254878047849826	0.00897183105684269	0
174.733174274274	0.00189458744771153	0.0085761341208039	0
175.386382402402	0.00127090613392429	0.00822830446733686	0
176.039590530531	0.000675655842388591	0.00775264983345918	0
176.692798658659	0.000112786858832383	0.00738288243502185	0
177.346006786787	0	0.00733728903151265	0
177.999214914915	0	0.00656407921106608	0
178.652423043043	0	0.00582407761667096	0
179.305631171171	0	0.00539745730642635	0
179.958839299299	0	0.00514756031890294	0
180.612047427427	0	0.00505867761309467	0
181.265255555556	0	0.0046074294926308	0
181.918463683684	0	0.00423237212056549	0
182.571671811812	0	0.0037955115587777	0
183.22487993994	0	0.00366498055986704	0
183.878088068068	0	0.00328506241103874	0
184.531296196196	0	0.00295776593743303	0
185.184504324324	0	0.00309704067534456	0
185.837712452452	0	0.00322078541488577	0
186.490920580581	0	0.00297302522401601	0
187.144128708709	0	0.00235177794505859	0
187.797336836837	0	0.00180560640334989	0
188.450544964965	0	0.00237306813934608	0
189.103753093093	0	0.00239421156512485	0
189.756961221221	0	0.00195052921099811	0
190.410169349349	0	0.00186484816371877	0
191.063377477477	0	0.00204258407208538	0
191.716585605606	0	0.00204317258028837	0
192.369793733734	0	0.00149188120593285	0
193.023001861862	0	0.00151156553810281	0
193.67620998999	0	0.00157507504731476	0
194.329418118118	0	0.00140428272976853	0
194.982626246246	0	0.00133416640280971	0
195.635834374374	0	0.00180166529412946	0
196.289042502502	0	0.00150263806727617	0
196.942250630631	0	0.00129795541980963	0
197.595458758759	0	0.000884476772959108	0
198.248666886887	0	0.000935261970027956	0
198.901875015015	0	0.0012867707267982	0
199.555083143143	0	0.000770964412413354	0
200.208291271271	0	0.000613577088333029	0
200.861499399399	0	0.00121776415634216	0
201.514707527528	0	0.00105309838367786	0
202.167915655656	0	0.000728988357660872	0
202.821123783784	0	0.0002272695436898	0
203.474331911912	0	0.000381667326746667	0
204.12754004004	0	0.000290981960545419	0
204.780748168168	0	0.000573274329013938	0
205.433956296296	0	0.000215894448688349	0
206.087164424424	0	0.000201588845296861	0
206.740372552553	0	0.000303298422292089	0
207.393580680681	0	0.000562201835999703	0
208.046788808809	0	0.000824003408287808	0
208.699996936937	0	0.0011028279072991	0
209.353205065065	0	0.000858759497711167	0
210.006413193193	0	0.000753343759601763	0
210.659621321321	0	7.14803319601907e-05	0
211.312829449449	0	7.21742131812643e-05	0
211.966037577578	0	0	0
212.619245705706	0	0	0
213.272453833834	0	0.000164183306505334	0
213.925661961962	0	0.000615917433126041	0
214.57887009009	0	0.00118015009204203	0
215.232078218218	0	0.00173596666154295	0
215.885286346346	0	0.00188210337391633	0
216.538494474474	0	0.0017587428111263	0
217.191702602603	0	0.00186138146305116	0
217.844910730731	0	0.00162873480559612	0
218.498118858859	0	0.00186818814002484	0
219.151326986987	0	0.00226943657748764	0
219.804535115115	0	0.00232615419502351	0
220.457743243243	0	0.00239735811348116	0
221.110951371371	0	0.00279910476195332	0
221.764159499499	0	0.00344666399398902	0
222.417367627628	0	0.00398124514287122	0
223.070575755756	0	0.00380490173857729	0
223.723783883884	0	0.00409988458663347	0
224.376992012012	0	0.00486717663236467	0
225.03020014014	0	0.00532793239647677	0
225.683408268268	0	0.00566072652264468	0
226.336616396396	0.000279179944601061	0.00562410376753408	0
226.989824524525	0.000544951586727096	0.00597347484481446	0
227.643032652653	0.000800748030282573	0.00631459219235414	0
228.296240780781	0.00103841894532315	0.00652187807343528	0
228.949448908909	0.00126590233863044	0.00679992071284254	0
229.602657037037	0.00150003660711519	0.0071039318356704	0
230.255865165165	0.00174550922827981	0.00719432776978655	0
230.909073293293	0.00201978632191855	0.00780718435948867	0
231.562281421421	0.00230173877885934	0.00797175946289271	0
232.21548954955	0.00261455576378843	0.00848729120533138	0
232.868697677678	0.00293011373314682	0.00870402831007332	0
233.521905805806	0.00326283760397836	0.00913145300360399	0
234.175113933934	0.00361784336714782	0.00999190395293932	0
234.828322062062	0.00394896940104204	0.0100330136034721	0
235.48153019019	0.00429675181890307	0.010231339095767	0.000238655012071406
236.134738318318	0.0046716020504038	0.0103384849733632	0.000876835230881709
236.787946446446	0.0050736347988325	0.0103264176925425	0.00146569888573752
237.441154574575	0.00552007116582974	0.0103476361456654	0.00204467039271341
238.094362702703	0.00601283288820271	0.0110781469545162	0.00274146375477514
238.747570830831	0.00655124265506743	0.0121453987427	0.00333486102599966
239.400778958959	0.00709902210979541	0.0127285495384636	0.00390371091625494
240.053987087087	0.00765053326792402	0.012792462640185	0.00450839615876404
240.707195215215	0.00822142922276873	0.0130533710132843	0.00518604388621248
241.360403343343	0.008809913066581	0.0133486300224667	0.00591563919160181
242.013611471471	0.00943193971168683	0.014079950271757	0.00667654874251088
242.6668195996	0.010061820815297	0.0148762700798817	0.00732340972931253
243.320027727728	0.0106568912375258	0.0150131792166389	0.00804786686655923
243.973235855856	0.0112586857007538	0.0151405101818968	0.00870384387739075
244.626443983984	0.0118841146735376	0.0157853035822441	0.00934214061474111
245.279652112112	0.0125183009220795	0.0162001722905975	0.0100147695782914
245.93286024024	0.0131720599136764	0.0162520216245385	0.0105466414115025
246.586068368368	0.0138696602819925	0.016797677778285	0.011039230941268
247.239276496496	0.0145995524717485	0.0176272442871789	0.0116151337611826
247.892484624625	0.0153616289652504	0.0184701044749699	0.0120268196532352
248.545692752753	0.0161365427537361	0.0192216335499506	0.0123681159741106
249.198900880881	0.0169021897245082	0.0201699285261422	0.0127227469723712
249.852109009009	0.0176095232636711	0.0207694511763669	0.0130788415244073
250.505317137137	0.0181939978335907	0.0216772137623238	0.0134462179030722
251.158525265265	0.0184558769273058	0.0219669587067707	0.0138954473308433
251.811733393393	0.0185910445149153	0.0221089890279999	0.0144596678196455
252.464941521522	0.0187923106016741	0.0229940697788487	0.0149805275973962
253.11814964965	0.0190478285467659	0.0236624389311703	0.0153478233500138
253.771357777778	0.0193128852397741	0.0241344907751322	0.0156820736903172
254.424565905906	0.0196594023298777	0.0250042969055218	0.0160561407672426
255.077774034034	0.0200692744921594	0.0256937360743671	0.0163487855301582
255.730982162162	0.0205371557947826	0.0261113075995067	0.0167319168166301
256.38419029029	0.0210977892215954	0.0264750959065935	0.0173274553973604
257.037398418418	0.0217769631676793	0.027128817945516	0.0180546021998329
257.690606546547	0.0225798951250685	0.0278511850072551	0.0188266446425264
258.343814674675	0.0235046495592011	0.0286335974388517	0.0194766158319363
258.997022802803	0.0245528856588808	0.0298136717890891	0.0203098875520259
259.650230930931	0.0256878190994481	0.0309762173766369	0.0210237396410075
260.303439059059	0.0268750235225443	0.032036637457113	0.0217555256522779
260.956647187187	0.0280816101657308	0.0330925302564243	0.0226156683194064
261.609855315315	0.0293296448254092	0.0341742133400823	0.0235962705004033
262.263063443443	0.0305974212427398	0.0352167794004812	0.0244771655798313
262.916271571572	0.03176860854497	0.0364123425514558	0.0254016069779257
263.5694796997	0.0328994913419199	0.0375475624493838	0.0264534489703877
264.222687827828	0.0340638230503205	0.0387183895095657	0.0274090296831956
264.875895955956	0.0352196480564609	0.0400149753613916	0.0283741661888963
265.529104084084	0.0363797935056225	0.0412255251627492	0.0294170819075184
266.182312212212	0.0375547507118351	0.0424520757867401	0.0305001419258661
266.83552034034	0.0387277041724366	0.0436619866267823	0.0317641516988259
267.488728468468	0.0399000782548177	0.0449100577895229	0.0327955958831792
268.141936596597	0.0410646272311152	0.0461151964753472	0.0340123233779806
268.795144724725	0.0422242334704074	0.0472322614101132	0.0349973679607317
269.448352852853	0.0433776599907278	0.0483607787052517	0.0362180622624347
270.101560980981	0.0445237599875571	0.0494687834892846	0.0371270038504341
270.754769109109	0.0456550311169072	0.0506471666617659	0.0382382073721467
271.407977237237	0.046768592768357	0.0517644124635981	0.0393325258609121
272.061185365365	0.0478641539740946	0.0528906487945633	0.0404945579977152
272.714393493494	0.0489428651862547	0.0539881630097962	0.0416846019059071
273.367601621622	0.0500000165012612	0.0551720139644942	0.0428311526411224
274.02080974975	0.0510332230328197	0.056328620854634	0.043917923501812
274.674017877878	0.0520434832969417	0.0574443731755886	0.0451017629567502
275.327226006006	0.053033025584276	0.0585236235993115	0.0461861246886976
275.980434134134	0.0539994275387202	0.0598095969990215	0.0473658953190107
276.633642262262	0.0549393360557965	0.0608240974899635	0.0484035105041724
277.28685039039	0.0558532012174684	0.0620124167317823	0.0493929381788722
277.940058518519	0.0567493928523803	0.0631966661871115	0.0502604447383696
278.593266646647	0.0576272574012196	0.0642764868511742	0.0510841139011637
279.246474774775	0.0584766272249151	0.0653366575683982	0.0519916462636642
279.899682902903	0.0592976659559081	0.0663723296104896	0.0529017339989463
280.552891031031	0.060088560198646	0.0673686544365551	0.0536747941384796
281.206099159159	0.0608437896789783	0.0682138410548004	0.0544106708816464
281.859307287287	0.0615680987306941	0.0691769473808178	0.055087471975373
282.512515415415	0.0622754950978345	0.0700473302439871	0.0559332784676397
283.165723543544	0.0629786178390461	0.0710748049894368	0.0567696920883101
283.818931671672	0.0636775306316012	0.0719198040574702	0.0574981002126388
284.4721397998	0.0643631417551873	0.072742231521212	0.058267974208993
285.125347927928	0.0650169925325756	0.0737530929220352	0.0589792310706551
285.778556056056	0.0656291636844545	0.0745854654309857	0.0597008004028658
286.431764184184	0.0661948178821299	0.0751316948189473	0.0603617244558007
287.084972312312	0.0667160349344584	0.0760780631884066	0.0608699644072099
287.73818044044	0.0671910875117131	0.0768647307628031	0.0613220177398543
288.391388568569	0.0676181699813469	0.0773986498400558	0.061650341959489
289.044596696697	0.0679923677005316	0.0778236877611571	0.0618963048917243
289.697804824825	0.0683252481088056	0.0784339294942501	0.0623528572428507
290.351012952953	0.068629619180656	0.0789599141124769	0.0627031918891724
291.004221081081	0.068899346908001	0.0793888981324363	0.0630473916296342
291.657429209209	0.0691338208404668	0.0796260354429284	0.0631231652375068
292.310637337337	0.0693307848214348	0.0796969981618361	0.0629483517053963
292.963845465466	0.0694843534235391	0.0798760127568271	0.0628973212919212
293.617053593594	0.0695954853871278	0.0798560165326159	0.0628695451451354
294.270261721722	0.0696592122332801	0.0797833941031084	0.0625496376479514
294.92346984985	0.0696773523922468	0.0797681926293049	0.062277654214564
295.576677977978	0.0696274618934836	0.0796247469568459	0.0618041263465401
296.229886106106	0.0695109139125411	0.0797047522445654	0.0615208703523605
296.883094234234	0.0693776337781013	0.079378646914365	0.0610642795069178
297.536302362362	0.0692475387334234	0.0794629189255355	0.0604905386004595
298.189510490491	0.0691229035348205	0.0792584574194812	0.0597403716996291
298.842718618619	0.0689933710448728	0.0790276931303549	0.0591633642127213
299.495926746747	0.0688759085563023	0.0787549600633152	0.0584810319203621
300.149134874875	0.0687763458315592	0.0785141828842537	0.0577436440816145
300.802343003003	0.0686874935774601	0.0783342143973025	0.0572286639686571
301.455551131131	0.0685987618065074	0.0780813600430956	0.0568638911994574
302.108759259259	0.0685402270031582	0.0777409087613839	0.0568613398274936
302.761967387387	0.0684988731572352	0.0773522032259896	0.0561607170007365
303.415175515516	0.0684675725620794	0.0772525522412501	0.0557905038082356
304.068383643644	0.0684579566812036	0.0768970005678415	0.0550590773009708
304.721591771772	0.0684716138375362	0.076700713672839	0.0547578082598305
305.3747998999	0.0685048105194367	0.0766778092449664	0.0545889556098295
306.028008028028	0.0684584897896177	0.0766620111718165	0.0543824164411932
306.681216156156	0.0682916181483306	0.0768662391092057	0.0542334870553799
307.334424284284	0.0680273629896554	0.0770539511803155	0.0538768219772578
307.987632412412	0.0677225618815481	0.0774196527409008	0.0533499983919587
308.640840540541	0.0672180273766852	0.0774065676472358	0.0528060222684377
309.294048668669	0.0667123648944182	0.0780208148263217	0.0522689973034008
309.947256796797	0.0662912154694509	0.0783885714192297	0.0516065801135931
310.600464924925	0.0659324201446252	0.0792430106109911	0.0512854912202255
311.253673053053	0.0654801556824831	0.0795793108871253	0.0508836989116608
311.906881181181	0.0650316060184839	0.0802488676455459	0.0505848075993056
312.560089309309	0.0646902205678126	0.0814928741761591	0.0502273180674121
313.213297437437	0.0642887125314044	0.0814104640947026	0.0498076831615965
313.866505565566	0.0638581715673533	0.0825120494264062	0.0495360685529604
314.519713693694	0.0635017253592569	0.0836731078865171	0.0492959911479168
315.172921821822	0.0629770878195994	0.0825431342421295	0.0493526940636851
315.82612994995	0.0625493291158932	0.0824187648947646	0.0495471234962275
316.479338078078	0.0623078280938145	0.0842332166024567	0.0498413596169868
317.132546206206	0.0622031599754167	0.0849217169851812	0.0503214321382113
317.785754334334	0.0622362366834822	0.0851931184406796	0.0508294391359864
318.438962462462	0.0624388415565628	0.0864858554934844	0.0516494438904518
319.092170590591	0.0628036686400635	0.087493177833119	0.0523758578780046
319.745378718719	0.0633237503056811	0.0880156639989447	0.0531421997758668
320.398586846847	0.0639795542602466	0.0890079173240979	0.0538537581755183
321.051794974975	0.0648359482542331	0.0901252002049048	0.0547989928579969
321.705003103103	0.065850330686259	0.0915752117156588	0.0557472975316583
322.358211231231	0.0670436427852231	0.092179010573906	0.0566877756191837
323.011419359359	0.0684380837691016	0.0943732511995894	0.0577924753131888
323.664627487487	0.0700048735615027	0.0973339505002035	0.0587486744737416
324.317835615616	0.0717348673241656	0.100108825833673	0.0598859425712956
324.971043743744	0.0735590640971732	0.101691264256771	0.0613134227168
325.624251871872	0.0754353907743242	0.103351785894717	0.0626963320672246
326.27746	0.0773139717208896	0.104814587216714	0.0641590478883539
326.930668128128	0.0792180038972256	0.106280210954763	0.0659603812599342
327.583876256256	0.0811918526098198	0.107004769278349	0.0680387323868812
328.237084384384	0.08332012441371	0.110038902677287	0.0697857809040028
328.890292512512	0.0855712750837407	0.111716431528676	0.0718002921052525
329.543500640641	0.0879511721741134	0.114037283188826	0.0739626249161321
330.196708768769	0.0904619608861416	0.115913338873599	0.0759328797935081
330.849916896897	0.0930878030212989	0.118775676335836	0.0780436125873387
331.503125025025	0.0958079154646491	0.121070873632067	0.0802311443179369
332.156333153153	0.0985612265110558	0.122952803694098	0.0820995287309871
332.809541281281	0.101370274925604	0.123379205720055	0.0841065528447111
333.462749409409	0.104405279810963	0.127707344138751	0.086098154845535
334.115957537537	0.107566282700456	0.130472588112483	0.0877693022857941
334.769165665666	0.110697921837293	0.131834280580603	0.0894846022021399
335.422373793794	0.114039784312035	0.136365306559887	0.0915147775317888
336.075581921922	0.117233546369695	0.138364472842022	0.0940316175022027
336.72879005005	0.120204504739452	0.140914059347536	0.0970290067181748
337.381998178178	0.123130178190468	0.143322677756764	0.0995516385757352
338.035206306306	0.125964024844746	0.145988263124244	0.101993475228189
338.688414434434	0.128641882487646	0.150118552616688	0.104827999770566
339.341622562563	0.130478684062621	0.1517317549751	0.107671916485594
339.994830690691	0.131939564693061	0.154562547582059	0.110448711663151
340.648038818819	0.13321269954756	0.156554263285321	0.113581565586486
341.301246946947	0.134479087336997	0.156061171335784	0.116602828287285
341.954455075075	0.136150866851765	0.157854277899351	0.119399397634495
342.607663203203	0.138270589323536	0.160685192980033	0.121749273078875
343.260871331331	0.140779677716963	0.164886045263352	0.124337326367624
343.914079459459	0.143553087547427	0.167782677243068	0.127105997091385
344.567287587588	0.146623382224239	0.173092566884426	0.12970299324643
345.220495715716	0.149593801736337	0.175257438930945	0.132323675771591
345.873703843844	0.152671323726119	0.176930486021738	0.135525362144655
346.526911971972	0.155998700352969	0.18202833108405	0.138972805443084
347.1801201001	0.159163611538713	0.184246455426937	0.142196186044841
347.833328228228	0.162422510659428	0.185109846273939	0.145762013239998
348.486536356356	0.166009810141618	0.188080614447146	0.149436567366251
349.139744484484	0.169874291115386	0.191826535018108	0.153380176661429
349.792952612613	0.173987654683537	0.196441709296566	0.157582043500274
350.446160740741	0.178279510268375	0.199104587939138	0.161259772408688
351.099368868869	0.182680727309816	0.203432661713055	0.16530190598705
351.752576996997	0.186991816782925	0.207947975100135	0.169477768188245
352.405785125125	0.190918071131603	0.211160704027545	0.173355368066921
353.058993253253	0.194495969898617	0.213419584587523	0.177111921005216
353.712201381381	0.198048952514007	0.216693963211107	0.181104808751543
354.36540950951	0.201581390538036	0.218983705866677	0.185437969996529
355.018617637638	0.205287563981503	0.222346939378344	0.190081436018774
355.671825765766	0.209153545896468	0.227657710972948	0.193961627018776
356.325033893894	0.212895130693468	0.231888758133028	0.198152807827923
356.978242022022	0.21650596082784	0.234470332531381	0.202424265298978
357.63145015015	0.220308571795158	0.23765122440113	0.206649485907053
358.284658278278	0.224290315910833	0.241428140763912	0.210856850384892
358.937866406406	0.228456526983619	0.245217497353751	0.215407115734653
359.591074534535	0.232814870757047	0.24945885339882	0.220305242983241
360.244282662663	0.2373112981681	0.254437624561265	0.22515684487356
360.897490790791	0.241855406491877	0.259127162773601	0.230057627880031
361.550698918919	0.246570627094328	0.263681148341488	0.234956280955658
362.203907047047	0.251487393779158	0.268202157733806	0.240255871663621
362.857115175175	0.256589611954318	0.272846087731139	0.245174338784821
363.510323303303	0.261866531505311	0.277778206090193	0.250232573097938
364.163531431431	0.267281832446041	0.282873952629764	0.255331824396264
364.81673955956	0.272833410940315	0.288036069856917	0.260477566739878
365.469947687688	0.278552182720576	0.293159481140395	0.26574694070689
366.123155815816	0.284390839859933	0.298590365356312	0.271128678416244
366.776363943944	0.290201486857727	0.303753660695032	0.27667545098487
367.429572072072	0.295921375927547	0.309132182289358	0.282081314118741
368.0827802002	0.301590320130273	0.314549310566803	0.2876363026031
368.735988328328	0.307253789687686	0.319998113220239	0.293326422148725
369.389196456456	0.312916658760813	0.325450739837383	0.299291695690222
370.042404584585	0.318575241608348	0.330778436921365	0.305149799824978
370.695612712713	0.324226506362466	0.336513559952895	0.310791936077473
371.348820840841	0.329856401937868	0.342090545352847	0.316428195581492
372.002028968969	0.335459073817268	0.347450204010338	0.321677392605766
372.655237097097	0.341031513688054	0.352745269289369	0.32678333811378
373.308445225225	0.346576875109587	0.357966914897659	0.331735390522705
373.961653353353	0.352055336558491	0.362962783401153	0.336854542831291
374.614861481482	0.357446252806256	0.368257652423624	0.341888994770677
375.26806960961	0.362726624029158	0.373334243781423	0.347320457951635
375.921277737738	0.367890469422273	0.378287743469279	0.352373427776942
376.574485865866	0.372947431042602	0.383271137963905	0.357206264911863
377.227693993994	0.37791032391641	0.388244757263685	0.361963616075791
377.880902122122	0.382791556186882	0.393111636428639	0.366668647219454
378.53411025025	0.387609131439444	0.397719669869777	0.371307793769444
379.187318378378	0.392300488508174	0.402591911676007	0.375732664925535
379.840526506507	0.396848919176355	0.407395440269886	0.379835369983077
380.493734634635	0.401244970147783	0.4120962179566	0.384216826820596
381.146942762763	0.405504227183908	0.416771677745137	0.388272098001246
381.800150890891	0.409617009615954	0.421390607275338	0.39203886929279
382.453359019019	0.413566980161896	0.42575280571586	0.395432095692829
383.106567147147	0.417361728675707	0.429992196235369	0.399220731347102
383.759775275275	0.421029647473497	0.434183345721831	0.403366126779502
384.412983403403	0.424566447049196	0.438228380212582	0.407049587559218
385.066191531532	0.427982846822687	0.442598687769031	0.410496704727059
385.71939965966	0.431355699794036	0.446872721220868	0.414786396073625
386.372607787788	0.434673668405708	0.450709905740913	0.417858278880122
387.025815915916	0.437918151808799	0.45472209722208	0.421397466283145
387.679024044044	0.441150679316594	0.459032574163326	0.424480904584891
388.332232172172	0.444375916858593	0.462570968291902	0.428896098086741
388.9854403003	0.447567585083532	0.46632875220945	0.432625211874798
389.638648428428	0.450685163617853	0.469939469799999	0.435680382645907
390.291856556557	0.45379770433982	0.473822918274385	0.438555883762727
390.945064684685	0.456958477751837	0.477882517803879	0.440507197991372
391.598272812813	0.460317149419554	0.481641691406377	0.442889354369546
392.251480940941	0.464611683629066	0.485871918544686	0.446973232756775
392.904689069069	0.469598283689985	0.490591053507127	0.45218758733045
393.557897197197	0.474654566390424	0.494630417590008	0.456708329384722
394.211105325325	0.479564547721909	0.498801686825767	0.459041674446539
394.864313453453	0.484305263178835	0.502766964188939	0.461836089250187
395.517521581582	0.488907530959739	0.506982011604209	0.463419342496473
396.17072970971	0.493936815422106	0.510737862839726	0.468439711361713
396.823937837838	0.499158548350589	0.514845969688439	0.474656152389563
397.477145965966	0.504098877298418	0.519132652228821	0.476636819191786
398.130354094094	0.508826342685301	0.523412410216636	0.479431620640343
398.783562222222	0.513411931284942	0.527982517178903	0.484514840375222
399.43677035035	0.517740189609939	0.532716883231278	0.487840921372273
400.089978478478	0.521746755305836	0.536743095345991	0.489987474071
400.743186606607	0.525497743326985	0.541210162253268	0.493249077026363
401.396394734735	0.528976571510733	0.545159058429386	0.495313562847414
402.049602862863	0.53217056472826	0.548832061538961	0.496277854670161
402.702810990991	0.535147604373037	0.552543898916198	0.498198822812665
403.356019119119	0.538021534670503	0.556347847121229	0.50174492256713
404.009227247247	0.540702426743556	0.560263926889407	0.504190393264774
404.662435375375	0.543203326148946	0.563777903901514	0.506396458570072
405.315643503503	0.545538209134985	0.56766062070121	0.508007377547466
405.968851631632	0.547779946854509	0.571348903853716	0.510408901038615
406.62205975976	0.549809706455918	0.575149643652222	0.511357681276055
407.275267887888	0.551849025636659	0.578383936749173	0.516088099039552
407.928476016016	0.553707236725999	0.581223042819462	0.51668986578773
408.581684144144	0.555523843562595	0.584202729464807	0.518379277311194
409.234892272272	0.557345069969196	0.586937402218993	0.521035946789371
409.8881004004	0.558964344648515	0.589358056137608	0.520020373065222
410.541308528528	0.56077531083578	0.592926862294525	0.52138623337011
411.194516656657	0.562894992529264	0.596141385058266	0.524428256244132
411.847724784785	0.565060263474155	0.598494164300489	0.526763523084701
412.500932912913	0.567095219505022	0.60167943596786	0.528303360459081
413.154141041041	0.569178842447358	0.604222126751125	0.531171758070642
413.807349169169	0.571050315378922	0.606808335040445	0.533046072119219
414.460557297297	0.572704394456822	0.609613609383731	0.532270243866374
415.113765425425	0.574324515667091	0.61189331309028	0.532633086181469
415.766973553553	0.57594102007862	0.613676315684636	0.532745778209784
416.420181681682	0.577658170457931	0.615480723319881	0.531934707518539
417.07338980981	0.580187460179877	0.616859284759086	0.535758343887611
417.726597937938	0.582840325698932	0.618629809392742	0.540448723389243
418.379806066066	0.585169244266473	0.619922424281453	0.539312609379736
419.033014194194	0.58725675973453	0.620902619939899	0.537467273499313
419.686222322322	0.589582893050842	0.621668270645594	0.542797651074814
420.33943045045	0.591568837678702	0.622642884446929	0.545237045257072
420.992638578579	0.593078059703118	0.623590341684846	0.541813799317869
421.645846706707	0.594406008193838	0.6247521711588	0.540986097263604
422.299054834835	0.595668868028652	0.624490345537879	0.544668141896398
422.952262962963	0.596643092478474	0.624065595401836	0.546328622927629
423.605471091091	0.597152077953211	0.623445089201587	0.542270334746785
424.258679219219	0.59732555894265	0.622780545937252	0.542598336114418
424.911887347347	0.597186505717518	0.621706554435185	0.546246671496967
425.565095475475	0.596540291659565	0.620763644834462	0.545858360664125
426.218303603604	0.595418719981665	0.619651421999383	0.542553506951282
426.871511731732	0.593943046277856	0.618364345818073	0.54128445623954
427.52471985986	0.59207348088748	0.617350403148579	0.542073568768505
428.177927987988	0.58980091102905	0.615622586017359	0.542300368851832
428.831136116116	0.587006970550693	0.613996983921353	0.537663916656149
429.484344244244	0.583950240462568	0.611474982655877	0.534677680291551
430.137552372372	0.580866920311351	0.608272480702917	0.534216791984597
430.7907605005	0.577567310268828	0.605530634596837	0.532749451401162
431.443968628629	0.574048806455057	0.602495434487689	0.531744096368215
432.097176756757	0.57021271448596	0.598339899262729	0.529671237208963
432.750384884885	0.56614496058796	0.594966307176323	0.528505956299938
433.403593013013	0.561890302813037	0.591376621431431	0.524932820958182
434.056801141141	0.557957639130531	0.587785975627352	0.522216543585438
434.710009269269	0.55456525951148	0.584023470531514	0.520080816835935
435.363217397397	0.551414948334829	0.580617223895327	0.521722921409022
436.016425525526	0.547813424910698	0.577398647280021	0.519158524248393
436.669633653654	0.54401052128187	0.573677894980368	0.516209470158693
437.322841781782	0.539979074786043	0.56937266511454	0.514289424789162
437.97604990991	0.536055009219973	0.565943215870659	0.508796263750324
438.629258038038	0.53334855742431	0.562697967549715	0.505371618384919
439.282466166166	0.531694064988977	0.55885242900143	0.504986561190855
439.935674294294	0.530052342528311	0.554935518248626	0.502972380427247
440.588882422422	0.528304266223198	0.55089515902986	0.5018175903657
441.242090550551	0.526232362824862	0.546881453137538	0.49961666214677
441.895298678679	0.523879919300855	0.542626252634593	0.496534745313216
442.548506806807	0.521232753141779	0.538059823329693	0.492944701387284
443.201714934935	0.518345976106892	0.534195060577723	0.489603310338978
443.854923063063	0.51519214204709	0.529524146599117	0.486967721055064
444.508131191191	0.511720040746276	0.525073055650212	0.484343006778209
445.161339319319	0.507834927477724	0.52046429768884	0.481028675514219
445.814547447447	0.503551045267322	0.516219060353679	0.477723964875243
446.467755575576	0.49888814534436	0.511740949719131	0.472629684709569
447.120963703704	0.493969697503622	0.507536878403814	0.466734855533074
447.774171831832	0.488795508167983	0.502804004054215	0.461638911973513
448.42737995996	0.483358610270658	0.498508787699179	0.456100409320734
449.080588088088	0.477677734434516	0.493511560951774	0.450646932219993
449.733796216216	0.471826442661671	0.48882339046431	0.445143748417091
450.387004344344	0.465759216644871	0.483911531550927	0.439011756525234
451.040212472472	0.459525071028089	0.479308532012288	0.433240657640232
451.693420600601	0.453229697306606	0.474278459412899	0.427227369203875
452.346628728729	0.446871184221964	0.469731730275254	0.421519635108851
452.999836856857	0.440459406754871	0.464349453297064	0.415155507601276
453.653044984985	0.433967917118979	0.458976401481923	0.407985256332626
454.306253113113	0.427439921843804	0.453888792630984	0.400970019713352
454.959461241241	0.420996361484401	0.448190880329247	0.39413360141735
455.612669369369	0.414662342573394	0.442911637041271	0.387757231465157
456.265877497498	0.408431087973801	0.43780864596163	0.381504671119735
456.919085625626	0.402304920131489	0.432251556541793	0.374054121306532
457.572293753754	0.396270407492907	0.427462575159691	0.36651443764775
458.225501881882	0.390157294383609	0.421986001476933	0.359586759707151
458.87871001001	0.384060908481922	0.417116571218304	0.353647240086088
459.531918138138	0.378177759080927	0.412124935770174	0.347717155424216
460.185126266266	0.372453860769358	0.407446094124953	0.341005919459615
460.838334394394	0.366850399438276	0.402857970802168	0.335099910150062
461.491542522523	0.361555715870865	0.397778915085905	0.329113100747471
462.144750650651	0.356529906383973	0.393465233444179	0.322603725443064
462.797958778779	0.351892947702287	0.389754503773062	0.316056129483903
463.451166906907	0.34769666254802	0.386348696109778	0.308874213393695
464.104375035035	0.343919830264384	0.38362942172332	0.30279048007773
464.757583163163	0.340594373963427	0.381582833563961	0.295562457771699
465.410791291291	0.337450000867284	0.377803851280759	0.289275446254799
466.063999419419	0.334584847626541	0.37611633748636	0.283974621288322
466.717207547548	0.331942803388919	0.37530056189068	0.277229518996462
467.370415675676	0.32863577132816	0.368242687332093	0.272392715158041
468.023623803804	0.325472250128127	0.369016330136287	0.267680139562557
468.676831931932	0.322254356231409	0.367103610988046	0.263614775075117
469.33004006006	0.317916085867927	0.362405954132704	0.259147485098375
469.983248188188	0.31324818580861	0.360825444967265	0.254755107474201
470.636456316316	0.308315780572852	0.360060898751662	0.248660308135088
471.289664444444	0.30189308938358	0.354207358268782	0.242880210909279
471.942872572573	0.2953030250085	0.35225626548827	0.237877400927086
472.596080700701	0.289247628999467	0.353451004055784	0.231941122702323
473.249288828829	0.283416949091366	0.353829451818252	0.227822185436141
473.902496956957	0.278205916284246	0.353777416525927	0.222800159470224
474.555705085085	0.272649874747745	0.3502053244681	0.219629792292408
475.208913213213	0.267460379619612	0.349213355384057	0.21568705247723
475.862121341341	0.262615227430106	0.351700002358596	0.212270398657317
476.515329469469	0.257712095760773	0.345430617051797	0.209276068055725
477.168537597598	0.253492879789437	0.334696968513708	0.207008647431627
477.821745725726	0.250826073483936	0.329111320536339	0.206011548705259
478.474953853854	0.249663701534254	0.332298192774026	0.20672093742677
479.128161981982	0.250135886695468	0.33819628101286	0.207700014128158
479.78137011011	0.25223900171464	0.345334466993774	0.210011630410715
480.434578238238	0.255737709971611	0.343727273801796	0.212865916931756
481.087786366366	0.2607440151168	0.343446345786173	0.217973303494852
481.740994494494	0.267422785049829	0.350178939771847	0.222250913823864
482.394202622623	0.275320774244999	0.352716760139673	0.226979313770307
483.047410750751	0.284605443423412	0.356184355222393	0.232310047242829
483.700618878879	0.295088663476431	0.362596507600232	0.240431148205459
484.353827007007	0.306107314626	0.367113360738171	0.248564065968148
485.007035135135	0.317454187371893	0.371870934763352	0.258594035539743
485.660243263263	0.328303053925088	0.377583253222693	0.26898952290566
486.313451391391	0.33735277642878	0.380671860433991	0.279658214943179
486.96665951952	0.344873466553454	0.382372296962109	0.287435334271863
487.619867647648	0.352449713876827	0.385764261876653	0.297269137091626
488.273075775776	0.360175766582965	0.389898910814033	0.30692700687529
488.926283903904	0.367656048512101	0.394918932794667	0.314474204528921
489.579492032032	0.373554565839526	0.400881697128475	0.323580828181757
490.23270016016	0.378726991290279	0.406763994172459	0.332482956880675
490.885908288288	0.384108574908334	0.413397834941087	0.340708280645309
491.539116416416	0.389777306972369	0.419993565762592	0.348793396328535
492.192324544545	0.395677594597519	0.426194563465289	0.357319529913704
492.845532672673	0.401631359400147	0.432645447543491	0.366203365831686
493.498740800801	0.407590123799877	0.438704310223281	0.374821481038327
494.151948928929	0.413736430794213	0.444893996713818	0.383689035502535
494.805157057057	0.42003169749553	0.451554725204177	0.392748372491886
495.458365185185	0.426438428621991	0.457855701152131	0.400599602312128
496.111573313313	0.432853797446136	0.463915644753454	0.407340514736302
496.764781441441	0.439212642041935	0.469563231148568	0.414249936212037
497.41798956957	0.445508626381509	0.475901911139082	0.421538714311674
498.071197697698	0.451766257596373	0.482260206726895	0.428505932287576
498.724405825826	0.457968160341849	0.48845116146295	0.43536075277208
499.377613953954	0.464141332010272	0.495919529008878	0.44176548372055
500.030822082082	0.470410929059714	0.502610265204403	0.448180660876693
500.68403021021	0.476657990211529	0.509418423977068	0.454793543444674
501.337238338338	0.482968839895886	0.515683496072951	0.46033851265225
501.990446466466	0.489426663258944	0.52340780363098	0.465386649321932
502.643654594595	0.495858726558404	0.529669278897828	0.469949933753716
503.296862722723	0.50210356903503	0.534812075409505	0.474526268259064
503.950070850851	0.508030256418659	0.54077257404476	0.478614236906227
504.603278978979	0.513742511915533	0.546248560080392	0.482852213622824
505.256487107107	0.519305499222167	0.552066293057012	0.486754533058494
505.909695235235	0.525147274380514	0.557478856692798	0.492176005373471
506.562903363363	0.531332078846938	0.562787658600078	0.499033484450425
507.216111491491	0.537277171004829	0.567500411190337	0.502982604472212
507.86931961962	0.542994636900963	0.571797462677327	0.508516175159514
508.522527747748	0.54834837269163	0.575732882557899	0.513832349060573
509.175735875876	0.553272253134695	0.581175058309235	0.518034446395245
509.828944004004	0.557717996290692	0.584566425357189	0.523437718812642
510.482152132132	0.56166702135266	0.588116362972029	0.525174075146155
511.13536026026	0.565206915388663	0.591863137040023	0.528626891279208
511.788568388388	0.568258364447439	0.595816970854854	0.530902645282128
512.441776516516	0.570854146687038	0.599265825035023	0.53518999594856
513.094984644645	0.572907187528925	0.602121968053163	0.536155375687883
513.748192772773	0.574542608470149	0.604113864198644	0.536258838096939
514.401400900901	0.575917486738692	0.604930499379339	0.540590298990375
515.054609029029	0.576984276576826	0.606316965666765	0.542903990088288
515.707817157157	0.577743185743988	0.607003273636089	0.546144024982829
516.361025285285	0.578380942471065	0.607370424927187	0.548824910764814
517.014233413413	0.578782236431722	0.606205550169706	0.551049518038901
517.667441541542	0.579130317799698	0.607301474142111	0.552768923377637
518.32064966967	0.579657519907169	0.607022651398643	0.557811676195918
518.973857797798	0.579925386612991	0.608575169073784	0.559484955567759
519.627065925926	0.580401722573482	0.609580418936149	0.559591443156453
520.280274054054	0.581587341234645	0.6113458478311	0.563321281257546
520.933482182182	0.583263253259217	0.612695633850222	0.564385908561077
521.58669031031	0.586441778522403	0.614337730721452	0.567723331482898
522.239898438438	0.589868085573485	0.615300189970247	0.570299893524236
522.893106566567	0.593256853871388	0.61735851906997	0.573562455270318
523.546314694695	0.596471041131122	0.619261346703943	0.575749400404362
524.199522822823	0.59950602747648	0.622148702673738	0.577488191100305
524.852730950951	0.60214951781652	0.624901370950112	0.580497608981181
525.505939079079	0.604416382957302	0.627100833459809	0.582179335121638
526.159147207207	0.606352798737292	0.629254993990868	0.583879377017976
526.812355335335	0.608007792117653	0.630742603021281	0.585519887119842
527.465563463463	0.609413577205825	0.631458141891145	0.58692834639585
528.118771591592	0.610615395350101	0.632293994046977	0.587312139778402
528.77197971972	0.61148833773348	0.632559786623632	0.588866007777127
529.425187847848	0.612024213072771	0.632961529770699	0.589342387853538
530.078395975976	0.612212771457034	0.632820141178134	0.590728010530221
530.731604104104	0.612057724734846	0.632541215284511	0.592019519857391
531.384812232232	0.611548994311934	0.63169315914254	0.593166547462725
532.03802036036	0.610907834222178	0.629963027902055	0.593638729232855
532.691228488488	0.610298381543016	0.628610046462132	0.594904473327125
533.344436616617	0.60963040005212	0.627988574623133	0.595688520371157
533.997644744745	0.608979252962505	0.627487391895637	0.597076374906197
534.650852872873	0.608454144620711	0.627237334702664	0.597327108789614
535.304061001001	0.6085426922662	0.627138672273335	0.597997487531237
535.957269129129	0.609370942576256	0.625741833928561	0.599120851965241
536.610477257257	0.61034367903092	0.625617597043273	0.599832158018735
537.263685385385	0.611241141362779	0.625549254224527	0.600206877055092
537.916893513514	0.612012396085443	0.626441620280735	0.600661999510778
538.570101641642	0.612653993037708	0.627610594354239	0.601030084318853
539.22330976977	0.613234250325295	0.628451796828777	0.601625352064272
539.876517897898	0.613868705281389	0.627722488704579	0.601922778879244
540.529726026026	0.614470536105406	0.627927032815106	0.602041952884736
541.182934154154	0.614975630960512	0.628689728793707	0.602442338771375
541.836142282282	0.615361273909626	0.628217760749138	0.602584081592491
542.48935041041	0.615608211821843	0.628608751760977	0.602708203962384
543.142558538539	0.615710414449475	0.628841686899476	0.602726850463085
543.795766666667	0.615712412124486	0.630052336062307	0.60269596988258
544.448974794795	0.615605718872648	0.630896770411294	0.602890029080489
545.102182922923	0.615362818712114	0.631471337874111	0.602695399869058
545.755391051051	0.615040304757382	0.632041486518791	0.602485121941578
546.408599179179	0.614796105248389	0.633016146832827	0.602501720159222
547.061807307307	0.614607741628872	0.63349126745283	0.602696439812723
547.715015435435	0.614350872830742	0.633554860627533	0.602421384414983
548.368223563564	0.614211331317026	0.633717803321925	0.602254308509227
549.021431691692	0.614299301253611	0.63372498870017	0.602341484737928
549.67463981982	0.614859472327037	0.634939420493017	0.602317283375038
550.327847947948	0.615931465907963	0.635416188144227	0.603037816336644
550.981056076076	0.617523156343115	0.637491970334589	0.603535509271789
551.634264204204	0.619616834928367	0.638129108251061	0.604186056512443
552.287472332332	0.621763832581474	0.641225163007082	0.604880060395044
552.94068046046	0.623893735066947	0.644089166866723	0.604746033097246
553.593888588589	0.626371848214968	0.646352071640082	0.606082595684039
554.247096716717	0.629001126402019	0.648511865889744	0.607595351781107
554.900304844845	0.631562682191086	0.650998332031741	0.609275152023262
555.553512972973	0.6337736293779	0.653244750650481	0.610014455770186
556.206721101101	0.635596238229591	0.65518654712482	0.61021848267017
556.859929229229	0.637003813915791	0.656701084106042	0.610047418886929
557.513137357357	0.637991456052846	0.657993994078155	0.609504443522498
558.166345485485	0.638648723754461	0.659121581817755	0.609731554434748
558.819553613614	0.638871364980021	0.659505342957474	0.608314893118373
559.472761741742	0.638694628876935	0.659185970028593	0.607248339070106
560.12596986987	0.638124679017768	0.65934839346081	0.606856954270883
560.779177997998	0.637076219169977	0.658903181138292	0.606983549172211
561.432386126126	0.63551575094486	0.658126509934607	0.60513094244958
562.085594254254	0.633552779603969	0.657052408985354	0.603327406584459
562.738802382382	0.631366378816766	0.655675999683941	0.602356936180708
563.392010510511	0.628936647232572	0.653836165279643	0.601714904453907
564.045218638639	0.626392794217389	0.651868550790864	0.600578209161163
564.698426766767	0.623808285263404	0.649053835130441	0.599083165526342
565.351634894895	0.621137139577978	0.647153693731916	0.597660374522517
566.004843023023	0.618169812725565	0.644219892306234	0.595945068133947
566.658051151151	0.614970314276311	0.641080425011155	0.593462670414761
567.311259279279	0.611520143605675	0.637060073928715	0.590802770896308
567.964467407407	0.607943066787661	0.632962210791234	0.588081806499518
568.617675535535	0.604255606407421	0.628876209527115	0.584593280198315
569.270883663664	0.600471418668213	0.625036948583129	0.581050246400175
569.924091791792	0.596615465080388	0.621600380689777	0.577114173976729
570.57729991992	0.592698364813666	0.618745684695226	0.572658564030573
571.230508048048	0.588735919206309	0.61551628563478	0.568292447958868
571.883716176176	0.584676132676548	0.611853569112532	0.564094692357548
572.536924304304	0.580536157576781	0.608676117071437	0.559380094814333
573.190132432432	0.576560748599478	0.605097021885748	0.554652776078648
573.843340560561	0.572773260099614	0.601664458160167	0.54906302438009
574.496548688689	0.569214301037086	0.598504461659657	0.54373110165736
575.149756816817	0.565956935965195	0.595176917447017	0.538507715865507
575.802964944945	0.563036201148689	0.591804931335287	0.532696597021782
576.456173073073	0.560450256372194	0.588682462307293	0.527986821796344
577.109381201201	0.558208653817877	0.586023507789285	0.523658197301391
577.762589329329	0.556261589587845	0.583314597132916	0.519706284245198
578.415797457458	0.554616727533566	0.580509804552128	0.51644033620478
579.069005585586	0.553267449001685	0.578366073857608	0.513197928127354
579.722213713714	0.552080005418152	0.576298038026812	0.511505002679654
580.375421841842	0.550979055556603	0.57441880896893	0.510176164321987
581.02862996997	0.549928582165376	0.573113788057685	0.509271875282421
581.681838098098	0.548956961492361	0.571908440534677	0.50895914103372
582.335046226226	0.54777672412462	0.570265568920989	0.508703851748665
582.988254354354	0.54540327391684	0.567360010290687	0.510243783360008
583.641462482482	0.542653852904173	0.564573611849259	0.51235459728316
584.294670610611	0.540111661066665	0.564175447616575	0.51147382436157
584.947878738739	0.537595835623931	0.563695775684747	0.510106485986724
585.601086866867	0.535158024941238	0.561384388498919	0.508810118370058
586.254294994995	0.532748334857407	0.560085880129212	0.50769521432834
586.907503123123	0.530514148514313	0.558303987730222	0.507400243904679
587.560711251251	0.528750896827626	0.55733012815883	0.506870533229756
588.213919379379	0.527401614693951	0.556528026975157	0.506845574388274
588.867127507508	0.5265406056323	0.556136712009602	0.507540763580641
589.520335635636	0.52616115323475	0.556019408440282	0.507972400510394
590.173543763764	0.526259589516402	0.555393654822441	0.508957214772511
590.826751891892	0.526882571844983	0.554939382324143	0.510924567623755
591.47996002002	0.528048970831707	0.554783032547515	0.51239984018972
592.133168148148	0.529733150400616	0.555506823277568	0.514195449333948
592.786376276276	0.53196552526335	0.55642373853329	0.517181946457651
593.439584404404	0.534739281177448	0.561798639399116	0.520922069745825
594.092792532532	0.538009005825209	0.563984134932953	0.524534016466641
594.746000660661	0.541783293123598	0.566010604310104	0.528027516240592
595.399208788789	0.54606125980444	0.569858909183558	0.531682952676834
596.052416916917	0.550696850590394	0.572926738812991	0.535248308656891
596.705625045045	0.555454560984941	0.574072707340052	0.538597827885614
597.358833173173	0.560435283077453	0.575832517133994	0.542544714348771
598.012041301301	0.565315875242517	0.577917416737456	0.546566328720455
598.665249429429	0.569105498435871	0.579291472259046	0.55092319217577
599.318457557558	0.571386238753234	0.580181078362432	0.555446514404483
599.971665685686	0.573190423874761	0.580760983504489	0.55977755665886
600.624873813814	0.574882861892784	0.581830588548383	0.564485517314136
601.278081941942	0.576317186140058	0.583375975471289	0.567621026031214
601.93129007007	0.577498339303061	0.58474318561584	0.569534935226053
602.584498198198	0.578365771335663	0.585836185889233	0.570729471415525
603.237706326326	0.579233849095301	0.58712145851712	0.571757195215659
603.890914454454	0.580127618243376	0.588118855235853	0.572515286682927
604.544122582583	0.581074837131827	0.589254876351444	0.573380316343677
605.197330710711	0.582123392875815	0.590421456590284	0.574434343002841
605.850538838839	0.583286174019923	0.591801531249635	0.575809809250703
606.503746966967	0.584565207101061	0.593214905818078	0.577192922334348
607.156955095095	0.585970053228364	0.594595384505071	0.578204605130749
607.810163223223	0.587501776563547	0.595995037620454	0.579654956409067
608.463371351351	0.58915710673913	0.597599994437338	0.581362616891371
609.116579479479	0.590938956016367	0.599234007362673	0.583255673526995
609.769787607608	0.592844539281174	0.601124376980029	0.585059924505786
610.422995735736	0.594868750323041	0.602962522857843	0.587000384356463
611.076203863864	0.597009826296059	0.604974209986311	0.589040996046934
611.729411991992	0.599260266521707	0.606796839925167	0.591097362536145
612.38262012012	0.601611537379649	0.60908446692568	0.593121184251554
613.035828248248	0.604050937965932	0.611339266361941	0.595418617197558
613.689036376376	0.606530393228472	0.613196921350564	0.597853720037974
614.342244504504	0.609036152377348	0.615604840727023	0.600525369738788
614.995452632633	0.611539700188997	0.618022227942588	0.603180212170099
615.648660760761	0.613876071653397	0.620180572152746	0.605767614803264
616.301868888889	0.615839966747589	0.622073797107214	0.608510968239822
616.955077017017	0.617603799645467	0.623869673131352	0.610673338428967
617.608285145145	0.619292114317534	0.625547286885842	0.612595830978739
618.261493273273	0.6209677600749	0.627576090449291	0.614159225015442
618.914701401401	0.622589876246686	0.629346155050014	0.615559698846268
619.56790952953	0.624193386254302	0.63094725100042	0.616986905788226
620.221117657658	0.625801497416993	0.632710745635224	0.618283363864821
620.874325785786	0.627419191771768	0.634435578574427	0.619704017470157
621.527533913914	0.62905393454377	0.636206889496349	0.621275097707923
622.180742042042	0.630710759323213	0.638226332704376	0.622739322118118
622.83395017017	0.632389860972171	0.640155763137024	0.624178703950321
623.487158298298	0.634092338806788	0.642023599460157	0.625822625827215
624.140366426426	0.635818261653532	0.643938069737874	0.62731240790786
624.793574554555	0.637567629512403	0.645877839421187	0.62883786826923
625.446782682683	0.639340442383406	0.647842875817304	0.630453444727884
626.099990810811	0.64113670026654	0.649923153980135	0.632072895393833
626.753198938939	0.642956306917817	0.651967693529542	0.63362961322839
627.406407067067	0.644799007985693	0.65393660253644	0.63529142551919
628.059615195195	0.646664710168441	0.655949151923703	0.637073967863181
628.712823323323	0.648552277723415	0.658126171294758	0.638917341603993
629.366031451451	0.650459914618528	0.660236007361589	0.640732039338697
630.01923957958	0.652388059463604	0.662329449948074	0.642546973965228
630.672447707708	0.654332716078395	0.664494336509441	0.644342415731754
631.325655835836	0.656292656092935	0.666627126594265	0.646048907797803
631.978863963964	0.658266576132115	0.668779106242578	0.647780117239156
632.632072092092	0.660252370622032	0.67100381789558	0.649681988684928
633.28528022022	0.662244122065013	0.673235342954234	0.65140934197639
633.938488348348	0.664233607226721	0.675316093175463	0.653279975628748
634.591696476476	0.666214738178809	0.677473344869516	0.655023756856615
635.244904604605	0.66818916933641	0.679684260783467	0.656757609569202
635.898112732733	0.670146377374425	0.681988423091666	0.658450133041517
636.551320860861	0.672092986537177	0.684223854184516	0.660040342430989
637.204528988989	0.674029161188829	0.686344425864901	0.66162529722325
637.857737117117	0.675952840449677	0.688429763818355	0.663211798330673
638.510945245245	0.677866096435124	0.690511550919434	0.664791612104268
639.164153373373	0.679770992193615	0.692729859849898	0.666426663631989
639.817361501501	0.681667760011165	0.69484469233477	0.667988536002779
640.47056962963	0.683556527282085	0.696940465007415	0.669546781261183
641.123777757758	0.685437281353568	0.699024044674889	0.671101399406813
641.776985885886	0.687310020868998	0.701097704259187	0.672652390439736
642.430194014014	0.68917474582839	0.70315986484078	0.674201128829033
643.083402142142	0.691031456231733	0.705233642778962	0.675920246277285
643.73661027027	0.692880152079039	0.707268407446169	0.677455598158492
644.389818398398	0.694720833370292	0.709324429242857	0.678986823329083
645.043026526527	0.696553500105502	0.711459325953797	0.680513921788708
645.696234654655	0.69837815228467	0.713621404171567	0.682036893537537
646.349442782783	0.700194789907792	0.715654682657561	0.683556265984047
647.002650910911	0.702003412974875	0.717680605191776	0.685043236417455
647.655859039039	0.703804021485913	0.719720397618107	0.686584234496872
648.309067167167	0.705596615440898	0.721808837404815	0.688142265907034
648.962275295295	0.707381194839844	0.723888476955877	0.689689249704725
649.615483423423	0.709157759682751	0.725958996368291	0.691224366581687
650.268691551551	0.710926309969603	0.727951405876383	0.692747616537895
650.92189967968	0.712686845700422	0.72998624026215	0.694258999573404
651.575107807808	0.714439366875186	0.732025417705078	0.695758515688089
652.228315935936	0.715943054055266	0.73375407976827	0.697355300393017
