phys	rec.rate	upper	lower
0.31385610960961	NA	NA	NA
0.941568328828829	NA	NA	NA
1.56928054804805	1.22192632522077	1.64527133591936	0.690068880072877
2.19699276726727	1.22614816446944	1.62476090402128	0.732329969799635
2.82470498648649	1.2374518151793	1.60895167252178	0.773306677072309
3.45241720570571	1.24839553998334	1.59204747908076	0.811044268133278
4.08012942492492	1.254956241516	1.57720779073556	0.841594561870252
4.70784164414414	1.26210124676442	1.56889681904824	0.879755764841975
5.33555386336336	1.26401536738144	1.54601634721867	0.908571970670356
5.96326608258258	1.26435363633198	1.52698664895434	0.940084165180982
6.5909783018018	1.25987962987529	1.50581461389154	0.954508761229472
7.21869052102102	1.2554342087825	1.48533486295518	0.969562686288564
7.84640274024024	1.25206102689437	1.46773582366237	0.985251845697785
8.47411495945946	1.25292014492798	1.44807019135338	1.00532116838782
9.10182717867868	1.25259448193098	1.43120218181785	1.02767371094233
9.7295393978979	1.2565120141759	1.4198745923579	1.05946794744205
10.3572516171171	1.25833677099833	1.413195193862	1.0874988452888
10.9849638363363	1.2567768346047	1.40027975124976	1.10493680039173
11.6126760555556	1.25161981967162	1.39186660938259	1.11249324686991
12.2403882747748	1.24346361664416	1.37407702398454	1.11478292529655
12.868100493994	1.23374740078968	1.35879232568711	1.1051476911376
13.4958127132132	1.22408794251856	1.35148178339862	1.10359196861557
14.1235249324324	1.21795347082482	1.34630865929226	1.10955825843081
14.7512371516517	1.21040471149288	1.35024103278554	1.11185563157782
15.3789493708709	1.20126756750733	1.34889931976309	1.10712726738765
16.0066615900901	1.19054203886819	1.3383229645724	1.09710216800051
16.6343738093093	1.17822812557546	1.33367875365497	1.07736308914461
17.2620860285285	1.16432582762912	1.3223109406754	1.056034971637
17.8897982477477	1.14883514502919	1.30957747361258	1.03093055168397
18.517510466967	1.13175607777566	1.29135657478588	1.00496109404012
19.1452226861862	1.11308862586853	1.27487564515276	0.97899663580045
19.7729349054054	1.09283278930781	1.25550574938267	0.952761331420476
20.4006471246246	1.07098856809349	1.23381987022582	0.927069139371005
21.0283593438438	1.04755596222557	1.21013415709798	0.901664499104438
21.6560715630631	1.02253497170405	1.18274316699469	0.878146576064585
22.2837837822823	0.995925596528937	1.15308941057084	0.854991906915174
22.9114960015015	0.967727836700226	1.12025405489395	0.830555543940359
23.5392082207207	0.937941692217918	1.08666630315958	0.800828427734484
24.1669204399399	0.906567163082011	1.05295130470119	0.768608622012146
24.7946326591592	0.873447500947573	1.0246247279818	0.725525623649683
25.4223448783784	0.838480920238806	0.997724157539118	0.679642088273214
26.0500570975976	0.802433021993615	0.965956361275214	0.633058450123411
26.6777693168168	0.765354833877612	0.937367311878052	0.583802840262824
27.305481536036	0.72458641817625	0.902197843158646	0.533041001738125
27.9331937552553	0.682381410205463	0.872014473601019	0.487874586548911
28.5609059744745	0.642525476486547	0.835067594245664	0.438794985465835
29.1886181936937	0.603695695770526	0.801997276330861	0.403209537937463
29.8163304129129	0.569464654863363	0.767345081240476	0.385505654546332
30.4440426321321	0.542650346591264	0.73698907963558	0.369575454334784
31.0717548513514	0.522683480761804	0.699354623005854	0.369380428333678
31.6994670705706	0.509613211724056	0.671498148251097	0.379919539486725
32.3271792897898	0.50203619356127	0.633866249548358	0.393025600957177
32.954891509009	0.503751392509692	0.601017843845052	0.403514103174225
33.5826037282282	0.500514041775615	0.580330679258045	0.405588811197763
34.2103159474474	0.490941615368618	0.556837374167383	0.404763119015085
34.8380281666667	0.482270869240961	0.540856050931388	0.406390832789436
35.4657403858859	0.472302635276941	0.53028251816852	0.401719545995937
36.0934526051051	0.462838467343061	0.515695667256993	0.397846486863078
36.7211648243243	0.452914065200126	0.507415995362618	0.391438778798096
37.3488770435435	0.441082787473665	0.493076815384962	0.38427551909801
37.9765892627628	0.430811170830635	0.48010563575484	0.378764499335464
38.604301481982	0.422248323404065	0.470250260379947	0.37207231131294
39.2320137012012	0.415394245193952	0.46060141697444	0.365747775752306
39.8597259204204	0.410163448508807	0.453619538778697	0.363311131940503
40.4874381396396	0.405439441358645	0.448802472120907	0.359944496684059
41.1151503588589	0.401578142491585	0.444854196757321	0.358003575665668
41.7428625780781	0.39827930977343	0.440147756119537	0.35542935551034
42.3705747972973	0.39619476192483	0.435311747735676	0.356031207153627
42.9982870165165	0.395378842159195	0.431516204533855	0.357600313763325
43.6259992357357	0.394936221707168	0.427619063170191	0.356837183004159
44.253711454955	0.39369094485549	0.424033201692741	0.355101452236296
44.8814236741742	0.391629701309078	0.420217346723908	0.35399401136695
45.5091358933934	0.388351867442549	0.415464711640266	0.351600264459469
46.1368481126126	0.384894640166117	0.411375012833433	0.347974325091344
46.7645603318318	0.380821458356444	0.407180446196401	0.344533902848294
47.3922725510511	0.37612289769797	0.402823190074762	0.342546855263492
48.0199847702703	0.37108614644519	0.396359379965716	0.338243155238069
48.6476969894895	0.365852003516675	0.389424289637184	0.334638667159645
49.2754092087087	0.360410509987504	0.382536307204468	0.33135146284561
49.9031214279279	0.354522170174054	0.374655364313545	0.328728175475908
50.5308336471471	0.348162475480134	0.366415015357308	0.327858822927419
51.1585458663664	0.341455349723985	0.356810377093903	0.324333088727345
51.7862580855856	0.334401526496563	0.347190177652609	0.321313649042268
52.4139703048048	0.327586699616699	0.340536342883455	0.315697185830489
53.041682524024	0.321241152886207	0.335097955798073	0.308190957423668
53.6693947432432	0.31491669730899	0.329574067021747	0.301060375470494
54.2971069624625	0.308613036761755	0.324104467926362	0.29371861674382
54.9248191816817	0.302330171244497	0.318411947710121	0.28658293204324
55.5525314009009	0.296068100757223	0.312703341095909	0.279467493423718
56.1802436201201	0.289826825299927	0.306967834673867	0.272645566847462
56.8079558393393	0.283606344872611	0.301662630984557	0.265816471807265
57.4356680585586	0.277406659475277	0.295924401716813	0.259299662817963
58.0633802777778	0.271227769107922	0.290267547585765	0.252802294522051
58.691092496997	0.265069673770548	0.284177518065838	0.246425554209909
59.3188047162162	0.258932373463155	0.27821915324612	0.239831035627389
59.9465169354354	0.252815868185741	0.271749528195944	0.233741679466416
60.5742291546547	0.246720157938307	0.265836368455859	0.227724438064154
61.2019413738739	0.240645266431669	0.25878718964464	0.221703475640118
61.8296535930931	0.234594686533991	0.252314252849039	0.215745209721575
62.4573658123123	0.228575563452626	0.246226533217038	0.209988750888474
63.0850780315315	0.22258877070576	0.239971077491968	0.204322825570211
63.7127902507508	0.216634308293397	0.233643839195728	0.198793698095797
64.34050246997	0.210712176215533	0.227009364432193	0.193335468484598
64.9682146891892	0.204822374472169	0.221106075356132	0.188053590900782
65.5959269084084	0.198964903063307	0.215132188440958	0.182831537001275
66.2236391276276	0.193204779559169	0.208844269627681	0.177449452933122
66.8513513468469	0.187865118098563	0.20370931829568	0.172115645291863
67.4790635660661	0.182722990179864	0.199254580524029	0.16698666717397
68.1067757852853	0.177814151413228	0.194396674468428	0.161409175657243
68.7344880045045	0.173111030274178	0.190451176555707	0.156140553877781
69.3622002237237	0.168598271332121	0.186618157847071	0.151586346177015
69.9899124429429	0.1641880066903	0.182901403035489	0.146599692964187
70.6176246621622	0.159879906727805	0.179612362260639	0.141916344122491
71.2453368813814	0.155725809955816	0.176020441972313	0.136353999962407
71.8730491006006	0.151848950479082	0.173166424770488	0.131649904613293
72.5007613198198	0.148090283392477	0.170447222929468	0.12663574112502
73.128473539039	0.144435725743537	0.167543265983063	0.121770247718649
73.7561857582583	0.140885277532266	0.164807195317662	0.118307819305793
74.3838979774775	0.13745867500093	0.162234161932359	0.112697660058115
75.0116101966967	0.134316253854866	0.159964103053696	0.108272050560814
75.6393224159159	0.131421311151312	0.156825554145738	0.1053109631413
76.2670346351351	0.128644528810891	0.154162069110548	0.10201262230677
76.8947468543544	0.125962556204458	0.15146036895681	0.0985197693313104
77.5224590735736	0.123371812645966	0.14917632816687	0.0954894155155582
78.1501712927928	0.120729281559355	0.146231148863214	0.0923483579459675
78.777883512012	0.118084995744471	0.143759567679986	0.0890262979919584
79.4055957312312	0.115509012028375	0.142158738877978	0.0857769498619085
80.0333079504504	0.113001048710997	0.140698819498211	0.0821772396473623
80.6610201696697	0.110407441537574	0.138525749779802	0.0796051137872149
81.2887323888889	0.107742179955786	0.134835190546266	0.0770963520421815
81.9164446081081	0.105129885606249	0.131961158696685	0.0750613769539625
82.5441568273273	0.102570558488962	0.129163396352526	0.0722461897985494
83.1718690465466	0.100064198603926	0.126842135161217	0.0700239473927009
83.7995812657658	0.0976108059511401	0.124636519004044	0.067956567877901
84.427293484985	0.0952103805306065	0.122289655159532	0.0659370252705656
85.0550057042042	0.0928629223423221	0.120701562226581	0.0637011498319979
85.6827179234234	0.0905684313862895	0.119336757726802	0.0621422008507142
86.3104301426426	0.0883269076625072	0.118302255454382	0.0592242365771427
86.9381423618619	0.0860798440603153	0.117167857951244	0.0574640882922836
87.5658545810811	0.0837519033902511	0.113868054983877	0.0564219614332449
88.1935668003003	0.0814679922918756	0.110463826446804	0.0552651198047488
88.8212790195195	0.0792330548319778	0.107003015645342	0.0529893007451505
89.4489912387388	0.0770470910105577	0.105046475651135	0.0508241102734363
90.076703457958	0.0749101008276153	0.102209755591369	0.0496699421773923
90.7044156771772	0.0728220842831517	0.101343076445852	0.047446410272242
91.3321278963964	0.0707830413771643	0.100287408493639	0.0460073980005416
91.9598401156156	0.0687170834251964	0.0992486960519491	0.0436747192309662
92.5875523348348	0.0665955869528696	0.0975948247316345	0.0415122188732099
93.2152645540541	0.0645185340750919	0.0952429759887238	0.0390506143776846
93.8429767732733	0.0624864614971851	0.0940950280354777	0.0373027953173024
94.4706889924925	0.0604919695074169	0.0928677191101988	0.0353414526716507
95.0984012117117	0.0583129377085424	0.0910648652921024	0.0329703528774272
95.726113430931	0.0560642904461005	0.0875741864789516	0.0314486124234085
96.3538256501502	0.0538539054884434	0.0832727304923767	0.0296473684927799
96.9815378693694	0.0516817828355705	0.0796397038795378	0.0278936062867556
97.6092500885886	0.0495479224874811	0.0763285218802835	0.0260320288196584
98.2369623078078	0.0474523244441739	0.0733981783766909	0.0240903308398396
98.864674527027	0.0453949887056529	0.0708632618963752	0.022182697957369
99.4923867462463	0.0433759152719148	0.0685430942030443	0.0203141693967996
100.120098965465	0.0413951041429602	0.06674207662109	0.0182757049129847
100.747811184685	0.0394525553187895	0.0646538854194301	0.0167486770889225
101.375523403904	0.0375482687994025	0.0631521953549535	0.0150484950932828
102.003235623123	0.0356822441446913	0.0620101669568091	0.0136642198838404
102.630947842342	0.0337653885345017	0.0604153597688987	0.0121982253602008
103.258660061562	0.0317967262756883	0.0580484112274463	0.0102617063157792
103.886372280781	0.0298636822409652	0.0559465441398584	0.00854573420047392
104.5140845	0.0279662564303356	0.05372845526072	0.00676398455540438
105.141796719219	0.0261044488437958	0.0511052433291552	0.00504153788331963
105.769508938438	0.0242782594813506	0.0484495878027089	0.00335484481417864
106.397221157658	0.0224876883429954	0.045902628390941	0.00186101964995003
107.024933376877	0.0207327354287325	0.0434822492853345	0.00026427115197287
107.652645596096	0.0190134007385615	0.0409549987223912	0
108.280357815315	0.0173296842724834	0.0388194699887339	0
108.908070034535	0.0156815860304953	0.0366489353122071	0
109.535782253754	0.0140691060126	0.0347251888225406	0
110.163494472973	0.0124922442187967	0.0330772414239483	0
110.791206692192	0.0109510006490848	0.0308472665031584	0
111.418918911411	0.00944537530346558	0.0290605088356885	0
112.046631130631	0.00797536818193698	0.0273779035066564	0
112.67434334985	0.00654097928450093	0.025794189328729	0
113.302055569069	0.00514220861115659	0.0241241522011279	0
113.929767788288	0.00377905616190619	0.0227185313192585	0
114.557480007508	0.00245152193674367	0.0210515091275706	0
115.185192226727	0.00115960593567583	0.019433834615208	0
115.812904445946	0	0.0177149552418091	0
116.440616665165	0	0.016074678667682	0
117.068328884384	0	0.0148362719972826	0
117.696041103604	0	0.0132608348666017	0
118.323753322823	0	0.0120942249827455	0
118.951465542042	0	0.0116810525235743	0
119.579177761261	0	0.0113153712081189	0
120.20688998048	0	0.0107426223754601	0
120.8346021997	0	0.0106027124818209	0
121.462314418919	0	0.0101589502871631	0
122.090026638138	0	0.00928589982633411	0
122.717738857357	0	0.0086367952361556	0
123.345451076577	0	0.0065039652771837	0
123.973163295796	0	0.00516047869031376	0
124.600875515015	0	0.00337175104416681	0
125.228587734234	0	0.00198397867050849	0
125.856299953453	0	0.00126896827966081	0
126.484012172673	0	0.000464162844001218	0
127.111724391892	0	0	0
127.739436611111	0	0	0
128.36714883033	0	0	0
128.99486104955	0	0	0
129.622573268769	0	0	0
130.250285487988	0	0	0
130.877997707207	0	0	0
131.505709926426	0	0	0
132.133422145646	0	0	0
132.761134364865	0	0	0
133.388846584084	0	0	0
134.016558803303	0	0	0
134.644271022523	0	0	0
135.271983241742	0	0	0
135.899695460961	0	0	0
136.52740768018	0	0	0
137.155119899399	0	0	0
137.782832118619	0	0	0
138.410544337838	0	0	0
139.038256557057	0	0	0
139.665968776276	0	0	0
140.293680995495	0	0	0
140.921393214715	0	0	0
141.549105433934	0	0	0
142.176817653153	0	0	0
142.804529872372	0	0	0
143.432242091592	0	0	0
144.059954310811	0	0	0
144.68766653003	0	0	0
145.315378749249	0	0.000219425728410162	0
145.943090968468	0	0.000552248916009063	0
146.570803187688	0	0.000972110966061664	0
147.198515406907	0	0.00188222391494101	0
147.826227626126	0	0.00284249200982085	0
148.453939845345	0	0.00362819286865967	0
149.081652064565	0	0.00468350474095165	0
149.709364283784	0	0.00528712839400918	0
150.337076503003	0	0.00620649660817604	0
150.964788722222	0	0.00749453108270333	0
151.592500941441	0	0.00814344462296217	0
152.220213160661	0	0.00847972568031758	0
152.84792537988	0	0.00925096869438261	0
153.475637599099	0	0.00980882351760399	0
154.103349818318	0	0.0105212394137641	0
154.731062037538	0	0.0112723827604962	0
155.358774256757	0	0.0116606940162784	0
155.986486475976	0	0.0124716436338914	0
156.614198695195	0	0.0125800231354691	0
157.241910914414	0	0.0121801859859789	0
157.869623133634	0	0.012342852469397	0
158.497335352853	0	0.0124958162875921	0
159.125047572072	0	0.0121188852268037	0
159.752759791291	0	0.0127925515888664	0
160.380472010511	0	0.0134532278674706	0
161.00818422973	0	0.0141204495647179	0
161.635896448949	0	0.0140159577458914	0
162.263608668168	0	0.0144576096551696	0
162.891320887387	0	0.0143780944356951	0
163.519033106607	0	0.0153212855508214	0
164.146745325826	0	0.0150767548083838	0
164.774457545045	0	0.0147017588530349	0
165.402169764264	0	0.0140941191865246	0
166.029881983484	0	0.0136807247832337	0
166.657594202703	0	0.0129878788608168	0
167.285306421922	0	0.012309829025372	0
167.913018641141	0	0.0115695801958227	0
168.54073086036	0	0.0109321376946197	0
169.16844307958	0	0.010478479311817	0
169.796155298799	0	0.00989556160631218	0
170.423867518018	0	0.00926141994802545	0
171.051579737237	0	0.00880964366698698	0
171.679291956456	0	0.00824600785973522	0
172.307004175676	0	0.00780904326031752	0
172.934716394895	0	0.00728176630800321	0
173.562428614114	0	0.0068672834692571	0
174.190140833333	0	0.00633715170263021	0
174.817853052553	0	0.00581499644986383	0
175.445565271772	0	0.005305503339452	0
176.073277490991	0	0.00484714435252832	0
176.70098971021	0	0.0043839629846499	0
177.328701929429	0	0.00399320161528062	0
177.956414148649	0	0.00365669322654549	0
178.584126367868	0	0.00332242862831815	0
179.211838587087	0	0.00292693896840169	0
179.839550806306	0	0.00253624913941894	0
180.467263025526	0	0.00217520021066064	0
181.094975244745	0	0.00186055780449557	0
181.722687463964	0	0.00155017608599012	0
182.350399683183	0	0.00124001141541039	0
182.978111902402	0	0.000707741300856217	0
183.605824121622	0	0.000292794065710813	0
184.233536340841	0	0	0
184.86124856006	0	0	0
185.488960779279	0	0	0
186.116672998499	0	0	0
186.744385217718	0	0	0
187.372097436937	0	0	0
187.999809656156	0	0	0
188.627521875375	0	0	0
189.255234094595	0	0	0
189.882946313814	0	0	0
190.510658533033	0	0	0
191.138370752252	0	0	0
191.766082971471	0	0	0
192.393795190691	0	0	0
193.02150740991	0	0	0
193.649219629129	0	0	0
194.276931848348	0	0	0
194.904644067568	0	0	0
195.532356286787	0	0	0
196.160068506006	0	0	0
196.787780725225	0	0	0
197.415492944444	0	0	0
198.043205163664	0	0	0
198.670917382883	0	0	0
199.298629602102	0	0	0
199.926341821321	0	0	0
200.554054040541	0	0	0
201.18176625976	0	0	0
201.809478478979	0	0	0
202.437190698198	0	0	0
203.064902917417	0	0	0
203.692615136637	0	0	0
204.320327355856	0	0	0
204.948039575075	0	0	0
205.575751794294	0	0	0
206.203464013514	0	0	0
206.831176232733	0	0	0
207.458888451952	0	0	0
208.086600671171	0	0	0
208.71431289039	0	0	0
209.34202510961	0	0	0
209.969737328829	0	0	0
210.597449548048	0	0	0
211.225161767267	0	0	0
211.852873986486	0	0	0
212.480586205706	0	0	0
213.108298424925	0	0	0
213.736010644144	0	0	0
214.363722863363	0	0	0
214.991435082583	0	0	0
215.619147301802	0	0	0
216.246859521021	0	0	0
216.87457174024	0	0	0
217.502283959459	0	0	0
218.129996178679	0	0	0
218.757708397898	0	0	0
219.385420617117	0	0	0
220.013132836336	0	0	0
220.640845055556	0	0	0
221.268557274775	0	0	0
221.896269493994	0	0	0
222.523981713213	0	0	0
223.151693932432	0	0	0
223.779406151652	0	0	0
224.407118370871	0	0	0
225.03483059009	0	0	0
225.662542809309	0	0	0
226.290255028529	0	0	0
226.917967247748	0	0	0
227.545679466967	0	0	0
228.173391686186	0	0	0
228.801103905405	0	0	0
229.428816124625	0	0	0
230.056528343844	0	0	0
230.684240563063	0	0	0
231.311952782282	0	0	0
231.939665001502	0	0	0
232.567377220721	0	0	0
233.19508943994	0	0	0
233.822801659159	0	0	0
234.450513878378	0	0.000276105546761165	0
235.078226097598	0	0.000754057758953258	0
235.705938316817	0	0.0013176686718366	0
236.333650536036	0	0.00185189567372602	0
236.961362755255	0	0.00214756668934369	0
237.589074974474	0	0.00246590467856837	0
238.216787193694	0	0.00284601956112725	0
238.844499412913	0	0.00331468129137351	0
239.472211632132	0	0.00381710444951168	0
240.099923851351	0	0.0042677824631911	0
240.727636070571	0	0.00462522735096877	0
241.35534828979	0	0.0051570504895947	0
241.983060509009	0	0.00573467738719908	0
242.610772728228	0	0.00625723863694533	0
243.238484947447	0	0.00685142074892156	0
243.866197166667	0	0.00727898127828892	0
244.493909385886	0	0.00775812079100192	0
245.121621605105	0	0.00826859866202888	0
245.749333824324	0	0.00857941546366986	0
246.377046043544	0	0.00870740130700089	0
247.004758262763	0	0.00883672588597561	0
247.632470481982	0	0.00880909244824431	0
248.260182701201	0	0.00891114356394913	0
248.88789492042	0	0.00907430000872761	0
249.51560713964	0	0.00908583618296527	0
250.143319358859	0	0.00920210139670618	0
250.771031578078	0	0.00943551719262252	0
251.398743797297	0	0.00963966386018279	0
252.026456016517	0	0.00991463992832923	0
252.654168235736	0	0.0103037139760236	0
253.281880454955	0	0.0105887342534957	0
253.909592674174	0	0.0108723738083764	0
254.537304893393	0	0.011207871452968	0
255.165017112613	0	0.011485705169878	0
255.792729331832	0	0.0119353226096195	0
256.420441551051	0	0.0124763286119795	0
257.04815377027	0	0.0129856404533794	0
257.67586598949	0	0.0133151305530242	0
258.303578208709	0	0.0135359711786622	0
258.931290427928	0	0.013755640966602	0
259.559002647147	0	0.014067984921972	0
260.186714866366	0	0.0145593994264255	0
260.814427085586	0	0.0151894279150224	0
261.442139304805	0	0.0158196206562703	0
262.069851524024	0	0.0161802459670401	0
262.697563743243	0	0.0165141964378393	0
263.325275962462	0	0.0168546467968816	0
263.952988181682	0	0.0173800008401452	0
264.580700400901	0	0.0179058030716801	0
265.20841262012	0	0.0185202777428155	0
265.836124839339	0	0.0191409362619734	0
266.463837058559	0	0.0197622594474494	0
267.091549277778	0	0.0203842472991369	0
267.719261496997	0.000272079955412207	0.0210068998170687	0
268.346973716216	0.00067988864219487	0.0216302170012457	0
268.974685935435	0.00109221959323794	0.0222541988516735	0
269.602398154655	0.00150907280854686	0.0228788453683362	0
270.230110373874	0.00193044828811445	0.0235041565512639	0
270.857822593093	0.00235634603194662	0.0240575861701277	0
271.485534812312	0.00278676604004031	0.0243773101847016	0
272.113247031532	0.00322170831239661	0.0246949556154666	0
272.740959250751	0.00366117284901404	0.0250105224625087	0
273.36867146997	0.00410515964989461	0.0255743857116678	0
273.996383689189	0.00455366871503731	0.0261881380835058	0
274.624095908408	0.00500670004444189	0.0268031552261588	0
275.251808127628	0.00545564006910238	0.0274194371395575	0
275.879520346847	0.00589975709370612	0.0281710626100025	0
276.507232566066	0.00634847149113317	0.0286752442671582	0
277.134944785285	0.00680178767265633	0.029266208475366	0
277.762657004505	0.00725970563827584	0.0299054628430512	0
278.390369223724	0.00772222538799075	0.0306244445328476	0
279.018081442943	0.00818934692180243	0.0312139013479697	0
279.645793662162	0.00865976439743671	0.0321702993094076	0
280.273505881381	0.00912937662196792	0.0331211552098966	0
280.901218100601	0.00960304651818972	0.0339633890325871	0
281.52893031982	0.0100813712527647	0.0348002849341463	0
282.156642539039	0.0105643508256983	0.0353049597227588	0
282.784354758258	0.0110519852369853	0.0358371678730073	0
283.412066977477	0.0115442744866289	0.0368556621532277	0
284.039779196697	0.0120412185746266	0.0374468224912602	0
284.667491415916	0.0125428175009808	0.037919823743787	0
285.295203635135	0.0130490712656917	0.0383921213223711	0.000439086338285935
285.922915854354	0.0135599798687547	0.0390093830344982	0.00103192909505218
286.550628073574	0.0140755433101759	0.0400888031428158	0.00163149848017751
287.178340292793	0.0145957615899515	0.040744543218889	0.00223779449364973
287.806052512012	0.0151206347080842	0.041388198302836	0.00285081713544871
288.433764731231	0.0156501626645688	0.0420324981954594	0.00347268831574582
289.06147695045	0.0161843454594132	0.0426774428967791	0.00406667836010153
289.68918916967	0.0167231830926098	0.0433230324067482	0.00467520603289222
290.316901388889	0.0172666755641631	0.0438816868461213	0.00532943538551002
290.944613608108	0.017814822874072	0.0443706169027153	0.00589597027182098
291.572325827327	0.0183676250223375	0.0448585942164028	0.00651141262478166
292.200038046547	0.0189250820089549	0.0453456187872368	0.00706287180765877
292.827750265766	0.0194871938339312	0.0458316906152312	0.0077032484986788
293.455462484985	0.0200539604972612	0.0463168097003854	0.00829800814409361
294.083174704204	0.0206253819989481	0.0468008370894019	0.00872182298698502
294.710886923423	0.0212014583389886	0.0472824936408037	0.00916161359127848
295.338599142643	0.0217821895173868	0.047940788927943	0.00966672748797379
295.966311361862	0.022367575534138	0.0486003489586527	0.0102444294525284
296.594023581081	0.0229576163892474	0.049260237745738	0.0109062610928528
297.2217358003	0.0235523120827093	0.0499212175006697	0.0114519022672484
297.84944801952	0.0241516626145287	0.0505834462137429	0.0119920644833084
298.477160238739	0.0247556679847032	0.0512469238849228	0.0127637952193238
299.104872457958	0.0253643281932331	0.0519116505142677	0.0132401171337618
299.732584677177	0.0259776432401177	0.0525776261017149	0.0139207466885889
300.360296896396	0.0265956131253586	0.053160834113833	0.0145133430962451
300.988009115616	0.0272182378489554	0.0536745536227764	0.0151383986610494
301.615721334835	0.0278455174109069	0.0541873403196742	0.0156063128597915
302.243433554054	0.0284992771182393	0.0546965574293506	0.0161687925966048
302.871145773273	0.0291806697720465	0.0552049573384097	0.016872827155736
303.498857992493	0.0298659208118591	0.0557125400468833	0.0176430084387374
304.126570211712	0.030555022193295	0.0562193055547409	0.018384575938139
304.754282430931	0.0312479739163485	0.0567252538619663	0.0191378576551386
305.38199465015	0.0319447759810213	0.057230384968609	0.0198806571417621
306.009706869369	0.0326454283873156	0.0577346988746319	0.0206815153122656
306.637419088589	0.0333499311352285	0.0582381955800501	0.0213852101014359
307.265131307808	0.0340582842247611	0.0587408750849031	0.0220059439793224
307.892843527027	0.0347704876559144	0.0592427373890848	0.0225802600651185
308.520555746246	0.0354865414286875	0.0597437824926678	0.0233030707787625
309.148267965465	0.0362064455430796	0.0602440103956695	0.0240722528779176
309.775980184685	0.0369301999990913	0.0607434210980607	0.0247294574878699
310.403692403904	0.037657804796724	0.0612420145998477	0.0254884822428533
311.031404623123	0.0383892599359758	0.0620805242717186	0.0261909406539183
311.659116842342	0.0391245654168475	0.0631472954722686	0.0267829363988545
312.286829061562	0.0398637212393395	0.0640408077169303	0.0274861401200415
312.914541280781	0.0406067274034492	0.0646082335994888	0.0280654919142326
313.5422535	0.041353583909182	0.0651661570309841	0.0286339607769883
314.169965719219	0.0421042907565323	0.065862352427386	0.0292122434893269
314.797677938438	0.0428588479455027	0.067014138935966	0.0298032339813034
315.425390157658	0.0436172554760934	0.0675077222527173	0.0305213545649093
316.053102376877	0.0443795133483041	0.0679944857288281	0.0313082740605157
316.680814596096	0.0451456215621346	0.0684803809738676	0.0320685648047686
317.308526815315	0.0459155801175838	0.0689654079878212	0.0327455421659688
317.936239034535	0.0466893890146543	0.0694495667707377	0.0333225949855876
318.563951253754	0.0474670482533436	0.0699658248176872	0.0339026032002404
319.191663472973	0.0482485578336529	0.0704220227302985	0.0345064832199636
319.819375692192	0.0490339177555816	0.0709027385226883	0.0351036487491743
320.447087911411	0.0498231280191311	0.0714147970401198	0.0357054904271028
321.074800130631	0.0506161886242996	0.0719078165581447	0.036276841514633
321.70251234985	0.0514130995710887	0.0727561437569533	0.0369304474655811
322.330224569069	0.0522138618609878	0.0737677648613319	0.0375979694849589
322.957936788288	0.0530319930285188	0.0744751251743109	0.0382659591393376
323.585649007508	0.0538662404760781	0.07486182543988	0.0388456376798816
324.213361226727	0.0547031521947507	0.0756521267551223	0.0394589954151165
324.841073445946	0.0555427281845356	0.0762763503308387	0.0401163940891447
325.468785665165	0.0563849684454315	0.0769806611661285	0.0408836966460898
326.096497884384	0.0572298729774426	0.077864440079275	0.0416677893409653
326.724210103604	0.0580774417805645	0.0784506586122609	0.0424328509905904
327.351922322823	0.0589276748547996	0.0792995917936594	0.043061839428705
327.979634542042	0.0597805722001474	0.0799571515947129	0.0436948452500634
328.607346761261	0.0606361338166062	0.0805975355694813	0.0443334327115167
329.235058980481	0.0614943597041791	0.0813087489828027	0.0450726242913444
329.8627711997	0.0623552498628641	0.0819719058279393	0.0458526109912387
330.490483418919	0.0632188042926614	0.0827930629661819	0.0465937850858978
331.118195638138	0.0640867838346074	0.0839555762176503	0.0472527538088555
331.745907857357	0.0649626642948923	0.0851292595873285	0.0479244560107264
332.373620076577	0.0658409213833482	0.0859969193447717	0.0487178186001975
333.001332295796	0.0667211327774279	0.0867598895540001	0.0494937949603521
333.629044515015	0.0676032984771382	0.0878492624083168	0.05018372644955
334.256756734234	0.0684874184824754	0.088561010609378	0.0508634052649148
334.884468953454	0.0693734927934413	0.0891830483649124	0.0515858816731905
335.512181172673	0.0702615214100339	0.0899907043185229	0.052247876302998
336.139893391892	0.0711515043322546	0.09112737497363	0.0530482927017394
336.767605611111	0.0720434415601033	0.0923771123362702	0.0537841845305893
337.39531783033	0.0729373330935789	0.0932480903877831	0.0544952733141776
338.02303004955	0.073833178932683	0.0944694088696219	0.0552411125177403
338.650742268769	0.0747309790774149	0.095330962634752	0.0560341235135977
339.278454487988	0.0756307335277746	0.0964825614464793	0.056804834766384
339.906166707207	0.0765324422837611	0.0975227831494834	0.0575195896720974
340.533878926426	0.0774361053453773	0.0982397267885166	0.0582894535822388
341.161591145646	0.0783417227126194	0.0990798004615196	0.0591191587312369
341.789303364865	0.0792492943854899	0.100430493175592	0.0599013469067325
342.417015584084	0.0801588203639879	0.101195806787392	0.0606891109475408
343.044727803303	0.0810702092267591	0.102192065137972	0.0614461622190478
343.672440022523	0.0819698898634389	0.10338140356423	0.0621578479122747
344.300152241742	0.0828280300192627	0.104014564831657	0.062897891926447
344.927864460961	0.0836492458413383	0.104793055161309	0.0636061941085163
345.55557668018	0.0844471135719784	0.105406710014771	0.0643550932759164
346.183288899399	0.0851542757670997	0.106100831095078	0.0650771785106001
346.811001118619	0.0858342123637059	0.106631027090276	0.065833650331525
347.438713337838	0.0865093559202614	0.106641072591225	0.0666340554872771
348.066425557057	0.0871797064367651	0.106803113058618	0.0674600519173251
348.694137776276	0.0878452639132189	0.107303264857767	0.0683472727075183
349.321849995496	0.0885060283496208	0.107665083191408	0.0691058358203216
349.949562214715	0.089161999745974	0.10833366714807	0.0698964616829473
350.577274433934	0.0898131781022749	0.109139251133348	0.0707871851601998
351.204986653153	0.0904595634185245	0.1098177166572	0.0715598082075688
351.832698872372	0.0911011556947247	0.110739121444975	0.0724390181256738
352.460411091592	0.0917379549308735	0.110985900519228	0.0733468265552007
353.088123310811	0.0923566778190994	0.111866848317127	0.0740927252241884
353.71583553003	0.0928182885469459	0.111723312748905	0.0749499332798266
354.343547749249	0.0931978558813938	0.111404372712068	0.0758106025398091
354.971259968469	0.0935619009033035	0.110875285580466	0.0766791932042086
355.598972187688	0.0939197929350099	0.110661585387689	0.0772087477863971
356.226684406907	0.0942715319765144	0.110565897564578	0.0780812077597353
356.854396626126	0.0946171180278131	0.110453403740966	0.078878190839422
357.482108845345	0.0949565510889135	0.11054452993011	0.0793214782653391
358.109821064565	0.0952898311598087	0.110453123205069	0.0799574267978001
358.737533283784	0.0956169582405028	0.110458053284588	0.0805272641846694
359.365245503003	0.0959379323309929	0.110502084546372	0.081162839759282
359.992957722222	0.0962527534312806	0.110586098751732	0.0820274679609011
360.620669941441	0.0965614215413658	0.110614079251139	0.0824976890686823
361.248382160661	0.0968639366612486	0.110696013136145	0.0832702579831149
361.87609437988	0.0971602987909292	0.110600458277679	0.0840790956704132
362.503806599099	0.0974474119753153	0.110441048715061	0.0845853705095555
363.131518818318	0.09769062902935	0.110406615371038	0.0849084223425672
363.759231037538	0.0979173428075835	0.110282086566419	0.0852698190102301
364.386943256757	0.098138924303164	0.110079939631935	0.0853885387667045
365.014655475976	0.0983553735160905	0.10988301183479	0.085644776110773
365.642367695195	0.0985666904463659	0.10965630238764	0.0856894237815809
366.270079914414	0.0987728744774434	0.109451510354097	0.0861984450663485
366.897792133634	0.0989461726313847	0.109467428156035	0.0863776579446013
367.525504352853	0.0990446207163971	0.10958321748222	0.0865646745454021
368.153216572072	0.0990929220863476	0.109326561446986	0.0867287611485079
368.780928791291	0.0990272937511564	0.109306520500474	0.0864855349747698
369.408641010511	0.0988747745765216	0.109186754382139	0.0863089697516528
370.03635322973	0.0986991124611944	0.109031610181829	0.0856450452606557
370.664065448949	0.0985146604292449	0.108845940141383	0.0846694178823385
371.291777668168	0.0982809493573506	0.108774271506112	0.0836039551391361
371.919489887387	0.0980394395908709	0.10873795254642	0.082721534316256
372.547202106607	0.097811870274244	0.10881591567201	0.081522306497415
373.174914325826	0.0975958356575414	0.109053875549254	0.0804753391853697
373.802626545045	0.0973897057644283	0.109241442808541	0.0795599461936212
374.430338764264	0.0972016343980563	0.109363761470182	0.0790653463880318
375.058050983483	0.0970301989683797	0.109502009977945	0.0778126451157318
375.685763202703	0.0968743073582797	0.109688528570279	0.0763588123023787
376.313475421922	0.0967339595677539	0.109653796244291	0.0757417662214044
376.941187641141	0.0966091555968053	0.109772926863292	0.0754319678613196
377.56889986036	0.0965107419364616	0.109745082952455	0.0750299593131647
378.19661207958	0.0964435096501078	0.109729922491263	0.0747312265553041
378.824324298799	0.0963901275617326	0.109662326046398	0.0746442445782473
379.452036518018	0.0963504030082021	0.109453304571051	0.0747690133820241
380.079748737237	0.0963360333725614	0.109428164969126	0.0752422412961886
380.707460956456	0.0964166889535174	0.109293845855532	0.0772248393144173
381.335173175676	0.0965206399428791	0.109283493684925	0.0781498435697389
381.962885394895	0.096700337215303	0.109168870496407	0.0791821650755831
382.590597614114	0.0970874959806955	0.109172510189812	0.0804815109891167
383.218309833333	0.0975743217123151	0.109158544190184	0.0820706850639809
383.846022052553	0.0981398073248977	0.109747057195958	0.0836381585815891
384.473734271772	0.0990437302146798	0.110443336550343	0.0851679175144277
385.101446490991	0.100024926354987	0.111598396621017	0.0871790221998274
385.72915871021	0.101102954506662	0.113921045721223	0.0891307747298662
386.356870929429	0.102840598250532	0.116748920586313	0.0916069794287524
386.984583148649	0.104564707049561	0.120124561091949	0.0925179864046562
387.612295367868	0.106186244267478	0.123110484989563	0.0939507154672781
388.240007587087	0.107956285930173	0.127666322654796	0.0953522489394716
388.867719806306	0.109513061824162	0.132476919691484	0.0955534737773653
389.495432025526	0.110806306303531	0.135262801004133	0.0954939308878565
390.123144244745	0.111836019368285	0.139780752380724	0.0952067393351339
390.750856463964	0.112602201018422	0.14243621575925	0.0945872334126658
391.378568683183	0.113104851253942	0.1448053647453	0.0937443306714261
392.006280902402	0.113381284668744	0.147487457625653	0.0928821423907383
392.633993121622	0.114155147022305	0.149526636837999	0.0927191773969084
393.261705340841	0.115049049130901	0.15065167298131	0.092624052770312
393.88941756006	0.115747877624751	0.151421477898611	0.0930328383941907
394.517129779279	0.116262113122521	0.15245892582127	0.0931541015668529
395.144841998499	0.116370750687564	0.153982300739218	0.0930792654682819
395.772554217718	0.116020797050351	0.152658713227971	0.0920361311482393
396.400266436937	0.115212252210879	0.15421306395073	0.0913221418514852
397.027978656156	0.113945116169146	0.15452370115244	0.0897857273013167
397.655690875375	0.112230697425042	0.154073880331596	0.0884948380491981
398.283403094595	0.110154245825697	0.151943084545368	0.0867536931549669
398.911115313814	0.107972397633293	0.150125430241594	0.0836786060744872
399.538827533033	0.105452728634469	0.146121825082976	0.0802707797169109
400.166539752252	0.102494341965742	0.140443864626619	0.0771800827080271
400.794251971472	0.0990894999991414	0.134510430452247	0.0743675968299813
401.421964190691	0.0952804700937434	0.129670256319224	0.0715788677760084
402.04967640991	0.0911554847409667	0.123536245702029	0.0686877489396634
402.677388629129	0.0866654494918127	0.118817893919785	0.0651180189099614
403.305100848348	0.0819905527379333	0.113242235434477	0.0597464427809144
403.932813067568	0.0768813221496678	0.107007038281001	0.0541159262771309
404.560525286787	0.071194615687899	0.100640371375124	0.0464045219345385
405.188237506006	0.0642112275976429	0.091558498503483	0.0369355191400953
405.815949725225	0.0553340798485319	0.080459531672066	0.0264216903146581
406.443661944444	0.0458768159627322	0.0746479664372787	0.0200114534110396
407.071374163664	0.0392620996333338	0.0690686123473819	0.0134560486110967
407.699086382883	0.0334306632892925	0.0611401014029013	0.0073543417242731
408.326798602102	0.0285494103635352	0.0528778170812848	0.0031401512671433
408.954510821321	0.025675072173206	0.0474270209718409	0.00137525972863785
409.582223040541	0.0250554572634101	0.044144042194059	0.00129003709416074
410.20993525976	0.0254584015539681	0.0446072339150763	0.00129903964882784
410.837647478979	0.024130718377411	0.0416667343821105	0.00120319545151256
411.465359698198	0.0237380162589681	0.0398953770795765	0.00365685563228941
412.093071917417	0.0234060252351583	0.0389244516666957	0.00561257430693622
412.720784136637	0.0240319890899869	0.0387427552510795	0.00740532028765584
413.348496355856	0.0256741944229972	0.0394319541014726	0.00800418797589762
413.976208575075	0.0273392790399462	0.0416225128397619	0.00948836208996463
414.603920794294	0.0292199524121975	0.0444817440740637	0.0112786808501908
415.231633013514	0.0312528136242832	0.047219958828051	0.014149763009936
415.859345232733	0.0336775613221356	0.0506738581495696	0.0183448292199249
416.487057451952	0.0366324755532278	0.0536690686807354	0.0227642466435016
417.114769671171	0.0401175563175566	0.0562130373702492	0.0272650650432632
417.74248189039	0.0441327820845679	0.0585405943231132	0.0317069359461304
418.37019410961	0.0483996636026208	0.0611549068345873	0.0359085708573639
418.997906328829	0.0522629090361337	0.066624390301418	0.0382556140678246
419.625618548048	0.054591148043452	0.0732768482622373	0.0384412069387691
420.253330767267	0.0559600698404437	0.0782536259055941	0.0404006610413404
420.881042986487	0.0569537265093319	0.0802864932366588	0.0396958923892909
421.508755205706	0.0576112683413122	0.0800670066702712	0.0387678917900819
422.136467424925	0.0576421583290169	0.0786934969246961	0.0384814332487028
422.764179644144	0.0565527151673569	0.0785394221813149	0.0390938352046949
423.391891863363	0.0551200457933227	0.076877063824985	0.0385680377053901
424.019604082583	0.0543882352557197	0.0745276931495977	0.0353729848757647
424.647316301802	0.054491805375283	0.0708207090520332	0.0335922161255716
425.275028521021	0.0540749368417526	0.0715058977524362	0.0343756347249386
425.90274074024	0.053740376248523	0.0726626858162577	0.034733802399873
426.530452959459	0.0553879987325006	0.0751146766853777	0.0326131656737225
427.158165178679	0.0593392275542123	0.0787159954992529	0.0362178146515832
427.785877397898	0.0656302317128996	0.0839676060021536	0.0439335549334848
428.413589617117	0.0734656260508088	0.0906889879507469	0.0507594817721863
429.041301836336	0.0790923588419633	0.0952810130855329	0.057648645282339
429.669014055556	0.0844046812050833	0.0985164561457294	0.065349792878984
430.296726274775	0.090926079279339	0.102839206088476	0.0751993447437746
430.924438493994	0.0979903791641833	0.107930591272488	0.0857739686622626
431.552150713213	0.104425437647961	0.112833227429843	0.0927527486772338
432.179862932432	0.108828345679043	0.117510341514041	0.0984038150645523
432.807575151652	0.113357643934005	0.121835606623285	0.103918137817815
433.435287370871	0.117958390993354	0.126614923403654	0.108214566410487
434.06299959009	0.12229230320748	0.131164962250527	0.113256777103846
434.690711809309	0.126697712812637	0.135207558054684	0.117075154829535
435.318424028529	0.130992647587885	0.140586615722164	0.121202437813409
435.946136247748	0.135548490593079	0.147033590684519	0.124362332635544
436.573848466967	0.140282510709711	0.154226878467803	0.127289612934919
437.201560686186	0.145035802730097	0.161172407987597	0.130088100004071
437.829272905405	0.149806321415642	0.168295181178795	0.133297254399025
438.456985124625	0.154594066766353	0.174926436340526	0.1367749395789
439.084697343844	0.159399038782224	0.181514833595326	0.140892273493617
439.712409563063	0.164221237463259	0.187732863190479	0.145218474007642
440.340121782282	0.169060662809456	0.193730333622161	0.149415252740428
440.967834001502	0.173942195952856	0.199312177006933	0.154017916013184
441.595546220721	0.17900742143066	0.205130774630459	0.158541077857375
442.22325843994	0.184067681773582	0.210582717034199	0.162759471019481
442.850970659159	0.18910795007631	0.215715498344446	0.167187196757846
443.478682878378	0.194212320535413	0.220546526250794	0.171715836355329
444.106395097598	0.199231979808882	0.225240549194373	0.176420896619929
444.734107316817	0.204122882136493	0.229829261950304	0.18124427316691
445.361819536036	0.208888935604818	0.234229037431428	0.186306073173393
445.989531755255	0.213551235970514	0.238360058125346	0.191044670256294
446.617243974474	0.218083862347856	0.242042670798692	0.195630515431432
447.244956193694	0.222451366990027	0.245562441138603	0.200284377873008
447.872668412913	0.226625458060534	0.248990638494043	0.203759338774742
448.500380632132	0.230592197800056	0.252791599558765	0.206433246858306
449.128092851351	0.234307552712876	0.256430136769816	0.209314274877503
449.755805070571	0.237779916242802	0.260036825928166	0.211945330675782
450.38351728979	0.241021872581289	0.263255464266632	0.214584923640674
451.011229509009	0.24403273398272	0.266761176163175	0.217037907389963
451.638941728228	0.246802475358907	0.270396832551907	0.218818336687658
452.266653947447	0.249333689424411	0.273126483421498	0.221270447201702
452.894366166667	0.251628732419516	0.276413915192187	0.223060015454681
453.522078385886	0.253687604344227	0.280326565376456	0.224739123909215
454.149790605105	0.255510305198542	0.283048477377366	0.226235826904498
454.777502824324	0.257096834982457	0.28559848914649	0.227421024028165
455.405215043544	0.25844719369598	0.288003966015845	0.228147357300198
456.032927262763	0.259561381339102	0.289536707327168	0.229072859824737
456.660639481982	0.260439397911832	0.290979269842375	0.230266372341697
457.288351701201	0.261093072360264	0.292258837713463	0.231143146338984
457.91606392042	0.261586485589561	0.293308833098174	0.232840895729971
458.54377613964	0.261860693537815	0.293853239581596	0.234160819568817
459.171488358859	0.261902898967107	0.293692566894584	0.234193720316906
459.799200578078	0.261713101877437	0.293044725080414	0.234172008991475
460.426912797297	0.2612913022688	0.292244947277662	0.234379993942726
461.054625016517	0.260637500141202	0.291635057901604	0.233189036958678
461.682337235736	0.259764942906674	0.28957996795875	0.231042392394303
462.310049454955	0.25884356420739	0.287478953778054	0.230168362109841
462.937761674174	0.257955471404726	0.284933715935087	0.22995120281722
463.565473893393	0.25692176323707	0.283121033679105	0.229885625881193
464.193186112613	0.255668971948032	0.2806349146045	0.229972017996691
464.820898331832	0.254197840615349	0.278191126502029	0.228324947366037
465.448610551051	0.252593075152972	0.276210040257083	0.227939391247961
466.07632277027	0.250830911103193	0.27564628493912	0.226283539326866
466.70403498949	0.248909640198886	0.275694954770782	0.224916507768411
467.331747208709	0.247168497695915	0.276367644337686	0.224152645655391
467.959459427928	0.245398018135086	0.276558990608831	0.221741705545402
468.587171647147	0.244171333424716	0.276575463007425	0.219906361634499
469.214883866366	0.243617579184056	0.276744340903256	0.217919880151796
469.842596085586	0.243488642946369	0.276723145690734	0.21707184298049
470.470308304805	0.243374442926572	0.276765128000838	0.215625567565429
471.098020524024	0.243451989722525	0.276615484788682	0.21461134457435
471.725732743243	0.243619207662165	0.276446993240871	0.213476818974589
472.353444962463	0.243802335775312	0.276231835831383	0.212107744571014
472.981157181682	0.244001374061965	0.276137601761882	0.211654499902894
473.608869400901	0.244216322522127	0.275827706237192	0.211580615415347
474.23658162012	0.244447181155795	0.275324293472722	0.211289569943086
474.864293839339	0.244693949962968	0.275182882837847	0.211067550018618
475.492006058559	0.24495662894365	0.274980958931804	0.210689376882453
476.119718277778	0.24523521809784	0.27509074978816	0.210784028607336
476.747430496997	0.245529717425534	0.274761884392608	0.210719278706436
477.375142716216	0.245840126926735	0.274464713824566	0.21051940597171
478.002854935435	0.246166446601443	0.27434634729177	0.210833826139564
478.630567154655	0.246508676449661	0.27383754428757	0.211415097243469
479.258279373874	0.246880278868523	0.273471641900256	0.212169629964964
479.885991593093	0.247305446785635	0.273360387194761	0.21309718305229
480.513703812312	0.247755347011126	0.272835531227428	0.213919795070578
481.141416031532	0.248228406314286	0.272165169369007	0.214940457857295
481.769128250751	0.248724624695118	0.271957894649308	0.216560120125804
482.39684046997	0.249256858254354	0.271821094280813	0.218164862910287
483.024552689189	0.249856526809435	0.271844898083326	0.219953068738551
483.652264908408	0.250489348463657	0.271761136657517	0.221815054288686
484.279977127628	0.251152393886169	0.271410060503254	0.223649772668965
484.907689346847	0.251845663076968	0.271461275087869	0.224861867038767
485.535401566066	0.252595384239197	0.271993164911141	0.227538202221986
486.163113785285	0.253418918033368	0.271746621628035	0.230061679432922
486.790826004505	0.254304928501998	0.27201958988306	0.231321921494846
487.418538223724	0.255234396595901	0.272076101918368	0.232664468546727
488.046250442943	0.256204117952065	0.272608506792186	0.234312382706665
488.673962662162	0.257214092570492	0.272806531707944	0.236265774152521
489.301674881381	0.258264443280703	0.273257391764039	0.237955495098588
489.929387100601	0.259364255147356	0.274167890339418	0.239899769022242
490.55709931982	0.2605073791829	0.275062079714374	0.241503903548502
491.184811539039	0.261686986803908	0.275906148060255	0.242418739323417
491.812523758258	0.262903078010376	0.276950984507233	0.244165642976592
492.440235977478	0.264148991690889	0.27822707752317	0.244972720460105
493.067948196697	0.265380198474655	0.279757730907849	0.246386210462256
493.695660415916	0.266609812999901	0.281395971852675	0.247638091622447
494.323372635135	0.267854753915468	0.282740531358246	0.248582262364689
494.951084854354	0.269115104839354	0.284468666878983	0.250018761367237
495.578797073574	0.270390865771562	0.28592788074216	0.251398058349632
496.206509292793	0.271682036712086	0.287629078989913	0.252414162743584
496.834221512012	0.272988617660935	0.289372475918859	0.253277575468729
497.461933731231	0.274310608618101	0.291167638229968	0.254307514902707
498.089645950451	0.275653257422671	0.292757268021015	0.255634653897205
498.71735816967	0.277024813262215	0.29488822298782	0.256642492385488
499.345070388889	0.27840296758387	0.296645664745665	0.258115644125767
499.972782608108	0.279785932474393	0.299155364687609	0.259755116609984
500.600494827327	0.281173707933787	0.301104976162467	0.261587764951126
501.228207046547	0.282566293962054	0.303388900062508	0.263367320447259
501.855919265766	0.283963690559189	0.30549851069553	0.264840424303976
502.483631484985	0.285365897725196	0.307257852746595	0.266448827533532
503.111343704204	0.286772915460076	0.308829182048439	0.268242805479363
503.739055923423	0.288184743763825	0.310291100764068	0.270145688432232
504.366768142643	0.289601382636443	0.311922889742696	0.271957156179146
504.994480361862	0.291022832077935	0.313336232044878	0.273838535162938
505.622192581081	0.292456264534434	0.315066767531817	0.275775324709093
506.2499048003	0.293981206700128	0.316640854757835	0.277678176169554
506.87761701952	0.295523062618856	0.31836898397986	0.279434506888546
507.505329238739	0.2970526064748	0.320467252947217	0.28130322647817
508.133041457958	0.29856983826796	0.323382639779222	0.283013952129607
508.760753677177	0.300074757998335	0.325274061945874	0.284674500261734
509.388465896396	0.301567365665925	0.328051888758948	0.286570733491068
510.016178115616	0.303047661270731	0.32994846084425	0.288001267779644
510.643890334835	0.304521647875822	0.331026475228464	0.289493053694049
511.271602554054	0.306140052215636	0.332721275795066	0.290958086441925
511.899314773273	0.307989307148019	0.335280482024564	0.292288467900325
512.527026992492	0.310057059991431	0.343456817426587	0.293543045199946
513.154739211712	0.312323624294816	0.349865537673353	0.2947971434122
513.782451430931	0.31453469329505	0.353811467482153	0.295970704733877
514.41016365015	0.31668676418297	0.358874229289434	0.297188227552059
515.037875869369	0.318681227021824	0.363821013545003	0.298450660748648
515.665588088589	0.320435864716268	0.366764516611413	0.299320562829014
516.293300307808	0.322027329587971	0.370550972015159	0.300429522260433
516.921012527027	0.323373749675387	0.370680166722477	0.301658422592413
517.548724746246	0.324418153198816	0.371612412425597	0.302801081790473
518.176436965465	0.325153244384539	0.372392852142607	0.303706454414415
518.804149184685	0.325500310637714	0.370461609418635	0.304512961617701
519.431861403904	0.325476242131108	0.369131853491462	0.305471050578122
520.059573623123	0.325496100010112	0.367101950274895	0.306184939268433
520.687285842342	0.325521178901619	0.363360987869865	0.306894108561108
521.314998061562	0.325614981222363	0.360514034717532	0.307719951250986
521.942710280781	0.325466001038008	0.358418545404205	0.30833095321346
522.5704225	0.325375237365342	0.355724365561153	0.308934320057879
523.198134719219	0.325608164985022	0.35352691435619	0.309751662794103
523.825846938438	0.32584348137812	0.352829979037185	0.31067200460534
524.453559157658	0.326029449349016	0.351487453356117	0.3113313223346
525.081271376877	0.326182796454846	0.351116186455526	0.311856525310289
525.708983596096	0.326335128995129	0.349965050435711	0.312453408927181
526.336695815315	0.326717601008095	0.349756189685451	0.312517763217008
526.964408034534	0.327136638273219	0.349655557365318	0.312527307729791
527.592120253754	0.327490285316951	0.349336765981016	0.312836705438708
528.219832472973	0.327775609858978	0.348972837909606	0.313070145245613
528.847544692192	0.328038417842963	0.348396171335783	0.31391131845952
529.475256911411	0.32835028446327	0.347756499582846	0.314760370826306
530.102969130631	0.328675266301351	0.347719688480363	0.314397295050888
530.73068134985	0.32898449907611	0.347146376230329	0.315637600965179
531.358393569069	0.329274907297109	0.346126544257073	0.316993916776337
531.986105788288	0.329336301559203	0.345657766347979	0.316918557963238
532.613818007507	0.329362271689096	0.34657170375286	0.314987174873758
533.241530226727	0.329706178700964	0.342884488123034	0.31952437332839
533.869242445946	0.329015105008388	0.340554616551121	0.319201492016287
534.496954665165	0.328092531549756	0.337397527311744	0.320482081271583
535.124666884384	0.326691673124488	0.335895560440539	0.318818800650441
535.752379103604	0.32526489039654	0.334117017074697	0.31712288669161
536.380091322823	0.324047589497156	0.332962708869932	0.315350465157632
537.007803542042	0.323039770426335	0.332326424611026	0.313801310914462
537.635515761261	0.322241433184076	0.332919508446635	0.312337930347804
538.26322798048	0.32160019051881	0.334471308183035	0.310909476205412
538.8909401997	0.320897388404699	0.33400933124446	0.30998497331813
539.518652418919	0.320336836727154	0.332262275178701	0.308784302126154
540.146364638138	0.319952074904651	0.331892233813016	0.307731349134928
540.774076857357	0.319743102937194	0.331519800939344	0.306538338470576
541.401789076577	0.319709920824777	0.331692226004015	0.306240778269885
542.029501295796	0.319852528567405	0.33220378102327	0.305186528203382
542.657213515015	0.320170926165075	0.33260272444238	0.305164914244403
543.284925734234	0.320665113617792	0.333750557504883	0.304734088712041
543.912637953453	0.32133509092555	0.334997942294625	0.305316341584696
544.540350172673	0.322180858088349	0.336430246285457	0.305879048599143
545.168062391892	0.323202415106195	0.337947274194964	0.306248346710227
545.795774611111	0.324399761979082	0.339655763590638	0.306393944192411
546.42348683033	0.325772898707013	0.341556051501106	0.307660630529852
547.051199049549	0.327321825289984	0.343616850107724	0.308358499870049
547.678911268769	0.329046541728005	0.346359707023087	0.30922264864931
548.306623487988	0.330944462123886	0.349607038041209	0.310073579876706
548.934335707207	0.332684802297812	0.349478825767457	0.311127668238321
549.562047926426	0.334401575191126	0.348946834158813	0.312972724964963
550.189760145646	0.336341848205284	0.351285047762221	0.314708810258725
550.817472364865	0.338505621340276	0.354084999562725	0.316005063159206
551.445184584084	0.340892894596111	0.357282658692508	0.315900215583
552.072896803303	0.343503667972785	0.360460699219379	0.316802455313304
552.700609022522	0.346337941470295	0.363992124533571	0.317953498891554
553.328321241742	0.349395715088646	0.367821545261434	0.318294529077046
553.956033460961	0.352676988827837	0.371744726692963	0.319353104093202
554.58374568018	0.35614293435202	0.375870946885324	0.323066550396653
555.211457899399	0.358018886383661	0.377253989819885	0.327101021515715
555.839170118619	0.358309478581148	0.378944929578141	0.321861837515756
556.466882337838	0.359089598653131	0.383016681842977	0.317277603376118
557.094594557057	0.359016188372153	0.382540615638538	0.313275277108203
557.722306776276	0.359009040150028	0.385094653236538	0.313794545843332
558.350018995495	0.359444954699832	0.386403405856396	0.316908977533108
558.977731214715	0.360497510972778	0.388372378839358	0.322182180023542
559.605443433934	0.362213677838214	0.390923431397472	0.329803639526164
560.233155653153	0.363943219219812	0.392126079008172	0.331302275893307
560.860867872372	0.365124658937748	0.396839421631801	0.331425213663981
561.488580091592	0.364403611871666	0.397104662488709	0.329699134843894
562.116292310811	0.363991989635346	0.397371133234536	0.329568226628742
562.74400453003	0.364068721480476	0.397876413226663	0.32802829766697
563.371716749249	0.36463380740706	0.398456001065118	0.326933540777738
563.999428968468	0.365687247415095	0.400646555642012	0.326318628202082
564.627141187688	0.36722904150458	0.403135949680081	0.325913250748622
565.254853406907	0.369259189675521	0.406393428866694	0.326124086073289
565.882565626126	0.371777691927909	0.409595340745753	0.326761195864918
566.510277845345	0.374784548261751	0.413199167826526	0.327974639519451
567.137990064565	0.378279758677044	0.418904080488804	0.329981345843287
567.765702283784	0.382254851232527	0.425646410422475	0.332305432113624
568.393414503003	0.386317497779793	0.432775166210643	0.334772881701753
569.021126722222	0.389462356518798	0.436592750261074	0.33795689241456
569.648838941441	0.39254572423503	0.438540107852154	0.341515307800532
570.276551160661	0.39599168872617	0.441306601342505	0.345516128215767
570.90426337988	0.39980024999222	0.443076713448783	0.349495840247569
571.531975599099	0.403971408033178	0.446426591019379	0.353930687101233
572.159687818318	0.408505162849042	0.449188154658128	0.358843260075267
572.787400037538	0.413401514439817	0.453113007433243	0.364064283511306
573.415112256757	0.418660462805499	0.457105344558024	0.369216540948037
574.042824475976	0.424282007946088	0.461681922030344	0.375304862055398
574.670536695195	0.430232880796896	0.468979790386264	0.381683910915137
575.298248914414	0.435963121196347	0.474414937471114	0.388521379749837
575.925961133634	0.441814765774036	0.478249627107617	0.395335895554544
576.553673352853	0.447934252483581	0.484543037446877	0.401266573657377
577.181385572072	0.454086471231179	0.489963121233801	0.409471242862185
577.809097791291	0.460175465466141	0.496969461042823	0.416118021416581
578.43681001051	0.466300508191447	0.503864373203224	0.424166980758249
579.06452222973	0.472452340671423	0.509660116513058	0.432792656596211
579.692234448949	0.478849355360551	0.515978833371327	0.440188882487404
580.319946668168	0.485404414347984	0.522894040932441	0.446796307641452
580.947658887387	0.49195048118682	0.529465157238126	0.453015305560866
581.575371106607	0.49870561521437	0.536566184169004	0.459556410575409
582.203083325826	0.505683004276543	0.543502832396809	0.468530183989639
582.830795545045	0.512877337830887	0.55127876139925	0.476573042523079
583.458507764264	0.520107966281461	0.559727317238847	0.483886355306421
584.086219983483	0.527453976374405	0.5671112470955	0.491597114600532
584.713932202703	0.535002130214661	0.574917476519571	0.499487375140579
585.341644421922	0.542752427802243	0.583159868450134	0.507114884553072
585.969356641141	0.550704869137142	0.591348659221012	0.514887889708782
586.59706886036	0.558829923081984	0.600256961948112	0.522057838195453
587.22478107958	0.566908052069582	0.609090177172922	0.529799691233967
587.852493298799	0.575113099978316	0.616906928234704	0.538430493246634
588.480205518018	0.583496934064502	0.625086866818253	0.54679387435078
589.107917737237	0.592059554328139	0.633525948277971	0.555474724386298
589.735629956456	0.600771826887786	0.642136670237776	0.563875949623389
590.363342175676	0.60928927449531	0.650809508451904	0.572997591211076
590.991054394895	0.617841348477515	0.659274087296961	0.582195018700333
591.618766614114	0.626533491918739	0.667452308097574	0.590789488489072
592.246478833333	0.635365704818992	0.676104614815991	0.600098425641301
592.874191052553	0.644337987178267	0.684093605583569	0.609237477818758
593.501903271772	0.653450338996566	0.692587995281473	0.619151884043999
594.129615490991	0.662602706340738	0.701792709508921	0.629235082700058
594.75732771021	0.671686583300149	0.710255744343529	0.639535643825206
595.385039929429	0.6808842916225	0.71873817775149	0.650036023567077
596.012752148649	0.690200959849153	0.727113812870371	0.660296889984167
596.640464367868	0.699636587980113	0.735802255368406	0.671222922375537
597.268176587087	0.709191176015379	0.744337831841698	0.681784307150455
597.895888806306	0.718864723954951	0.753377739090968	0.69209515921395
598.523601025526	0.728657231798831	0.762146374902065	0.701621380267594
599.151313244745	0.738568699547011	0.77095709189759	0.711721841681234
599.779025463964	0.7485991271995	0.7804515178664	0.72057398906616
600.406737683183	0.758748514756296	0.789102163696255	0.730165496290377
601.034449902402	0.769016862217393	0.797915213324395	0.739432289721733
601.662162121622	0.779404169582799	0.806869261193969	0.748688310385471
602.289874340841	0.789898147616569	0.816900965444496	0.758054155048615
602.91758656006	0.800359283172686	0.826959679672756	0.768178653750207
603.545298779279	0.810879773569773	0.837256544873096	0.778261805875143
604.173010998499	0.821338745143856	0.848956544354313	0.788289190744688
604.800723217718	0.831566319243788	0.861310026509839	0.79771697342895
605.428435436937	0.841026812696625	0.871615926551367	0.807166767849462
606.056147656156	0.850128006176873	0.881485975496472	0.816388829484325
606.683859875375	0.859225619623703	0.891880662649718	0.826511178270661
607.311572094595	0.868141157159304	0.90176077541597	0.836379978477178
607.939284313814	0.876991495394595	0.911960965258523	0.845104219009632
608.566996533033	0.885835048714473	0.922172135879993	0.854712786019844
609.194708752252	0.894670625211081	0.932452644959609	0.863541923601428
609.822420971472	0.903431103634552	0.942694790816164	0.873044320461718
610.450133190691	0.912141483871017	0.95188553781431	0.880838500025022
611.07784540991	0.920799716330949	0.961508600680861	0.888312526712179
611.705557629129	0.929361022596957	0.970319415521543	0.895693450389293
612.333269848348	0.937859719582934	0.979653415303792	0.903213547172215
612.960982067568	0.946328668461275	0.988692295959915	0.910614731727847
613.588694286787	0.954739618320809	0.997224423136336	0.918060929669532
614.216406506006	0.963107766232415	1.00708912009943	0.925244481617628
614.844118725225	0.971408506274293	1.01681051388738	0.933422194301594
615.471830944444	0.979637977701119	1.026853729769	0.940466244532847
616.099543163664	0.987887763131604	1.03621380123332	0.947619228435195
616.727255382883	0.996290598706142	1.0458155125417	0.955177943645472
617.354967602102	1.00479563721202	1.05549862494575	0.962782689202369
617.982679821321	1.01338109024181	1.06517425487049	0.970406393060622
618.610392040541	1.02194526981115	1.0751997900358	0.977341666021234
619.23810425976	1.03046727137327	1.08526607205531	0.984859138739913
619.865816478979	1.03899388063743	1.0955605027896	0.992344129086513
620.493528698198	1.04746337008906	1.10529654744658	0.999797701811686
621.121240917417	1.05587630049423	1.11484695623601	1.00721985691557
621.748953136637	1.06424190146725	1.12421628255303	1.01461059439816
622.376665355856	1.07268175196968	1.13400102791516	1.02102527285602
623.004377575075	1.08112422039479	1.14437878882062	1.02832995153979
623.632089794294	1.0895466975366	1.15454811970947	1.03502650679274
624.259802013514	1.09794616341038	1.16395507215531	1.04228832837146
624.887514232733	1.10631689938821	1.17348199381845	1.0495017239909
625.515226451952	1.11466568280774	1.1832729102746	1.0564069420554
626.142938671171	1.12300483629676	1.19296227825775	1.06371450902089
626.77065089039	1.12649810279086	1.1897371088929	1.07048298846888
