phys	rec.rate	upper	lower
0.0172531186186186	NA	NA	NA
0.0517593558558559	NA	NA	NA
0.0862655930930931	NA	NA	NA
0.12077183033033	NA	NA	NA
0.155278067567568	NA	NA	NA
0.189784304804805	2.74757347366742	4.34112863437963	0.93314321879745
0.224290542042042	2.78336894488561	4.33797852037699	1.01092785462106
0.258796779279279	2.8216582550674	4.33582288981329	1.0905047190405
0.293303016516517	3.07437527802738	4.61150854337202	1.38986229503847
0.327809253753754	3.16033435809351	4.77870461391682	1.50707254156261
0.362315490990991	3.19619482422197	4.77273466787305	1.59511625441571
0.396821728228228	3.2474150580847	4.83145784060231	1.69936118105549
0.431327965465465	3.28529287750366	4.82382535889611	1.78554249320467
0.465834202702703	3.32575870922873	4.89502167082934	1.87161541156764
0.50034043993994	3.36555005718613	4.89411433569724	1.96045297547847
0.534846677177177	3.4067336567941	4.89442377310101	2.0625732388899
0.569352914414414	3.44930950805266	4.8910012878686	2.16381554893355
0.603859151651652	3.49327761096179	4.88486123802613	2.23505839914607
0.638365388888889	3.5386382186428	4.87887443707417	2.31731374254827
0.672871626126126	3.58543843308143	4.87304088501269	2.41471415873172
0.707377863363363	3.63321515165806	4.86733772561613	2.51176139326135
0.741884100600601	3.68152710542107	4.86183352756135	2.58332156578803
0.776390337837838	3.72915875860875	4.85757332743466	2.69130267142207
0.810896575075075	3.77419514464446	4.85878467678508	2.76284191125483
0.845402812312312	3.81698194478864	4.8613410618746	2.84588389952504
0.87990904954955	3.85735787989726	4.86289112323835	2.92499466763587
0.914415286786787	3.89480578499018	4.8509212783705	3.02519882972838
0.948921524024024	3.92932556118586	4.85464751332255	3.10051020733179
0.983427761261261	3.96240744874714	4.85946540047055	3.15306062431273
1.0179339984985	3.99733998598527	4.86312667760749	3.22642715083959
1.05244023573574	4.02893704128947	4.88198192905569	3.31041315811686
1.08694647297297	4.0567374687259	4.901602024695	3.38441230739808
1.12145271021021	4.08191303726638	4.89513686796682	3.42038135759555
1.15595894744745	4.11375371193871	4.8778927336537	3.48959105100549
1.19046518468468	4.14535260625539	4.8734203258587	3.52835026221915
1.22497142192192	4.17992118769781	4.88259902732708	3.61157723341125
1.25947765915916	4.21057563085898	4.91054544491467	3.63737388902067
1.2939838963964	4.24313592340023	4.95625567696899	3.68278040934302
1.32849013363363	4.29851961545194	4.9970268973628	3.76662954760729
1.36299637087087	4.35205563617548	5.04892781781387	3.81758283655151
1.39750260810811	4.41222308389368	5.14107198415647	3.86426267165332
1.43200884534535	4.48162195986112	5.25545342483552	3.89039568626575
1.46651508258258	4.54712022571832	5.37387048437397	3.93665296678103
1.50102131981982	4.61090616945502	5.49755529276457	3.95727836626899
1.53552755705706	4.668161754623	5.5958866093688	3.97132239211055
1.57003379429429	4.72816402847818	5.6904340950233	4.02543572132193
1.60454003153153	4.78027917650676	5.76047290076179	4.03417311643839
1.63904626876877	4.82315023274426	5.82388153974452	4.03511301906367
1.67355250600601	4.85925952293705	5.86787980817543	4.04939355155315
1.70805874324324	4.89671214661769	5.90278810195751	4.07307416013744
1.74256498048048	4.92617946561306	5.95635635384536	4.09576035746881
1.77707121771772	4.94647035332553	5.98256615191646	4.11188460342736
1.81157745495496	4.95758480975512	5.97844065283536	4.12943980198611
1.84608369219219	4.95955068487297	5.98211509825644	4.14342057182855
1.88058992942943	4.96071540200883	5.9422911529943	4.16082525630042
1.91509616666667	4.95934170374128	5.91193427492748	4.16174180108698
1.9496024039039	4.94880503617588	5.89690177095836	4.16052516956527
1.98410864114114	4.92910539931264	5.85494789461836	4.16027070916379
2.01861487837838	4.90024279315158	5.82348047899613	4.15952430234203
2.05312111561562	4.86221721769266	5.77177788682105	4.158612495862
2.08762735285285	4.81502867293589	5.72001924168012	4.14946508954941
2.12213359009009	4.7592374444906	5.65130534860872	4.13871934314501
2.15663982732733	4.70202514076554	5.56399578016296	4.11839492295238
2.19114606456456	4.64296816419513	5.50411920848323	4.07148346582918
2.2256523018018	4.57929193397687	5.42998499084749	3.96912720086743
2.26015853903904	4.51085473677303	5.36257840646418	3.86569233331401
2.29466477627628	4.44009253331899	5.23570202215028	3.75656464553312
2.32917101351351	4.36694490917473	5.13167076871428	3.61307130791474
2.36367725075075	4.29141186434026	5.04410352050678	3.50733158322848
2.39818348798799	4.21349339881557	4.94663658129934	3.38479959023217
2.43268972522523	4.13240107375219	4.86671723181064	3.29537354488193
2.46719596246246	4.04291184415778	4.79397595610865	3.21163952668056
2.5017021996997	3.93724262999243	4.71618971815336	3.12481867403726
2.53620843693694	3.83041725326772	4.63602572875802	3.01888734871661
2.57071467417417	3.73576205215536	4.56454581579467	2.92254373623488
2.60522091141141	3.6532770266554	4.51237212144649	2.81345471945247
2.63972714864865	3.58296217676781	4.44843468840579	2.68067011150667
2.67423338588589	3.5149654331786	4.40233438204766	2.54187767912719
2.70873962312312	3.43599076684661	4.35368312703403	2.41981234311759
2.74324586036036	3.37502019808855	4.30366602482942	2.34665826718257
2.7777520975976	3.33379491694274	4.2525398764497	2.2986791122816
2.81225833483483	3.31166048102972	4.23012383107978	2.23035345169269
2.84676457207207	3.28993397427402	4.2103411337361	2.18230595244435
2.88127080930931	3.28288184024806	4.20333955729909	2.17409890386765
2.91577704654655	3.26819859144441	4.1888361227522	2.19250433756704
2.95028328378378	3.22900823355991	4.16992174485559	2.19792691417567
2.98478952102102	3.22554962618213	4.14255956734767	2.15527520575332
3.01929575825826	3.25884264054212	4.11844683037313	2.16507299789356
3.0538019954955	3.32674936018271	4.10142356142226	2.19494224480657
3.08830823273273	3.38540820660078	4.12642894043458	2.23566010811912
3.12281446996997	3.40576708635602	4.15681506782872	2.30500053470692
3.15732070720721	3.40908045224293	4.17555319423778	2.36428627082433
3.19182694444444	3.43128966844133	4.19986142369146	2.46695971476973
3.22633318168168	3.47239473495122	4.22078487337508	2.48134344650161
3.26083941891892	3.51232129492142	4.25920713565775	2.49900697436368
3.29534565615616	3.52752578243709	4.29172722017718	2.5389054548066
3.32985189339339	3.54904622519084	4.3257206927078	2.63196892207815
3.36435813063063	3.57763594678815	4.35400943590687	2.69975823355913
3.39886436786787	3.61329494722897	4.38500109028959	2.77548162435099
3.43337060510511	3.65602322651335	4.41545971750392	2.86053546915536
3.46787684234234	3.70582078464125	4.42812192401276	2.94195829727114
3.50238307957958	3.76262804868234	4.46286628839437	3.0179216427969
3.53688931681682	3.82022921636384	4.48282895355069	3.08348516980483
3.57139555405405	3.87603437844827	4.54979429043849	3.18337899414322
3.60590179129129	3.93230344329281	4.69286128978148	3.28181447731938
3.64040802852853	3.98912037564716	4.7513521332454	3.35711564244931
3.67491426576577	4.04774523170582	4.82594325490102	3.41395200334101
3.709420503003	4.1051948961082	4.93319523781369	3.51767007617021
3.74392674024024	4.16823144964795	5.01883584614844	3.5491688270448
3.77843297747748	4.22691067800805	5.10699943836069	3.6036372535593
3.81293921471471	4.27594044579692	5.19851415290052	3.64799210975121
3.84744545195195	4.31540224473407	5.28269299956012	3.70416643391396
3.88195168918919	4.36338361188899	5.38918244158986	3.74939938121187
3.91645792642643	4.43700073170552	5.5216849426283	3.78005409918008
3.95096416366366	4.49744131794757	5.70126069918554	3.80902113437808
3.9854704009009	4.53260329024904	5.82272550281364	3.81860527694237
4.01997663813814	4.54248664860992	5.86883983302669	3.82819670024092
4.05448287537538	4.53479967920876	5.92191713543367	3.83875700873237
4.08898911261261	4.55217109795993	5.89408871826111	3.84407355535438
4.12349534984985	4.57905849333246	5.91162005320157	3.85742308107707
4.15800158708709	4.58285520592977	5.91243800220241	3.85746786131035
4.19250782432433	4.57467845978883	5.79897424017599	3.85467190090686
4.22701406156156	4.56676770242599	5.79019676270485	3.85084038299696
4.2615202987988	4.53962815776126	5.76643201254482	3.84719026448894
4.29602653603604	4.51744009851124	5.70855961024629	3.84057977238424
4.33053277327327	4.49910822901583	5.67710372729293	3.83492306452746
4.36503901051051	4.48235397889391	5.67262512095793	3.8054661819795
4.39954524774775	4.46312653769181	5.60621000238366	3.78707975819977
4.43405148498499	4.42407386496265	5.52452719708099	3.75947259138595
4.46855772222222	4.38596018615168	5.43046628268406	3.73100748420837
4.50306395945946	4.35312103675875	5.34306295662403	3.70735696423656
4.5375701966967	4.30498204408377	5.23663565219033	3.64851655830468
4.57207643393393	4.24014694104282	5.14284476445353	3.5796279114939
4.60658267117117	4.1657223775497	5.01256554432486	3.51035882587775
4.64108890840841	4.08343100818322	4.86121343631343	3.4235344390277
4.67559514564565	3.99302356181319	4.74143568212729	3.3381612242911
4.71010138288288	3.90490755274723	4.61176021492454	3.23326602772145
4.74460762012012	3.82242974837853	4.48568861043942	3.12202672054279
4.77911385735736	3.74505186886135	4.35791386494634	2.97967773093879
4.8136200945946	3.66983624068031	4.32120032173204	2.80711488899359
4.84812633183183	3.60187988636182	4.30881230639522	2.68632936102729
4.88263256906907	3.54346910974073	4.31516421249182	2.52563576405994
4.91713880630631	3.49460391081705	4.30161917457062	2.43908138682091
4.95164504354354	3.45528428959079	4.28864657801223	2.3401060233614
4.98615128078078	3.42551024606196	4.27714356504114	2.24515049708351
5.02065751801802	3.4052817802305	4.29392030695552	2.20963504532171
5.05516375525526	3.39459889209649	4.28569847041537	2.14784508697448
5.08966999249249	3.38875207128915	4.28665678170144	2.13809228407398
5.12417622972973	3.38321174590969	4.27623368394782	2.09025198347685
5.15868246696697	3.38812816275578	4.27502359238168	2.11838170807988
5.1931887042042	3.40382567383161	4.26925368612958	2.17976426377348
5.22769494144144	3.43030427913718	4.27744854980531	2.20091116610986
5.26220117867868	3.46756397867251	4.25111310759026	2.24896693238987
5.29670741591592	3.51323420427479	4.24938842287876	2.35761456447453
5.33121365315315	3.55215187231167	4.25820613978989	2.46608879540271
5.36571989039039	3.5874330959	4.27374165441641	2.58070071915431
5.40022612762763	3.62678418029699	4.28448711427261	2.71401399708216
5.43473236486487	3.67660501725098	4.30017978938684	2.82094498529889
5.4692386021021	3.73935157906323	4.33186099497537	2.92954803452272
5.50374483933934	3.80846271105364	4.37802283029427	3.08626479679319
5.53825107657658	3.88023051930471	4.4179516609908	3.21280783183927
5.57275731381381	3.96211088148213	4.51032037161224	3.34758709812874
5.60726355105105	4.05466032449347	4.61263002402722	3.42679326711683
5.64176978828829	4.15650272350271	4.69972541595836	3.50607130051295
5.67627602552553	4.25426157681695	4.83485780173438	3.55353189669571
5.71078226276276	4.34097520266859	4.98803912670418	3.58757821151834
5.7452885	4.41576619656315	5.15149812604402	3.65688279651024
5.77979473723724	4.47863455850067	5.2713913199789	3.71327750125036
5.81430097447448	4.52958028848109	5.38880056409329	3.7849514555569
5.84880721171171	4.5702524087069	5.49332911399882	3.85914710094866
5.88331344894895	4.61368837698305	5.53874225425975	3.91315829070596
5.91781968618619	4.65692324134343	5.63973890156745	3.96911677278985
5.95232592342342	4.72931704649402	5.75187242891678	4.02759451240959
5.98683216066066	4.7899210375463	5.81349944276009	4.08783531788474
6.0213383978979	4.84756182006612	5.91760113564349	4.10549563846712
6.05584463513514	4.92079461540454	5.96301735205944	4.14765309114527
6.09035087237237	4.99025407077281	6.09263214247594	4.18565156113862
6.12485710960961	5.03983623525384	6.11397521768966	4.19721916319944
6.15936334684685	5.06954110884758	6.11901341647928	4.21207432963292
6.19386958408408	5.0793686915541	6.062365483243	4.21357439456337
6.22837582132132	5.06986630812724	6.03072446971322	4.1984369743339
6.26288205855856	5.05607692968547	5.99731877639847	4.21002193062849
6.2973882957958	5.02912058618191	5.94346243463788	4.21479552672298
6.33189453303303	4.98556329763885	5.85177833254267	4.20644084325583
6.36640077027027	4.93904953555734	5.81242195507585	4.19830974037115
6.40090700750751	4.8880537233261	5.74949375190225	4.18748133166828
6.43541324474475	4.85246871790815	5.69368622165689	4.17860896730297
6.46991948198198	4.82502450745989	5.62734980464501	4.15652501348657
6.50442571921922	4.78829278440135	5.54691983695348	4.10126985204533
6.53893195645646	4.73825219412313	5.43604044669034	4.04206838222234
6.57343819369369	4.6749027366252	5.31992108849301	3.98576851556902
6.60794443093093	4.59824441190756	5.18410109905464	3.93548008656537
6.64245066816817	4.50827721997022	5.1254103210178	3.86508153709709
6.67695690540541	4.40520076950105	5.05633176211548	3.80720474867413
6.71146314264264	4.29844261036745	4.97938639884224	3.72754047551113
6.74596937987988	4.20250977008863	4.88854140753738	3.60755259014353
6.78047561711712	4.11312826527848	4.7668062790447	3.50844666899477
6.81498185435435	4.02863002353024	4.66570108594118	3.3909065320567
6.84948809159159	3.94830799189184	4.55674766969647	3.29438363943207
6.88399432882883	3.87077018859034	4.47622530696535	3.19839807720643
6.91850056606607	3.7913602798392	4.37141278977529	3.1176244937918
6.9530068033033	3.720181474953	4.25941452497707	3.07891221020231
6.98751304054054	3.6492052415922	4.18967261418581	2.99339448172771
7.02201927777778	3.58194111365902	4.14101131814153	2.94970928292923
7.05652551501502	3.51781228260539	4.06069657626506	2.86147915441985
7.09103175225225	3.46079573575168	4.00022288822099	2.81773042498659
7.12553798948949	3.41075377469156	3.92631865377602	2.76932590284373
7.16004422672673	3.36616076400549	3.87876502647855	2.7738756762817
7.19455046396396	3.33026836165394	3.83270729690747	2.77944376222335
7.2290567012012	3.30310021657099	3.76981013072208	2.79160307158129
7.26356293843844	3.28465632875662	3.69898423071047	2.82012343662262
7.29806917567568	3.27128412643562	3.65327185114129	2.80209768405971
7.33257541291291	3.25110629343827	3.60699420046523	2.78184745329834
7.36708165015015	3.22433711636582	3.58923187766097	2.77397725095231
7.40158788738739	3.20183233971142	3.59393055840665	2.78888185686738
7.43609412462462	3.18368486385785	3.5629227640848	2.77228805579119
7.47060036186186	3.1637569705871	3.54477452134662	2.75414258422897
7.5051065990991	3.14507327320291	3.54248121067883	2.73848735640741
7.53961283633634	3.12996674181371	3.53019291865872	2.73969099917137
7.57411907357357	3.11391236654127	3.53570472844002	2.71271856096695
7.60862531081081	3.09676441882579	3.53679401395078	2.69843148022717
7.64313154804805	3.08095407624523	3.53342547741528	2.68437044391287
7.67763778528529	3.06648258861963	3.52927323035325	2.66939923126755
7.71214402252252	3.05341797884436	3.51671944637912	2.65031906553005
7.74665025975976	3.04104679246353	3.51284510902259	2.63104000639162
7.781156496997	3.02910610700254	3.49953428320292	2.61378595536643
7.81566273423423	3.01710195214436	3.48740815120664	2.5809040664476
7.85016897147147	3.00510472205319	3.50767637259014	2.54872568235115
7.88467520870871	2.99334687165879	3.51518170614375	2.54539092835091
7.91918144594595	2.980224728019	3.51061839653138	2.52831846598893
7.95368768318318	2.9655411677152	3.51977359877942	2.51508623120119
7.98819392042042	2.94869048709423	3.51598473959803	2.48401556069846
8.02270015765766	2.92717021656505	3.5326293148227	2.44057505947537
8.05720639489489	2.90077701365216	3.52235859625191	2.41731923064054
8.09171263213213	2.87133633398723	3.5048019187373	2.37982523562981
8.12621886936937	2.8388097070433	3.46979163275504	2.32844197277715
8.16072510660661	2.80316342664596	3.44060611075195	2.29021638348269
8.19523134384384	2.76622760058483	3.39926244503557	2.2479859167373
8.22973758108108	2.72777532284256	3.3528469902575	2.20584451708114
8.26424381831832	2.6874380806644	3.2814834381868	2.17262379815659
8.29875005555555	2.64300509913957	3.2179540261154	2.13917323127962
8.33325629279279	2.5950916805146	3.17939044494411	2.11644251531255
8.36776253003003	2.54880924112657	3.09921602800689	2.09248021094389
8.40226876726727	2.50466394056268	3.0090489090257	2.06023750677516
8.4367750045045	2.45883972674042	2.91402517233477	2.01932180705261
8.47128124174174	2.41507795865945	2.83794367185969	1.99285600168085
8.50578747897898	2.3694485558106	2.74172850388516	1.9611985995832
8.54029371621622	2.31978472848519	2.65715943701824	1.91810861090628
8.57479995345345	2.24793866559754	2.60285568675856	1.83942871609954
8.60930619069069	2.19801078702377	2.55688225418442	1.74405271162289
8.64381242792793	2.16224589157758	2.52153209392072	1.71290445903217
8.67831866516516	2.13361952788569	2.4786826190003	1.69965790573839
8.7128249024024	2.09702607607859	2.41729265490007	1.68264250754197
8.74733113963964	2.07779573907428	2.41937866770591	1.66571378096806
8.78183737687688	2.04685405751568	2.39423233979289	1.61498115393665
8.81634361411411	1.96502965877166	2.30837052338974	1.56155391926785
8.85084985135135	1.88481093411234	2.21878404906646	1.51105297688191
8.88535608858859	1.81684808029536	2.15768312331587	1.46784849504776
8.91986232582583	1.76114109732065	2.10180695387043	1.43184118789059
8.95436856306306	1.71768998518833	2.05862436523478	1.37663475472657
8.9888748003003	1.68649474389825	2.02194883263249	1.34990767820949
9.02338103753754	1.66755537345052	2.00030494736855	1.33987847809871
9.05788727477477	1.66087187384516	1.99056448742646	1.32371752193327
9.09239351201201	1.66644424508204	1.99673869544401	1.30992486370098
9.12689974924925	1.68427248716128	2.0217086972098	1.29269151509856
9.16140598648649	1.71435660008286	2.05192094256201	1.31474018123686
9.19591222372372	1.75669658384673	2.09485869824174	1.35187919766921
9.23041846096096	1.81129243845292	2.15654875603768	1.40103576159731
9.2649246981982	1.87814416390143	2.22579580026692	1.45178725041225
9.29943093543543	1.95725176019229	2.31508665369297	1.51436564217832
9.33393717267267	2.04861522732543	2.41189423113982	1.57863057870921
9.36844340990991	2.15176990786535	2.53231087663092	1.6687642332932
9.40294964714715	2.23277250916245	2.61344747312815	1.7618704457852
9.43745588438438	2.29578897401561	2.69816137615933	1.80968135871692
9.47196212162162	2.33606594550884	2.74228825991278	1.81668550233676
9.50646835885886	2.40067554455335	2.79356359853089	1.85138220945792
9.5409745960961	2.50585897168741	2.88606999734059	1.91776346614772
9.57548083333333	2.58899478278795	2.96272995913328	2.06270677018219
9.60998707057057	2.67210249281877	3.02456024781231	2.20596437585377
9.64449330780781	2.75278492209005	3.10994989832282	2.24616534818771
9.67899954504504	2.81210209159764	3.1955618981463	2.29182945922371
9.71350578228228	2.87396054030292	3.2830292603204	2.34539267650733
9.74801201951952	2.94230074610373	3.36219960634877	2.41962321473169
9.78251825675676	3.01712270900008	3.45524376606494	2.53008486939474
9.81702449399399	3.09842642899194	3.54124862010708	2.65029191199477
9.85153073123123	3.18621190607935	3.62269534708354	2.7874328826437
9.88603696846847	3.28032187146201	3.6984894790519	2.90995998088854
9.92054320570571	3.37552704431871	3.7799942683254	2.98925091132341
9.95504944294294	3.4677037430378	3.85679969093028	3.07122619692227
9.98955568018018	3.55712149684559	3.93920378634263	3.14419104217253
10.0240619174174	3.64378030574209	4.03030200436484	3.22948306745429
10.0585681546547	3.72768411218902	4.1418666604905	3.30835949614228
10.0930743918919	3.81228221275419	4.23225065072955	3.40267178926815
10.1275806291291	3.89602414009488	4.32665374849326	3.48913580014657
10.1620868663664	3.97536929413071	4.41558886746169	3.59424827718681
10.1965931036036	4.05031767486166	4.50332407742577	3.69376158928902
10.2310993408408	4.12521761565696	4.6106549099711	3.77571089863414
10.2656055780781	4.21325010669794	4.69686314316943	3.85301063038054
10.3001118153153	4.3035884893132	4.76930750149582	3.91855135064831
10.3346180525526	4.39046977321036	4.85445616712243	3.98411443236359
10.3691242897898	4.46620235016168	4.95785104032175	4.03682923659044
10.403630527027	4.53045673776051	5.08356264603362	4.07038572339913
10.4381367642643	4.58793168325083	5.16655055965674	4.10371243159658
10.4726430015015	4.64062515478977	5.2380122232658	4.14152735892974
10.5071492387387	4.67970219524263	5.29084698278923	4.17158185929576
10.541655475976	4.70502100120163	5.35751970270677	4.18682200570191
10.5761617132132	4.71658459089275	5.36294231733093	4.19649272245203
10.6106679504505	4.72537895000653	5.36883634255686	4.20822225478388
10.6451741876877	4.7272389230097	5.34717933932892	4.20688560479997
10.6796804249249	4.72005855983478	5.3696378667408	4.1949874038799
10.7141866621622	4.72453441013754	5.39601681272659	4.20191431168617
10.7486928993994	4.71591117330278	5.47137028550801	4.18686924524898
10.7831991366366	4.6979299205883	5.47133833090719	4.17503213273719
10.8177053738739	4.66402939645369	5.54993644275767	4.1212279985633
10.8522116111111	4.64438507308815	5.47883882821597	4.11478604638904
10.8867178483483	4.61164439202316	5.54440329183062	4.08823022081797
10.9212240855856	4.6081622184379	5.52277046817812	4.09300342825074
10.9557303228228	4.55638657122518	5.43194096728615	4.09038888400745
10.9902365600601	4.57131855257163	5.4546065621626	4.10286754574253
11.0247427972973	4.58461124390022	5.40781032599375	4.11818218994154
11.0592490345345	4.57465898450789	5.38144629994662	4.11894922331953
11.0937552717718	4.5747842845245	5.3750323065979	4.12185244859461
11.128261509009	4.56692649015082	5.3386690672975	4.12008113819917
11.1627677462462	4.55768300288846	5.27271207109969	4.12990974479398
11.1972739834835	4.53947446959429	5.22105423275904	4.12329662560235
11.2317802207207	4.52828253445084	5.18084326977915	4.12124133309783
11.266286457958	4.52027990815587	5.15292986989005	4.12849845339806
11.3007926951952	4.51538001464336	5.12069308752791	4.14022849056447
11.3352989324324	4.50652878608723	5.07062146253501	4.13172846454796
11.3698051696697	4.49345820996231	5.04642944349123	4.12322033948851
11.4043114069069	4.47658135217988	5.00606563845412	4.11785696971099
11.4388176441441	4.46212660121055	4.964026864276	4.10078951385865
11.4733238813814	4.4467900478275	4.9393276346636	4.09484832265859
11.5078301186186	4.42856561472559	4.91286367235554	4.09374222323236
11.5423363558559	4.40745330190476	4.89175642535935	4.06552191890601
11.5768425930931	4.3866107849261	4.84542424936151	4.04878154674945
11.6113488303303	4.36676687545661	4.81658684964832	4.04213995022523
11.6458550675676	4.34480609578124	4.77214736783769	4.01076425715231
11.6803613048048	4.32072749742864	4.72751925824647	3.98363765680837
11.714867542042	4.29568599316799	4.6935327578429	3.94978797970865
11.7493737792793	4.27267956680097	4.65622672982959	3.93302082770498
11.7838800165165	4.24845165123362	4.63277247009388	3.90067528476433
11.8183862537538	4.22269910304159	4.59229413954477	3.86556926025895
11.852892490991	4.19542192222473	4.53213484924895	3.82619231646405
11.8873987282282	4.16662010878309	4.48639580483028	3.79418068744991
11.9219049654655	4.13629366271674	4.43943952386824	3.76033340445392
11.9564112027027	4.10444258402559	4.40019957789317	3.72589012572265
11.9909174399399	4.07106687270968	4.36723877739541	3.6904803474318
12.0254236771772	4.03616652876902	4.34383114004181	3.65857669918044
12.0599299144144	3.99974155220358	4.31802206157334	3.63687320291823
12.0944361516517	3.96179194301335	4.29189946745299	3.6044467109066
12.1289423888889	3.92309964745696	4.2689565463139	3.56753410902551
12.1634486261261	3.88858138738989	4.24158848678998	3.53267090383685
12.1979548633634	3.85448071153198	4.21114182004426	3.4749571018401
12.2324611006006	3.82016141084735	4.18919116265473	3.4214058341224
12.2669673378378	3.78828165169786	4.15841591058293	3.37238021298064
12.3014735750751	3.75715310649866	4.12362580195767	3.32627258533428
12.3359798123123	3.72748087258145	4.09708014338374	3.2782987008352
12.3704860495495	3.69790598077007	4.05932895581689	3.23412413596329
12.4049922867868	3.66822922246879	4.02591131506914	3.1989419016421
12.439498524024	3.63845059767753	3.9944643183724	3.14532444296458
12.4740047612613	3.60857010639633	3.97032513124357	3.12366598027808
12.5085109984985	3.57858774862519	3.93764500147972	3.10243965249346
12.5430172357357	3.54867386548926	3.91207189262365	3.08185882379199
12.577523472973	3.5202215529449	3.87636656746627	3.06214632074645
12.6120297102102	3.49360770389618	3.84332603584484	3.03360125134423
12.6465359474474	3.46798647894059	3.82069036525649	3.01894144118769
12.6810421846847	3.4425191866394	3.80560759986332	3.01278223528861
12.7155484219219	3.41725503508799	3.77345363184694	3.00616417348947
12.7500546591592	3.3927916965061	3.74433248924326	3.0009397036976
12.7845608963964	3.36881111968057	3.71551175127685	2.99237797105862
12.8190671336336	3.34513489380236	3.69639267723691	2.98719759882397
12.8535733708709	3.32133388708955	3.6741412404701	2.96228768117232
12.8880796081081	3.29740781161972	3.64772355034731	2.95666771666105
12.9225858453453	3.27296677440216	3.62300272986187	2.94642451914796
12.9570920825826	3.24767996755433	3.60194100176964	2.91960512456702
12.9915983198198	3.22201351114933	3.58692873957844	2.89285063513759
13.0261045570571	3.19545264467865	3.56357684101882	2.86131419259707
13.0606107942943	3.16708977447841	3.54182789231792	2.8234849272574
13.0951170315315	3.13757114335108	3.52745307573632	2.78745577344322
13.1296232687688	3.10751038583828	3.49743057201285	2.7420092086672
13.164129506006	3.07696320165087	3.47771874116534	2.70351885138248
13.1986357432432	3.04592959078888	3.45251107367907	2.66162624139482
13.2331419804805	3.0144095532523	3.44200013933318	2.62577614519277
13.2676482177177	2.98240308904113	3.41106049289095	2.58201999493163
13.302154454955	2.94991019815535	3.39133485019149	2.53911897113473
13.3366606921922	2.916930880595	3.36999638103887	2.50165957106309
13.3711669294294	2.88346513636005	3.34406334570552	2.46542777349446
13.4056731666667	2.84951296545049	3.31789416760695	2.42514336661027
13.4401794039039	2.81507436786637	3.29149398316199	2.38732487911914
13.4746856411411	2.78014934360763	3.25956847218203	2.35006335417965
13.5091918783784	2.74488290391325	3.22739600200906	2.31215587523138
13.5436981156156	2.70963264875049	3.20143161629615	2.27424339000768
13.5782043528529	2.67406726295598	3.17435509500223	2.23471324102844
13.6127105900901	2.63801906455295	3.14613139580368	2.19586945543846
13.6472168273273	2.60170531126923	3.11677219947637	2.15449436513761
13.6817230645646	2.5651919061606	3.06632789947459	2.11117553324841
13.7162293018018	2.52847884922699	3.02197023880206	2.07883344791482
13.750735539039	2.49156614046851	3.00616356775821	2.03675364841475
13.7852417762763	2.45445377988506	2.96272749959769	2.00214901934511
13.8197480135135	2.41714176747666	2.92516902278562	1.96123332030357
13.8542542507508	2.37962944307073	2.89672382247473	1.91642343843444
13.888760487988	2.34167084687473	2.85615940681455	1.87486897012017
13.9232667252252	2.3033884393908	2.81823113291981	1.84068785072716
13.9577729624625	2.26486734304247	2.78420249270095	1.8056462385596
13.9922791996997	2.22580027903349	2.74595449041731	1.76335228035904
14.0267854369369	2.185892129935	2.7043467665859	1.72190633082021
14.0612916741742	2.14587038687468	2.65754640749009	1.67656486118884
14.0957979114114	2.10601186602921	2.60341262501777	1.63075221560517
14.1303041486486	2.06629916782589	2.54795702956971	1.58296077888354
14.1648103858859	2.02660997285458	2.49288645750761	1.54462418881484
14.1993166231231	1.98717055723405	2.43644091271606	1.51226077247681
14.2338228603604	1.94788489389089	2.37831798385138	1.47279195146505
14.2683290975976	1.90840897433971	2.32357087142125	1.43391361915377
14.3028353348348	1.8691153355068	2.28519314455916	1.39781007725925
14.3373415720721	1.82990261292474	2.24068238703702	1.36276170033908
14.3718478093093	1.7911542495597	2.19332483158557	1.32485713583051
14.4063540465465	1.75211741290545	2.1533760085977	1.29054901888726
14.4408602837838	1.71321432126926	2.11083096712663	1.24985685662928
14.475366521021	1.67486258888266	2.06563290908744	1.21260340689206
14.5098727582583	1.63659759745056	2.02098829716905	1.16353727536828
14.5443789954955	1.59702491785797	1.98554422988173	1.12346858752996
14.5788852327327	1.55756669682933	1.94275065638582	1.08435973125356
14.61339146997	1.51871845172125	1.90769283631997	1.05082687859504
14.6478977072072	1.4804801825338	1.86460489184667	1.01640476605061
14.6824039444444	1.44285188926688	1.82423716345043	0.97356685185463
14.7169101816817	1.40583357192059	1.7866627086303	0.931443778805432
14.7514164189189	1.36942523049484	1.74959348276654	0.89525454472515
14.7859226561562	1.33362686498972	1.71615507704721	0.857060036400156
14.8204288933934	1.29843847540513	1.67843514359283	0.817100820903696
14.8549351306306	1.26386006174119	1.64478519055615	0.783732008133592
14.8894413678679	1.22989162399779	1.61085692518757	0.74858712091643
14.9239476051051	1.19646830546066	1.57342529894248	0.705717885560566
14.9584538423423	1.16309793297063	1.53778475838068	0.6714374469289
14.9929600795796	1.13023353812568	1.50321997754769	0.636911443320874
15.0274663168168	1.09800880327495	1.47407213599961	0.599073602150117
15.0619725540541	1.06642372841843	1.44696012301485	0.570070833112881
15.0964787912913	1.03547831355619	1.41259534121407	0.539349253980423
15.1309850285285	1.00517255868809	1.38613747508276	0.504444159290543
15.1654912657658	0.97550646381427	1.36004403616577	0.475325256380692
15.199997503003	0.946480028934635	1.32630089562845	0.446648024733686
15.2345037402402	0.918093254049286	1.29601808501536	0.419370070212756
15.2690099774775	0.890346139158085	1.26696846464329	0.388065695569957
15.3035162147147	0.863238684261158	1.24602146469528	0.361491755076887
15.338022451952	0.836770889358444	1.21737690044292	0.328592849887499
15.3725286891892	0.810942754449943	1.19701167036049	0.297604799102931
15.4070349264264	0.785754279535697	1.1769252375119	0.267810761790852
15.4415411636637	0.76120546461563	1.14674616473904	0.245444561483956
15.4760474009009	0.737296309689797	1.12985575239619	0.225726002983757
15.5105536381381	0.714026814758249	1.11243268694578	0.204328039934854
15.5450598753754	0.691396979820794	1.10168080775316	0.173302698794098
15.5795661126126	0.669406804877705	1.09419380260025	0.152214126339
15.6140723498499	0.64783575505601	1.08038222180224	0.12765304038394
15.6485785870871	0.626111539789348	1.04944338526201	0.102951042376897
15.6830848243243	0.604958041298255	1.02355656038739	0.079830950748729
15.7175910615616	0.584446734194711	0.99463784205611	0.0533742224212253
15.7520972987988	0.564577618478709	0.967084976510327	0.0254535053661448
15.786603536036	0.545350694150319	0.947134454614033	0.00169276727318934
15.8211097732733	0.526765961209395	0.923247133015368	0
15.8556160105105	0.508823419656102	0.905481272187183	0
15.8901222477477	0.491523069490354	0.884311019810769	0
15.924628484985	0.474864910712158	0.864294972624366	0
15.9591347222222	0.458848943321517	0.844859154086874	0
15.9936409594595	0.443475167318428	0.825852326579451	0
16.0281471966967	0.428743582702888	0.808313705280506	0
16.0626534339339	0.414654189474937	0.789737815867871	0
16.0971596711712	0.401206987634535	0.77420982888563	0
16.1316659084084	0.388401977181685	0.751484970669146	0
16.1661721456456	0.376239158116389	0.736129601322463	0
16.2006783828829	0.364718530438648	0.72295507316991	0
16.2351846201201	0.353840094148478	0.713112184928889	0
16.2696908573574	0.343603849245832	0.698571378629754	0
16.3041970945946	0.334009795730804	0.685640812674569	0
16.3387033318318	0.325057933603303	0.671616158218629	0
16.3732095690691	0.316748262863319	0.660405776306454	0
16.4077158063063	0.309080783510957	0.647326357610519	0
16.4422220435435	0.302055495546137	0.638806615890746	0
16.4767282807808	0.295672398968839	0.627181682653813	0
16.511234518018	0.289931493779135	0.627459851630586	0
16.5457407552553	0.284832779976985	0.624702432005981	0
16.5802469924925	0.280376257562378	0.623772871155657	0
16.6147532297297	0.276561926535356	0.622097724561361	0
16.649259466967	0.273389786895862	0.623433432129128	0
16.6837657042042	0.270859838643923	0.633581884158885	0
16.7182719414414	0.268972081779561	0.64321344986923	0
16.7527781786787	0.267726516302773	0.655967150481626	0
16.7872844159159	0.267123142213493	0.66670918298623	0
16.8217906531532	0.267161959511815	0.68156526674711	0
16.8562968903904	0.267842968197673	0.697151854653668	0
16.8908031276276	0.269166168271111	0.711352765838238	0
16.9253093648649	0.271131559732082	0.727880044615825	0
16.9598156021021	0.273739142580587	0.742522882112045	0
16.9943218393393	0.276988916816731	0.763284271697506	0
17.0288280765766	0.280880882440362	0.785022682116338	0
17.0633343138138	0.285415039451553	0.806124294794814	0
17.097840551051	0.290591387850343	0.827523298031879	0
17.1323467882883	0.296409927636698	0.848888671436485	0
17.1668530255255	0.302870658810548	0.871015086318329	0
17.2013592627628	0.309973581371981	0.893832446061089	0
17.2358655	0.317718695320999	0.918740442676352	0
17.2703717372372	0.32610600065756	0.943535033314149	0
17.3048779744745	0.332488523623851	0.961957544869518	0
17.3393842117117	0.334135673719808	0.946142681109089	0
17.3738904489489	0.336155716440571	0.932855147340256	0
17.4083966861862	0.338697315936814	0.923881084189369	0
17.4429029234234	0.341760472208524	0.912604055437884	0
17.4774091606607	0.345345185255766	0.90822168736898	0
17.5119153978979	0.34945145507846	0.900937219993709	0
17.5464216351351	0.35407928167665	0.892093178603955	0
17.5809278723724	0.359228665050348	0.885820483636216	0.000201505496601169
17.6154341096096	0.3648996051995	0.884854546378028	0.00670107584841064
17.6499403468468	0.371092102124159	0.877524901942422	0.0117194065275768
17.6844465840841	0.377806155824303	0.878261135169684	0.0172330829219095
17.7189528213213	0.385041766299923	0.875921375288199	0.0230002565679851
17.7534590585586	0.392798933551054	0.874388050772189	0.0258367690736521
17.7879652957958	0.401077657577645	0.874334149208823	0.0292666156974756
17.822471533033	0.409877938379759	0.871805290145056	0.0402622985445505
17.8569777702703	0.419199775957306	0.871699781376193	0.0442848965743662
17.8914840075075	0.429043170310385	0.869225317977928	0.0496875551319696
17.9259902447447	0.439408121438926	0.872874144700923	0.0554127836314481
17.960496481982	0.450294629343014	0.880340706619268	0.0593005070166288
17.9950027192192	0.461702694022468	0.882382478342039	0.0652473967111538
18.0295089564565	0.473632315477497	0.889529547631285	0.0730455804048876
18.0640151936937	0.486083493708029	0.902124089536184	0.0796954653588087
18.0985214309309	0.499056228713999	0.92675120785736	0.0870323583342057
18.1330276681682	0.512550520495474	0.944051285711328	0.0945210885720153
18.1675339054054	0.526566369052438	0.972952510818228	0.103241802708001
18.2020401426426	0.541103774384888	1.00362317559341	0.11208315227355
18.2365463798799	0.554926336690214	1.02769424185675	0.121437116177704
18.2710526171171	0.567574830285153	1.04544539579036	0.129760259149714
18.3055588543544	0.580672346780455	1.06551475375451	0.137662465538441
18.3400650915916	0.592919965061846	1.08689163098606	0.149736307055866
18.3745713288288	0.601513576324562	1.09722912948607	0.164027358501815
18.4090775660661	0.610116400632136	1.10319757564643	0.174822525336986
18.4435838033033	0.619010452204351	1.11430074960626	0.184238248845005
18.4780900405405	0.628195731041137	1.12598016427435	0.197543925005856
18.5125962777778	0.637672237142528	1.13248536983606	0.211582369277725
18.547102515015	0.647439970508501	1.14257357641092	0.226097990937759
18.5816087522523	0.657498931139133	1.15567217273554	0.241140073081363
18.6161149894895	0.667849119034322	1.16633015551005	0.25660724748627
18.6506212267267	0.678490534194141	1.18804764411564	0.27154776049885
18.685127463964	0.689423176618526	1.20130753811862	0.279171081399947
18.7196337012012	0.700647046307532	1.21245342699999	0.29502257716707
18.7541399384384	0.712162143261137	1.22336399016656	0.312452394671312
18.7886461756757	0.723968467479366	1.23456115975216	0.328586597919451
18.8231524129129	0.736066018962169	1.24738042775565	0.343738312578292
18.8576586501501	0.748454797709563	1.26129930989429	0.35726740691074
18.8921648873874	0.761134803721599	1.27472875455705	0.373112530911253
18.9266711246246	0.774106036998202	1.28725988628155	0.389479808779575
18.9611773618619	0.787368497539452	1.2980838524365	0.406333777695167
18.9956835990991	0.800922185345254	1.30644669339491	0.426382714757984
19.0301898363363	0.814767100415676	1.3174294434098	0.446442971898222
19.0646960735736	0.828903242750718	1.3282467392759	0.469188123122878
19.0992023108108	0.84333061235032	1.33848626008063	0.491348624064152
19.133708548048	0.85804920921456	1.34814800582342	0.514014322842733
19.1682147852853	0.873059033343392	1.35723197650443	0.537185219460955
19.2027210225225	0.888360084736837	1.36573817212335	0.554604319113005
19.2372272597598	0.903952363394868	1.37366576690945	0.565501757691607
19.271733496997	0.919835869317512	1.38098876029606	0.591391825944039
19.3062397342342	0.936010602504735	1.38850435785074	0.609871208405774
19.3407459714715	0.952476562956593	1.39845106867219	0.626536020007822
19.3752522087087	0.969233750673015	1.40405074049103	0.643874665014992
19.4097584459459	0.986282165654079	1.41305394022005	0.666575262340866
19.4442646831832	1.00362180789971	1.41864489947283	0.689203407062138
19.4787709204204	1.02125267740999	1.42384621308928	0.712654488826583
19.5132771576577	1.03917477418483	1.42889426317225	0.73694512880007
19.5477833948949	1.05738809822427	1.43354285545319	0.75873146676013
19.5822896321321	1.07589264952833	1.44143135183368	0.780181673805652
19.6167958693694	1.09468842809698	1.45014036728966	0.802417932624555
19.6513021066066	1.11364214675838	1.45428133920002	0.820340156890519
19.6858083438438	1.1319529666423	1.46631410269005	0.84175803293128
19.7203145810811	1.15002430480317	1.47401372435398	0.863036084761871
19.7548208183183	1.16796383246869	1.48142362123333	0.889310425875223
19.7893270555556	1.18577154963886	1.49645498042306	0.904679602606868
19.8238332927928	1.20344745631366	1.50762734193521	0.918158047945622
19.85833953003	1.22099155249318	1.52590635396734	0.934953267032603
19.8928457672673	1.23840383817729	1.54502590768389	0.958388582045622
19.9273520045045	1.25568431336606	1.55398234396044	0.987328356453887
19.9618582417417	1.27290081264589	1.56146793811108	1.0096070777815
19.996364478979	1.29020116657151	1.57208077395208	1.03273931230397
20.0308707162162	1.30689104855994	1.5723856007333	1.06330675312352
20.0653769534535	1.32292963641527	1.59032577132193	1.08656306847102
20.0998831906907	1.33808025661513	1.59698806066364	1.11023922929904
20.1343894279279	1.35180218929794	1.60313544907981	1.13403750208103
20.1688956651652	1.3641221781823	1.6093433154732	1.14894341516717
20.2034019024024	1.37516536387016	1.61551108766848	1.16074780435338
20.2379081396396	1.38515396492021	1.62329887349417	1.17393914438369
20.2724143768769	1.39750992912933	1.64167034286636	1.19233056041461
20.3069206141141	1.40944425558023	1.65376805168594	1.21024371307719
20.3414268513514	1.42016503410965	1.66585029355307	1.21902753211602
20.3759330885886	1.42996071749027	1.6851588189887	1.23490697573199
20.4104393258258	1.44241532468896	1.69842702335455	1.24172649853031
20.4449455630631	1.45511518411494	1.71512565353445	1.25254828436687
20.4794518003003	1.46691478784812	1.72167192242717	1.26122565058348
20.5139580375375	1.47781413588837	1.73105472135877	1.26956444299749
20.5484642747748	1.48781322823573	1.73745611768756	1.27334955746862
20.582970512012	1.49691206489027	1.74960380642956	1.28501500916909
20.6174767492492	1.50511064585187	1.76204992332494	1.29363510414796
20.6519829864865	1.51240897112062	1.77206655558261	1.30147652589958
20.6864892237237	1.51880704069653	1.77360335071344	1.30991649695732
20.720995460961	1.52430485457946	1.77639412295327	1.31839652920273
20.7555016981982	1.52932542927306	1.78558985377036	1.32529195735225
20.7900079354354	1.53504011589448	1.79185955515213	1.33390793281906
20.8245141726727	1.53997281446357	1.79535022936877	1.3410390768326
20.8590204099099	1.54561534241775	1.79735837146	1.34678531882246
20.8935266471471	1.55364924976796	1.79694605806235	1.35529346266905
20.9280328843844	1.56082869770411	1.79993357339002	1.36590433673068
20.9625391216216	1.56705723726521	1.80309092714451	1.36754753857354
20.9970453588589	1.5723348684512	1.80105947099247	1.37572778947995
21.0315515960961	1.57666159126212	1.79801924739207	1.37958609444207
21.0660578333333	1.58003740569798	1.80158490766031	1.38551418681913
21.1005640705706	1.58265494345463	1.80155060995058	1.38885928257074
21.1350703078078	1.58608439237452	1.80144381705601	1.3967858918389
21.169576545045	1.58890086066011	1.8005841158372	1.40219640113811
21.2040827822823	1.59065722406868	1.79986035422726	1.40924592166313
21.2385890195195	1.59135348260027	1.79527464178926	1.40839873125161
21.2730952567568	1.59098963625486	1.79775669624997	1.40989181449267
21.307601493994	1.58956568503238	1.79461219747589	1.40962111396676
21.3421077312312	1.58989246903271	1.79617387223091	1.40434655045724
21.3766139684685	1.59610396181083	1.79847088825222	1.4140591853826
21.4111202057057	1.6037744557369	1.80664506326108	1.42050978893363
21.4456264429429	1.61115507229923	1.80598195582289	1.42343907380833
21.4801326801802	1.61795243437179	1.81233401881934	1.42698129387788
21.5146389174174	1.62416654195459	1.81738939122817	1.42614622125897
21.5491451546547	1.63069476356649	1.82156759071534	1.42806574010451
21.5836513918919	1.63797736403993	1.83405655151003	1.43058029397525
21.6181576291291	1.64472657836556	1.83819314781583	1.43234218095418
21.6526638663664	1.65093100953532	1.84551337133421	1.44160875526062
21.6871701036036	1.65659065754934	1.85158869624542	1.44774635877976
21.7216763408408	1.6617055224074	1.8577834337152	1.45868766019704
21.7561825780781	1.66633919821235	1.86423770050529	1.46056675401472
21.7906888153153	1.67144852225537	1.87000655378811	1.46423755984155
21.8251950525526	1.67638369998561	1.87644077392902	1.46662765527855
21.8597012897898	1.68079392672046	1.87955853281142	1.46928477638923
21.894207527027	1.68467920245983	1.8891393131261	1.46802316434096
21.9287137642643	1.68803952720381	1.89099116434057	1.47090544659068
21.9632200015015	1.69087490095236	1.89254179645269	1.47576900834586
21.9977262387387	1.69318532370549	1.89586987426901	1.48086338883146
22.032232475976	1.69497079546318	1.90011564498879	1.48617268008674
22.0667387132132	1.69623131622545	1.90761181593281	1.49168430947638
22.1012449504505	1.69696688599224	1.90552751572351	1.49324131634391
22.1357511876877	1.69717750476369	1.90180204214179	1.49342950768933
22.1702574249249	1.69714665081734	1.895468333339	1.49782708546695
22.2047636621622	1.6979197302399	1.89765129320341	1.50092493393307
22.2392698993994	1.69833410997085	1.89852444110641	1.50758586203455
22.2737761366366	1.69829308446393	1.89222845248232	1.51401173202432
22.3082823738739	1.69839977335758	1.89117306851626	1.51882310843611
22.3427886111111	1.69818558956445	1.89304625999917	1.5223017284398
22.3772948483483	1.69768472211912	1.89458603019737	1.52505647823516
22.4118010855856	1.6977374806926	1.89692843197189	1.5251384639112
22.4463073228228	1.69797721492311	1.90086908247578	1.52991532269286
22.4808135600601	1.69823274213211	1.90310487473896	1.5332452235362
22.5153197972973	1.69878493272444	1.90394881809201	1.5297731106214
22.5498260345345	1.69994424861102	1.90737054467639	1.52578854012594
22.5843322717718	1.70159150958635	1.91182739517723	1.52490399148971
22.618838509009	1.70315185976399	1.91436893136576	1.52715057549116
22.6533447462462	1.70449473960226	1.91927048545079	1.52121687929922
22.6878509834835	1.70562014910131	1.91399763730674	1.52074192633787
22.7223572207207	1.70652808826093	1.91772253720598	1.5164190275736
22.756863457958	1.70721855708128	1.92443556426438	1.51225355483164
22.7913696951952	1.70769155556229	1.9302943567265	1.51382448757469
22.8258759324324	1.7085317640196	1.93400860592308	1.50877601281051
22.8603821696697	1.71013224529547	1.94044263572671	1.50726993456532
22.8948884069069	1.71170161704563	1.94439994575455	1.50234619900611
22.9293946441441	1.71323115746142	1.94595877348754	1.49853509322347
22.9639008813814	1.71472086654271	1.949410991605	1.49758824515928
22.9984071186186	1.71617074428963	1.95199735429882	1.49057356437608
23.0329133558559	1.71758079070206	1.95393807936991	1.4834643265696
23.0674195930931	1.71895100578012	1.95828547506511	1.47797551321592
23.1019258303303	1.72028138952372	1.9612115448702	1.47433371971847
23.1364320675676	1.72157194193292	1.96702496000798	1.46949631073849
23.1709383048048	1.72287639035769	1.97144839432958	1.46978164513059
23.205444542042	1.72442176996644	1.97388698951559	1.47148226518531
23.2399507792793	1.72599664465291	1.98131735536229	1.46972374333432
23.2744570165165	1.72756573073596	1.9885405063243	1.46682301952025
23.3089632537538	1.72912902821553	1.9873767152252	1.46434765104366
23.343469490991	1.73068653709171	1.99282948934346	1.46518837596121
23.3779757282282	1.73224778063529	1.99536644608384	1.46428053732412
23.4124819654655	1.73397528477738	1.98914810008608	1.46137928939704
23.4469882027027	1.73577437371947	1.99167713345402	1.46670021906275
23.4814944399399	1.73758543214516	1.9888571522431	1.47035629134114
23.5160006771772	1.73940846005438	1.99203369091065	1.47245124755961
23.5505069144144	1.74124345744717	1.98336766433024	1.47366403474491
23.5850131516517	1.74309042432355	1.98479388984297	1.4731998171933
23.6195193888889	1.74494936068348	1.98892642314014	1.46844303555067
23.6540256261261	1.74682026652698	1.99247463230125	1.46775940466203
23.6885318633634	1.74870314185403	1.99597379000932	1.4721641408984
23.7230381006006	1.75059798666468	2.00101035389713	1.47166349755086
23.7575443378378	1.75250480095886	2.00576810665204	1.47273517837715
23.7920505750751	1.75460120378754	2.00936259704677	1.47647691051734
23.8265568123123	1.75719764205893	2.01203260087141	1.47731448185854
23.8610630495495	1.75990945239327	2.01732349293348	1.4814302748238
23.8955692867868	1.76271540457545	2.0213246121166	1.48401083801899
23.930075524024	1.76561549860543	2.02522905970287	1.4797460389099
23.9645817612613	1.76860973448334	2.02732196474682	1.48386138760469
23.9990879984985	1.77169811220907	2.03374756359269	1.48111141766337
24.0335942357357	1.77488063178267	2.03694905363572	1.47798568265865
24.068100472973	1.77815729320408	2.0397185997235	1.47751548556324
24.1026067102102	1.78152809647339	2.04222279290281	1.47766500029168
24.1371129474474	1.78499304159055	2.04184706663473	1.48267423411765
24.1716191846847	1.78855212855557	2.04382904243796	1.48913917435717
24.2061254219219	1.7922053573684	2.04716077833128	1.49183169247714
24.2406316591592	1.79595272802913	2.04647023719193	1.49648911817121
24.2751378963964	1.7997942405377	2.04978120371326	1.49816426444441
24.3096441336336	1.80372989489412	2.05250723587899	1.50198641958045
24.3441503708709	1.80775969109839	2.05581502251883	1.50508024071423
24.3786566081081	1.81188362915053	2.05780752786558	1.50647328969016
24.4131628453453	1.81610170905053	2.05898009695928	1.51156278564915
24.4476690825826	1.82041393079833	2.05987545314542	1.5191886103315
24.4821753198198	1.82482029439404	2.06541552992402	1.52566355183998
24.5166815570571	1.82932079983763	2.06522475693991	1.53544219522003
24.5511877942943	1.83391544712901	2.06428638833966	1.54425144993361
24.5856940315315	1.83860423626824	2.06597176449196	1.55520175875241
24.6202002687688	1.8433871672554	2.06841429569928	1.5630483776751
24.654706506006	1.84826424009034	2.07043260046922	1.56927604977216
24.6892127432432	1.85323545477316	2.07139221883129	1.58070503429151
24.7237189804805	1.85830081130387	2.06960503013419	1.59356893317204
24.7582252177177	1.86346030968234	2.07085000249454	1.60847600659903
24.792731454955	1.86871394990879	2.07528223448275	1.62201669392303
24.8272376921922	1.87406173198301	2.07780130788216	1.63932347941428
24.8617439294294	1.8795036559051	2.0761205413033	1.65465673473204
24.8962501666667	1.88503972167505	2.07327215840031	1.66864218778344
24.9307564039039	1.89066992929286	2.07344136214894	1.68311880804512
24.9652626411411	1.8963942787585	2.0761979070453	1.69562079121504
24.9997688783784	1.90221277007204	2.08001963322943	1.70195967596803
25.0342751156156	1.90803368280452	2.08569841551401	1.72439857108685
25.0687813528529	1.91388130090955	2.08544295031788	1.73607436872954
25.1032875900901	1.9208868941733	2.09229835992397	1.73832963990621
25.1377938273273	1.92966896178983	2.09854876272534	1.75555340726259
25.1723000645646	1.93937938523226	2.10231199208841	1.78628071763536
25.2068063018018	1.94830226432878	2.11326430749365	1.79047901052452
25.241312539039	1.95636218659648	2.12402983423606	1.79171058745833
25.2758187762763	1.96412660123474	2.13654520525279	1.79947162170286
25.3103250135135	1.97160987376782	2.14482657113262	1.80347342978512
25.3448312507508	1.97881200419582	2.14568676884724	1.80691361822155
25.379337487988	1.98573299251862	2.15979699949048	1.80652049818289
25.4138437252252	1.99237283873638	2.17003070165652	1.80766384311777
25.4483499624625	1.99873154284892	2.18179544280356	1.8088504727923
25.4828561996997	2.00480910485638	2.1948845863524	1.81036922099106
25.5173624369369	2.01060552475868	2.20135593771699	1.81178469057809
25.5518686741742	2.01612080255587	2.21389505804884	1.81316076484244
25.5863749114114	2.0213549382479	2.22345249292632	1.81624745089787
25.6208811486486	2.02630793183488	2.23248603743048	1.82130235947059
25.6553873858859	2.03097978331662	2.24248935334746	1.82247427691944
25.6898936231231	2.03537049269327	2.24976994196704	1.82912105843113
25.7243998603604	2.0394800599648	2.2546264970622	1.83480765274432
25.7589060975976	2.04330848513117	2.26323933902842	1.83786274370176
25.7934123348348	2.04685576819245	2.27186615630577	1.83816727048414
25.8279185720721	2.05012293600922	2.27665216884261	1.83983927658408
25.8624248093093	2.05353055227209	2.28094424034396	1.84048400292073
25.8969310465465	2.05700922275617	2.28903330202579	1.8412715250359
25.9314372837838	2.06021690966897	2.29470544342733	1.84202834447945
25.965943521021	2.06315361301036	2.30217155787062	1.84328516844974
26.0004497582583	2.06581933278041	2.30530156287623	1.84423497096959
26.0349559954955	2.06821406897908	2.30916612017346	1.84453475646599
26.0694622327327	2.07033782160643	2.31595883424943	1.8454323649089
26.10396846997	2.07219059066242	2.32421040368677	1.84447139195715
26.1384747072072	2.07377237614706	2.33192150036725	1.84456360194062
26.1729809444444	2.07508317806034	2.34070600910416	1.84459356351197
26.2074871816817	2.07612299640222	2.34760983847477	1.84513918247133
26.2419934189189	2.07689183117279	2.35317956426275	1.84562177335839
26.2764996561562	2.07738968237203	2.35849380259314	1.84474469568029
26.3110058933934	2.07761654999986	2.36232741163918	1.84356345037878
26.3455121306306	2.07757243405636	2.36676711932143	1.84261612735385
26.3800183678679	2.077613675598	2.36992179234346	1.84173958594324
26.4145246051051	2.0791477488216	2.37206555629209	1.8399964239821
26.4490308423423	2.08066591664662	2.37438875669514	1.83751661237758
26.4835370795796	2.0821360795326	2.3781383811839	1.83534706404859
26.5180433168168	2.08431112840522	2.38099871379922	1.8296608605764
26.5525495540541	2.08637671186143	2.38158407688015	1.82673072549228
26.5870557912913	2.08821467183697	2.38289043103489	1.82591137952946
26.6215620285285	2.08982500833177	2.38587151669491	1.82110023443669
26.6560682657658	2.09120772134592	2.38382911266815	1.817033031512
26.690574503003	2.09236281087935	2.39083999647511	1.81694139915817
26.7250807402402	2.09329027693208	2.39495102986744	1.81690003502004
26.7595869774775	2.0939901195041	2.39269368225335	1.81442930357754
26.7940932147147	2.09446233859545	2.38934058968598	1.81377593977174
26.828599451952	2.09470693420607	2.39669078933113	1.81054822729238
26.8631056891892	2.09472390633608	2.39695453467488	1.80839202044224
26.8976119264264	2.09451325498528	2.39660965082195	1.80432626948398
26.9321181636637	2.09407498015388	2.39774354918453	1.8021227901539
26.9666244009009	2.09340908184169	2.39742024146151	1.80113137176236
27.0011306381381	2.09251556004886	2.3969917353407	1.79958697920946
27.0356368753754	2.09139441477533	2.40188626097887	1.79720048549286
27.0701431126126	2.0900456460211	2.40217538638123	1.79877460030875
27.1046493498499	2.08846925378619	2.40306812850062	1.79722808000379
27.1391555870871	2.08666523807052	2.40411230891792	1.79472059513997
27.1736618243243	2.08463359887423	2.40572157280684	1.79243364657356
27.2081680615616	2.08237433619715	2.40310408591261	1.79097381458807
27.2426742987988	2.0798874500395	2.40204808660431	1.78817208295447
27.277180536036	2.07717294040107	2.40024765748293	1.78631289077101
27.3116867732733	2.07423080728195	2.39413820998353	1.78469402008444
27.3461930105105	2.07106105068212	2.38859462526672	1.78521229953364
27.3806992477477	2.06766367060165	2.38199194294559	1.78639901626834
27.415205484985	2.06403866704044	2.37827424201416	1.78769552594919
27.4497117222222	2.06018603999851	2.37469367875888	1.78905217794355
27.4842179594595	2.05610578947595	2.37078475149296	1.78636318077791
27.5187241966967	2.0518011905913	2.36716098617142	1.78406773456959
27.5532304339339	2.04752427429169	2.3609259827649	1.78489209893403
27.5877366711712	2.04346817293931	2.35085426974667	1.78599853718517
27.6222429084084	2.03999217559603	2.34578529144074	1.77746607903168
27.6567491456456	2.03646362061353	2.3401206970678	1.77112979274279
27.6912553828829	2.03284172496582	2.33500031317771	1.76510663515918
27.7257616201201	2.02912648865294	2.32853853607891	1.76146262734057
27.7602678573574	2.02531791167489	2.32165029658172	1.74930111100412
27.7947740945946	2.02141599403165	2.31427281163514	1.7409541236021
27.8292803318318	2.01742053798721	2.30732816865419	1.7294531514258
27.8637865690691	2.01334672131092	2.31266869011787	1.71796595007053
27.8982928063063	2.00928482028043	2.31240033037125	1.70926944970819
27.9327990435435	2.00525851469147	2.30520950266277	1.69904857178005
27.9673052807808	2.00126780454403	2.30073422619543	1.68879822338043
28.001811518018	1.99720369459371	2.30168643934734	1.67964230513206
28.0363177552553	1.99300849917466	2.29977939929098	1.67678862524602
28.0708239924925	1.98895767209502	2.29450557609203	1.67977686376361
28.1053302297297	1.98505937230869	2.28740610680261	1.67169597458605
28.139836466967	1.98131359981587	2.28175000627575	1.67078276271631
28.1743427042042	1.97772035461636	2.26974632719539	1.66075832941193
28.2088489414414	1.97427963671025	2.26775904844523	1.66575448168574
28.2433551786787	1.97099144609755	2.25990351333526	1.6673974039003
28.2778614159159	1.9678557827782	2.25316459511484	1.65884151476825
28.3123676531532	1.96487264675222	2.24307952075286	1.66151873486368
28.3468738903904	1.96204203801971	2.23261549835315	1.65925776008079
28.3813801276276	1.95936395658052	2.225132863576	1.65663950109274
28.4158863648649	1.95683840243472	2.21575089997266	1.65443177440815
28.4503926021021	1.95428724432368	2.20097213518364	1.65282056353356
28.4848988393393	1.9510988099814	2.19213405997163	1.64874256087936
28.5194050765766	1.94763383664541	2.17409354584932	1.65455497653694
28.5539113138138	1.94416213413388	2.16057614302159	1.65012431284679
28.5884175510511	1.94036108338404	2.14764589583201	1.64702408223598
28.6229237882883	1.93466674082824	2.13345337470671	1.65807966494772
28.6574300255255	1.92678278444624	2.12717400364637	1.65530655866539
28.6919362627628	1.91830047872688	2.11927423158061	1.6500767276944
28.7264425	1.90900347681594	2.11844130469056	1.64670094695601
28.7609487372372	1.89839851799321	2.11558977895367	1.63964826537687
28.7954549744745	1.88838381083139	2.11423003352757	1.61636238423331
28.8299612117117	1.87907430668203	2.11291899464244	1.60472222464144
28.864467448949	1.87047000554511	2.11293098017106	1.59300729274564
28.8989736861862	1.86257090742077	2.11115984633024	1.58496666669171
28.9334799234234	1.85537701230883	2.11400086124359	1.58062082014274
28.9679861606607	1.84888832020946	2.11216196555636	1.56673651220145
29.0024923978979	1.8431048311225	2.11287609743467	1.54596345926785
29.0369986351351	1.8380265450481	2.1136219225358	1.52371691746769
29.0715048723724	1.83365346198614	2.11557578897875	1.50433758504992
29.1060111096096	1.82998558193667	2.113069873158	1.48917835298485
29.1405173468468	1.82702290489967	2.10718803021688	1.47657423471483
29.1750235840841	1.82476543087522	2.10633948583102	1.46135643736825
29.2095298213213	1.82321315986322	2.10877201354244	1.44753624168432
29.2440360585586	1.82236609186371	2.10886694011173	1.43560625062679
29.2785422957958	1.82222422687666	2.11362952983188	1.42573659090156
29.313048533033	1.82278756490214	2.11239689805419	1.41671283602921
29.3475547702703	1.82377247290408	2.12012461800822	1.41171505249483
29.3820610075075	1.82195956234324	2.12244201007604	1.40520745718111
29.4165672447447	1.81979637005019	2.11762447838445	1.39672006830072
29.451073481982	1.81835051469083	2.11854745402922	1.39159424303977
29.4855797192192	1.81762199626525	2.1201907069697	1.38747832892691
29.5200859564565	1.81761081477336	2.12010280302741	1.38549126031557
29.5545921936937	1.81831697021521	2.12224514860708	1.38526119624836
29.5890984309309	1.8197404625908	2.12452283743417	1.38151438211203
29.6236046681682	1.82188129190013	2.12317468097235	1.38487385477278
29.6581109054054	1.82473945814317	2.12455416704127	1.38508051354255
29.6926171426426	1.82831496131996	2.12872543748603	1.37965633065354
29.7271233798799	1.83260780143046	2.13522901675907	1.38403947139747
29.7616296171171	1.83761797847473	2.13788358785811	1.3923546794788
29.7961358543544	1.8433454924527	2.13972678265026	1.40043609430125
29.8306420915916	1.8497903433644	2.15298515590072	1.40980581226303
29.8651483288288	1.85586584959494	2.1611846153017	1.41260168480962
29.8996545660661	1.86110167325161	2.16384191259549	1.41789184779128
29.9341608033033	1.86699453650569	2.16388283903208	1.42321274902326
29.9686670405405	1.87355498076724	2.16704891942008	1.42572354334414
30.0031732777778	1.88078300603615	2.17368187583421	1.42791345184849
30.037679515015	1.88867861231253	2.17763234136967	1.42752320973406
30.0721857522523	1.89724179959631	2.18079072784171	1.44143912490049
30.1066919894895	1.90647256788757	2.18391600018178	1.46338949952803
30.1411982267267	1.91637091718625	2.19280841034536	1.45833650807459
30.175704463964	1.92693684749227	2.20374027054941	1.45479267727764
30.2102107012012	1.93817035880588	2.21595203587939	1.47123293931333
30.2447169384384	1.94839040022379	2.22601493370798	1.48330664214176
30.2792231756757	1.95584536868819	2.22908544875414	1.49280027370458
30.3137294129129	1.96377634925261	2.23280718822653	1.5056904192503
30.3482356501502	1.97227833232496	2.23698237103707	1.51886040349584
30.3827418873874	1.98105902037365	2.24010536070743	1.53153164839239
30.4172481246246	1.98887984716679	2.24374466077319	1.54535022654723
30.4517543618619	1.99701050799382	2.24808469844121	1.555414438004
30.4862605990991	2.00566499034838	2.25039475261546	1.572505798861
30.5207668363363	2.0148432942305	2.25574985511925	1.58738835509891
30.5552730735736	2.02426722037426	2.26448369494175	1.59892066899456
30.5897793108108	2.0327528835753	2.2707428610145	1.61239900742298
30.6242855480481	2.04151090710367	2.27401774792217	1.64227150626521
30.6587917852853	2.0507462294001	2.2760461502933	1.65879372580292
30.6932980225225	2.06045885046462	2.27935127677155	1.67490272925249
30.7278042597598	2.07064877029718	2.28310659411811	1.69079374902185
30.762310496997	2.08131598889791	2.29077894089894	1.70811985147318
30.7968167342342	2.09246050626671	2.29829091690562	1.73044499021302
30.8313229714715	2.10408232240358	2.30505343486707	1.74949393029114
30.8658292087087	2.1161814373085	2.31170122537206	1.77273572121921
30.9003354459459	2.12875785098157	2.32221304599532	1.79657677714909
30.9348416831832	2.14181156342275	2.33347987565746	1.82229139604466
30.9693479204204	2.15534257463196	2.3408451064617	1.83944396580069
31.0038541576577	2.16919853790658	2.34936910763781	1.86284421993379
31.0383603948949	2.18101846698443	2.35673281401529	1.87622762208154
31.0728666321321	2.1923955397157	2.3644460699866	1.90098320042464
31.1073728693694	2.2041989496988	2.37149362117137	1.92357926838181
31.1418791066066	2.21537928908091	2.38135372060465	1.95046965012273
31.1763853438438	2.2256049375731	2.38894555112939	1.97331296682881
31.2108915810811	2.23504538852634	2.39347576526363	1.99136636152393
31.2453978183183	2.24480073646337	2.3996836596546	2.01569762667573
31.2799040555556	2.25489188231938	2.41053060898638	2.0502167912269
31.3144102927928	2.26531882609421	2.42242383610927	2.0755522140611
31.34891653003	2.27608156778804	2.4370628629331	2.10527095385466
31.3834227672673	2.28718010740071	2.44869919703967	2.12716926042697
31.4179290045045	2.29861444493233	2.45767786073326	2.14031697098758
31.4524352417417	2.3103845803829	2.47024654586341	2.15130423633557
31.486941478979	2.32193443026397	2.48195092855095	2.16604033985838
31.5214477162162	2.33262914534649	2.48994240998833	2.18103455063493
31.5559539534535	2.34361942018398	2.50547817090355	2.18981369588619
31.5904601906907	2.35445200033148	2.51794620300282	2.19916461571759
31.6249664279279	2.3645217022459	2.52191426851079	2.20626486378101
31.6594726651652	2.37400514482571	2.53005581427956	2.20995761448125
31.6939789024024	2.38366413251458	2.54385632882211	2.22424441173106
31.7284851396396	2.3936445588227	2.55546998687042	2.234828808509
31.7629913768769	2.40394642374998	2.56738549416786	2.24370412621917
31.7974976141141	2.41456972729649	2.57861078240687	2.25238541838308
31.8320038513514	2.42485438196877	2.59060525552422	2.25741274898043
31.8665100885886	2.43358422784906	2.60266029067531	2.2632619246317
31.9010163258258	2.44210257409874	2.61410602938669	2.2683669281024
31.9355225630631	2.45025749656803	2.6267538371196	2.2717894537582
31.9700288003003	2.45854628819569	2.64156269634271	2.27761506759747
32.0045350375375	2.46702828556671	2.65265012813955	2.28142025764419
32.0390412747748	2.47544435263992	2.67118094278724	2.28593145197863
32.073547512012	2.48356526292537	2.682585139058	2.29006121225134
32.1080537492493	2.49183704702895	2.6935491178356	2.2944429113305
32.1425599864865	2.50026931094361	2.70887180668372	2.29844862686193
32.1770662237237	2.50886205466919	2.72349504044546	2.30345323194862
32.211572460961	2.51761527820581	2.73491300803928	2.30793930448138
32.2460786981982	2.52652898155347	2.75082025886375	2.31253079951409
32.2805849354354	2.53560316471207	2.76454653796809	2.31843829836245
32.3150911726727	2.54483782768175	2.77407483652802	2.32219305205998
32.3495974099099	2.55423297046231	2.79003797830861	2.32580229126705
32.3841036471471	2.56378859305398	2.80037916397067	2.32981395442387
32.4186098843844	2.57350469545663	2.81604850381336	2.33453670134625
32.4531161216216	2.58338119040275	2.83145980274535	2.33880681005217
32.4876223588589	2.59313201875079	2.84637682992373	2.34373880014894
32.5221285960961	2.60276516187923	2.86166707842242	2.34876641389195
32.5566348333333	2.61254182773889	2.87684995689989	2.35383964320234
32.5911410705706	2.62246201633004	2.89235403572599	2.35897357062969
32.6256473078078	2.63252572765238	2.90663655747019	2.36429016922024
32.660153545045	2.64273296170611	2.92306405848455	2.36950323635904
32.6946597822823	2.65308371849112	2.9405242957915	2.3739134150975
32.7291660195195	2.66357799800747	2.95988428496943	2.37839733776449
32.7636722567568	2.67421580025515	2.97845416543417	2.38348546704072
32.798178493994	2.68493225981825	2.99535723497322	2.38752267580545
32.8326847312312	2.69518947106722	3.01278672585959	2.39138385821776
32.8671909684685	2.70524779706866	3.02919034634436	2.39659549533471
32.9016972057057	2.71508903402487	3.04545235026703	2.4016391465237
32.9362034429429	2.72467617637371	3.06083561872223	2.40558735509979
32.9707096801802	2.73433287335261	3.07776573663366	2.40982710233492
33.0052159174174	2.74406947769382	3.09594517810926	2.41434596367848
33.0397221546547	2.75388598939733	3.11086534399336	2.41893229927907
33.0742283918919	2.76378240846318	3.12556436783505	2.42358610913459
33.1087346291291	2.7737587348913	3.14103576116608	2.42830739324706
33.1432408663664	2.78381496868186	3.15643235333387	2.43260598653923
33.1777471036036	2.79392155181595	3.17178394900405	2.43657762361527
33.2122533408408	2.8040627703708	3.18565877179979	2.44136145191063
33.2467595780781	2.81427568965792	3.20201059156475	2.44555773321157
33.2812658153153	2.82456615626235	3.21867315840924	2.44977441856038
33.3157720525526	2.83490658531809	3.23391230144673	2.45395546323245
33.3502782897898	2.84529431919772	3.25207214901065	2.45810086722863
33.384784527027	2.85577350389265	3.26981197019674	2.46428171183868
33.4192907642643	2.86651004511933	3.28599542923555	2.4707127968337
33.4537970015015	2.87734064252771	3.30073618782917	2.47743252890232
33.4883032387387	2.88813811783334	3.31782502023567	2.48123037261473
33.522809475976	2.8989009988155	3.33548376650695	2.48508764365147
33.5573157132132	2.90962928547427	3.35309362574726	2.48901881267712
33.5918219504505	2.9203229778097	3.37066465167126	2.49303086367725
33.6263281876877	2.93098207582164	3.38773763996045	2.49710323623854
33.6608344249249	2.94181987044004	3.40506710846766	2.50238716305121
33.6953406621622	2.95378207601293	3.42260271781627	2.51079506056262
33.7298468993994	2.96572285117737	3.43753776091132	2.52025629516166
33.7643531366366	2.9771080433702	3.45087106458131	2.52615488834563
33.7988593738739	2.98896695752666	3.46739404870066	2.53267306407469
33.8333656111111	3.00058342857602	3.48593559951354	2.53985844176775
33.8678718483484	3.01194794963922	3.50417100708007	2.54500041422455
33.9023780855856	3.02367553092998	3.52287899641169	2.55319981486446
33.9368843228228	3.0346674555837	3.54116866398797	2.5607568258372
33.9713905600601	3.04544926720197	3.55883107037547	2.56648874409834
34.0058967972973	3.0556205529342	3.57465914729738	2.57050359489507
34.0404030345345	3.06594505687677	3.5922283204167	2.57498120976484
34.0749092717718	3.07600796303831	3.60949517482435	2.57929021971613
34.109415509009	3.08994606485358	3.62610655450204	2.59056373313211
34.1439217462462	3.09962225135249	3.64236761090235	2.59428912772221
34.1784279834835	3.10904208804449	3.65842507039773	2.59763541007307
34.2129342207207	3.12609865239814	3.67088204620554	2.61309874239285
34.247440457958	3.13520580885166	3.68583497308288	2.61688150766484
34.2819466951952	3.14405522521769	3.70315559161068	2.61966618368016
34.3164529324324	3.12618344884851	3.68623010463059	2.61375740441587
34.3509591696697	3.13468725227752	3.7028886185357	2.61700387857257
34.3854654069069	3.14296724648199	3.71731246486956	2.62009980698237
34.4199716441441	3.15102343146147	3.73049122237115	2.62288967044635
34.4544778813814	3.15885580721628	3.74335216275085	2.62544113986695
