phys	rec.rate	upper	lower
0.0910779054054054	NA	NA	NA
0.273233716216216	NA	NA	NA
0.455389527027027	NA	NA	NA
0.637545337837838	NA	NA	NA
0.819701148648649	NA	NA	NA
1.00185695945946	4.55905639155918	5.07053096105586	4.08093319516755
1.18401277027027	4.50226444845429	4.9930516370864	4.03885999805949
1.36616858108108	4.4598621867537	4.92476446455597	3.98897936319072
1.54832439189189	4.4013537379982	4.83778195061123	3.94783892305917
1.7304802027027	4.34053830186594	4.74872340129575	3.90687160569688
1.91263601351351	4.2788369266898	4.66833856422901	3.86260229002109
2.09479182432432	4.2160093318902	4.59192642458145	3.82184838158209
2.27694763513514	4.15318983883229	4.51060331516687	3.77968226470755
2.45910344594595	4.09170207356035	4.42920271543407	3.73792212749807
2.64125925675676	4.03062265754612	4.34668656700983	3.69395605146159
2.82341506756757	3.97037746864231	4.2663095436356	3.6500993418204
3.00557087837838	3.91103053495865	4.18996578385692	3.60687212398781
3.18772668918919	3.85219466971256	4.1104672225089	3.56492028549185
3.3698825	3.79426556938822	4.03833735004785	3.51940091914162
3.55203831081081	3.73707507972471	3.96552397572563	3.47540801366732
3.73419412162162	3.68046713009491	3.89055942777269	3.42998425773871
3.91634993243243	3.6243302410283	3.82379271985183	3.38317114134041
4.09850574324324	3.56869856022966	3.75131578495968	3.34219683395279
4.28066155405405	3.51354391902957	3.6841307621644	3.29835676961441
4.46281736486486	3.4585543083292	3.61824442847908	3.25521922322399
4.64497317567568	3.40399353066337	3.55092292639177	3.21142151796219
4.82712898648649	3.35028539609724	3.48708904266821	3.17113949798409
5.0092847972973	3.29644031715323	3.42391410407383	3.12810598582473
5.19144060810811	3.24216204951219	3.36156572585846	3.0847694518187
5.37359641891892	3.18745997136501	3.30207403834174	3.04523061988719
5.55575222972973	3.12746999759916	3.23745335587346	2.99802117748997
5.73790804054054	3.06812266128366	3.174437269922	2.93915414604657
5.92006385135135	3.00899006047355	3.10970689593936	2.88412200637639
6.10221966216216	2.9506627302368	3.04772525076063	2.81583275066927
6.28437547297297	2.89517781731628	2.99379133474818	2.75054880801559
6.46653128378378	2.84083218456553	2.94173854448841	2.68699287437532
6.64868709459459	2.78640748033837	2.88818329345165	2.62008400673432
6.83084290540541	2.73049122487745	2.83781465213444	2.53465265067676
7.01299871621622	2.67137909737736	2.7872994199723	2.44985204256988
7.19515452702703	2.60606096806042	2.72979071047194	2.34988151571562
7.37731033783784	2.54310933097054	2.67854975041983	2.28174164600322
7.55946614864865	2.48475839431381	2.63681802326034	2.21947588309751
7.74162195945946	2.42324699599354	2.58954891614247	2.14699340370932
7.92377777027027	2.35670625920784	2.53793829680043	2.08371412718507
8.10593358108108	2.28901728811149	2.48588608572508	2.02263188370257
8.28808939189189	2.2285687561734	2.44152051930224	1.96880242716434
8.4702452027027	2.1712767894268	2.39932887682444	1.91062853438254
8.65240101351351	2.11013550640101	2.34898386719752	1.84222341424933
8.83455682432432	2.04639124944319	2.29775314117304	1.78736228684447
9.01671263513514	1.98710275222407	2.25167113511039	1.73919462567727
9.19886844594595	1.93310586829551	2.20922685249789	1.69604331201928
9.38102425675676	1.88364649876097	2.16777058929566	1.64967511167799
9.56318006756757	1.84155017216381	2.13215356732218	1.6066254411756
9.74533587837838	1.80682396152426	2.09622631720623	1.56605220793212
9.92749168918919	1.77933006500591	2.06200597094473	1.53681149191728
10.1096475	1.75250279639236	2.02458911304788	1.51476901155909
10.2918033108108	1.72607587729926	1.97330239609415	1.50232219139035
10.4739591216216	1.70309608554994	1.92847057527251	1.48976498469929
10.6561149324324	1.6822894423931	1.88746302615939	1.48247148724682
10.8382707432432	1.66568428172209	1.85492581186142	1.46955111044019
11.0204265540541	1.65125270867271	1.82284870036524	1.45415174522781
11.2025823648649	1.63590853863699	1.79487643267766	1.43112025128358
11.3847381756757	1.61907902737106	1.76891686836168	1.41244551925977
11.5668939864865	1.59827586820188	1.74761884192185	1.39452226015597
11.7490497972973	1.57547248425496	1.72320167447114	1.37473380133426
11.9312056081081	1.5506507448352	1.70028781302576	1.35329226279429
12.1133614189189	1.52465185589126	1.67524951256287	1.33645582180933
12.2955172297297	1.50037477122028	1.65074744921997	1.32285284523494
12.4776730405405	1.47786597536831	1.62693469076691	1.30841598537628
12.6598288513514	1.45676033889935	1.59981804605817	1.29464459377346
12.8419846621622	1.43501460992106	1.57289518809381	1.26927109241692
13.024140472973	1.41224925911537	1.54227623490825	1.25067056602399
13.2062962837838	1.38791284995305	1.51268007515985	1.21985316453342
13.3884520945946	1.36254266728031	1.47846418293163	1.19517966282059
13.5706079054054	1.33727443732801	1.44745564930858	1.17066478584343
13.7527637162162	1.30861605493424	1.41224577127557	1.14931636590375
13.934919527027	1.27848245030247	1.38074923548172	1.11947531250392
14.1170753378378	1.24800460985956	1.3501179239468	1.10130361542858
14.2992311486486	1.21876175789771	1.31508554669599	1.07710992814366
14.4813869594595	1.18991539132952	1.28104481940364	1.05435527822538
14.6635427702703	1.16069648853462	1.24814586508375	1.03160315396987
14.8456985810811	1.13262911914461	1.21935690427877	1.00987536960255
15.0278543918919	1.10515472820295	1.19579383364309	0.98931281875532
15.2100102027027	1.07895529033476	1.16918734443618	0.970770923381809
15.3921660135135	1.05435000578343	1.14591779396961	0.953153685776413
15.5743218243243	1.03109143346525	1.12739260266586	0.929389169116377
15.7564776351351	1.00818481065602	1.10302718866871	0.905283441387108
15.9386334459459	0.986775662350659	1.08074901904192	0.886100128134998
16.1207892567568	0.967027113770445	1.06707732173366	0.862565828792551
16.3029450675676	0.94792958489165	1.05492482073198	0.845250077302919
16.4851008783784	0.928682286082741	1.03082983253833	0.818813986888571
16.6672566891892	0.910206784334388	1.00722325877287	0.79961333218041
16.8494125	0.893590194950596	0.991617250281831	0.781995360039818
17.0315683108108	0.878832517931367	0.98130025792708	0.764684590025267
17.2137241216216	0.865580641804539	0.971129327053684	0.746045206920112
17.3958799324324	0.851977810284738	0.954315786128652	0.730132287660119
17.5780357432432	0.83994375987612	0.940431169170156	0.716365624480246
17.7601915540541	0.829611003442874	0.938100961242331	0.703814099963917
17.9423473648649	0.819353262484675	0.922730915819312	0.689146319338515
18.1245031756757	0.808115575267796	0.912509207686234	0.679671361141864
18.3066589864865	0.794033905636532	0.886668999158149	0.673173131564205
18.4888147972973	0.781450318370671	0.865319909622987	0.668779079646719
18.6709706081081	0.771262027044558	0.851223358486429	0.665044334780345
18.8531264189189	0.762503083990312	0.84150632502543	0.660046716163082
19.0352822297297	0.754453233267768	0.827259391886632	0.655493229303737
19.2174380405405	0.748272901098801	0.822441911423574	0.653666167709048
19.3995938513514	0.741347783752378	0.81338868768432	0.653877141768152
19.5817496621622	0.733134447435435	0.801783764515185	0.647619839220506
19.763905472973	0.72278019580123	0.78566870736204	0.63544534346053
19.9460612837838	0.7116746742155	0.774773907091796	0.623510580517853
20.1282170945946	0.699438199737495	0.761208469791444	0.610072082280578
20.3103729054054	0.683922904341082	0.743659753670788	0.597005047482297
20.4925287162162	0.668212025550663	0.72704350877571	0.587339081465826
20.674684527027	0.653779808215345	0.710829311479032	0.580810146022369
20.8568403378378	0.64073919392941	0.702436703231788	0.570205691121514
21.0389961486486	0.627384648835023	0.6868503102318	0.561960939938173
21.2211519594595	0.615264475029803	0.67190317327144	0.552430044450613
21.4033077702703	0.604658527300552	0.659885237083088	0.542663016525205
21.5854635810811	0.595566805647252	0.649927665504857	0.534121926423282
21.7676193918919	0.587989310069923	0.645945279114818	0.523770405034256
21.9497752027027	0.581574808037252	0.645735272628549	0.51443177422846
22.1319310135135	0.574444507420753	0.64098916684673	0.502180958549032
22.3140868243243	0.564508598073939	0.629579010240877	0.491780142542856
22.4962426351351	0.552660730667488	0.61722217658903	0.480050654764551
22.6783984459459	0.540681145701873	0.607346685945409	0.471180269562656
22.8605542567568	0.52859358559422	0.591733876130831	0.462783808739882
23.0427100675676	0.517263434022579	0.576717752177319	0.452626412180027
23.2248658783784	0.506701451708156	0.562468908640655	0.44411212488534
23.4070216891892	0.496907638650953	0.550437219463624	0.433721858146017
23.5891775	0.487881994850972	0.539843865897501	0.42553844171899
23.7713333108108	0.479624520308214	0.534022374609037	0.415310288982053
23.9534891216216	0.472135215022669	0.535408072462484	0.406362725510745
24.1356449324324	0.465193389238527	0.53550361957416	0.39744144987035
24.3178007432432	0.457148861586826	0.522550717101692	0.387973044599038
24.4999565540541	0.449040221082395	0.511899837401724	0.38031272172154
24.6821123648649	0.441586312945324	0.507968060207251	0.369819077527356
24.8642681756757	0.433702179972583	0.499614344831442	0.362447985330811
25.0464239864865	0.424946783853215	0.487349245947599	0.354899706597094
25.2285797972973	0.416714267031289	0.480794631088174	0.346926347856522
25.4107356081081	0.408255324593443	0.475052676119816	0.340067748943584
25.5928914189189	0.399153955790274	0.465821970540301	0.332854788170422
25.7750472297297	0.389919781660984	0.454648253084548	0.32620304464186
25.9572030405405	0.381129872648212	0.443299534326735	0.318207528266062
26.1393588513513	0.372784228751964	0.431872432092738	0.310538620597676
26.3215146621622	0.36488284997224	0.42359567113683	0.302322192877456
26.503670472973	0.357425736309032	0.414335305448161	0.295312300866452
26.6858262837838	0.350412887762355	0.405841804533314	0.286995957299319
26.8679820945946	0.343844304332197	0.403658341809924	0.281752081721267
27.0501379054054	0.337719986018557	0.400444605327067	0.274028061740199
27.2322937162162	0.331910748724782	0.398238755395198	0.267112525829754
27.414449527027	0.325569981624101	0.393103160557822	0.258754052946401
27.5966053378378	0.319175091868743	0.388782437203305	0.252637150402736
27.7787611486486	0.312289207193688	0.378783692806104	0.244556434897141
27.9609169594595	0.305714783547747	0.369589515874838	0.23667745352805
28.1430727702703	0.299521138892015	0.362642840788269	0.229568678292634
28.3252285810811	0.293708273226488	0.358837485788572	0.222300088310859
28.5073843918919	0.288271894525403	0.359588806316503	0.216089097384208
28.6895402027027	0.282733896351144	0.360645106511835	0.210972600894654
28.8716960135135	0.276251935814261	0.355522176779677	0.203652367855096
29.0538518243243	0.269356137688577	0.345829953284852	0.197919594067795
29.2360076351351	0.262763650153303	0.338223223152974	0.19395745250213
29.4181634459459	0.256375781265696	0.33279337784059	0.189518723013636
29.6003192567568	0.24979392410808	0.325106610075649	0.184127166545864
29.7824750675676	0.243425029454299	0.316740418946664	0.178269913688817
29.9646308783784	0.237333962263693	0.309577539096765	0.173615134209026
30.1467866891892	0.231520722536266	0.302677871651482	0.168347845809511
30.3289425	0.225985310272001	0.295831982141392	0.163997303966518
30.5110983108108	0.220727725470922	0.289077864804526	0.159723133654947
30.6932541216216	0.215747968133012	0.281978669310103	0.155776941230554
30.8754099324324	0.211046038258275	0.27499029981316	0.151577881426914
31.0575657432432	0.206621935846714	0.26865216989101	0.148417057693601
31.2397215540541	0.202475660898327	0.262725178824279	0.144348028541533
31.4218773648649	0.198607213413112	0.257137720327962	0.141402889135925
31.6040331756757	0.195016593391074	0.251486604605882	0.139198023262856
31.7861889864865	0.191703800832207	0.245978508417683	0.137143420352657
31.9683447972973	0.188668835736517	0.240859790638448	0.135013349741683
32.1505006081081	0.185911698104	0.237622887599383	0.131609893658063
32.3326564189189	0.18343238793466	0.238345601317433	0.130252343675014
32.5148122297297	0.181230905228484	0.240767437445819	0.128355036213209
32.6969680405405	0.179307249985491	0.244107673625053	0.126928826583795
32.8791238513514	0.177661422205669	0.248107068711749	0.126379644632241
33.0612796621622	0.176042540093703	0.249831627510063	0.125540473758425
33.243435472973	0.17421828788449	0.246925099500723	0.124647954912298
33.4255912837838	0.172329074635759	0.242277801118011	0.123765121158396
33.6077470945946	0.170456082291438	0.237913901900421	0.123051282012724
33.7899029054054	0.16883270920514	0.233964302935716	0.121078091511748
33.9720587162162	0.167397533458892	0.231654184426059	0.120383271058798
34.154214527027	0.165753226001866	0.227602359637297	0.119064583661226
34.3363703378378	0.164252385356151	0.221973219858728	0.117875579724224
34.5185261486486	0.162985990069047	0.216728758834571	0.115756658057915
34.7006819594595	0.161954040140552	0.211595404983584	0.114150893120152
34.8828377702703	0.161156535570665	0.207900762749486	0.112196243744729
35.0649935810811	0.160593476359382	0.205967696634117	0.110175173949857
35.2471493918919	0.160264862506709	0.205605744040889	0.108580103877879
35.4293052027027	0.160106947382997	0.208254673180794	0.106299634346315
35.6114610135135	0.159607023925501	0.208286441821548	0.1044121467611
35.7936168243243	0.158885601355215	0.206781239520072	0.102933241921666
35.9757726351351	0.157858790542797	0.203563301490999	0.101250248021066
36.1579284459459	0.15695892667832	0.202750833985198	0.0997626787007728
36.3400842567568	0.155123750945861	0.201956627156194	0.0971243416811623
36.5222400675676	0.152032327308526	0.197905478245837	0.0951135930601959
36.7043958783784	0.148858281159864	0.192896438591563	0.0923722112408105
36.8865516891892	0.145815928979607	0.18776763333673	0.090152602064415
37.0687075	0.142905270767765	0.183182740644572	0.0885378239431625
37.2508633108108	0.14012630652433	0.178696549563667	0.0870551185187615
37.4330191216216	0.137479036249302	0.174297855863831	0.0849560697444835
37.6151749324324	0.134963459942691	0.170688946654139	0.0823404054714314
37.7973307432432	0.132579577604478	0.167893659940059	0.080822651173632
37.9794865540541	0.130327389234678	0.164809911129411	0.0793090790992681
38.1616423648649	0.128206894833293	0.163992666396543	0.0774363073616565
38.3437981756757	0.126058750918726	0.164572915104708	0.0753229562592331
38.5259539864865	0.12361950024473	0.160370467299715	0.0740377016845967
38.7081097972973	0.121279155470291	0.157280610441122	0.0722895531929808
38.8902656081081	0.119059442682721	0.15595643678132	0.0701998888765868
39.0724214189189	0.116740661717421	0.153255100363399	0.0686680259018861
39.2545772297297	0.114260123344471	0.150005482529753	0.0678043059097679
39.4367330405405	0.111890766243027	0.145556478883832	0.0658689680412491
39.6188888513514	0.109633490851581	0.141572365505485	0.0650186792373595
39.8010446621622	0.107488297170118	0.138787642138354	0.0636335416246765
39.983200472973	0.105455185198656	0.136571007503659	0.0612595328677437
40.1653562837838	0.103534154937177	0.135050200771936	0.0606642740590834
40.3475120945946	0.101604988873104	0.132481260556793	0.0586060679480959
40.5296679054054	0.09964044792334	0.129432133265634	0.0562435961645423
40.7118237162162	0.0977840761259365	0.126420063880157	0.0552817670394664
40.893979527027	0.0960361876985315	0.12444596694923	0.0543252509196206
41.0761353378378	0.0943967826411363	0.123754379416556	0.0533025958175512
41.2582911486487	0.0927508851046119	0.123420893541953	0.0516225412962618
41.4404469594595	0.0909667915281196	0.120916684579663	0.0495617089538981
41.6226027702703	0.0892792325488945	0.118316561636409	0.0482081769250711
41.8047585810811	0.0876899903939091	0.116510314371857	0.0468657671596334
41.9869143918919	0.0859717993018437	0.114631749679851	0.0452301673504227
42.1690702027027	0.0842366867456737	0.113066922039038	0.0449017199505317
42.3512260135135	0.0826021956801207	0.111083738022614	0.0429873807614573
42.5333818243243	0.0810570122317414	0.110114643588337	0.0414273335164165
42.7155376351351	0.0794179244184738	0.108405350563586	0.0393815609054742
42.8976934459459	0.0778017634926019	0.107761729655367	0.0380289391446532
43.0798492567568	0.0761047666930391	0.105589512554988	0.0366887812989402
43.2620050675676	0.0742658595006208	0.103112645693057	0.0350844893162879
43.4441608783784	0.0724944014901795	0.0998130858721296	0.0342577100868741
43.6263166891892	0.0708133126915977	0.0983471532894837	0.0318638645425432
43.8084725	0.0691675243384683	0.0964977873113174	0.0306145820093145
43.9906283108108	0.0674208872119361	0.0947198741955644	0.0294332952952829
44.1727841216216	0.065744474784089	0.0927147088580735	0.0267263240789705
44.3549399324324	0.0641540797598287	0.0909109664168937	0.0265111354508791
44.5370957432432	0.0626497021391499	0.0890874899645335	0.0242183049614158
44.7192515540541	0.0612313419220552	0.088221737462493	0.0238328267814382
44.9014073648649	0.0598989991085385	0.0868563519139046	0.0213792111661303
45.0835631756757	0.0586526736986152	0.0855769682794283	0.017976143967607
45.2657189864865	0.0574923656922659	0.0857648891981587	0.0147192813731899
45.4478747972973	0.0564180750894994	0.0858561503120467	0.011402599223084
45.6300306081081	0.0553324431587094	0.0846311173819889	0.00829015246114729
45.8121864189189	0.0542176095034215	0.0822159281209488	0.00513061775890942
45.9943422297297	0.0531857708205742	0.0808524185174353	0.00278281895846789
46.1764980405405	0.0522370879593385	0.0804494642262494	0
46.3586538513513	0.0513715609197151	0.0799159852542113	0
46.5408096621622	0.0505891897017017	0.0796721580993106	0
46.722965472973	0.0498899743053093	0.079570203474568	0
46.9051212837838	0.0492739147305198	0.0805890259359989	0
47.0872770945946	0.0487410109773452	0.0824297019213446	0
47.2694329054054	0.0482912630457868	0.083571806974519	0
47.4515887162162	0.0479246709358358	0.0856263813954242	0
47.633744527027	0.0476412346474981	0.0878271141084902	0
47.8159003378378	0.0474353166698482	0.0896146991070883	0
47.9980561486487	0.0469967296727359	0.0885476681279572	0
48.1802119594595	0.0462292235022352	0.0858925246040298	0
48.3623677702703	0.0455028308472375	0.0842720294638912	0
48.5445235810811	0.0448543342936254	0.0838464992118311	0
48.7266793918919	0.0442837338414069	0.0847290241829163	0
48.9088352027027	0.0437819585061097	0.0867170677783925	0
49.0909910135135	0.0430248654100212	0.0873384263524766	0
49.2731468243243	0.0421604256439377	0.0884438149575593	0
49.4553026351351	0.0410034849856799	0.0871967615628057	0
49.6374584459459	0.0395139406126579	0.0831091281934929	0
49.8196142567568	0.037911773409304	0.079861433504906	0
50.0017700675676	0.0363767655040442	0.0771003813198514	0
50.1839258783784	0.0349089168968681	0.0755170824127755	0
50.3660816891892	0.0335082275877792	0.0746845832881873	0
50.5482375	0.0321746975767788	0.0749289602743364	0
50.7303933108108	0.0309083268638675	0.0757124325963498	0
50.9125491216216	0.029709115449043	0.0774719070526091	0
51.0947049324324	0.0285770633323044	0.079270821019335	0
51.2768607432432	0.0275056243711603	0.0806983754091904	0
51.4590165540541	0.0262372266302662	0.0810573203761492	0
51.6411723648649	0.0248966529337402	0.0814872585717035	0
51.8233281756757	0.023507486310529	0.0807484837739563	0
52.0054839864865	0.0219396929468537	0.0798492295585501	0
52.1876397972973	0.0202944389836338	0.0797346496785174	0
52.3697956081081	0.0183971284026677	0.0780448131278142	0
52.5519514189189	0.0165460215552431	0.0773545353900552	0
52.7341072297297	0.0147544415350505	0.0774826098873047	0
52.9162630405405	0.0130223883421012	0.0792336447407423	0
53.0984188513514	0.0113491678971012	0.0816527634263513	0
53.2805746621622	0.00952290333695456	0.0813537535350926	0
53.462730472973	0.00750415300174704	0.0801208213018347	0
53.6448862837838	0.0053234330867033	0.0774526026764908	0
53.8270420945946	0.00318689312556627	0.0748276118097567	0
54.0091979054054	0.00110638973537852	0.0736993646665264	0
54.1913537162162	0	0.0741330708278962	0
54.373509527027	0	0.0745371453810781	0
54.5556653378378	0	0.0753709208334792	0
54.7378211486486	0	0.0728681635186171	0
54.9199769594595	0	0.0703986477749129	0
55.1021327702703	0	0.0709575906096817	0
55.2842885810811	0	0.0715014749625753	0
55.4664443918919	0	0.0694457070438898	0
55.6486002027027	0	0.0676864511572876	0
55.8307560135135	0	0.06499038321571	0
56.0129118243243	0	0.064048306822784	0
56.1950676351351	0	0.0631713530651973	0
56.3772234459459	0	0.0640735147466091	0
56.5593792567568	0	0.064581725816459	0
56.7415350675676	0	0.0662948476767958	0
56.9236908783784	0	0.0653489386601365	0
57.1058466891892	0	0.0626434704271495	0
57.2880025	0	0.0599182193339767	0
57.4701583108108	0	0.05663070501236	0
57.6523141216216	0	0.0545280427327817	0
57.8344699324324	0	0.0520577796783805	0
58.0166257432432	0	0.0495306381842429	0
58.1987815540541	0	0.0470112047604634	0
58.3809373648649	0	0.0441554395595054	0
58.5630931756757	0	0.0413484201194394	0
58.7452489864865	0	0.0390424787362306	0
58.9274047972973	0	0.037273967757578	0
59.1095606081081	0	0.0350317611052726	0
59.2917164189189	0	0.0326318013292399	0
59.4738722297297	0	0.0302808338150691	0
59.6560280405405	0	0.0279710086983623	0
59.8381838513514	0	0.0257061235007287	0
60.0203396621622	0	0.0237380287007428	0
60.202495472973	0	0.0223928091788044	0
60.3846512837838	0	0.0209820781010006	0
60.5668070945946	0	0.0188231279981067	0
60.7489629054054	0	0.016984093072638	0
60.9311187162162	0	0.0153825280008732	0
61.113274527027	0	0.0139241997590401	0
61.2954303378378	0	0.0125039753204555	0
61.4775861486486	0	0.0111666429592052	0
61.6597419594595	0	0.00959074822201638	0
61.8418977702703	0	0.00777468908229231	0
62.0240535810811	0	0.00616782853396374	0
62.2062093918919	0	0.00483343072666637	0
62.3883652027027	0	0.0035399338424549	0
62.5705210135135	0	0.00228733788109798	0
62.7526768243243	0	0.00107835776953229	0
62.9348326351351	0	0	0
63.1169884459459	0	0	0
63.2991442567568	0	0	0
63.4813000675676	0	0	0
63.6634558783784	0	0	0
63.8456116891892	0	0	0
64.0277675	0	0	0
64.2099233108108	0	0	0
64.3920791216216	0	0	0
64.5742349324324	0	0	0
64.7563907432432	0	0	0
64.9385465540541	0	0	0
65.1207023648649	0	0	0
65.3028581756757	0	0	0
65.4850139864865	0	0	0
65.6671697972973	0	0	0
65.8493256081081	0	0	0
66.0314814189189	0	0	0
66.2136372297297	0	0	0
66.3957930405405	0	0	0
66.5779488513514	0	0	0
66.7601046621621	0	0	0
66.942260472973	0	0	0
67.1244162837838	0	0	0
67.3065720945946	0	0	0
67.4887279054054	0	0	0
67.6708837162162	0	0	0
67.853039527027	0	0	0
68.0351953378378	0	0	0
68.2173511486486	0	0	0
68.3995069594595	0	0	0
68.5816627702703	0	0.00241703243035864	0
68.7638185810811	0	0.00527301009573886	0
68.9459743918919	0	0.00816022589622525	0
69.1281302027027	0	0.0111686956157215	0
69.3102860135135	0	0.0142009018190804	0
69.4924418243243	0	0.017797292688815	0
69.6745976351351	0	0.0210456289348945	0
69.8567534459459	0	0.0245483651540435	0
70.0389092567568	0	0.028104084979672	0
70.2210650675676	0	0.0316902356429185	0
70.4032208783784	0	0.0353515851496662	0
70.5853766891892	0	0.0390734356975818	0
70.7675325	0	0.0428446350392691	0
70.9496883108108	0	0.0466582462578956	0
71.1318441216216	0	0.0505095927062705	0
71.3139999324324	0	0.0543217665412375	0
71.4961557432432	0	0.0584832483044048	0
71.6783115540541	0	0.06269828860365	0
71.8604673648649	0	0.066870459931354	0
72.0426231756757	0	0.0706723174741102	0
72.2247789864865	0	0.0750926066495056	0
72.4069347972973	0	0.0803928004092568	0
72.5890906081081	0	0.0854694053032054	0
72.7712464189189	0	0.0897889701559764	0
72.9534022297297	0	0.0943277138090272	0
73.1355580405405	0	0.0990453706600057	0
73.3177138513514	0	0.10380295016649	0
73.4998696621622	0	0.108734082837702	0
73.682025472973	0.002498508076043	0.113946842679196	0
73.8641812837838	0.0053374418108953	0.119082789504301	0
74.0463370945946	0.0082294296541759	0.123956304285111	0
74.2284929054054	0.0111744716058945	0.129013119877577	0
74.4106487162162	0.0140979226988564	0.133611924439165	0
74.592804527027	0.0168530023966368	0.135431668618276	0
74.7749603378378	0.0196450289844129	0.135931077692109	0
74.9571161486487	0.0224884575205798	0.137103120819737	0
75.1392719594594	0.0253832880051392	0.139411177225947	0
75.3214277702703	0.0283295204380948	0.142204225511492	0
75.5035835810811	0.0313271548194432	0.143763088340262	0
75.6857393918919	0.0343761911491808	0.147667858604671	0
75.8678952027027	0.0374766294273164	0.152861747871567	0
76.0500510135135	0.0406284696538419	0.156859604380994	0
76.2322068243243	0.0438317118287598	0.162483361913771	0
76.4143626351351	0.0470863559520779	0.166067603951745	0
76.5965184459459	0.0503347631688979	0.170318457123505	0
76.7786742567567	0.0534506870542871	0.172545442213539	0
76.9608300675676	0.0566014559203201	0.174624029236643	0
77.1429858783784	0.0598004520570007	0.176490940551443	0
77.3251416891892	0.0630476754643318	0.17806454219237	0.00058785833568178
77.5072975	0.0663431261423106	0.179712251610492	0.003568332363832
77.6894533108108	0.0696868040909374	0.183078893793407	0.00642510760852839
77.8716091216216	0.0730787093102147	0.185363993421358	0.00946715054106013
78.0537649324324	0.0765188418001434	0.187689606750066	0.0125862521347892
78.2359207432432	0.080007201560718	0.19051035211924	0.0157592148416273
78.4180765540541	0.0835437885919485	0.193329075004743	0.0189784231574028
78.6002323648649	0.0871286028938184	0.19614577540676	0.0219103063774926
78.7823881756757	0.0907616444663429	0.198960453325145	0.0252849077706241
78.9645439864865	0.094442913309518	0.201773108759919	0.0281967699754854
79.1466997972973	0.0981724094233382	0.204583741711162	0.0318224312157686
79.3288556081081	0.10195013280781	0.207392352178755	0.0348181990237199
79.5110114189189	0.105776083462937	0.210198940162854	0.0380446363592856
79.6931672297297	0.109650261388703	0.213000389773031	0.0413349094186595
79.8753230405405	0.113572666585124	0.215503012437839	0.0444499515059696
80.0574788513514	0.117543299052193	0.218170309133316	0.0474245067822269
80.2396346621622	0.121562158789913	0.220959944797066	0.0506447127577187
80.421790472973	0.125629245798279	0.22357745184609	0.0538218338783188
80.6039462837838	0.129744560077296	0.226622083083606	0.0570614889849771
80.7861020945946	0.133908101626963	0.229954240777114	0.0604287257293399
80.9682579054054	0.138119107417911	0.233301735979187	0.0641758565292575
81.1504137162162	0.142312227687744	0.237550549144438	0.0675803857264589
81.332569527027	0.146504832339221	0.241845043719688	0.0712064950642457
81.5147253378378	0.150721129377521	0.245476231977698	0.0745169450818734
81.6968811486487	0.154920331411971	0.249068619436392	0.0775382732987298
81.8790369594595	0.159142217946927	0.254272455996772	0.0811246347660684
82.0611927702703	0.163318605996575	0.259124758989323	0.0851230765420726
82.2433485810811	0.16749455563808	0.263947639652518	0.0885508739397902
82.4255043918919	0.171693454561239	0.268874171444926	0.0922018346462949
82.6076602027027	0.175915302766066	0.273420457324311	0.0957269606561524
82.7898160135135	0.180160100252542	0.278738058176451	0.0992714464538948
82.9719718243243	0.184427847020686	0.284338141151234	0.102702149642167
83.1541276351351	0.188718543070495	0.289038463611059	0.106184783478206
83.336283445946	0.193032188401961	0.294229246394204	0.109720016150179
83.5184392567567	0.197368783015089	0.299408151237293	0.113252155129502
83.7005950675676	0.201728326909879	0.30433976486982	0.116857568055556
83.8827508783784	0.206110820086322	0.308301027961076	0.120616032529175
84.0649066891892	0.210516262544436	0.313396174537585	0.124660093620301
84.2470625	0.214944654284206	0.318786717149402	0.12898882416013
84.4292183108108	0.219395995305636	0.322992707829923	0.132901408171011
84.6113741216216	0.223870285608726	0.328013019757319	0.136769069671726
84.7935299324324	0.228367525193485	0.33296681553101	0.141071047026257
84.9756857432432	0.232887838963365	0.337134843358073	0.145421410257995
85.157841554054	0.237433450008618	0.34141378649234	0.149334144554828
85.3399973648649	0.241997248287465	0.346321809428703	0.153471570352946
85.5221531756757	0.246569030343931	0.349933638385373	0.15766649213071
85.7043089864865	0.251146269215053	0.35476602614091	0.16164174162762
85.8864647972973	0.255728964900837	0.359528245871033	0.165663164736957
86.0686206081081	0.260320228262369	0.364208365831035	0.169783559408125
86.2507764189189	0.264948199557343	0.36837269219636	0.174002458644941
86.4329322297297	0.269579997848844	0.371652755493367	0.178214379293934
86.6150880405405	0.274204964150036	0.376141443175717	0.18215411278376
86.7972438513513	0.278823098460914	0.379559134281718	0.186235523346303
86.9793996621622	0.283434400781474	0.383792068972779	0.190262043486325
87.161555472973	0.288038871111726	0.388761479767968	0.194328720391064
87.3437112837838	0.292636509451663	0.39430913831161	0.198710990776702
87.5258670945946	0.297227315801283	0.397765561255327	0.203261661268955
87.7080229054054	0.301811314142638	0.402199325018884	0.207857071592716
87.8901787162162	0.30645324767886	0.4062845686147	0.211954260072606
88.072334527027	0.311195042328068	0.40990772556327	0.21630855203021
88.2544903378378	0.315944281067239	0.413410916910038	0.221328344732966
88.4366461486486	0.32066032776693	0.416810491574983	0.226341792740762
88.6188019594595	0.325397939982912	0.420368588985943	0.229865101172564
88.8009577702703	0.330156120527252	0.425108841056356	0.234295861141103
88.9831135810811	0.334869450064301	0.428488321957334	0.2391721801468
89.1652693918919	0.339537878199753	0.432464526337068	0.243764495163748
89.3474252027027	0.344253481207738	0.435962677552862	0.24883618329186
89.5295810135135	0.349032403809519	0.439744402795243	0.254596685346038
89.7117368243243	0.353751594005087	0.444520589781852	0.258655768805364
89.8938926351351	0.358410608481507	0.4491001039042	0.262528408435393
90.076048445946	0.363009447238774	0.451966416648852	0.267158204414269
90.2582042567568	0.367548110276904	0.454373737435761	0.271839660029902
90.4403600675676	0.372026597595883	0.458513414741891	0.276559270622309
90.6225158783784	0.37644490919572	0.463208233873821	0.281506250617005
90.8046716891892	0.380803045076411	0.466709044427243	0.286517714305104
90.9868275	0.385108037068243	0.470734106349421	0.291569272840005
91.1689833108108	0.389510631663574	0.475590274591792	0.296671006816991
91.3511391216216	0.393907321213598	0.480005901613582	0.301798322625479
91.5332949324324	0.398229316712422	0.483807950302632	0.306782590839464
91.7154507432433	0.402476618160061	0.487595223871682	0.31061645141207
91.8976065540541	0.406649225556509	0.491221089200672	0.315602660072011
92.0797623648649	0.410882593846317	0.494921542321826	0.32063241077984
92.2619181756757	0.41545378290072	0.500350903563715	0.324855915082284
92.4440739864865	0.420016665265192	0.503572454601615	0.330497340306531
92.6262297972973	0.424478160326472	0.507870888064598	0.336019793730308
92.8083856081081	0.428838268084562	0.510729913626566	0.341224675539946
92.9905414189189	0.433096988539467	0.515322343517644	0.345560076214789
93.1726972297297	0.437254321691183	0.519080120952466	0.349146993810583
93.3548530405405	0.441310267539709	0.523380355940136	0.35463863342919
93.5370088513513	0.445264826085042	0.526899666511417	0.359693802080189
93.7191646621622	0.449117997327192	0.530525847071236	0.364916352998116
93.901320472973	0.452869781266153	0.53532583167643	0.369792883703372
94.0834762837838	0.456520177901922	0.539388449474209	0.373845815570439
94.2656320945946	0.460090282069225	0.54248620889531	0.376162237247553
94.4477879054054	0.463768798004736	0.544473720094633	0.381832140327254
94.6299437162162	0.467391149353791	0.549443679323012	0.38626852890806
94.812099527027	0.47090123196429	0.553473605061759	0.389745632103771
94.9942553378378	0.474299045836213	0.557655469215597	0.393174434797496
95.1764111486486	0.47758644752463	0.560471483209074	0.395965887162343
95.3585669594595	0.48105777993415	0.562898113754679	0.399177446661317
95.5407227702703	0.484643074900167	0.569184364762369	0.40410760726698
95.7228785810811	0.488437578186835	0.571313198111311	0.409245386833777
95.9050343918919	0.492209087240494	0.575713893132667	0.414154073510842
96.0871902027027	0.4958403424271	0.579598046156933	0.417741144973041
96.2693460135135	0.499542261399617	0.584746489419332	0.421688520530122
96.4515018243243	0.503421498986308	0.589831847924348	0.429598454189991
96.6336576351351	0.507155043364048	0.594917225403025	0.433023737296428
96.8158134459459	0.510739388598922	0.596816901683318	0.435340766579319
96.9979692567568	0.514174534690934	0.602279671874919	0.436842648520974
97.1801250675676	0.517460481640085	0.606808269135631	0.439327182289569
97.3622808783784	0.520597229446373	0.606585788695097	0.441363894129471
97.5444366891892	0.523584778109798	0.611673959269787	0.443278536288343
97.7265925	0.526576221331818	0.617151170202899	0.445227310407553
97.9087483108108	0.530076025987732	0.621377184800821	0.447444769421866
98.0909041216216	0.533852556934473	0.626762099779811	0.449811521912273
98.2730599324324	0.538139504972682	0.634081956929782	0.453294166817497
98.4552157432432	0.542339991217107	0.639989563175596	0.456267036290103
98.6373715540541	0.546361832268154	0.643741771549641	0.457878057357317
98.8195273648649	0.550347053104036	0.647046597951712	0.461905611815749
99.0016831756757	0.554734575993785	0.65160698662548	0.466019850209567
99.1838389864865	0.559527332268795	0.657636937870173	0.470022516629863
99.3659947972973	0.564209745310196	0.665151270508463	0.474365649651768
99.5481506081081	0.56870199184898	0.670700672665603	0.480033365417496
99.7303064189189	0.573004071885133	0.676781865232956	0.482196368332036
99.9124622297297	0.577115985418657	0.683200631028707	0.485091015643421
100.094618040541	0.58103773244956	0.687871814208266	0.486558117991671
100.276773851351	0.584769312977837	0.695876991396926	0.48821189986482
100.458929662162	0.588310727003488	0.699908266535197	0.489013937914466
100.641085472973	0.591781108407669	0.708456415541165	0.489659548737943
100.823241283784	0.59617598660435	0.714305361533129	0.49395638227052
101.005397094595	0.600642498183302	0.722924270568552	0.495808121506996
101.187552905405	0.604902804604576	0.731992244804431	0.498513799868762
101.369708716216	0.609183450959134	0.736899659292739	0.499994897047553
101.551864527027	0.613577239875391	0.742313984212793	0.501918706579351
101.734020337838	0.617765140154032	0.747318225058128	0.503683589423845
101.916176148649	0.621792360122181	0.751575007449154	0.506174078963072
102.098331959459	0.625964887050549	0.755913852757885	0.50878553672001
102.28048777027	0.630003164846401	0.760104631173267	0.510903184190006
102.462643581081	0.633835641106257	0.765437473876763	0.51226291779745
102.644799391892	0.637462315830114	0.771622759066118	0.514039249782685
102.826955202703	0.640883189017978	0.776734747232284	0.514829131183951
103.009111013514	0.644098260669848	0.780546478651834	0.516284889353609
103.191266824324	0.647107530785712	0.783954628004414	0.518383011886053
103.373422635135	0.649910999365593	0.786956648172172	0.51947513793224
103.555578445946	0.652748889729516	0.791402321460313	0.520607165499165
103.737734256757	0.655833269616613	0.793813249672079	0.522499993660168
103.919890067568	0.658722825010021	0.796854765797592	0.523770785090563
104.102045878378	0.661407017165941	0.800909830005071	0.52485735483446
104.284201689189	0.663885846084355	0.802632103239267	0.526533926678118
104.4663575	0.666159311765279	0.804677410189665	0.526908943891701
104.648513310811	0.668227414208709	0.808141696506711	0.527844204436299
104.830669121622	0.670090153414634	0.812010154638409	0.528745478993822
105.012824932432	0.671747529383065	0.815514039187251	0.52999613729687
105.194980743243	0.673199542114009	0.814631780965913	0.530894693293283
105.377136554054	0.674446191607452	0.811900655197746	0.531776513566632
105.559292364865	0.675487477863394	0.811780448550109	0.532909859634744
105.741448175676	0.676323400881848	0.810491327861641	0.534326953067438
105.923603986486	0.676953960662801	0.813383319263133	0.535692633487984
106.105759797297	0.677379157206255	0.814056478914234	0.537016002618681
106.287915608108	0.677598990512217	0.817058308254528	0.537761007175831
106.470071418919	0.677613460580681	0.817837708507225	0.538543270504875
106.65222722973	0.677422567411653	0.81508997656118	0.538820956544245
106.834383040541	0.677026311005123	0.81259984436562	0.539938819559367
107.016538851351	0.676424691361105	0.808977906900267	0.541134215329888
107.198694662162	0.675617708479578	0.807725137209774	0.542299224341513
107.380850472973	0.674605362360568	0.80609730424263	0.543440689783503
107.563006283784	0.673387653004058	0.80489133961725	0.544554240054844
107.745162094595	0.671964580410044	0.80324416589272	0.5456420853353
107.927317905405	0.670336144578542	0.800825095158911	0.546572880011992
108.109473716216	0.668500655833886	0.797511374483157	0.547350777606683
108.291629527027	0.666445294729596	0.792458354893939	0.548199150327324
108.473785337838	0.664190394323262	0.788768366318663	0.548485829238411
108.655941148649	0.661741615483786	0.785242899184947	0.545397504338535
108.838096959459	0.659098958211178	0.779946255030192	0.545973515129212
109.02025277027	0.656262422505438	0.774798295325209	0.541176995116344
109.202408581081	0.653151245215646	0.768683361304637	0.537685921124678
109.384564391892	0.649674253128877	0.762445572160373	0.533573115540284
109.566720202703	0.64602448509849	0.754994079453239	0.531376585913484
109.748876013514	0.642165109370681	0.749452804895305	0.521748868561311
109.931031824324	0.637788397767018	0.744078060744793	0.516225833894716
110.113187635135	0.632821390577397	0.737734336712992	0.511637685784716
110.295343445946	0.627372927409095	0.731805129793679	0.504503480876337
110.477499256757	0.621825075592275	0.726778569941924	0.498693543872564
110.659655067568	0.615559489548605	0.722048680502586	0.490495626262795
110.841810878378	0.608997604489675	0.718500522010752	0.481779295830037
111.023966689189	0.602426874093362	0.712456500768498	0.47183877229713
111.2061225	0.595791514487574	0.70647282052592	0.461851848309262
111.388278310811	0.587958757790574	0.701916880512881	0.450741766509849
111.570434121622	0.579114685864343	0.695257898851101	0.437997775834983
111.752589932432	0.570374248700354	0.686220496786281	0.428925316236053
111.934745743243	0.560885991454888	0.678398386386888	0.417933163431051
112.116901554054	0.549551682080694	0.672056730842589	0.406240991957367
112.299057364865	0.537866617746124	0.667030996904214	0.39215642805421
112.481213175676	0.526581429563857	0.660583353355531	0.378852038349653
112.663368986486	0.515696117533901	0.655315805002329	0.3663482373693
112.845524797297	0.505210681656266	0.648709946752803	0.354572906137244
113.027680608108	0.49512512193094	0.641587468597237	0.341338871448526
113.209836418919	0.485160824743701	0.636021516878135	0.329412175891589
113.39199222973	0.473395449982686	0.631884691014563	0.313856325492175
113.574148040541	0.461514473650755	0.63036522818058	0.301230051934807
113.756303851351	0.449136643774204	0.627623336581075	0.286547626418095
113.938459662162	0.437256485517918	0.622164780948918	0.272536849792947
114.120615472973	0.42605763681936	0.619557993860887	0.259083252809157
114.302771283784	0.41554009767853	0.615228959633258	0.245336054071608
114.484927094595	0.405703868095446	0.612168476479411	0.231393456414221
114.667082905405	0.39654894807008	0.610463789674493	0.217245051698944
114.849238716216	0.388055178798327	0.607534105996456	0.207846612197324
115.031394527027	0.379122969883787	0.602860924670503	0.198019061820625
115.213550337838	0.37030179057084	0.599356450924893	0.189196602515161
115.395706148649	0.362264635052177	0.598007278225714	0.178758698079694
115.577861959459	0.355011503327781	0.597902081678049	0.169888059422483
115.76001777027	0.348215564725285	0.599349867672505	0.157012001087076
115.942173581081	0.340957622608497	0.595579898909771	0.147348777358524
116.124329391892	0.334361759572212	0.594647340662982	0.141118249520395
116.306485202703	0.327192382453518	0.590552859158757	0.13249953622043
116.488641013514	0.320425423656819	0.57909960333977	0.125972425455225
116.670796824324	0.314635800705855	0.569699686519471	0.116212617143102
116.852952635135	0.30982351360065	0.563623677536699	0.110625923762911
117.035108445946	0.305988562341185	0.563147531232295	0.106374670867673
117.217264256757	0.303130946927468	0.562376614951218	0.10151953819717
117.399420067568	0.301250667359502	0.562745622867981	0.101109439212041
117.581575878378	0.30034772363728	0.563371824076637	0.0995010614179045
117.763731689189	0.3004221157608	0.563921963294082	0.0981613136490958
117.9458875	0.301473843730072	0.564434560851502	0.0991610556326315
118.128043310811	0.302633867220994	0.564977722772718	0.0957417874349247
118.310199121622	0.303884183865452	0.564843172551023	0.0978927775450059
118.492354932432	0.30555543802682	0.556852955270049	0.098628601223479
118.674510743243	0.30717826582914	0.552511381322331	0.0964353147189456
118.856666554054	0.308687940701796	0.550897039361953	0.103461927408028
119.038822364865	0.310885415333856	0.543127688827351	0.108875717395057
119.220978175676	0.3142953367441	0.544970412373789	0.116837816977346
119.403133986486	0.318917704932538	0.544317433594256	0.119033869799713
119.585289797297	0.324752519899162	0.542247148033065	0.127631524269445
119.767445608108	0.331398117320993	0.545566881523819	0.139798092328749
119.949601418919	0.337929932389828	0.547033500693742	0.148544441993519
120.13175722973	0.344310819650241	0.54798883691825	0.155904054450193
120.313913040541	0.351824839242273	0.547475504288334	0.16271204263769
120.496068851351	0.36063990341841	0.54774000360259	0.173361202971766
120.678224662162	0.370756012178635	0.546216214235361	0.181256080567576
120.860380472973	0.382173165522971	0.556456940588337	0.192689545297891
121.042536283784	0.394677710044222	0.565137615149585	0.203331073294776
121.224692094595	0.406881821072358	0.572383348555524	0.215059254235147
121.406847905405	0.418716361749533	0.581792868249404	0.230717399541867
121.589003716216	0.429379064694235	0.581758505661572	0.243344208794104
121.771159527027	0.439621895080829	0.586711435197673	0.259993167109901
121.953315337838	0.44978302930845	0.592669549426417	0.279440381562632
122.135471148649	0.461164790903303	0.598619602612842	0.301501348514038
122.317626959459	0.473068087931584	0.609797927530912	0.318703621396555
122.49978277027	0.485395507263738	0.614593777605503	0.338875455237724
122.681938581081	0.498505109238939	0.62678551513173	0.358315150001109
122.864094391892	0.511980815945636	0.635376379679763	0.37646629723068
123.046250202703	0.526655187677934	0.647361807764994	0.395456347785064
123.228406013514	0.542544525516438	0.659585215079329	0.408355914889024
123.410561824324	0.559648829461126	0.671564389511405	0.427739504848599
123.592717635135	0.577961104261298	0.687635430199577	0.447475600857773
123.774873445946	0.596531317429364	0.700162144946285	0.465764357795374
123.957029256757	0.614920378423939	0.718082975482497	0.48508167406767
124.139185067568	0.631955210648612	0.731537455280825	0.504115291386956
124.321340878378	0.648227796411022	0.7476072856187	0.523366872694408
124.503496689189	0.664795006563157	0.767455747448032	0.543637192868777
124.6856525	0.68176250760702	0.784602212952245	0.563021468726372
124.867808310811	0.699130299542617	0.804334148634884	0.587088033846126
125.049964121622	0.716898382369927	0.825155956664385	0.612972153226092
125.232119932432	0.735066766938085	0.847247092172167	0.635061334057297
125.414275743243	0.753743515822155	0.86870231489402	0.653790262416903
125.596431554054	0.7728746168724	0.889752008010755	0.670042104639599
125.778587364865	0.792582213719193	0.906504267488079	0.693938500169022
125.960743175676	0.812770926442483	0.923162419236563	0.714830315047381
126.142898986486	0.833349195232033	0.942004392490359	0.732055319073478
126.325054797297	0.853550898378916	0.960649513329126	0.749687360729385
126.507210608108	0.873684454592672	0.982244533123849	0.76762513297575
126.689366418919	0.893986203609425	1.00539655864785	0.784558764907008
126.87152222973	0.913669104499249	1.02818483612645	0.804144457215455
127.053678040541	0.932711022539677	1.05220024162431	0.827179479692972
127.235833851351	0.95111477236078	1.07480378993904	0.846271733231641
127.417989662162	0.969666439717446	1.0958539465157	0.865076191674056
127.600145472973	0.9892531232084	1.11766917072457	0.883215991606913
127.782301283784	1.00826415590532	1.13937733994209	0.899952937521797
127.964457094595	1.02620742979029	1.1617381346234	0.920765688851597
128.146612905405	1.0430829448633	1.18191840463178	0.936401095638629
128.328768716216	1.05940890629214	1.20341306962526	0.953750370377885
128.510924527027	1.07892293896514	1.22289862008913	0.972192430341973
128.693080337838	1.09956947897276	1.24162889841547	0.985759223773121
128.875236148649	1.11932830746738	1.25967353873492	1.00010559584391
129.057391959459	1.13981783037768	1.27968838085648	1.01706870567331
129.23954777027	1.15980795576494	1.30455812646966	1.03053944068238
129.421703581081	1.17743701576828	1.32686971717164	1.04015781494942
129.603859391892	1.19486466174678	1.34844559783752	1.05789244667496
129.786015202703	1.21081220665327	1.3702667269882	1.06439916945835
129.968171013514	1.22829315881544	1.39288913635664	1.08184772656138
130.150326824324	1.24624116700132	1.40827212661321	1.08971692522806
130.332482635135	1.26245848585795	1.42562501284277	1.09694211137089
130.514638445946	1.28164673788684	1.43904972606467	1.11695357824605
130.696794256757	1.29814311272185	1.45586908116262	1.13384963998554
130.878950067568	1.31100989899257	1.47275474631191	1.13476871782063
131.061105878378	1.32106091018102	1.49237649699866	1.13083732498879
131.243261689189	1.33089426569305	1.50702924784129	1.13167142833728
131.4254175	1.33728788477845	1.52542406146106	1.11930114657735
131.607573310811	1.34341475300019	1.53685173095524	1.12326930314666
131.789729121622	1.35635200498035	1.55185182323982	1.13143729680407
131.971884932432	1.36964787492564	1.56332737636223	1.15086374932921
132.154040743243	1.38145292100636	1.57215842213594	1.17021268986066
132.336196554054	1.39188393742472	1.58253471399242	1.18239615119333
132.518352364865	1.39984004627754	1.58537954918301	1.18387694498432
132.700508175676	1.40631059915012	1.58860332027061	1.21041380777451
132.882663986486	1.40803895844591	1.59012777409805	1.22184837232636
133.064819797297	1.40498997539237	1.58967238158628	1.21485401808481
133.246975608108	1.39809089097208	1.58474394345789	1.19574864911952
133.429131418919	1.39140635680345	1.58372337352463	1.19163732839868
133.61128722973	1.38409781980988	1.58373420486353	1.19428497993726
133.793443040541	1.37216034784259	1.57476943137907	1.1762530027222
133.975598851351	1.35905725117164	1.55901255449599	1.16935263210156
134.157754662162	1.35196510680218	1.54729370254014	1.17339889540214
134.339910472973	1.34630338705596	1.53146444162739	1.17241339190932
134.522066283784	1.34459688539066	1.5129073394682	1.18573122909406
134.704222094595	1.33877550020352	1.50133808146351	1.19149938732859
134.886377905405	1.32847343163321	1.49082341291643	1.17662337278652
135.068533716216	1.31740631055078	1.48037629744917	1.17092991919475
135.250689527027	1.30458830479203	1.46417897894305	1.15073414186311
135.432845337838	1.29711948156067	1.43720131525808	1.14807057857716
135.615001148649	1.28821170027692	1.4198910121783	1.14410605910673
135.797156959459	1.27527316736609	1.40251231542283	1.13294628300376
135.97931277027	1.26010268342241	1.38311330932718	1.12691986738762
136.161468581081	1.24389301512637	1.36443702288369	1.11655232060781
136.343624391892	1.22877923993591	1.34427728066937	1.10475806893358
136.525780202703	1.21383793938366	1.32261505627672	1.09103552440975
136.707936013514	1.19634009392802	1.30220501054686	1.07783776669949
136.890091824324	1.17932730376849	1.28625085608332	1.06561332640803
137.072247635135	1.16097450750149	1.27446967080392	1.05370245365805
137.254403445946	1.14154065652273	1.26033583477671	1.03785074533451
137.436559256757	1.12283301647081	1.24706852775664	1.0243219581718
137.618715067568	1.10385013533195	1.22826666686225	1.00593449714088
137.800870878378	1.08508173659636	1.20489036199304	0.993156712755454
137.983026689189	1.06604641823001	1.17269355096806	0.974096405306455
138.1651825	1.04664703351779	1.14379615316995	0.950315293567961
138.347338310811	1.0268323498659	1.11983172777336	0.9287507320914
138.529494121622	1.0075129196716	1.11020955243581	0.908933786035911
138.711649932432	0.989175656646238	1.08743415859861	0.891107053697546
138.893805743243	0.971599437636384	1.07468694945383	0.873309680334842
139.075961554054	0.954744129621293	1.06439432422914	0.854797192412627
139.258117364865	0.939112805293107	1.0559360968233	0.834738926771317
139.440273175676	0.924715025529007	1.04946050419666	0.809566222395077
139.622428986486	0.911550790328983	1.04007989976184	0.787817767444841
139.804584797297	0.899620099693081	1.02952469497148	0.768812648024686
139.986740608108	0.888922953621235	1.02241293110077	0.750275365466392
140.168896418919	0.879459352113499	1.01834334583253	0.734372004611761
140.35105222973	0.871229295169848	1.01009994927221	0.72041562635332
140.533208040541	0.864006079795401	1.004889291618	0.707988036526194
140.715363851351	0.856713539619997	0.996676893894611	0.695792302872261
140.897519662162	0.850518640655237	0.988739889936768	0.681907493018924
141.079675472973	0.844257380172661	0.984020859389999	0.66893846189357
141.261831283784	0.838826664398078	0.979120553869355	0.659926104474101
141.443987094595	0.834920323026385	0.974776577612301	0.653709780364764
141.626142905405	0.832538356057564	0.97554851273817	0.644321358795194
141.808298716216	0.831377563954858	0.975334068454784	0.638533209398655
141.990454527027	0.828481266496072	0.968723163807302	0.624559442111529
142.172610337838	0.825776037000848	0.966625715086389	0.613967030389842
142.354766148649	0.823318958420061	0.967814996016046	0.606073729349259
142.536921959459	0.821413060010182	0.967591202675685	0.60447735960104
142.71907777027	0.817791493244924	0.963159291873828	0.605431933196857
142.901233581081	0.81571431631048	0.958647956808567	0.598058269005865
143.083389391892	0.815492158803462	0.955119953128276	0.598074186817281
143.265545202703	0.817125020723883	0.952842686442585	0.596176890593121
143.447701013513	0.820293690170619	0.952082817586481	0.604081641732257
143.629856824324	0.82374579970221	0.951860764236204	0.619458476741567
143.812012635135	0.827871734307073	0.953148480518271	0.629428775085686
143.994168445946	0.83362152663711	0.958459201462149	0.640312268179242
144.176324256757	0.841114489935022	0.962435513600235	0.660601886986351
144.358480067568	0.850242158982288	0.96608240459326	0.676953938340569
144.540635878378	0.860229070976776	0.971391062537196	0.697004065578437
144.722791689189	0.870831505979862	0.990232038148575	0.708612654480947
144.9049475	0.882382420942537	1.00733715931361	0.723374324772343
145.087103310811	0.894811007033233	1.02701499081978	0.740680131196273
145.269259121622	0.907677827141447	1.04956779593524	0.757915895485734
145.451414932432	0.920636729350895	1.07087313052301	0.776683579398516
145.633570743243	0.93298404834151	1.09379979588454	0.795845892632632
145.815726554054	0.94413285947497	1.12188888578143	0.807094041533174
145.997882364865	0.954170270743142	1.14182431194488	0.823023104596376
146.180038175676	0.964680020114563	1.15655662182014	0.834171867971103
146.362193986486	0.974144745283079	1.17651918431575	0.847194153062321
146.544349797297	0.983526219138613	1.18447589850292	0.857245142561978
146.726505608108	0.994305289289875	1.20443511855311	0.858887476339959
146.908661418919	1.00573415986194	1.21501160291448	0.863675140692484
147.09081722973	1.01585919084965	1.22282198864357	0.865805267897046
147.272973040541	1.02333313904147	1.22427200677034	0.86969381430506
147.455128851351	1.02766047151287	1.22510712298775	0.868619738648703
147.637284662162	1.02782213079031	1.2210161211829	0.867409633567901
147.819440472973	1.02530386564065	1.21339641631173	0.869626233799679
148.001596283784	1.0200721569449	1.21732083544472	0.870639255256113
148.183752094595	1.01333699679673	1.21855407953479	0.866377156798147
148.365907905405	1.01112455148678	1.21814990589163	0.862889545066839
148.548063716216	1.01100807208453	1.21652343152704	0.856196865184558
148.730219527027	1.008553800565	1.20897099851808	0.851928175896476
148.912375337838	1.00350621334692	1.19881412857643	0.847965624499463
149.094531148649	0.996542831098414	1.18506293438649	0.840496581330661
149.276686959459	0.989294265796539	1.17343376690506	0.834869520136533
149.45884277027	0.981338998599627	1.16228736849191	0.828599057720113
149.640998581081	0.972136903220749	1.14739146357364	0.819884140223471
149.823154391892	0.961202350392422	1.13541502119435	0.807963702676569
150.005310202703	0.948538142481741	1.11465503819092	0.795081170925691
150.187466013514	0.934828068798003	1.09579928767924	0.787739907112425
150.369621824324	0.921233990679026	1.07701872287727	0.777649507550339
150.551777635135	0.90726006672801	1.05816312914698	0.762246639465947
150.733933445946	0.892579295485964	1.03794925367025	0.749546635851019
150.916089256757	0.877406930577599	1.01764066148003	0.730466422227213
151.098245067568	0.862065794569612	0.994398241059054	0.705824910246837
151.280400878378	0.846076081143214	0.970209019920795	0.690145176192582
151.462556689189	0.829476314805042	0.947295103858946	0.665470399953998
151.6447125	0.813192582220596	0.928041854254213	0.646395311847004
151.826868310811	0.794898657258604	0.911635248231643	0.619498258960523
152.009024121622	0.77370026298456	0.898867564719573	0.594547047495087
152.191179932432	0.752542078432987	0.887487966978256	0.575141957281969
152.373335743243	0.730009708333849	0.878973066652792	0.551608997313284
152.555491554054	0.705631285685216	0.863229797950224	0.515827999339005
152.737647364865	0.680829956683533	0.847129001326354	0.476226615342486
152.919803175676	0.657993142421611	0.841215922434827	0.441398644216651
153.101958986486	0.638834233989754	0.83153374229364	0.401540359476425
153.284114797297	0.620945916704819	0.82041048589728	0.371533423670003
153.466270608108	0.607969071061347	0.821110629477659	0.354501948878405
153.648426418919	0.600231583703221	0.825373646601132	0.336420399662553
153.83058222973	0.597733454630458	0.831473701988948	0.328198898197176
154.012738040541	0.60047468384305	0.835041786284483	0.337877163243224
154.194893851351	0.60612816490168	0.83070677691781	0.349349661241424
154.377049662162	0.61394212812215	0.836527389766882	0.35238466707792
154.559205472973	0.619136680974228	0.830151618039448	0.366476754618009
154.741361283784	0.622623042743793	0.827118461483816	0.374852228642921
154.923517094595	0.625497536548514	0.823082089102645	0.37271480284695
155.105672905405	0.627350142975498	0.818992802119815	0.378599283578
155.287828716216	0.623249620536082	0.829113245822598	0.388141085194589
155.469984527027	0.616671592788368	0.832605002342531	0.394923701508406
155.652140337838	0.606943479254047	0.824460257229305	0.398194778102134
155.834296148649	0.598457939540711	0.804699386133496	0.395779550498352
156.016451959459	0.597386795727149	0.799798993687489	0.404315215480628
156.19860777027	0.604497539697502	0.810335177199171	0.417592264133516
156.380763581081	0.619786441992939	0.847506930754236	0.437197378123953
156.562919391892	0.636978108954203	0.882419786432371	0.462560640220407
156.745075202703	0.654577863013851	0.863561138437494	0.492582690455408
156.927231013514	0.679401144858148	0.863039969034091	0.52687217645507
157.109386824324	0.711480445632829	0.876966039636359	0.56380254068859
157.291542635135	0.750522409804449	0.925086058593647	0.607075408682059
157.473698445946	0.791568163849185	0.960257651024759	0.642645644419071
157.655854256757	0.830561091095449	0.977960841256509	0.675451119768685
157.838010067568	0.869978770815467	0.996287365635118	0.707505652307069
158.020165878378	0.913687436990833	1.0221681684912	0.744841149866727
158.202321689189	0.955426342202966	1.06601938937453	0.781164867634541
158.3844775	0.987585871808536	1.09263205352249	0.824426911199725
158.566633310811	1.01974301895205	1.12739743950981	0.863015451690297
158.748789121622	1.0545811772108	1.16540402311147	0.898460235158462
158.930944932432	1.0918682315384	1.20098308983778	0.933638235885637
159.113100743243	1.12974624548149	1.23503012002695	0.970209640487427
159.295256554054	1.16762207051332	1.26937704634441	1.00837589926365
159.477412364865	1.20647263858606	1.31068332866187	1.05063147235159
159.659568175676	1.24362038833588	1.35177247533593	1.09414555216483
159.841723986486	1.27894741631276	1.40046942782238	1.13741015143958
160.023879797297	1.31428485778546	1.42781477676911	1.18398751444735
160.206035608108	1.34994481506516	1.46501453633462	1.23649998412834
160.388191418919	1.38592728815194	1.49701627012902	1.28885537682097
160.57034722973	1.422231887091	1.52987315094238	1.33015213528546
160.752503040541	1.45870275095865	1.56236663498609	1.37582573653241
160.934658851351	1.49438262499897	1.59360614478982	1.41578383304567
161.116814662162	1.52885914258361	1.61965668601294	1.45623253739815
161.298970472973	1.56244555981876	1.63816721479146	1.49257335844842
161.481126283784	1.59487696168563	1.66955860424145	1.52695497331775
161.663282094595	1.62633924958858	1.70160642701255	1.55677490131995
161.845437905405	1.65706538339065	1.73458411806886	1.57954679309926
162.027593716216	1.68740774377156	1.76561039027839	1.60491255339754
162.209749527027	1.71729638707188	1.79663807315244	1.62517420740569
162.391905337838	1.74664852107504	1.82885243123921	1.64726134604047
162.574061148649	1.77545641289621	1.85793104433957	1.66989313309299
162.756216959459	1.80391872302023	1.89117082375873	1.69348340306949
162.93837277027	1.83220819597359	1.91635312762004	1.71853609794985
163.120528581081	1.86037585263256	1.95003653832126	1.74414889769632
163.302684391892	1.88874901416299	1.97727626189991	1.77457673364781
163.484840202703	1.91713622196313	2.00874770829103	1.81349920095553
163.666996013514	1.94561603653553	2.04008209962959	1.84604199160354
163.849151824324	1.97434374448399	2.06773035633821	1.87917048428315
164.031307635135	2.00368743631425	2.09614401952208	1.91134601802523
164.213463445946	2.0337949409816	2.12743800239919	1.94407047801944
164.395619256757	2.06511331526721	2.15595771975264	1.9773025593765
164.577775067568	2.09726031134392	2.19165468765038	2.01111904209399
164.759930878378	2.12840286832248	2.23552633080566	2.04480256405008
164.942086689189	2.15948246901305	2.27654607168596	2.07889567334664
165.1242425	2.19083881912368	2.31208546990876	2.11136943023078
165.306398310811	2.22106706481628	2.351466672262	2.14543945648496
165.488554121622	2.2565448934137	2.38353767011177	2.17933419751449
165.670709932432	2.29658466412311	2.41822037270112	2.21551831905815
165.852865743243	2.33928148850273	2.46640043554837	2.24866255886156
166.035021554054	2.38173723020046	2.49513853050132	2.28390167052735
166.217177364865	2.42189802791946	2.53207715418208	2.32199896540951
166.399333175676	2.45936662729288	2.56321025930754	2.36430175394432
166.581488986486	2.49082858057537	2.60255866451277	2.37992427741075
166.763644797297	2.51664251730718	2.63143693984413	2.39489117687588
166.945800608108	2.54349426963802	2.6499341926793	2.42887448264933
167.127956418919	2.56864731429908	2.67418410850749	2.45464824668283
167.31011222973	2.59148196587022	2.69808572699381	2.48750057211741
167.492268040541	2.60829765235532	2.71806809996293	2.49569224433174
167.674423851351	2.62256361787658	2.73707631680136	2.50095267901592
167.856579662162	2.63905274523655	2.75446993140166	2.53075275688131
168.038735472973	2.65403998911739	2.77518344626146	2.55311732776278
168.220891283784	2.66204085779466	2.79553929196623	2.54548693919581
168.403047094595	2.67368480634027	2.82150815713896	2.56502339180565
168.585202905405	2.69559973452536	2.84626384870374	2.58637655624522
168.767358716216	2.72010037859656	2.86270171329225	2.61298280135478
168.949514527027	2.73910525304424	2.87522230851873	2.62769852172388
169.131670337838	2.75277274634744	2.89643507639092	2.61794770997749
169.313826148649	2.76973474785731	2.92166622457027	2.63543365913532
169.495981959459	2.78307348120158	2.94808460258209	2.64011705374969
169.67813777027	2.79530219455862	2.95804559611277	2.64421709155087
169.860293581081	2.80616913457385	2.96473743422224	2.65674705508799
170.042449391892	2.80961402751111	2.9662029934692	2.64365010758398
170.224605202703	2.80867775917678	2.9729937304352	2.64817138675912
170.406761013514	2.80023349565311	2.97276133559738	2.6419487441484
170.588916824324	2.78703633734216	2.96234239408356	2.63586135950655
170.771072635135	2.76868557034273	2.94718381204962	2.6164684986009
170.953228445946	2.74958454070919	2.93253592047775	2.59013068303205
171.135384256757	2.72946698481006	2.9212075971687	2.56870339824246
171.317540067568	2.70750992116088	2.91208712690544	2.53232791143776
171.499695878378	2.68299858568315	2.90795183614941	2.49145223869134
171.681851689189	2.6578547785243	2.89039850710317	2.45547547426178
171.8640075	2.63220549536856	2.86168799014828	2.41494826857931
172.046163310811	2.60646753259402	2.82750581643276	2.38770415792823
172.228319121622	2.58267957148748	2.78234166600755	2.36140728980652
172.410474932432	2.5608010795683	2.7532361847632	2.33989256982869
172.592630743243	2.53953824748597	2.7391921531199	2.30732547735679
172.774786554054	2.52139812832867	2.7266874122273	2.29606560659685
172.956942364865	2.5077746654824	2.72056008539643	2.26431781779243
173.139098175676	2.50572007042528	2.72513208256756	2.23121478945354
173.321253986486	2.51196431057833	2.75260767274881	2.2219453072954
173.503409797297	2.52565660565014	2.78231040023936	2.2085154454646
173.685565608108	2.54234302786704	2.81819289482903	2.20206229835248
173.867721418919	2.55420778131389	2.84908928969461	2.19312303232583
174.04987722973	2.57018217676252	2.88366721520373	2.15638416123378
174.232033040541	2.59336533397035	2.91180270079733	2.14892883985197
174.414188851351	2.62704529528253	2.93280957833043	2.13885820098036
174.596344662162	2.66708401590783	2.95608730742195	2.17129909618951
174.778500472973	2.71579120238309	2.98657101122272	2.21206450197674
174.960656283784	2.76258171653002	3.00636913465748	2.29795863444718
175.142812094595	2.80433799132445	3.02981739921902	2.3843904086702
175.324967905405	2.84330855022214	3.06196254967364	2.4982411217171
175.507123716216	2.8854504728495	3.09762821516655	2.58867108379099
175.689279527027	2.92463985159384	3.13765369232117	2.65423051695961
175.871435337838	2.95728219295899	3.16878238385042	2.71392868305191
176.053591148649	2.98881733012043	3.18768558358248	2.7657052786307
176.235746959459	3.01722918367126	3.21860040141657	2.81379744210985
176.41790277027	3.04309489085573	3.25015879199328	2.85538744542162
176.600058581081	3.06742608121944	3.27612222040166	2.89076273419098
176.782214391892	3.08983550313946	3.30013477300043	2.91857688737007
176.964370202703	3.11057979752983	3.31714971027696	2.94799983094169
177.146526013513	3.12970663071102	3.33579425805461	2.97132878382386
177.328681824324	3.1472111103756	3.35253915268081	2.99191803178996
177.510837635135	3.16296275602867	3.36783045730522	3.00563085370684
177.692993445946	3.17700468922246	3.38848215062573	3.01633027255258
177.875149256757	3.18927876499904	3.41046929557526	3.02792936403989
178.057305067568	3.20066433975049	3.43215522694485	3.02712007465621
178.239460878378	3.21348386081212	3.45880274654081	3.03706567323822
178.421616689189	3.22797384678004	3.47736251739388	3.037843094152
178.6037725	3.24307746282255	3.50461496013596	3.04512352414616
178.785928310811	3.25915869643219	3.54178185051356	3.05338079127982
178.968084121622	3.27590555523565	3.57293250026999	3.05153558559121
179.150239932432	3.29447830055784	3.61196619093393	3.0535802919757
179.332395743243	3.31440158646994	3.65190081639603	3.05201820153155
179.514551554054	3.33519747923548	3.70025685533261	3.05461935459212
179.696707364865	3.35618615961877	3.74422633980806	3.06265603408671
179.878863175676	3.37716320835067	3.78844723666729	3.06175415141572
180.061018986486	3.39759572898632	3.8345043440187	3.06175993302982
180.243174797297	3.41698757139855	3.88128799973468	3.05562899626753
180.425330608108	3.43534466714761	3.9297777537292	3.05653063139374
180.607486418919	3.45332731567468	3.9767377517029	3.04862621764222
180.78964222973	3.47008036689839	4.02138477234727	3.04600900912207
180.971798040541	3.48770377949498	4.06708713943012	3.04488935182748
181.153953851351	3.49976181750362	4.08816666123315	3.03746611897121
181.336109662162	3.50601489151967	4.09548557173775	3.02895277419449
181.518265472973	3.52318842865148	4.13429477842015	3.02640117391159
181.700421283784	3.52183953083612	4.14155634144517	3.00983343075745
181.882577094595	3.47444205239827	4.01562890904643	2.96757459994695
