phys	rec.rate	upper	lower
0.5	6.76352770542357	10.9022128624235	3.60782429463338
1.5	6.76352770542357	10.9022128624235	3.60782429463338
2.5	6.76352770542357	10.9022128624235	3.60782429463338
3.5	6.50506874380397	8.65167139112375	5.12005617756162
4.5	6.56103280152237	7.12475948264419	5.84625632842235
5.5	7.96377965086239	8.90359630272618	6.54051678616276
6.5	5.89795314270683	7.33846533123345	5.19818075546922
7.5	3.79937893623951	4.52491063072142	3.19042553369998
8.5	5.42792453455663	6.12431217885412	4.62696727633826
9.5	8.63904546854648	9.85348320746559	7.27109125156797
10.5	2.54681999687793	4.21965166405914	0.391859113170178
11.5	1.88204328529627	4.20024327167428	0.391962243820205
12.5	1.11291270618854	1.78026662780429	0.0994905532692602
13.5	0.0663747755134154	0.948512350338318	0
14.5	0	0.611023770780007	0
15.5	0.353349203098276	0.862791032855087	0
16.5	1.33974366311547	1.93113269824369	0.433046545648166
17.5	1.11150086267676	1.70245881401119	0.498534520752302
18.5	0.715208236698719	1.58710764175638	0.199481360210182
19.5	2.63497188852169	3.21246648309415	1.72268070847351
20.5	3.66738365628655	4.11674345905848	3.17692713589262
21.5	4.15005766955583	5.73633514740808	3.0521467460622
22.5	7.04241573316687	8.18737794362417	5.24688161679444
23.5	4.79922972499729	5.7856745229869	4.2589427316014
24.5	9.26879284004889	9.65697409002255	8.85659766173677
25.5	10.0935966721994	10.3331734090805	9.54561701208512
26.3805455	5.48535799383876	6.51903782381789	4.17406525247202
