phys	rec.rate	upper	lower
0.5	3.6196591419825	9.24814946955629	0
1.5	3.63250567415095	9.24814946955629	0
2.5	4.69125821544621	8.50968299638128	3.19981945276942
3.5	4.7959565344154	5.72037064068144	3.87070581867931
4.5	3.77043873965464	4.50075957535699	3.03699024766557
5.5	3.84432715016999	4.88430258023456	2.27670662580835
6.5	6.68090196628098	9.79013868875234	5.22028204410469
7.5	5.68288112569579	6.75127395736436	3.84048379622222
8.5	5.25734562854163	6.30431871531149	3.66180401727705
9.5	3.65270649726398	4.69723934596054	2.49857847808384
10.5	2.14311956167369	3.18599466895503	0.822153370617658
11.5	2.53860371942184	4.45454826304973	1.72279412451612
12.5	3.07645431845533	3.99172993720693	2.25693999763067
13.5	3.16238247942094	3.8235294796242	2.30630256288751
14.5	3.2876645693801	3.65891762135059	2.61269395239051
15.5	2.83405451523469	3.14522763177366	2.50756251215507
16.5	2.2167180233588	2.42379824739795	1.93658276290084
17.5	1.37550767413628	1.83382696707727	0.29853007155539
18.5	0.7561093753692	1.224767050582	0.168886094569763
19.5	0.341639528451449	0.756734270396831	0
20.5	0.165471525746612	0.547814965318909	0
21.5	0.227605367254689	0.755057861433241	0
22.5	0.528041052975683	1.04299620178205	0.0726639192502976
23.5	1.02970749169403	1.66261552955258	0.231061998157662
24.5	1.63713413544661	3.02508810238045	0.572843801077498
25.5	2.68190298629067	4.19731723797991	1.04764784359259
26.5	4.10128089764587	5.67360578404239	1.3057049548725
27.5	4.68236140607554	6.6688818969651	1.62384125724024
28.5	4.21068243805373	6.97932644506466	1.62384125724022
29.5	3.58077556075834	7.01229652774463	1.31168945953155
30.5	3.71263895009137	7.01229652774468	0.963525069789583
31.5	4.35683791810706	7.04137293431249	0.812151852383157
32.0944565	4.55531321461771	7.42988869538454	0.812151852383177
