phys	rec.rate	upper	lower
0.5	0.891324685329992	7.99868367986987	0
1.5	1.02770867129006	7.1984292060619	0
2.5	1.23956291773634	6.12794295813417	0
3.5	1.38791433274807	5.57492183287231	0
4.5	1.47276291632527	5.27872700414237	0
5.5	1.49410866846793	5.54779069556299	0
6.5	1.45195158917605	5.57568176072737	0
7.5	1.34629167844963	5.54794656615314	0
8.5	1.17132584869348	5.36198700318621	0
9.5	0.908043596373082	3.92584974818136	0
10.5	0.641275824843919	2.55230694866031	0
11.5	0.386921877359557	2.0276688627004	0
12.5	0.144981753919998	2.31585052849516	0
13.5	0	2.35892895195767	0
14.5	0	2.26499341658056	0
15.5	0	2.13213945006204	0
16.5	0	1.57673869146959	0
17.5	0	1.43582949334596	0
18.5	0	1.5737263483423	0
19.5	0	1.76974254907509	0
20.5	0	2.41798858943085	0
21.5	0	2.61342477681381	0
22.5	0.228618255715138	2.69087743956956	0
23.5	0.561846505122988	2.68575225169543	0
24.5	0.950466595106642	3.37109906846225	0
25.5	1.24895886476796	4.31956896019466	0
26.5	1.20066149972616	3.32982030177741	0
27.5	1.06117150560898	2.51328640858786	0
28.5	1.01006587763938	2.35405098014203	0
29.5	1.04926372894748	2.43873685407894	0
30.5	1.17876505953325	3.10206526432281	0
31.5	1.37459096160853	3.93606916402338	0
32.5	1.27904403550838	3.8956660463317	0
33.5	0.444692382649396	2.41205924172025	0
34.5	0	0.832968508427159	0
35.5	0	0.700756098955885	0
36.5	0	0.741340859623207	0
37.5	0	1.2857492351843	0
38.5	1.07099230890574	2.41109261232728	0
39.5	2.10686725037385	3.43576667994488	0.453402789706746
40.5	2.04245860998484	3.10038982984651	1.18853527958466
41.5	1.14371440753096	1.99757441045683	0.283994422828746
42.5	0.31610952591948	1.35526996093984	0
43.5	0	0.942615654123397	0
44.5	0	0.688535058124797	0
45.5	0	0.54661350941371	0
46.5	0.295136966043392	0.622274675793335	0
47.5	0.661172264036471	1.03124673687953	0.052193261113224
48.5	0.919818852345942	1.4245776725641	0.0932673197590463
49.5	1.07107673097182	1.61746594017964	0.168835122411235
50.5	1.11494589991409	1.67841983263053	0.225456701892857
51.5	1.04581673062831	1.66780893900464	0.279107429854168
52.5	0.867899371957458	1.50753683610064	0.331766320402207
53.5	0.679357322801148	1.4757794994793	0.206411652614191
54.5	0.557562278938993	1.37408180463138	0
55.5	0.548052509527676	1.27985249301547	0
56.5	0.593667533745145	1.25756147821232	0.0822551498470563
57.5	0.634518247061258	1.22522197719437	0.254743713847089
58.5	0.667498757810647	1.17600621431396	0.301796595625812
59.5	0.692609065993294	1.10001140575617	0.319227245360552
60.5	0.709849171609216	1.07487895598431	0.343612554475404
61.5	0.7192190746584	1.06972964787783	0.368327390177168
62.5	0.720718775140858	1.05144666009776	0.346262500218915
63.5	0.714348273056577	1.05918571447636	0.197396520387951
64.5	0.700107568405571	1.17379995293547	0.0234210751712287
65.5	0.677996661187824	1.40235529513805	0
66.5	0.644541338221723	1.61687188699402	0
67.5	0.557700160641133	1.17888193832259	0
68.5	0.48091762074952	0.949979276090359	0
69.5	0.452606715217152	0.923953549289465	0
70.5	0.454275046224967	1.19641101932579	0.0277171671439529
71.5	0.355732748724611	1.12428495781808	0
72.5	0.248097038964533	0.899226561429915	0
73.5	0.320200507230181	0.855251377771415	0
74.5	0.54908059696872	1.06912150534425	0.0203671997454753
75.5	0.75215054019813	1.20356333977178	0.133491353549116
76.5	0.736062548427505	1.63087529939656	0.133786104138379
77.5	0.574732451270349	1.29149411092292	0
78.5	1.03134678078312	1.60664367722217	0.597760036688378
79.5	1.4324060593343	1.96530639718035	0.871828887299247
80.5	1.53572223501001	2.06096327785355	0.967377288059542
81.5	1.36620072474756	2.02698012466161	0.648881534221584
82.5	0.670339528330455	1.66747268659943	0
83.5	0	1.03026357388033	0
84.5	0	0.557436273186754	0
85.5	0	0.32680803355459	0
86.5	0	0.28456089201521	0
87.5	0.0949125524428504	0.552710423873158	0
88.5	0.22252071633455	0.752791356089396	0
89.5	0.362138114638044	0.889560141410488	0
90.5	0.459197758937143	0.977180298181679	0
91.5	0.4329523019113	0.811837766160433	0
92.5	0.351697508189119	0.642900930530372	0
93.5	0.278393094142614	0.593782299635967	0
94.5	0.219618512240074	0.58404090718863	0
95.5	0.199486947455348	0.563907746707284	0
96.5	0.230312424737646	0.592224121816261	0
97.5	0.312193716673937	0.700826841829327	0.106927720878834
98.5	0.445130823264225	0.851838471363759	0.173408888968485
99.5	0.6288936889066	1.11997760390836	0.0630525958568296
100.5	0.847343638327538	1.47154610999072	0.282224760700954
101.5	0.819366300622775	2.09410339924734	0
102.5	0	1.07530605766509	0
103.5	0	0.321350423431421	0
104.5	0	0.47020318490592	0
105.5	0.294827862581276	1.06550110354634	0
106.5	0.842034496094055	1.66674150520512	0
107.5	1.04224796152873	1.98185832904675	0
108.5	0.897637072259031	1.86587633761472	0
109.5	0.742148572607423	1.92841204713837	0
110.5	0.823015780706794	2.44597380054643	0
111.5	1.11384825951052	3.22451050809346	0
112.5	0.740186158062579	2.78322950471263	0
113.5	0	0.521979127105295	0
114.5	0	0.517888737027458	0
115.5	0	0.734010991515327	0
116.5	0.408071041348211	0.888635482657469	0
117.5	0.808617399926408	1.26500945116083	0.437567869733165
118.5	0.928847312355668	1.33948835852802	0.507170187848224
119.5	0.745410911169646	1.08563831726971	0.373259700850306
120.5	0.422224052259285	0.856368574071972	0
121.5	0.204863613960183	0.809542276824707	0
122.5	0	0.893386263547763	0
123.5	0	0.295415522535301	0
124.5	0	0.288405566185251	0
125.5	0	1.32343085472774	0
126.5	0.599115522678025	2.75673081429369	0
127.5	2.3305270079174	4.25594760938028	0.999182715908886
128.5	3.51313406068351	4.97107625989943	1.73528586811958
129.5	3.77565512484363	7.26947520174839	0
130.5	0	2.44608342676111	0
131.5	0	0.0839767374589945	0
132.5	0	2.71746666004065	0
133.5	1.45147369381071	5.77713075347517	0
134.5	2.7289081189771	4.75372858577568	0.210516992620585
135.5	3.41217004694195	5.72692100909337	0.827555510622259
136.5	3.51376267215127	5.93036852292785	0.532554401840462
137.5	2.88970351085666	5.32808289714964	0.112988541787003
138.5	1.47453780726197	4.0980752070339	0
139.5	0.0445579139711043	2.62020966260968	0
140.5	0	0.220819094821825	0
141.5	0	0.545308325907908	0
142.5	0	0.59652656729065	0
143.5	0	1.81398863765691	0
144.5	1.05034261699629	2.93032406541461	0
145.5	1.60075536229095	3.47352535217838	0
146.5	0.895954200703897	2.95499804354003	0
147.5	0	2.38444976405167	0
148.5	1.1546061141387	4.12415653157166	0
149.5	1.95869292273195	4.31257203508864	0
150.5	0.874031607868571	3.56425462290943	0
151.5	0.0874738399885864	3.46378398495597	0
152.5	0.0602591162317104	3.2923645402468	0
153.5	0.633235383649149	3.25864754007797	0
154.5	1.39642029727796	3.41298955347695	0
155.5	1.97949007460922	4.26159133553168	0
156.5	2.19023120116448	4.62779189592388	0
157.5	1.92160355193626	4.1047933010245	0
158.5	1.17220640064125	2.67306776067691	0
159.5	0	2.92450229179394	0
160.5	0	2.84326590337705	0
161.5	0	2.13673728981301	0
162.5	0	1.68847675457407	0
163.5	0.312920627839517	2.33739929546485	0
164.5	0.528114270238561	2.78114497647701	0
165.5	0.165083613117906	2.04425078656385	0
166.5	0	1.52333015235608	0
167.5	0	1.35585040437519	0
168.5	0	1.70897774174832	0
169.5	0	2.01474521563402	0
170.5	0.391135523684182	2.12438635160337	0
171.5	0.995112090424517	2.30008653828935	0
172.5	2.02597305837349	4.21635663831916	0.84220289614125
173.5	1.16277238055634	2.24777261542757	0.39195788471224
174.5	0.753936977453641	1.88996504900704	0.0102779633997685
175.5	0.480272372393118	1.4397452483429	0
176.5	0.403868098993878	1.14817036045531	0
177.5	0.577970255615246	1.25143938795298	0
178.5	0.727021245634503	2.04606398350261	0
179.5	0.480595527599375	1.1134524597528	0
180.5	0.596650815439592	1.67808542830953	0
181.313665	0.84012636732536	2.26964493120555	0
