phys	rec.rate	upper	lower
0.5	23.491723370883	39.2997353243609	3.61833006086884
1.5	18.2821115695258	27.6927015644226	3.35988355799378
2.5	1.94291148632252	8.14096550008484	0
3.5	4.1927964750881	5.34258679531884	1.7135795715732
4.5	2.09447082168611	3.14034781418309	1.49797450321274
5.5	1.85509208220381	2.25193470036915	1.09740778136305
6.5	0.557292371165738	1.32864138426729	0
7.5	0.302340900723536	0.951034600829854	0
8.5	1.15590246560291	2.23630807375603	0
9.5	0.528408034003334	1.55444740033795	0
10.5	0.761792959022971	1.81129136689057	0.0685361206496077
11.5	2.80818528673433	4.09027382151789	1.26059156804269
12.5	3.13750195006941	4.19366519712907	2.05146466710626
13.5	1.71283945505138	2.52049292570938	1.25362826075034
14.5	0.831832437591782	1.68290715803722	0.209529104188271
15.5	0.457125975647113	1.07250985091019	0
16.5	0.237371606436079	0.688782893236664	0
17.5	0.0974042490458231	0.474747917740888	0
18.5	0.0112192024543398	0.303234380291074	0
19.5	0	0.406690300892457	0
20.5	0.00771710369600992	0.575642693508767	0
21.5	0.126119383274246	0.541373918012715	0
22.5	0.306923220786312	0.597488532403244	0
23.5	0.546636037171755	0.967445889268208	0.193830251509791
24.5	0.812536206237629	1.5548580474135	0.17721524169408
25.5	0.811886669328877	2.10014186760502	0.162051229351422
26.5	0.61966835967909	1.78494838320096	0
27.5	0.521737178682702	1.75000870331553	0
28.5	0.460059544895003	1.62832619001562	0
29.5	0.41017522549988	1.49914803308967	0
30.5	0.368743899898011	1.37962591376477	0
31.5	0.329384414718017	1.27698616936014	0
32.5	0.2913636161683	1.19370143212654	0
33.5	0.254681504248856	1.07131125883533	0
34.5	0.219338078959687	0.951157486082202	0
35.5	0.185333340300794	0.844267198261972	0
36.5	0.152667288272174	0.774838251692242	0
37.5	0.121339922873829	0.679066087227064	0
38.5	0.0913512441057583	0.61262331143061	0
39.5	0.0627012519679631	0.495569540402609	0
40.5	0.0353899464604415	0.399663888793049	0
41.5	0.00941732758319567	0.339264942396646	0
42.5	0	0.280481819041009	0
43.5	0	0.230214792956141	0
44.5	0	0.201676643922317	0
45.5	0	0.186427337650675	0
46.5	0	0.17035880302504	0
47.5	0	0.166914501286573	0
48.5	0	0.155196394232179	0
49.5	0	0.136110850478131	0
50.5	0	0.130868764758636	0
51.5	0	0.127155897559182	0
52.5	0	0.107726552562354	0
53.5	0	0.0926676401566323	0
54.5	0	0.101969128836151	0
55.5	0	0.0903640890920779	0
56.5	0	0.101722544576994	0
57.5	0	0.104582197520516	0
58.5	0	0.0943675186116323	0
59.5	0	0.0973936748666016	0
60.5	0	0.107622927876469	0
61.5	0	0.115498738409676	0
62.5	0	0.123041684144593	0
63.5	0	0.129727022053896	0
64.5	0	0.136902334263419	0
65.5	0	0.134183924009203	0
66.5	0	0.141149438105105	0
67.5	0	0.150285465188002	0
68.5	0	0.164252978259188	0
69.5	0	0.17985686879368	0
70.5	0	0.202814615672207	0
71.5	0	0.233401587986195	0
72.5	0	0.247783480444468	0
73.5	0	0.281108399464524	0
74.5	0	0.34855644455577	0
75.5	0	0.416547114926569	0
76.5	0	0.489209291505088	0
77.5	0	0.579068117034878	0
78.5	0.00710014321754124	0.684321910586592	0
79.5	0.0452908837008435	0.775270299579669	0
80.5	0.0885648931834659	0.868394699679722	0
81.5	0.136922171665411	0.957344260896879	0
82.5	0.190362719146674	1.06244783201935	0
83.5	0.248886535627258	1.14325176993882	0
84.5	0.312493621107163	1.23795708272966	0
85.5	0.381183975586389	1.35363466973306	0
86.5	0.454957599064934	1.48243588524873	0
87.5	0.533814491542803	1.60411936271188	0
88.5	0.617754653019988	1.72291532813355	0
89.5	0.710177431936575	1.95225857361282	0
90.5	0.824302274244629	1.76957973687986	0
91.5	0.909859682610177	1.98936373881346	0.0849360138007382
92.5	0.952141664376618	2.76393588778684	0.0428304122087914
93.5	0.907785699768634	2.78343593798598	0
94.5	0.816332157500521	2.12046035194704	0
95.5	0.714219880855116	1.49938064988873	0
96.5	0.601448869832428	1.21934299952685	0
97.5	0.478019124432441	1.06014915395773	0
98.5	0.343930644655171	0.914408518348953	0
99.5	0.19918343050061	0.730597311049043	0
100.5	0.0437774819687603	0.718165379887141	0
101.5	0	0.694927467481847	0
102.5	0	0.670062912439483	0
103.5	0	0.64615552902535	0
104.5	0	0.609836406304125	0
105.5	0	0.578945353106665	0
106.5	0	0.574035445880806	0
107.5	0	0.564419398585106	0
108.5	0	0.530911881847758	0
109.5	0	0.522783207915505	0
110.5	0	0.495264930507133	0
111.5	0	0.46551271517202	0
112.5	0	0.459104795270062	0
113.5	0	0.440631325645768	0
114.5	0	0.440191856402213	0
115.5	0	0.429436739600788	0
116.5	0	0.396600720844939	0
117.5	0	0.364737912527051	0
118.5	0	0.346249403521666	0
119.5	0	0.32526064557607	0
120.5	0	0.313521819826317	0
121.5	0	0.300066719650186	0
122.5	0	0.289952500654137	0
123.5	0	0.224244800431863	0
124.5	0	0.194747753126475	0
125.5	0	0.182686919630535	0
126.5	0	0.168609428324962	0
127.5	0	0.165281091029873	0
128.5	0	0.17288793045627	0
129.5	0	0.178049419171034	0
130.5	0	0.18830920793556	0
131.5	0	0.216736245119296	0
132.5	0	0.255411483145332	0
133.5	0	0.301243508199922	0
134.5	0	0.347760967987578	0
135.5	0	0.389963577633423	0
136.5	0	0.43664838596801	0
137.5	0	0.472646688207626	0
138.5	0	0.51608698365387	0
139.5	0.00511231604307958	0.557378325510231	0
140.5	0.0322221417967543	0.596498135858967	0
141.5	0.0596306709102512	0.634826931595828	0
142.5	0.0873379033835702	0.671280033487961	0
143.5	0.115343839216711	0.704617788816601	0
144.5	0.143648478409672	0.736339056736642	0
145.5	0.172251820962457	0.765838475401697	0
146.5	0.201153866875063	0.79307623907367	0
147.5	0.230354616147491	0.818485605088846	0
148.5	0.25985406877974	0.840565442971297	0
149.5	0.289652224771812	0.860038438598868	0
150.5	0.319749084123706	0.879210722175118	0
151.5	0.35014464683542	0.894112683184703	0
152.5	0.380838912906957	0.908666566866144	0
153.5	0.411831882338314	0.920899909950058	0
154.5	0.443123555129495	0.93628430645672	0
155.5	0.474713931280498	0.954334845312555	0
156.5	0.506603010791321	0.98892476480881	0
157.5	0.538790793661967	1.02867553917884	0
158.5	0.571277279892438	1.1578426234631	0
159.5	0.604062469482722	1.30754908059904	0
160.5	0.637146362432836	1.49921496879725	0
161.5	0.670528958742767	1.66466009831224	0
162.5	0.704210258412524	1.85289690345106	0
163.5	0.738190261442097	2.03715482966998	0
164.5	0.772468967831498	2.22601807338347	0
165.5	0.807046377580727	2.43738627989926	0
166.5	0.84192249068976	2.65687178948911	0
167.5	0.877097307158622	2.88191662468968	0
168.5	0.912570826987311	3.11252078550095	0.0247664329543179
169.5	0.948343050175821	3.34868427192289	0.0340117551467476
170.5	0.984413976724147	3.5904070839555	0.0310094804680103
171.5	1.0207836066323	3.8376892215988	0.0583871327424312
172.5	1.05745193990027	4.09053068485277	0.089747689774363
173.5	1.09441897652807	4.34893147371743	0.0931839989011071
174.5	1.13168471651568	4.61289158819277	0.120694730464023
175.5	1.16924915986312	4.88241102827879	0.152192652383539
176.5	1.20711230657038	5.15748979397549	0.157133797148783
177.5	1.24527415663746	5.43812788528287	0.151838551188378
178.5	1.28373471006437	5.72371303065553	0.147878413329276
179.5	1.09962065008088	3.82171472731933	0.183091263566629
180.5	0.562245970625235	1.2282923201739	0
181.5	0.3199735924727	0.776108071377878	0
182.5	0.258049808055309	0.659864380426401	0
183.5	0.303830024619587	0.631947846686115	0
184.5	0.386527397466247	0.710543725496922	0
185.5	0.498018090307697	0.970608674303979	0.0482946020510209
186.5	0.616006577795096	1.26188536317088	0.027426854728872
187.5	0.566379367432901	1.11346046086283	0
188.5	0.380348465936977	0.697775763891682	0
189.5	0.21460017251181	0.530659092970505	0
190.5	0.10026882752436	0.412586227984206	0
191.5	0.0373544309746268	0.344954939990252	0
192.5	0.0258569828626104	0.386378907257015	0
193.5	0.0657764831883102	0.530113934606097	0
194.5	0.18960656334856	0.795605302056735	0
195.5	0.588140559555735	1.09326066740871	0
196.5	1.12808503984551	1.51033310249136	0.765481144044896
197.5	1.09364198634008	1.44581982027848	0.765184390201477
198.5	0.615235691194726	1.0337857718266	0.296177290529226
199.5	0.670269723497592	0.927693352284072	0.299923398579089
200.5	0.61751622393246	1.0091714636328	0.216391904493959
201.5	0.520623427304375	1.04325501609359	0.0839172907914776
202.5	1.07361969611799	1.60057266921383	0.43331189402131
203.5	1.26748713563405	2.08184066275076	0.642081486674071
204.5	0.854655545065323	1.26722302982983	0.402434143216788
205.5	0.649487461576381	1.26672751478755	0.16696351589487
206.5	0.595850815139351	1.26349619295574	0
207.5	0.455392162147022	0.998791380245522	0
208.5	0.378828805261456	0.851649069632654	0
209.5	0.338511828049267	0.792271207370421	0
210.5	0.339665038125884	1.11642452804589	0
211.5	0.175513789724774	0.694767067803735	0
212.5	0.0295711254919205	0.483989269431796	0
213.5	0.103270550419111	0.896802947537846	0
214.5	0.942676134800921	2.23672773410278	0.306302757405954
215.5	2.40196066092769	3.12233343885737	1.30131543808376
216.5	1.42366407146513	2.04578614609047	0.963553848943752
217.5	0.780788153456809	1.23829746292646	0.37029292033538
218.5	0.846928782771029	1.39473718184838	0.173818024232133
219.5	0.518358669139489	0.945695631118687	0.243457851204734
220.5	2.06234435165139	2.55004803153015	1.56591347690022
221.5	2.56301440523835	2.84706235363727	2.1210655042199
222.5	0.629580702036099	1.31020457334989	0.197769733954177
223.5	1.195523887975	1.48251048526244	0.764765826810929
224.5	1.60088499976414	1.98885619774182	1.11123786671064
225.5	1.14217270234396	1.5872010818125	0.639905411696277
226.5	1.71146329393077	2.17745792682892	1.34773013323194
227.5	1.66547118262353	2.16927751857649	1.25200545097504
228.5	2.26421053274486	2.87642114327078	1.62549864819811
229.5	3.0238108391014	3.73761531077786	2.38041691593743
230.5	1.68077979116545	2.11395309906789	1.37365640027252
231.5	0.585420131664339	1.22393795871137	0.157453782375337
232.5	0.384986243317736	0.935600302113463	0
233.284905	0.757820490028842	1.77993819679294	0
