phys	rec.rate	upper	lower
0.5	30.1137464431968	40.9625905888673	23.0132497234027
1.5	3.76903260696606	9.50268958015305	0
2.5	0.121882308225729	4.10543476358358	0
3.5	2.10392077137488	16.464108892421	0
4.5	1.07989219195126	4.52389981092495	0
5.5	0.680810634361988	3.20014051217328	0
6.5	1.07989282843638	7.44978028215034	0
7.5	1.53058220965581	2.94390059713295	0
8.5	1.21501196959899	2.69429233458103	0
9.5	3.15400534734944	5.71511953977695	1.10456308824479
10.5	0.463312834001761	2.50846547261421	0
11.5	3.12618324261416	4.19186439984856	2.02662087455661
12.5	1.48729058636387	4.19077404272622	0
13.5	0.289997103867123	1.23342138533817	0
14.5	0.311801439721599	1.52714692572149	0
15.5	1.75548345569319	3.25647692096176	0.299456009018946
16.5	1.42520154523893	2.70823285215047	0.522512168555606
17.5	2.85273795703975	3.99156372823142	1.1745372813902
18.5	2.60360412770805	3.65846315589104	1.91602163067024
19.5	3.31750448096407	6.01058220048412	0.477164194562259
20.5	6.99843506910802	9.84531838152907	4.31660475955682
21.5	4.75035452957812	7.09182427607823	2.69624968123594
22.5	8.14088083486744	10.3872888463988	5.32077414725008
23.5	3.33907367552559	7.15241642965767	0.966076995846783
24.5	6.65722840124823	9.44091161043024	2.93350060616854
25.5	9.5208035823375	11.4183069536122	7.66186261410683
26.5	10.480639656645	11.708550484101	9.08742465093627
27.5	17.2027978597062	24.1135798719803	7.68396552147417
28.5	38.3681349735978	47.6324036661224	31.235427683789
29.02912	108.753884319518	137.424398056216	53.6659202713322
