phys	rec.rate	upper	lower
0.5	4.10968846160374	8.29091792466766	1.30109879193868
1.5	5.93504769942525	6.51927840499026	5.28860086149919
2.5	7.50595374126871	7.91135519407095	7.07199488101929
3.5	7.66768461225325	9.22369871412207	7.00439959752455
4.5	8.02809614881754	8.96007011110405	6.89344256702258
5.5	6.17377710708836	7.20794903745181	4.67322052940077
6.5	5.17983882236812	5.87574731486497	4.37335447548891
7.5	0.575140362953501	0.818768461996596	0.36065939894134
8.5	3.35497380075708	3.50885810438249	3.19700449547205
9.5	1.20117337011826	1.48504484162084	0.813345272065701
10.5	2.6889487988716	3.61654838284635	2.12809726591786
11.5	3.94163305408662	4.39112672908851	3.30767732219595
12.5	2.98086459126621	3.90014581858465	2.23959945495229
13.5	0.908088491070061	1.34137227912526	0.407297197973975
14.5	0.441454288532624	0.850936340084296	0
15.5	0.349960499911382	0.905142361072483	0
16.5	0.15549921289049	0.340841241319652	0
17.5	1.04633475826629	1.33153534394506	0.777686832895471
18.5	0.74430885184308	1.14605504331394	0.15990018671117
19.5	2.01684391909634	2.71305892131847	1.47786379757059
20.5	2.79817522608563	3.32558510903148	2.43928983038865
21.5	5.45944587382772	5.80677029588288	4.97053056336906
22.5	6.22351605702265	7.56209560546761	5.51712728008628
23.5	6.25271115700741	7.01242047176406	4.88624192507465
24.5	2.95966850314927	3.44871516320645	2.50492499000469
25.5	3.94788600534182	4.45078701597919	3.15431151646997
26.5	5.85020170462365	6.78350514056845	5.07114795084859
27.5	2.2297710296382	2.84294004805549	1.76562374526803
28.5	2.88188157723382	3.82946751474401	2.48035126598313
29.005131	0.324349394608987	8.08151436197833	0
