phys	rec.rate	upper	lower
0.5	14.5516884455525	16.092676830447	13.8513564553176
1.5	9.48156949564012	9.78916424314735	8.54737332559998
2.5	5.03909233757121	6.37034411747392	4.45992724341488
3.5	7.42709655949038	7.89393772173982	6.25680682194243
4.5	4.5411417452397	5.01311294020187	4.19620496143892
5.5	3.54192604260734	4.20358458008306	2.68599367626315
6.5	0.970864654951573	1.82648113671391	0.356088056643529
7.5	0.769253874109424	1.21921792279857	0
8.5	0.251147525775568	0.925720341660224	0
9.5	0.166405724774504	0.640620389219446	0
10.5	0.170216607357131	0.44890446209369	0
11.5	0.184600936389807	0.362466396496091	0.0570679039209759
12.5	0.209558711872532	0.359064450486879	0.0158730200733777
13.5	0.245089933805305	0.470174682197313	0
14.5	0.291194602188126	0.55077048663832	0
15.5	0.347872717020996	0.616137582977534	0.0396360955118535
16.5	0.414422414520037	0.642519522894042	0.131328396575565
17.5	0.475455272678242	0.646440465708066	0.200918875304036
18.5	0.512992852522583	0.648214972920973	0.233215815732704
19.5	0.519132909102094	0.684061863106537	0.269709768066227
20.5	0.496694276912539	0.654516219540288	0.247622729676598
21.5	0.465081672246163	0.616893982792205	0.254962048947432
22.5	0.426855694068269	0.580376054051396	0.207720796981723
23.5	0.382016342378858	0.52519449960119	0.183092555483817
24.5	0.330563617177926	0.456984798917058	0.18216201085268
25.5	0.272497518465479	0.404709386852472	0.117731608957063
26.5	0.209135459413021	0.384190931716509	0
27.5	0.15572546044716	0.396915985645886	0
28.5	0.12207330222688	0.530618478766241	0
29.5	0.142612911578215	0.679424810328597	0
30.5	0.425407690548033	0.885319861690892	0
31.5	1.1442048270599	1.55123838234674	0.633903993184315
32.5	2.7922333541581	3.52117664337178	1.94445132242136
33.5	5.79504308725946	6.12105082476645	4.74761106500728
34.5	3.57144803267711	4.76055017067461	3.197303800558
35.5	8.49756878360844	8.7546860153539	7.75824572379096
36.5	9.2419428377118	9.87027197268543	8.85439555530636
37.5	9.47457353920046	9.97228428468525	8.81513732644011
38.5	4.79474150659205	5.2084902273611	4.26513731802682
39.5	5.54938802076207	6.21859673247391	5.17229572538657
40.5	8.13878311796165	8.50138724800223	7.30098554073678
41.5	8.5707495652926	9.05192012927508	8.28462794002065
42.5	6.10066036279073	6.32686471675929	5.87320602945336
43.5	5.12049407496472	5.57262960673199	4.83981904685563
44.5	6.6331023601668	7.02833673490937	6.24388820146234
45.3898905	4.26703238732776	7.6547142058414	2.37371284078872
