phys	rec.rate	upper	lower
0.5	6.02580669944906	6.62212594504286	5.05074867325489
1.5	18.6360242480029	19.1156561458044	18.1801329894953
2.5	16.5163942800013	16.9924360643699	15.9870843627714
3.5	8.66483944540981	8.93706463363125	8.30697391799235
4.5	0	0	0
5.5	0	0.00987681889053373	0
6.5	0.648024169820804	0.741472382406292	0.580214251741627
7.5	0.388567778576831	0.518067703818204	0.22631166018587
8.5	0.0250261319499711	0.19782907005886	0
9.5	0.0455163264150322	0.183902958172526	0
10.5	0.0764989532694492	0.236850315602857	0
11.5	0	0	0
12.5	0	0	0
13.5	0.566131570314336	0.626315502669664	0.491357588953328
14.5	0.0431115944046304	0.125989015896738	0
15.5	0.902079822043505	1.05721757219203	0.699024276336274
16.5	0.270741860445636	0.536442490465746	0.00567308657582527
17.5	0	0	0
18.5	0.884890601395891	1.46313740134662	0.30467867773147
19.5	0.378605756028972	0.48457901425498	0.271335344987431
20.5	0	0.0555348454046985	0
21.5	0	0.0987798015633586	0
22.5	1.10526701350848	1.29988421621615	0.918677943923672
23.5	0.377670807933798	0.620267431375344	0.116500732223279
24.5	1.81965563578861	2.12065383597421	1.54951164526828
25.5	7.15617718613155	7.46388779787897	6.86917585857557
26.5	7.70833095234081	7.97449011083373	7.44180057850704
27.5	4.69325725460942	4.99378955807511	4.45575175233423
28.5	3.81247775238381	4.0541925213678	3.53428497590019
29.5	1.39917957407521	1.57603137929392	1.21731240274118
30.5	1.30891110746169	1.45004289245084	1.15837827870818
31.5	0.460560249536023	0.617362550345871	0.216498442457111
32.5	1.88365615355779	2.09868874037929	1.74387018263682
33.5	0	0.00328449813380586	0
34.5	0	0.0053385369378212	0
35.5	0.0522423350261841	0.249822885756398	0
36.5	0	0.00138851897310061	0
37.5	1.71849083446482	1.77450500721233	1.64130804430912
38.5	0.608341935570643	0.764057889699018	0.460303701163264
39.5	3.84224330512232	4.34842347864618	3.34398531416455
40.5	5.91104289834752	6.43398542354723	5.3602112159807
41.5	18.7852638504765	19.2030203238389	18.3797869917731
42.4135255	11.7628297617586	12.3260059013597	11.1710699332719
