phys	rec.rate	upper	lower
0.5	3.19326699179656	4.17923305678387	2.59522981773542
1.5	2.88962072828593	3.07450036918133	2.75648159462539
2.5	3.71593688526243	4.05155996846026	3.39417492592161
3.5	3.48621189646775	3.88068963376163	3.09600837470923
4.5	3.6561059284396	3.93117855456701	3.39071067415286
5.5	2.87822166017778	3.01745532109248	2.71808075117917
6.5	3.35036777400682	3.70619915769976	3.0397029850391
7.5	2.5583297760601	2.89255950207373	2.13802791026166
8.5	2.9059010784896	3.24299359138842	2.67839193147736
9.5	2.39035426245596	2.64069782258266	2.24233407837053
10.5	2.62021038743078	2.79610203021192	2.33961070293121
11.5	2.9641304046083	3.12354544817609	2.80702728207791
12.5	2.12440371856939	2.18310800697112	2.05921860360338
13.5	2.06027037226653	2.23564861968312	1.92084606446699
14.5	2.80842975760175	3.10253304751659	2.51276667875649
15.5	2.45282801770865	2.7181422688084	2.20557418010881
16.5	2.26924747055261	2.43824039213712	2.16387036523218
17.5	0.716149385040137	0.787938669007635	0.622935128497829
18.5	1.47121345565079	1.60520996495076	1.27327269475869
19.5	0.79516101869643	1.05696650133585	0.643028307317172
20.5	1.03166545200912	1.13387458313002	0.789515993615048
21.5	0.339162336055819	0.563864933251934	0.259276260298683
22.5	0	0.128375886913308	0
23.5	0	0	0
24.5	0.0408700006889443	0.18606654066824	0
25.5	0.236268700038233	0.366320587863751	0.112433361835319
26.5	0.503546427473451	0.583938033686919	0.436265952104095
27.5	1.13240041597976	1.19949670494654	1.0598840279026
28.5	0.842368683024715	0.995689286655369	0.618736270217748
29.5	1.40963474913871	1.67486707026355	1.23075125423839
30.5	1.53211882899235	1.66015786511042	1.36935973118389
31.5	2.21975866643125	2.40314829656283	2.08133159713887
32.5	3.37024176692673	3.48642773359518	3.24476793982722
33.5	3.13776164987009	3.3494876202003	2.89081482564202
34.5	2.90978411192299	3.12799013299617	2.70016496417688
35.5	2.41245212304668	2.55787963500091	2.31195253421148
36.5	2.51998218707163	2.77548275686511	2.33479823045318
37.5	3.09928791402559	3.25815461916975	2.84142990698126
38.1841765	0.894398261669661	0.978563873009797	0.787553491780798
