phys	rec.rate	upper	lower
0.5	0	15.013573674072	0
1.5	2.76355833042582	9.95646305605064	0
2.5	1.43315035924514	8.6911027643702	0
3.5	1.1222365642187	3.93506718495163	0
4.5	0	1.76662104815831	0
5.5	1.59840723585998	6.97600622287553	0
6.5	1.42557742238529	6.05682229565784	0
7.5	0.279648545261921	4.15620512576615	0
8.5	1.71758419565327	8.06620158127084	0
9.5	3.17479203185156	5.82555953233868	0.507918451983515
10.5	4.29718270277174	12.0051068825567	0
11.5	10.4075780175258	16.5808414644465	3.2045518770991
12.5	5.15982692311123	12.572882426501	0
13.5	0.103047237112226	4.23328104905388	0
14.5	0.1887563320077	2.46768406629902	0
15.5	0.658940322806118	2.19169725930645	0
16.5	0.951109762468723	2.32659745493267	0
17.5	0.720102298837707	2.22528231400927	0
18.5	0.415190447140284	1.34793523732177	0
19.5	0.171118341666021	0.824242512950638	0
20.5	0	0.74236596208752	0
21.5	0	0.676336468748605	0
22.5	0	0.633833542771374	0
23.5	0	0.631790951714955	0
24.5	0	0.68432548781027	0
25.5	0	0.764315769918987	0
26.5	0.166126497594685	0.896866040950306	0
27.5	0.404082167261088	1.07273501885206	0
28.5	0.787364985637441	1.17041910161492	0.151413360053907
29.5	1.28350370053686	4.28033303015436	0.591321275092995
30.5	0.903676519515481	1.39012490601578	0
31.5	0.743870842900446	1.173920284482	0
32.5	0.657545119308317	1.14065143832031	0.171788180781217
33.5	0.460149177208422	1.25949543577375	0
34.5	0.77653965628086	1.51946933443148	0
35.5	1.07054742394558	1.55767765802294	0.344394989267362
36.5	2.03128400767128	2.79534874099598	1.33030765818752
37.5	1.33614073758754	2.35314024005879	0.442618048945349
38.5	0.948000317853063	2.4480353722747	0
39.5	5.7051261981292	8.68140918547229	2.67109149954924
40.5	2.73216896910412	5.97141160355637	0
41.5	0	2.88564190237657	0
42.5	1.02195394049907	3.90600685299626	0
43.5	7.81419150687943	19.8766950459329	3.91392286437899
44.5	2.6731201728654	6.28252625122582	0
45.5	3.81892311207721	7.239982589758	1.69630151819271
46.5	2.56115574498597	4.37790730565295	1.15882170567949
47.5	3.45648023967309	13.926783612041	0.1724310735811
48.5	0	2.23363055865056	0
49.5	2.28497544369743	4.94315185590073	1.2231219159661
50.5	1.76683469344823	4.26621155150313	0
51.5	0.0431810844066801	1.71833140485407	0
52.5	3.6044806946068	7.96361324878347	0.661963089992496
53.5	4.55744712206744	7.94882324619439	0.357889509865754
54.5	5.83753561793448	8.49518879877392	3.36037082191826
55.5	2.40408631495777	3.99133384233373	1.37803374580492
56.5	0	1.78260213534735	0
57.5	2.04734086262043	5.21364496476113	0
58.5	8.80265291498259	12.5967967762546	3.11166813026539
59.5	0	2.39204754422588	0
60.5	2.0028484717763	8.23238973531086	0
61.5	2.250865702544	4.96484207456764	0
62.5	1.46792325889373	3.28514721833663	0
63.5	2.45036996206059	5.97678115155287	0.212811884673126
64.5	0.9780878531394	3.43623733196862	0
65.5	0.441859894626767	4.13363449052953	0
66.5	6.46428283493083	14.6014823047196	1.62720113388096
67.5	0	3.50746723563406	0
68.5	0	4.48289514200807	0
69.5	0.428500690402425	8.67169771691328	0
70.0750395	0	15.3184735161079	0
