phys	rec.rate	upper	lower
0.5	0.673099049912308	2.49485331211458	0
1.5	0.942059514165962	3.03625228793855	0
2.5	5.0808714847608	7.34918675421416	3.46210898231095
3.5	7.64990736687128	9.37113707948308	5.24129319747216
4.5	6.49860346186845	7.56589564783825	5.6871993812917
5.5	8.57286451156129	9.35161312556956	7.47199743542239
6.5	2.7814066168259	3.40665662928618	2.325470393215
7.5	1.34381648269698	1.9362086828291	0.844129726497574
8.5	5.47952552939534	5.90058267898149	5.02003924421828
9.5	2.37411427092587	2.66409181247626	2.12451231303613
10.5	0.918611607170983	1.25832432066348	0.448980289090469
11.5	0.635285488414173	0.999882712276259	0.261327708086238
12.5	1.59532832453712	2.02508947694649	1.19180758856402
13.5	4.20817730726964	4.67048478077855	3.57133682230194
14.5	5.20678336005293	5.81594305047811	4.53241968144416
15.5	4.31764639610023	5.02327896745304	3.70859123966103
16.5	8.19209439965551	8.70042580163757	7.67970972803851
17.5	4.50442360044987	5.0534771160038	4.03893450570363
18.5	4.13930594286286	6.65765502534715	3.28401712218512
19.5	6.56748351859826	9.31343101916319	3.23629992903157
20.5	4.4313309725117	6.3491414782306	2.53540653340984
21.5	2.79502238623586	4.78863915061735	1.43352799515414
22.358667	4.03736884325703	5.22604193753996	2.95327622441732
