phys	rec.rate	upper	lower
0.5	0	29.046711232444	0
1.5	0	4.9085663428879	0
2.5	1.47504028155979	12.7688823465713	0
3.5	3.31017712563418	17.412702994461	0
4.5	3.6273350752637	11.416091438497	0
5.5	3.15660508626588	8.0923587281675	0.575765729251134
6.5	2.16006032603336	8.46734127942771	0
7.5	0.642591206998602	6.01852595888053	0
8.5	0.107834054341626	1.66902068017397	0
9.5	1.79198306510497	2.50330034097484	1.04426004082032
10.5	1.22526759748986	2.46043617524636	0
11.5	1.0885568529309	2.68410189836976	0
12.5	3.99610822999212	5.99623238551533	2.30049629689805
13.5	2.04412556161904	3.71611371835639	0.421055980768523
14.5	0	0.344435552764311	0
15.5	0	0.123865626399475	0
16.5	0.0551413615481113	0.363604640039046	0
17.5	0.106138993382792	0.623198756878873	0
18.5	0.218507155041405	0.75505561399078	0
19.5	0.159380506459486	0.918961993251211	0
20.5	0	0.424515179214185	0
21.5	0.179602167050273	0.433605600120057	0
22.5	0.482940984039243	0.850397062455443	0.265967580479153
23.5	0.606704759494317	0.796185971460536	0.351052960801986
24.5	0.643773805149743	0.850114917208533	0.403386938818973
25.5	0.618776204931008	0.782332194331877	0.391557942842123
26.5	0.531712226835799	0.662872520379513	0.333348552199471
27.5	0.406359773600385	0.625917431265436	0.0259846226897426
28.5	0.359388888220432	0.670858987646746	0.0582365338083811
29.5	0.443004641052305	0.743118255269016	0.193953669227727
30.5	0.594604077628413	1.20287746473928	0.262780655752342
31.5	0.523943637612293	0.892224992710657	0.267534046902328
32.5	0.393238725591329	0.620276572824029	0.15487238671494
33.5	0.308369884149282	0.531145934855744	0
34.5	0.278953202665818	0.531001536902859	0
35.5	0.351131841497186	0.619013408437851	0.0758063355665404
36.5	0.541550199251985	1.17353381443064	0.231133623838053
37.5	0.536361702628616	0.749014392819004	0.335181784413867
38.5	0.347432255514461	0.66751845947069	0
39.5	0.22248419414692	0.597570404596103	0
40.5	0.216560101270674	0.519817888663876	0
41.5	0.251002715516742	0.555810961057488	0
42.5	0.28752171544818	0.619124060452587	0
43.5	0.274532519183389	0.740466403392587	0
44.5	0.218406257825393	0.651782830554514	0
45.5	0.185997640152503	0.416220042158689	0
46.5	0.186202832102596	0.465595525017499	0
47.5	0.218925839453931	0.579397504129695	0
48.5	0.284154680929614	0.665075578421854	0
49.5	0.373316430115806	0.785880110628633	0
50.5	0.46201118145596	0.92885559130163	0.11895217163331
51.5	0.533403830270579	0.990843478822984	0.205795981765736
52.5	0.569206878750792	1.03661585472274	0.230204930322572
53.5	0.565522748406597	1.07348096882634	0.252246383165757
54.5	0.538924994776151	1.11079063966992	0.269657813252005
55.5	0.499361530822961	1.07468858693411	0.282922521200313
56.5	0.446973006064406	0.933200455078236	0.286803506111817
57.5	0.3853362394898	0.69975370560209	0.269462980339969
58.5	0.325975578761499	0.493804637792254	0.21034973057337
59.5	0.27120755607807	0.38951315805924	0.141572498976163
60.5	0.221032171439512	0.357442933370758	0.0483834462259853
61.5	0.175449424845824	0.332030761060973	0
62.5	0.134459316297006	0.316561585177865	0
63.5	0.0980618457930584	0.299225153670541	0
64.5	0.0662570133339822	0.28003772694689	0
65.5	0.0390448189197753	0.262294025269597	0
66.5	0.0164446684805372	0.241909264625571	0
67.5	2.52783521186473e-06	0.219106663635971	0
68.5	0	0.194798170298667	0
69.5	0	0.169342424970223	0
70.5	0.00554163065886097	0.147719578604949	0
71.5	0.0233105654183702	0.13015398112611	0
72.5	0.0392453298854247	0.140223379754236	0
73.5	0.0519774491810102	0.16143460096939	0
74.5	0.060439504268045	0.186912303648226	0
75.5	0.0645071574466118	0.219653203184692	0
76.5	0.0642496128308099	0.225236205742942	0
77.5	0.0596680988458527	0.202148067549091	0
78.5	0.0517146367794042	0.179984501542111	0
79.5	0.0433002234740724	0.160541576473497	0
80.5	0.0349911516991167	0.153242342859841	0
81.5	0.0267874214545349	0.145972362711516	0
82.5	0.0186890327403292	0.135699715237773	0
83.5	0.0106959855564972	0.113224492831141	0
84.5	0.00280827990304179	0.0906100848579084	0
85.5	0	0.077273744028472	0
86.5	0	0.0552922915729514	0
87.5	0	0.0391267939933904	0
88.5	0	0.0306945590932247	0
89.5	0	0.0332412367891546	0
90.5	0	0.0332634537563773	0
91.5	0	0.0371519553622967	0
92.5	0	0.044369273560247	0
93.5	0	0.0541780112101717	0
94.5	0	0.0614458162097073	0
95.5	0	0.0527304664544791	0
96.5	0	0.0520002583848777	0
97.5	0	0.0478701356289644	0
98.5	0	0.0405359279750616	0
99.5	0.00207986473501872	0.0513064227780882	0
100.5	0.00573319917088857	0.0700334075203096	0
101.5	0.00931215718074377	0.0960254962112104	0
102.5	0.0137875183825866	0.108299036680163	0
103.5	0.0197441822135178	0.109290885800141	0
104.5	0.025507219559583	0.0998554693164672	0
105.5	0.0305487833919236	0.0914388774424351	0
106.5	0.03488638060457	0.0919537904775515	0
107.5	0.0385247577774554	0.0927024091315657	0
108.5	0.0414639149974378	0.0944641005697519	0
109.5	0.0437038522645149	0.0984044669093564	0
110.5	0.0452445695786885	0.109954854979841	0
111.5	0.0460860669399573	0.11164288558025	0
112.5	0.0462284097130251	0.112663821945626	0
113.5	0.0456868489833468	0.112009272417388	0
114.5	0.0445082476105288	0.107676718007303	0
115.5	0.042793157298396	0.103639831674837	0
116.5	0.0405870116537081	0.0989016761529417	0
117.5	0.037890084964791	0.0949168358004812	0
118.5	0.0347023772316471	0.0883277033835689	0
119.5	0.0310571473788895	0.0788812966662435	0
120.5	0.0272128062863894	0.0739229795493234	0
121.5	0.0232902982411312	0.0714957537446196	0
122.5	0.019306435374972	0.0674213174465821	0
123.5	0.0153619524021076	0.0632926007695749	0
124.5	0.0114956791066488	0.0585194963092929	0
125.5	0.00770769766702242	0.0534312028954282	0
126.5	0.00399800808322638	0.0504217808484615	0
127.5	0.000366610355261457	0.0451743503785645	0
128.5	0	0.0411310920950651	0
129.5	0	0.0353682784679812	0
130.5	0	0.0340432415560732	0
131.5	0	0.0323827562331386	0
132.5	0	0.0320472097294648	0
133.5	0	0.0326661890072248	0
134.5	0	0.0338372551161079	0
135.5	0	0.0343559965005037	0
136.5	0	0.0354317982922245	0
137.5	0	0.0382401859282838	0
138.5	0	0.0409710483036118	0
139.5	0	0.0444137681457704	0
140.5	0	0.0523799640630651	0
141.5	0	0.0604407053132013	0
142.5	0.000177739182790077	0.0711283956035866	0
143.5	0.00400139299411208	0.0881331015879954	0
144.5	0.00742147254323372	0.0958377828196159	0
145.5	0.0100355999865753	0.104813581395804	0
146.5	0.0117747417664758	0.103230947822996	0
147.5	0.0126887460539726	0.103870297192986	0
148.5	0.0128118834650031	0.100325352545624	0
149.5	0.0121448278600327	0.089359110289057	0
150.5	0.0106875792390601	0.0768858958933344	0
151.5	0.00844013760208688	0.0679978878216717	0
152.5	0.00541045252137955	0.0579029406133698	0
153.5	0.00204900957937699	0.0502607677602493	0
154.5	0	0.0463855618991536	0
155.5	0	0.043624454294426	0
156.5	0	0.0406061764545571	0
157.5	0	0.0350633691180489	0
158.5	0	0.0325413067528465	0
159.5	0	0.0306858446593527	0
160.5	0	0.028832279699674	0
161.5	0	0.027618475893474	0
162.5	0	0.0277663567356813	0
163.5	0	0.0275258174445815	0
164.5	0	0.0275401457322484	0
165.5	0	0.0263285502778805	0
166.5	0	0.0252707732222765	0
167.5	0	0.0260528744651378	0
168.5	0	0.0270387399278782	0
169.5	0	0.0277199953276355	0
170.5	0	0.0292282274123002	0
171.5	0	0.0307354660721842	0
172.5	0	0.0330890804712363	0
173.5	0	0.0326796069329905	0
174.5	0	0.0343441303000196	0
175.5	0	0.0346139878908227	0
176.5	0	0.03550581053064	0
177.5	0	0.0366613346114597	0
178.5	0	0.0382989998209632	0
179.5	0	0.038096912645431	0
180.5	0	0.0368537550362936	0
181.5	0	0.0359087620140588	0
182.5	0	0.0328464911628266	0
183.5	0	0.0303255146602016	0
184.5	0	0.0300266304330185	0
185.5	0	0.0303753747807867	0
186.5	0	0.0296558032463052	0
187.5	0	0.0274262589090172	0
188.5	0	0.0273466019501111	0
189.5	0	0.0256293236435111	0
190.5	0	0.0229436608128966	0
191.5	0	0.0205776679571365	0
192.5	0	0.020459543599949	0
193.5	0	0.0195355278588954	0
194.5	0	0.0190886050246268	0
195.5	0	0.0192960101084953	0
196.5	0	0.0219870343507017	0
197.5	0	0.023976301521364	0
198.5	0	0.0264839342395037	0
199.5	0	0.0292087566851855	0
200.5	0	0.0308579914845756	0
201.5	0	0.0301168075116024	0
202.5	0	0.0244114711603869	0
203.5	0	0.0218638737339605	0
204.5	0	0.0210701864219818	0
205.5	0	0.0198547861297889	0
206.5	0	0.0184109533884628	0
207.5	0	0.019628341054098	0
208.5	0	0.0216218237090207	0
209.5	0	0.0239838769754721	0
210.5	0	0.0257245751343445	0
211.5	0	0.0276609255938691	0
212.5	0	0.0289382619751278	0
213.5	0	0.0322582505406466	0
214.5	0	0.0343095894800218	0
215.5	0.000388077444501029	0.0362612311105679	0
216.5	0.00182330761637683	0.0380344617254197	0
217.5	0.00341670793508642	0.0392590450763887	0
218.5	0.00516827840062825	0.040425018280632	0
219.5	0.00707801901300464	0.0414793461701578	0
220.5	0.0091459297722133	0.0417156392132323	0
221.5	0.0113720106782563	0.0421766163125156	0
222.5	0.0137562617311315	0.0424495850569656	0
223.5	0.0162986829308411	0.0432557469071891	0
224.5	0.0189992742773838	0.0435362778511658	0
225.5	0.0218580357707596	0.0436994941728335	0.00220142880435859
226.5	0.0248749674109688	0.0471546494596351	0.00524386181001191
227.5	0.0280500691980117	0.0523975058245314	0.00822104082359978
228.5	0.0313833411318875	0.0588346612513014	0.0107992154785871
229.5	0.0348747832125966	0.0689020045476409	0.0129130924062137
230.5	0.0385243954401395	0.0793267802593713	0.0145476555855314
231.5	0.0423321778145156	0.0895485272295135	0.0148469937758531
232.5	0.0462981303357244	0.101945481287581	0.0130972410668889
233.5	0.05041946157962	0.114756295823874	0.0104615483690822
234.5	0.0541908370463611	0.125029783267756	0.00498368408025023
235.5	0.0565245457990546	0.126684821688491	0.000505053561708025
236.5	0.0571803538944776	0.123162932866858	0
237.5	0.0551294363442211	0.112792561506978	0
238.5	0.0497618828605829	0.0961382969494382	0
239.5	0.0410172568902808	0.0930490607502268	0
240.5	0.0269038240104048	0.0893045033061389	0
241.5	0.0030068781537554	0.0681297520086586	0
242.5	0	0.0567340798361702	0
243.5	0	0.0485855371971606	0
244.5	0	0.0531615819942925	0
245.5	0	0.0560418224825175	0
246.5	0	0.0497242922124422	0
247.5	0	0.0428261287337212	0
248.5	0.00780404762691067	0.0367671662464767	0
249.5	0.0179338307857738	0.0389530744016428	0
250.5	0.0268440834371638	0.0559520774371336	0
251.5	0.0345348055810785	0.0705441196018979	0
252.5	0.0410059972175206	0.081874779384731	0
253.5	0.0460575999034195	0.0892511232979514	0
254.5	0.0488337213795138	0.0922846581022974	0
255.5	0.0491055196159728	0.0945521977531413	0
256.5	0.0468729922038158	0.0937808851942988	0
257.5	0.042136139143041	0.0867352837546637	0
258.5	0.0348884745424289	0.0752551516362217	0
259.5	0.0255661864870429	0.0616918133055199	0
260.5	0.0163643403827722	0.0477740369463934	0
261.5	0.00786141964004159	0.0369918318759824	0
262.5	0.000766997963174013	0.0273884055931258	0
263.5	0	0.0175239924302017	0
264.5	0	0.00981641766442536	0
265.5	0	0.00686735129397728	0
266.5	0	0.00837598023196513	0
267.5	0	0.0145046156316228	0
268.5	0	0.0174722443407624	0
269.5	0	0.0154560154025052	0
270.5	0	0.0128280555741787	0
271.5	0.000436442012178205	0.0116062747532348	0
272.5	0.00110113598585633	0.0120164589535745	0
273.5	0.00155608551791952	0.0126560197111061	0
274.5	0.00180129060836953	0.01344972544632	0
275.5	0.00183677079013862	0.013896839195834	0
276.5	0.00167035605215682	0.0167446614339875	0
277.5	0.00132186354876325	0.0189321160794799	0
278.5	0.000838109670864164	0.0214349010746321	0
279.5	0.000375735360456417	0.0236509113207621	0
280.5	0.000130744259976204	0.0224230375111631	0
281.5	0	0.0201832068737097	0
282.5	0	0.0183704036156229	0
283.5	0	0.015786854167901	0
284.5	0	0.0201468021697895	0
285.5	0	0.0379173394443034	0
286.5	0	0.0413984463427681	0
287.5	0.0102927412181765	0.0910463802270975	0
288.5	0.0423937910407618	0.112409747464267	0
289.5	0.0506554768910657	0.125612851338953	0
290.5	0.0427087152659246	0.135631122140306	0
291.5	0.0246805221545635	0.0930842133833803	0
292.5	0.0063418125071345	0.0718941436082648	0
293.5	0	0.0496377885602548	0
294.5	0	0.0348069597512394	0
295.5	0	0.0513296464627217	0
296.5	0	0.0731439643843931	0
297.5	0.0182241153336058	0.102924350985193	0
298.5	0.0478511489248518	0.132610634455206	0
299.5	0.0799679090359078	0.169959350654353	0.0108485050363857
300.5	0.107586137804121	0.203017628220807	0.0313675688960439
301.5	0.12622988153143	0.237755011004301	0.0489709207769195
302.5	0.135010051367672	0.236109351196336	0.0635441263620097
303.5	0.138418274084954	0.221579192782844	0.0756484942421544
304.5	0.139427388312194	0.215445171384233	0.0777015048737642
305.5	0.138225218474383	0.210349852264331	0.0813683863660877
306.5	0.134811764571524	0.199617170813647	0.0809850657883883
307.5	0.12924075715888	0.179243133112008	0.0763364184018085
308.5	0.12242856919611	0.164529704713508	0.0737734498574751
309.5	0.115142933887888	0.157461957006806	0.06927904043824
310.5	0.107407561639565	0.152670135842582	0.0584050420907232
311.5	0.0992224524511417	0.145802499100311	0.0480506358638642
312.5	0.0905876063226251	0.139018423000858	0.0346816207340746
313.5	0.081503187660135	0.129689440146332	0.0223610242489746
314.5	0.0721384287371644	0.122523165803865	0.00984335595731434
315.5	0.0631508462264958	0.116116100984768	0.000303461523472315
316.5	0.0547403687686242	0.110692746020635	0
317.5	0.0469078215401552	0.103187888598469	0
318.5	0.0396532045410858	0.0986671271175497	0
319.5	0.0329788549468282	0.0924490087982798	0
320.5	0.0269639551138116	0.0892218953581415	0
321.5	0.0217050791613402	0.0867626933533485	0
322.5	0.0172080856622996	0.0797053427358875	0
323.5	0.0134729746166893	0.0739641048962927	0
324.5	0.0104997460245091	0.0696548570337303	0
325.5	0.00828839988575781	0.062398001863542	0
326.5	0.00683893620043792	0.0561150922261199	0
327.5	0.00615135496854743	0.0527308494601788	0
328.5	0.00622565619008738	0.0541346145713382	0
329.5	0.00706183986505662	0.0514088106106555	0
330.5	0.00865990599345665	0.0537932323791967	0
331.5	0.0110198545752862	0.0627579421494951	0
332.5	0.0141605477160311	0.0783106722412873	0
333.5	0.0181596014271764	0.0914299015395928	0
334.5	0.0230369770869732	0.104468653663762	0
335.5	0.0288247885381579	0.121529949696475	0
336.5	0.0357465816786149	0.146068210633874	0
337.5	0.0438034978071528	0.171257246433559	0
338.5	0.0523805086748475	0.201589745673592	0
339.5	0.0604971939107811	0.190834720399928	0
340.5	0.0683770396407637	0.179154120271824	0
341.5	0.0760312506178918	0.168347181743648	0
342.5	0.0834598268421678	0.158641818336366	0
343.5	0.0906627683135922	0.156156302552889	0
344.5	0.0976400750321611	0.156148804807609	0.0132336029550808
345.5	0.10439174699788	0.160415624960025	0.0278707651546554
346.5	0.110917784210739	0.167236381850035	0.0335925746322992
347.5	0.117218186670753	0.173572309479549	0.0465692532146946
348.5	0.123292954377909	0.182112665325153	0.0538014642079794
349.5	0.129142087332214	0.193541125637422	0.0569127333218496
350.5	0.134765585533664	0.208191072194457	0.0662726655622499
351.5	0.140163448982261	0.221078420845393	0.0754737847621826
352.5	0.145335677678007	0.232214489681003	0.0839637005351594
353.5	0.150282271620899	0.237965521286836	0.0882025046988135
354.5	0.155003230810937	0.246338317269551	0.0909932988235047
355.5	0.159498555248122	0.251011054445119	0.0948833505358042
356.5	0.163768244932451	0.255357359615721	0.0992043457786812
357.5	0.167812299863935	0.258575276984213	0.101718754282067
358.5	0.171630720042559	0.264754554004279	0.103706971875134
359.5	0.175223505468331	0.276709023462229	0.101073501607603
360.5	0.178619581980048	0.286491548537004	0.0927680725828322
361.5	0.18199245884533	0.296426310564828	0.0835915407704178
362.5	0.185413315217366	0.308859770634058	0.0776536403169889
363.5	0.188895860167184	0.318845358244784	0.0756139443551522
364.5	0.19244170910642	0.322355056152405	0.0736451546507935
365.5	0.196050862035071	0.330339261393843	0.0753069821124065
366.5	0.199723318953133	0.34063429367346	0.0801143457544796
367.5	0.203459079860624	0.354872844171217	0.0835726644348638
368.5	0.207258144757525	0.371602534125516	0.0900378282586504
369.5	0.21105608766755	0.392963142799983	0.0969174294176209
370.5	0.214469667777792	0.398214756737345	0.104424175331768
371.5	0.217082927154187	0.425292903802894	0.110149113537359
372.5	0.218336847584183	0.432381597415034	0.117115864849469
373.5	0.217941668297259	0.415093493232283	0.118643378771524
374.5	0.215877019852679	0.4097085689996	0.119364145533515
375.5	0.212165349071553	0.386816564593961	0.111234297019998
376.5	0.207352177762782	0.362811087850324	0.0865233786735566
377.5	0.2019997872052	0.347809979221626	0.0578733109493461
378.5	0.196133977076038	0.31192958592196	0.0314391612069109
379.5	0.189754747375306	0.284592401131457	0.0146481186997509
380.5	0.182862098102995	0.306019889465073	0
381.5	0.175456625025834	0.335247902949481	0
382.5	0.168404486310363	0.365432938908883	0
383.5	0.164310213788716	0.373382669460987	0
384.5	0.163661662699477	0.361671508718591	0
385.5	0.166233971965099	0.356850589351793	0
386.5	0.170571774607421	0.348655312907371	0
387.5	0.173838570713445	0.427192193335027	0
388.5	0.15607476958466	0.59801739992575	0
389.5	0.0624052548625141	0.363422526686472	0
390.5	0	0.220525520687728	0
391.5	0	0.084908441728553	0
392.5	0.0700752160930636	0.176852890104463	0
393.5	0.175118287299415	0.307384800560843	0.101549949379986
394.5	0.130912299900646	0.229208922999251	0.0502330781875207
395.5	0.148930041956836	0.248007627119228	0
396.5	0.192389864593026	0.246709365418616	0.0900982963753741
397.5	0.229553104463599	0.264286340069887	0.167951221781536
398.5	0.260084857559284	0.288835983431267	0.216828619395298
399.5	0.283985123880079	0.32296627797025	0.236912239129885
400.5	0.301253903425984	0.355690259590994	0.247686749611771
401.5	0.311891196196998	0.373822984874869	0.254611791874527
402.5	0.315897002193129	0.385172642371464	0.261302614394695
403.5	0.31327132141437	0.380290617893215	0.263482406972743
404.5	0.304776213522844	0.366470795781578	0.246919572043667
405.5	0.296805613905544	0.365865791099306	0.241441236935273
406.5	0.295357994003504	0.367057950218003	0.252202657189045
407.5	0.307114230885224	0.371996810900017	0.243665325839067
408.5	0.343880092019745	0.399086073588086	0.292951989934195
409.5	0.383085464874322	0.467588472434258	0.286768960840358
410.5	0.361573718578777	0.469193472240514	0.240852281843845
411.5	0.282858638697261	0.384761484275009	0.172239758150193
412.5	0.18402744729054	0.268524793218407	0.0830605850606887
413.5	0.0916938831865496	0.191064440621073	0
414.5	0.0594806818717847	0.237751913784421	0
415.5	0.303613564657166	0.400460347676939	0.163775157762449
416.5	0.437136150727405	0.571251525161687	0.283783083738779
417.5	0.422448678526609	0.768267860507737	0.208695341135662
418.5	0.331595746400671	0.44329109568221	0.186080408411023
419.5	0.124963296245809	0.36388086839079	0
420.5	0.0841595168364326	0.288603029606579	0
421.5	0.128134466033185	0.327922863524455	0
422.5	0.244979687185535	0.458781928991396	0.129740995637416
423.5	0.355425347660046	0.527228186544401	0.0847883509768177
424.5	0.235596732427012	0.454309689553123	0.0107585612320779
425.5	0.0276984635879747	0.13865781573781	0
426.5	0	0.0483809141820085	0
427.5	0	0.0288397120837106	0
428.5	0	0.0761199461830326	0
429.5	0.00423433420921871	0.0957771203382455	0
430.5	0.0175131963549088	0.0900749834508446	0
431.5	0.0188478708939891	0.0793412742312766	0
432.5	0.0148198564878114	0.0917399374982796	0
433.5	0.015305017633671	0.106554241678964	0
434.5	0.0238059149959758	0.120260722278722	0
435.5	0.0348329508228337	0.114982675794462	0
436.5	0.0460564645315179	0.146408565510913	0
437.5	0.0615624121359748	0.282677172183969	0
438.5	0.228665266742896	0.525329313588279	0
439.5	0.78701576752193	1.01952199008141	0.583370078049731
440.5	1.13152833056118	1.51021415584952	0.886701522452298
441.5	1.16521556515285	1.49176622536719	0.968096489127193
442.5	1.04861711124171	1.24139936157098	0.844315540964239
443.5	0.86259206453506	1.10202661606755	0.597896447388816
444.5	0.623403935666143	0.875100108871214	0.338571444282794
445.5	0.357719313470619	0.54337544148303	0.117358872578842
446.5	0.0699860678834018	0.269226495377806	0
447.5	0	0.190459197884457	0
448.5	0	0.21988951692704	0
449.5	0.522832392493298	0.921964098749857	0.190288138303809
450.5	1.07216179431451	1.58129195996309	0.689989560035463
451.5	1.19920191102538	1.57640594481135	0.810061781102038
452.5	1.25047216753721	1.98617764133529	0.772400200419123
453.5	0.418659545760017	0.816139085987667	0.0164904454794655
454.5	0.370782619990606	0.792733030724256	0
455.5	0.7147506881723	1.0059583987908	0.328833493199201
456.5	0.716444127616421	1.03407374009429	0.364022911446887
457.5	0.406226640970627	0.776878685165262	0.0380053142730272
458.5	0.548926765747752	0.889242614085557	0.147279793846528
459.5	1.09062393586677	1.71529156205455	0.72344257419038
460.5	1.19663179646513	1.5731136733187	0.88349873239504
461.5	1.00523028806541	1.39212123920809	0.557075532811185
462.5	0.89302919224645	1.26301483503695	0.286816014281175
463.5	0.952848337015328	1.13791802945751	0.721996537378273
464.5	0.958401663926763	1.30193283656092	0.722667731012306
465.5	0.847681018602109	1.16474653380045	0.552325026652265
466.5	0.537326333361555	0.894920816412848	0.243185270179617
467.5	0.39345548954767	0.589712004470414	0.153708554815948
468.5	0.49340301166188	0.776193049422671	0.253672667088371
469.5	0.65176103216557	0.948004892788116	0.422457501919706
470.5	0.849770402386695	1.12896747894461	0.625128138597998
471.5	1.08102254209991	1.34557663476529	0.873264651440535
472.5	1.24255670277284	1.55762302630544	0.952245929546791
473.5	1.16764180017487	1.49438525023956	0.670748252454819
474.5	1.02275654728756	1.28954240250052	0.586485818682361
475.5	0.971148711780863	1.1633279162191	0.774352049492674
476.5	0.985345949279566	1.21774771390322	0.787455415917063
477.5	1.0657666422841	1.36392184154817	0.846208287424955
478.5	1.16926121283384	1.52991884049166	0.908008265910593
479.5	1.16212682054677	1.44064661016138	0.906159928860238
480.5	1.06976324823564	1.30850170635807	0.766335262346704
481.5	0.935286916142627	1.19587038510283	0.720566925462934
482.5	0.721014300443644	0.993054837959662	0.398526558444214
483.5	0.529508785851704	0.931333140207607	0.0270802896383444
484.5	0.798973101693871	1.22095594790926	0.536826541047034
485.5	1.53908114867106	1.87206722849342	1.27647615200162
486.5	2.55079242495328	2.9773572021335	2.05748772368868
487.5	3.08432845297497	3.35337929057495	2.60373790148469
488.5	2.60528882676297	3.24787369425135	2.04356034725704
489.5	1.0283868305725	1.39355396271339	0.664458720407656
490.5	0.29840425645848	0.756406986407898	0
491.5	0.485944959215732	0.769578853083875	0.214100846030161
492.5	1.1304431238914	1.68851203252619	0.713339370317132
493.5	1.1350641658591	1.3595375438408	0.794734150816388
494.5	0.941562758869856	1.19389550908375	0.640959967389472
495.5	0.623307293832362	1.04563882132123	0.343568319103616
496.5	0.275456014689754	0.65998933302372	0.00843764101675966
497.5	0.753908032552412	1.05328574302287	0.242612072918463
498.5	1.79923098377696	2.23744775874266	1.26616168362205
499.5	0.663446757797524	2.09614992312583	0
500.171619	0	2.41590888230692	0
