phys	rec.rate	upper	lower
0.5	4.11328864990861	6.43024617037838	2.42457099433464
1.5	4.11328864990861	6.43024617037839	2.42457099433464
2.5	4.31353178099455	6.45446537990849	2.64880621888956
3.5	4.51807759675746	5.64348104788269	3.38079737108203
4.5	3.35211527078643	3.9400528208794	2.94907406515505
5.5	2.19960607063729	3.03043750323217	1.53760494487964
6.5	1.12416205892467	1.86218987984684	0.405791707178837
7.5	0.261000547463894	0.837456681556302	0
8.5	0	0.206123392287454	0
9.5	0	0.259369908085011	0
10.5	0.0724278416615627	0.754011949872413	0
11.5	0.674947314115236	1.31115870368484	0.16237496214041
12.5	1.16123879435222	1.6872079323203	0.723899694414651
13.5	1.48178754546573	1.78318248546354	1.08483033193125
14.5	1.65678572407903	2.02980670117597	1.27788150488114
15.5	1.69275051205458	2.11738931602912	1.27701730546885
16.5	1.59069863235683	1.99358841445768	1.13246708285621
17.5	1.36864316881302	1.77724472087817	0.923817657353495
18.5	1.08240672144088	1.52564055343877	0.64437086199695
19.5	0.768662994306681	1.1823780637269	0.358347681765742
20.5	0.451338542865949	0.877929798024868	0.0794532772541415
21.5	0.13852697325482	0.490486116953926	0
22.5	0	0.331773017212523	0
23.5	0	0.357076948933075	0
24.5	0	0.45732386267909	0
25.5	0	0.525956197495015	0
26.5	0.154371399997121	0.594998836273685	0
27.5	0.320771203312153	0.660084971955426	0
28.5	0.471470149723438	0.714666956440661	0.159518465729638
29.5	0.606468239230977	0.774396454916004	0.377674415512368
30.5	0.725765471834773	0.852608197556201	0.566820040464667
31.5	0.829361847534822	0.932237459955902	0.655631052505388
32.5	0.917257366331123	1.01680174660994	0.690019392402735
33.5	0.989452028223682	1.10665290255659	0.721023050900105
34.5	1.04594583321249	1.19803016964158	0.74864202799748
35.5	1.08673878129756	1.28143698849367	0.772876323694864
36.5	1.11183087247888	1.33731981191322	0.793725937992255
37.5	1.12122210675646	1.37056829678908	0.803274681178309
38.5	1.11491248413028	1.37901520360422	0.805850132233002
39.5	1.09290200460037	1.36246055058048	0.794974001097826
40.5	1.05519066816671	1.32187083801999	0.781648212901095
41.5	1.0017784748293	1.26314243134621	0.751405743378667
42.5	0.932665424588143	1.1907561166968	0.702959637386803
43.5	0.847851517443244	1.10160659305658	0.639859024113386
44.5	0.7473367533946	0.996494429455485	0.563331959280356
45.5	0.631121132442213	0.866471477821151	0.441525651332553
46.5	0.499204654586073	0.816064603966799	0.297600037667986
47.5	0.35154167955209	0.798130693560389	0.144505722760256
48.5	0.183359724679492	0.608534867583514	0
49.5	0.0120116302406181	0.222507558886209	0
50.5	0	0.0828043420625551	0
51.5	0	0.145730882685311	0
52.5	0	0.0865082952518302	0
53.5	0.0182861951049802	0.173545144263604	0
54.5	0.0978742245722931	0.268389272465948	0
55.5	0.176133506192961	0.336219214111082	0
56.5	0.245672122382041	0.383362714885049	0.00560291336392957
57.5	0.299972529379756	0.422317314514996	0.0666436355502832
58.5	0.338641781120551	0.443140281282302	0.150202289936097
59.5	0.361679877604424	0.453271026489407	0.235333038497914
60.5	0.369086818831379	0.469415948460175	0.298695798182925
61.5	0.360862604801414	0.533219029002577	0.226365411634848
62.5	0.336449913225398	0.690826475503363	0.138967415718477
63.5	0.277490205063998	0.721755085439135	0.0289363179978729
64.5	0.161283677839894	0.506855638465808	0
65.5	0.0245969762170347	0.25334653227932	0
66.5	0	0.0894094398082916	0
67.5	0	0.0617550007283214	0
68.5	0.0147188807713411	0.162704114855816	0
69.5	0.0122066042258368	0.125868675475007	0
70.5	0.00505193450925859	0.0987585762208907	0
71.5	0	0.101825953322327	0
72.5	0	0.238232502782236	0
73.5	0.138921645261447	0.471815165428739	0
74.5	0	0.291796769028692	0
75.5	0	0	0
76.5	0	0	0
77.5	0	0	0
78.5	0	0.0535065314992031	0
79.5	0.179122259018122	0.8986525818313	0
80.5	0.908563297015787	1.63092806156692	0.184886156535795
81.5	1.12814852527473	1.77012137165099	0.506871629301888
82.5	0.801899626076793	1.18446150600039	0.410472254622211
83.5	0.32982324033447	0.773228506382214	0
84.5	0	0.43173615478895	0
85.5	0	0.134407819754839	0
86.5	0	0.247955485468238	0
87.5	0	0.200084448619702	0
88.5	0	0.159671429164245	0
89.5	0.0344874395359224	0.190796884117828	0
90.5	0.139544354395922	0.297160795095094	0
91.5	0.252475787109014	0.393318742048361	0.0811651333345219
92.5	0.322288330686932	0.493480761256314	0.180987497478388
93.5	0.319234971531129	0.495620106793737	0.202848240856169
94.5	0.246696939098701	0.401776307080672	0.151776032362724
95.5	0.142638756494275	0.291496796182499	0.0316896865255535
96.5	0.0556326569821905	0.259327695705056	0
97.5	0.0134834993495274	0.200442650882226	0
98.5	0.00436039095934852	0.145857069134883	0
99.5	0	0.0968710585161711	0
100.5	0	0.0534613358785933	0
101.5	0	0.0205195124854223	0
102.5	0	0.00351220411605036	0
103.5	0	0.0175101187807098	0
104.5	0	0.0378213952254665	0
105.5	0	0.0542898259751171	0
106.5	0	0.0661071720930506	0
107.5	0	0.0738545143385387	0
108.5	0	0.0777275725835698	0
109.5	0	0.0770361767718096	0
110.5	0	0.0729173836748462	0
111.5	0.0021024613541573	0.0652446289239195	0
112.5	0.00563822253454681	0.0546206926634525	0
113.5	0.00851539252073927	0.0460126339766988	0
114.5	0.0105344724986377	0.0532118072115504	0
115.5	0.00717152375604982	0.0473618371866971	0
116.5	0	0.0262010956873819	0
117.5	0	0.0151488806862886	0
118.5	0	0.029762427270793	0
119.5	0.000749598420121416	0.0247737505001806	0
120.5	0.00330824797005583	0.0179341010851834	0
121.5	0.00148362591432232	0.0148329527154479	0
122.5	0	0.00936716967643747	0
123.5	0	0.00500574834543954	0
124.5	0	0.00642970447428546	0
125.5	0.000553043833098457	0.00550985150529844	0
126.5	0.00154228632571112	0.00825908495989206	0
127.5	0.000760969096794852	0.00657455716558299	0
128.5	0	0.00636491347254679	0
129.5	0	0.00933982066724556	0
130.5	0.000212500050090867	0.0174345862777135	0
131.5	0.0072471460965761	0.0280404082185287	0
132.5	0	0.03112302229266	0
133.5	0	0.00478433739305238	0
134.5	0	0.0597523696974132	0
135.5	0.084540322528097	0.147081070441249	0.0213617680131879
136.5	0.157285038949908	0.229385361737335	0.104092768735481
137.5	0.167147296490699	0.207270393999588	0.122523155102195
138.5	0.146002703642149	0.204755379830684	0.0776210768537812
139.5	0.126323462187792	0.178294118896638	0.0449712980413715
140.5	0.111806590093173	0.148467713794784	0.0747848902350894
141.5	0.0892821236248157	0.118816044329812	0.0665534297757651
142.5	0.0594586497231605	0.0979143885099986	0.029403094490889
143.5	0.0296369106873978	0.0640185811332678	0
144.5	0.00504085339470024	0.0353322513673584	0
145.5	0	0.0127544789603417	0
146.5	0	0.0122676553353836	0
147.5	0	0.0143751588567829	0
148.5	0	0.0109051455194919	0
149.5	0.000618228633336528	0.020224200224821	0
150.5	0.00564552568703704	0.0231541002305452	0
151.5	0.00947318331099929	0.0301767754577284	0
152.5	0.0117531504461117	0.0308853265549194	0
153.5	0.0128698038502374	0.0299147754184265	0
154.5	0.0132362889325447	0.028958482149307	0
155.5	0.0132646312193332	0.0280164515233489	0
156.5	0.0131109128343313	0.0270886835405401	0
157.5	0.0129179600138443	0.0261751782008664	0
158.5	0.0127266898332461	0.0252759355043611	0
159.5	0.0125371725342264	0.02439267221809	0
160.5	0.0123494081167809	0.0236000933457252	0
161.5	0.0121633965809188	0.0228189519370366	0
162.5	0.0119791379266353	0.0220492479920587	0
163.5	0.0117966321539305	0.0212909815107526	0
164.5	0.011615879262807	0.0205449345956376	0
165.5	0.0114368792532614	0.0198165729703149	0
166.5	0.0112596321252936	0.0190994891016855	0
167.5	0.0110841378789067	0.0183936829897043	0
168.5	0.0109103965141002	0.0177140606729051	0
169.5	0.0107384080308707	0.0171016782571764	0
170.5	0.0105681724292218	0.0164990093145571	0
171.5	0.0103996897091504	0.0158384279481007	0
172.5	0.0102329598706596	0.0151191217594201	0
173.5	0.0100679829137503	0.0144993030596726	0
174.5	0.00990475883841597	0.0139754929046953	0
175.5	0.00974328764466527	0.0136306322841637	0
176.5	0.00958356933249149	0.013169354837477	0
177.5	0.00942560390189598	0.0128164424828084	0
178.5	0.00926939135288109	0.0126171942859926	0
179.5	0.00911493168544489	0.0127044627522114	0
180.5	0.00896222489959072	0.0125585267025503	0
181.5	0.00881127099531071	0.0123808368755036	0
182.5	0.00866206997261607	0.0122043661358861	0
183.5	0.00851462183149458	0.0120291144836374	0
184.5	0.00836892657195662	0.0118550819188359	0
185.5	0.00822498419399544	0.0116986490726671	0
186.5	0.00808279469761736	0.0115622164619964	0
187.5	0.00794235808281357	0.0114271834911685	0
188.5	0.00780367434959324	0.01131902589403	0
189.5	0.00766674349794897	0.0112727406409629	0
190.5	0.00753156552788461	0.011226768978694	0
191.5	0.00739814043940221	0.0111790709102642	0
192.5	0.00726646823249581	0.011183289235626	0
193.5	0.0071365489071713	0.0112444326133241	0
194.5	0.00700838246342521	0.0113011417523012	0
195.5	0.00688196890125695	0.0113515843851053	0
196.5	0.00675730822066903	0.0113957605117154	0
197.5	0.00663440042166044	0.0114336701321742	0
198.5	0.00651324550423233	0.0114653132464468	0
199.5	0.00639384346838185	0.0114906898545394	0
200.5	0.00627619431411112	0.0115097999564421	0
201.5	0.00616029804141981	0.0115226435521867	0
202.5	0.00604615465030662	0.0115292206417584	0
203.5	0.00593376414077547	0.0115295312251293	0
204.5	0.00582312651282109	0.0115235753023313	0
205.5	0.00571424176644648	0.0115113528733611	0
206.5	0.00560710990165198	0.0114928639382077	0
207.5	0.00550173091843604	0.0114681084968817	0
208.5	0.00539810481680036	0.0114370865493725	0
209.5	0.00529623159674209	0.0114004246493184	0
210.5	0.00519611125826593	0.0113893823831388	0
211.5	0.00509774380136434	0.0113743071235824	0
212.5	0.00500112922604771	0.0113551988707005	0
213.5	0.00490626753230757	0.0113320576244486	0
214.5	0.00481315872014747	0.0113048833848426	0
215.5	0.00472179649035191	0.0112736761518691	0
216.5	0.00463207494406959	0.0112384359255758	0
217.5	0.00454390616160964	0.0111991627058994	0
218.5	0.00445728747865722	0.011155856492871	0
219.5	0.00437221889521929	0.0111085172864989	0
220.5	0.00428870041129315	0.0110571450867679	0
221.5	0.00420673202687517	0.0110017398936824	0
222.5	0.00412631374196877	0.0109423017072346	0
223.5	0.00404744555657558	0.010878830527457	0
224.5	0.00397012747069127	0.0108113263542881	0
225.5	0.00389435948432016	0.0107397891877903	0
226.5	0.00382014159745943	0.0106642190279435	0
227.5	0.00374747381010955	0.0105846158747212	0
228.5	0.00367635612226962	0.0105009797281546	0
229.5	0.00360678853394297	0.0104133105882402	0
230.5	0.00353877104512563	0.0103216084549629	0
231.5	0.00347230365581943	0.0102170294985305	0
232.5	0.00340731613635569	0.0100876182381718	0
233.5	0.00334335434923268	0.00995909185484328	0
234.5	0.00328023763353578	0.00983145034854863	0
235.5	0.00321796552686976	0.00970469371928714	0
236.5	0.0031565380292411	0.00957882196707817	0
237.5	0.00309595514064519	0.00945383509187731	0
238.5	0.00303621686108251	0.00932973309373501	0
239.5	0.00297732319055534	0.00920651597261201	0
240.5	0.00291927412906254	0.00908418372854793	0
241.5	0.00286206967660242	0.00896273636150653	0
242.5	0.00280570983317595	0.00884217387149224	0
243.5	0.00275019459878607	0.0087224962585358	0
244.5	0.00269552397342814	0.0086037035225889	0
245.5	0.00264169795710401	0.00848778322403287	0
246.5	0.00258871654981611	0.00837789565854745	0
247.5	0.00253657975156173	0.00826881001420361	0
248.5	0.00248528756234059	0.00813283146179238	0
249.5	0.00243483998215467	0.00796117144950319	0
250.5	0.00238523701099965	0.00779108347485024	0
251.5	0.00233647864888255	0.00762256753780281	0
252.5	0.0022885648957979	0.00745562363837333	0
253.5	0.00224149575174657	0.00733446554237957	0
254.5	0.00219527121673103	0.00723245421532983	0
255.5	0.00214989129074929	0.00713128231176849	0
256.5	0.00210535597379973	0.0070309498316977	0
257.5	0.00206166526588689	0.00693453399233448	0
258.5	0.00201881916700643	0.00684138810765233	0
259.5	0.00197681767716084	0.00679193381814969	0
260.5	0.00193566079634941	0.00674486332264159	0
261.5	0.00189534852457015	0.00669801195091715	0
262.5	0.00185588086182861	0.00665137970299536	0
263.5	0.00181725780811803	0.00660496657885012	0
264.5	0.00177947936344367	0.00655877257851323	0
265.5	0.00174254552780106	0.00651279770195394	0
266.5	0.00170645630119409	0.0064469241203998	0
267.5	0.00167121168362101	0.00636261823941897	0
268.5	0.00163681167508187	0.00627905793313754	0
269.5	0.00160325627557853	0.00619624320151537	0
270.5	0.00157054548510551	0.00611417404459154	0
271.5	0.0015386793036695	0.006162782527859	0
272.5	0.00150765773126714	0.00619710903226167	0
273.5	0.00147748076789853	0.00622666324080381	0
274.5	0.00144814841356364	0.00628952788100907	0
275.5	0.00141966066826328	0.00636214517568341	0
276.5	0.00139201753199735	0.00643402865807107	0
277.5	0.00136521900476666	0.0065051783281925	0
278.5	0.00133926508656671	0.00657559418606208	0
279.5	0.00131415577740277	0.00661409884764889	0
280.5	0.00128989107727215	0.00657421713015082	0
281.5	0.0012664709861788	0.00653440471962891	0
282.5	0.00124389550411458	0.00649466161611531	0
283.5	0.00122216463108849	0.00645498781958124	0
284.5	0.00120127836709351	0.00641538333005779	0
285.5	0.00118123671213446	0.00637584814751121	0
286.5	0.00116203966621029	0.00633638227196175	0
287.5	0.00114368722931872	0.00629698570341279	0
288.5	0.00112617940146059	0.00625765844186467	0
289.5	0.00110951618263805	0.00621840048729307	0
290.5	0.00109369757284817	0.00617921183971414	0
291.5	0.00107872357209345	0.00614009249913713	0
292.5	0.00106459418037346	0.00610104246556737	0
293.5	0.00105130939768749	0.00606206173895209	0
294.5	0.00103886922403348	0.00602315031937017	0
295.5	0.00102727365941455	0.00600052124057395	0
296.5	0.0010165227038329	0.00599576077030583	0
297.5	0.00100661635728017	0.00599087402362687	0
298.5	0.000997554619764145	0.00598586100053104	0
299.5	0.00098933749128193	0.00598072170102579	0
300.5	0.000981964971834159	0.00597545612510632	0
301.5	0.000975437061420124	0.00597006427276323	0
302.5	0.000969753760039111	0.00596454614399917	0
303.5	0.0009649150676956	0.00595890173885038	0
304.5	0.000960920984382341	0.0059531310572634	0
305.5	0.000957771510104308	0.00594723409925137	0
306.5	0.000955466644862355	0.00594121086485835	0
307.5	0.000954006388651862	0.00593637648203274	0
308.5	0.000953390741477307	0.00593378145729222	0
309.5	0.000953619703334425	0.00593104540707259	0
310.5	0.000954693274229044	0.00592816833132446	0
311.5	0.000956611454155194	0.00592515023008566	0
312.5	0.000959374243116287	0.00597170836309022	0
313.5	0.000962981641111966	0.00602249125081347	0
314.5	0.000967433648140243	0.00607299367056591	0
315.5	0.000972730264204387	0.00612321562237543	0
316.5	0.000978871489300417	0.00617315710621788	0
317.5	0.000985857323433805	0.00622281812212382	0
318.5	0.000993687766598725	0.00627219867004882	0
319.5	0.00100236281879802	0.00632156372767536	0
320.5	0.00101188248003176	0.00637246977083254	0
321.5	0.00102224675030008	0.00642309541696537	0
322.5	0.00103345562960151	0.00647344066609925	0
323.5	0.00104550911793766	0.00652350551820504	0
324.5	0.00105840721530811	0.00657328997330477	0
325.5	0.00107214992171201	0.00662279403139134	0
326.5	0.00108673723715178	0.0066720176924603	0
327.5	0.00110216916162244	0.00672096095653067	0
328.5	0.00111844569512819	0.00676962382356176	0
329.5	0.00113556683767065	0.00681800629360172	0
330.5	0.00115353258924479	0.00686610836661323	0
331.5	0.00117234294985337	0.00691393004262241	0
332.5	0.00119199791949633	0.00696147132161399	0
333.5	0.0012124974981743	0.00700873220359312	0
334.5	0.00123384168588359	0.00705571268855766	0
335.5	0.00125603048262903	0.0071024127765094	0
336.5	0.00127906388840969	0.00714883246744761	0
337.5	0.0013029419032214	0.00719497176136893	0
338.5	0.00132766452707003	0.00724083065828686	0
339.5	0.0013532317599504	0.00728640915817439	0
340.5	0.00137964360186821	0.00733170726106155	0
341.5	0.00140690005281542	0.00737672496693288	0
342.5	0.00143500111279948	0.007421462275793	0
343.5	0.00146394678181885	0.00746591918763019	0
344.5	0.00149373705987017	0.00751009570246434	0
345.5	0.0015243719469558	0.00756087553129329	0
346.5	0.00155585144307729	0.0076251568440611	0
347.5	0.00158817554822974	0.00768929030717888	0
348.5	0.00162134426241913	0.00775327592061038	0
349.5	0.00165535758564168	0.00781711368437498	0
350.5	0.00169021551789761	0.00788080359848919	0
351.5	0.00172591805918834	0.00794434566291375	0
352.5	0.00176246520951373	0.00800773987768152	0
353.5	0.00179985696887194	0.00807098624277084	0
354.5	0.00183809333726487	0.00813408475818881	0
355.5	0.00187717431469245	0.00819703542394929	0
356.5	0.00191709990115307	0.00825983824003468	0
357.5	0.00195787009664883	0.00832249320645281	0
358.5	0.00199948490117663	0.00838500032319923	0
359.5	0.00204194431474086	0.00844735959027733	0
360.5	0.00208524833733755	0.00850957100769153	0
361.5	0.00212939696897031	0.00857163457542692	0
362.5	0.00217439020963717	0.00863355029349878	0
363.5	0.00222022805933477	0.00869531816190533	0
364.5	0.00226691051806966	0.00875693818063076	0
365.5	0.00231443758583666	0.00881841034970171	0
366.5	0.00236280926263952	0.0088797346690983	0
367.5	0.00241202554847469	0.0089409111388198	0
368.5	0.00246208644334466	0.00900193975888008	3.32606568834493e-05
369.5	0.00251299194724979	0.00906282052926225	0.000121023837887257
370.5	0.00256474206018794	0.00912355344999067	0.000208878625404907
371.5	0.00261733678216061	0.00918413852103014	0.000297452898884742
372.5	0.00267077611316857	0.00924457574241923	0.00037310808780795
373.5	0.00272506005320686	0.00930486511413697	0.000442037138500062
374.5	0.00278018860228229	0.00936500663617252	0.000512315972746258
375.5	0.00283616176039168	0.00942500030853707	0.000583944590597696
376.5	0.00289297952753422	0.00948484613125461	0.000656922991999487
377.5	0.00295064190371164	0.00954454410428997	0.000731251176988934
378.5	0.00300914888892216	0.00960409422765433	0.00080692914555005
379.5	0.00306850048316704	0.00966349650135107	0.000871152332361902
380.5	0.0031286966864478	0.00972275092537948	0.000918951377294697
381.5	0.00318973749876093	0.00978185749973618	0.00096534871792251
382.5	0.00325162292010781	0.00984081622443273	0.00101242678239934
383.5	0.00331435295049005	0.00989962709944744	0.00106072628456282
384.5	0.00337792758990311	0.00995829012480768	0.00111024722439321
385.5	0.00344234683835552	0.0100168053004824	0.00116098960189674
386.5	0.00350761069583953	0.0100751726265077	0.00121295341708887
387.5	0.00357371916235692	0.0101333921028434	0.00126613866995271
388.5	0.00364067223790798	0.0101914637295216	0.00132054536047477
389.5	0.00370846992249447	0.0102493875065251	0.00137617348869252
390.5	0.00377711221611435	0.0103071634338681	0.00143302305457595
391.5	0.00384659911877037	0.0103647915115427	0.00149109405814425
392.5	0.00391693063045814	0.0104222717395359	0.00154218584445402
393.5	0.00398810675118035	0.0104796041178645	0.00157058832220294
394.5	0.00406012748093644	0.0105367886465254	0.0015999152672233
395.5	0.00413299281972812	0.0105938253255282	0.00163016667954654
396.5	0.00420670276755274	0.0106507141548397	0.0016613425591812
397.5	0.00428125732441146	0.0107074551344994	0.0016934429060937
398.5	0.00435665649030376	0.0107640482644861	0.00172646772031353
399.5	0.00443290026523208	0.0108204935447997	0.0017604170018295
400.5	0.00450998864919256	0.0108767909754498	0.00178289201530291
401.5	0.00458792164218714	0.0109329405564322	0.00178406217307501
402.5	0.00466669924421701	0.0109889422877318	0.00178583392737774
403.5	0.00474632145528091	0.0110447961693783	0.00178820727818021
404.5	0.00482678827537747	0.0111005022013423	0.00179118222550176
405.5	0.00490809970450869	0.0111560603836461	0.00179475876933388
406.5	0.00499025574267598	0.0112114707162853	0.00179893690967461
407.5	0.0050732563898756	0.0112667331992535	0.00180371664652998
408.5	0.00515710164610773	0.0113218478325392	0.00180909797991831
409.5	0.00524179151137851	0.011376814616164	0.0018124130321242
410.5	0.00532732598567875	0.0114316335501279	0.00181457699855798
411.5	0.0054137050690143	0.0114863046344103	0.00181728658468554
412.5	0.00550092876138549	0.0115408278690387	0.00182054179051345
413.5	0.00558897803752579	0.011595203253971	0.00182434261604687
414.5	0.00567763203130895	0.0116494307892637	0.00181404540931052
415.5	0.00576674839201552	0.011703510474875	0.00179072991840261
416.5	0.00585632475356967	0.0117574423108172	0.00176757224562838
417.5	0.00594636111597275	0.011811226297085	0.00180333380671271
418.5	0.00603685747922526	0.0118648624336961	0.00184646324774125
419.5	0.00612781384332877	0.0119183507206209	0.00189052062340185
420.5	0.00621923020827751	0.0119716911578957	0.00193382290244521
421.5	0.00631110657408001	0.0120248837454957	0.00197199529801164
422.5	0.00640344294072683	0.0120779284834173	0.00200950941385827
423.5	0.00649623930822493	0.0121308253716817	0.00200118115708321
424.5	0.00658949567657338	0.0121835744102677	0.00203203897032012
425.5	0.00668321204576955	0.0122361755991887	0.00208546451407585
426.5	0.00677738841581508	0.0122886289384455	0.00213985111275097
427.5	0.00687202478670869	0.0123625710889327	0.00219519876627778
428.5	0.00696712115845244	0.0124763248231874	0.00222887663431539
429.5	0.0070626775310464	0.0126120771662299	0.00222666806963741
430.5	0.00715869390448837	0.0127472159361236	0.00222471808686837
431.5	0.00725517027877771	0.012880277545985	0.00222302668598129
432.5	0.00735210665391854	0.0130112619957792	0.00222159386699534
433.5	0.00744950302990745	0.0131401692855137	0.00222041962991568
434.5	0.00754735940674628	0.0132669994151781	0.0022195039747098
435.5	0.00764567578443334	0.0133917523848202	0.00221884690141323
436.5	0.0077444521629694	0.0135144281943717	0.0022184484100185
437.5	0.00784368854235559	0.0136350268438832	0.00221830850049898
438.5	0.00794338492258845	0.0137535483333291	0.00221842717289782
439.5	0.008043541303674	0.0138699926627165	0.0022188044271779
440.5	0.00814415768560607	0.0139843598320565	0.00221944026336089
441.5	0.00824523406838679	0.0140966498413171	0.00222033468143117
442.5	0.00834677045202085	0.0141269202702375	0.00222148768142265
443.5	0.00844876683649844	0.0141508749016339	0.00222289926327601
444.5	0.00855122322182957	0.0141748029793954	0.0022245694270465
445.5	0.00865413960800538	0.0140915198100013	0.00222649817270053
446.5	0.0087575159950341	0.0141109858839634	0.00222868550025446
447.5	0.00886135238291168	0.0142480506709367	0.0022311314097065
448.5	0.00896564877163627	0.0144266599251605	0.00223383590105737
449.5	0.00907040516120979	0.0146032263472474	0.00223679897430671
450.5	0.00917562155163445	0.0146793378776946	0.00224002062942912
451.5	0.00928129794290761	0.0147541302955101	0.0022435008664667
452.5	0.00938743433502992	0.014831517487382	0.00224723968541145
453.5	0.00949403072800081	0.0149053062212459	0.0022512370862243
454.5	0.0096010871218207	0.0149754964970562	0.00225549306895552
455.5	0.00970860351648916	0.0150420883148367	0.00226000763356939
456.5	0.00981657991200841	0.0151050816745744	0.00226478078008441
457.5	0.0099250163083763	0.0151644765762713	0.00226981250848404
458.5	0.0100339127055921	0.0152202730199328	0.00227510281880079
459.5	0.0101432691036575	0.0152724710055459	0.00228065171099736
460.5	0.0102530855025724	0.0153230129790762	0.00228645918509756
461.5	0.0103633619023371	0.0154449694711399	0.00229252524108468
462.5	0.0104740983029491	0.015582132505031	0.00229884987897773
463.5	0.010585294704412	0.0157339702917188	0.00230543309876659
464.5	0.0106969511067212	0.0158852928533498	0.00231227490043562
465.5	0.0108090675098829	0.0160964576704117	0.00231937528401094
466.5	0.0109216439138933	0.0163293136033374	0.00232673424949788
467.5	0.0110346803187495	0.0165636808480462	0.00233435179684616
468.5	0.0111481767244591	0.0167995594045569	0.00234222792612098
469.5	0.0112621331310147	0.0170369492728758	0.00235036263727668
470.5	0.0113765495384192	0.0172758504530014	0.00235875593033015
471.5	0.0114914259466754	0.0175047237448513	0.00236740780528013
472.5	0.0116067623557787	0.017690926090834	0.00237631826213907
473.5	0.0117225587657322	0.0178781099872605	0.00238548730086432
474.5	0.0118388151765328	0.0180662754342002	0.00239491492150563
475.5	0.011955531588187	0.0182554224315986	0.00240460112405057
476.5	0.0120727080006842	0.0184455509794841	0.00241454590846448
477.5	0.0121903444140349	0.0186393844057759	0.00242474927480636
478.5	0.0123084408282536	0.0188372944183994	0.00243521122302131
479.5	0.01242704834813	0.0190352979186933	0.00244593175314254
480.5	0.0125463425719098	0.0192297120173913	0.00245691086514466
481.5	0.0126662505283877	0.0194196360699005	0.00246814855905946
482.5	0.0127867767447945	0.0196050282453399	0.00248048929046103
483.5	0.0129085761317126	0.0197821410600284	0.00250649682679196
484.5	0.0130324201435795	0.019944313759116	0.00255849852183321
485.5	0.0131583883465583	0.0200908607274607	0.0026373035673231
486.5	0.013286480740658	0.0202610513086419	0.00274291196327585
487.5	0.0134166973258693	0.0204215350421894	0.00287532370966979
488.5	0.0135490381021992	0.0205652320982397	0.00303453880654452
489.5	0.0136835030696431	0.0206921424767771	0.0032205572538432
490.5	0.0138200922282014	0.0207621669133585	0.00343337905162873
491.5	0.0139588055778808	0.0208101247905153	0.00367300419984939
492.5	0.0140996431186688	0.0208400427402754	0.00393943269853594
493.5	0.0142426048505781	0.0208519207626722	0.00423266454767077
494.5	0.014387690773601	0.0208457588576573	0.00455269974727628
495.5	0.0145349008877385	0.0208215570252664	0.00489953829731551
496.5	0.0146842351929941	0.0207793152654982	0.00527318019782435
497.5	0.0148356936893641	0.0207190335783466	0.0056736254487971
498.5	0.0149892763768499	0.0206407119637907	0.0060963435761888
499.5	0.0151449832554518	0.0205443504218678	0.00648032086023882
500.5	0.0153028143251689	0.0205087013888438	0.00688668316941961
501.5	0.0154627695860021	0.0205701078164898	0.00731543050372192
502.5	0.0156248490379523	0.0206712896896938	0.00776656286317792
503.5	0.0157890526810151	0.0207062866380099	0.00824008024776433
504.5	0.0159553805151962	0.020624663646382	0.00876881066997299
505.5	0.0161238325404934	0.0206124607579229	0.00933231637270282
506.5	0.0162944087569028	0.0205902387788834	0.00991932663867168
507.5	0.0164671091644336	0.0206195472657413	0.0105298414679089
508.5	0.0166419337630747	0.0207574659368545	0.0111214432650673
509.5	0.0168188727007064	0.0209475490411652	0.0114156474863393
510.5	0.0169975699683789	0.0211754882273242	0.0121087990526936
511.5	0.0171775781343392	0.0214046073484379	0.0125575396742589
512.5	0.0173588687619262	0.021611025194483	0.0128854893490004
513.5	0.017541441851142	0.0218140648049303	0.0130226474566372
514.5	0.0177252974019847	0.0220180183106335	0.0135737967584976
515.5	0.0179104354144571	0.0222228857115994	0.0137612877738661
516.5	0.0180969459590127	0.0222681701154434	0.013916556139899
517.5	0.0182868682196209	0.0224319648689818	0.0137957030035512
518.5	0.0184822235211379	0.0228527646717213	0.0131159132067321
519.5	0.0186830983621095	0.0231080715002113	0.012615042766177
520.5	0.0188894927425286	0.0233447230779356	0.0124158019001898
521.5	0.0191014066624003	0.0236790198579532	0.012248629965412
522.5	0.0193188401217265	0.0241244360983893	0.0127925285564498
523.5	0.0195417931205031	0.0248102029582959	0.013508606769526
524.5	0.0197702656587287	0.0259186313575691	0.0136080211155161
525.5	0.020004257736409	0.0270546474765354	0.0131393073603475
526.5	0.0202437693535406	0.0281929890639118	0.0125228563980261
527.5	0.020488800510123	0.0292134911749365	0.0114290144628594
528.5	0.0207393512061578	0.0303212437351457	0.0102718788552419
529.5	0.0209954214416423	0.0314967632211351	0.00894866460764678
530.5	0.02125701121658	0.0327580986565602	0.00699340961347392
531.5	0.0215241205309701	0.0347179208060856	0.00490464456905268
532.5	0.0217967493848104	0.036237448570979	0.00323993539907157
533.5	0.0220748977781053	0.0377030324002362	0.00149060855310577
534.5	0.0223474433493922	0.0398943767420663	0
535.5	0.0221145367167647	0.0413403150190151	0
536.5	0.020454410913765	0.0415376582706482	0
537.5	0.017197853653495	0.0343887857406937	0
538.5	0.0122875207993705	0.030309365742705	0
539.5	0.00609068108729787	0.0223271658564043	0
540.5	0	0.0143603790688088	0
541.5	0	0.0106755436023741	0
542.5	0	0.0205083501981384	0
543.5	0	0.0334051324474993	0
544.5	0.000421445925678299	0.0440521881164439	0
545.5	0.00944011975471305	0.0579736504016285	0
546.5	0.0197191613383298	0.0712353317622907	0
547.5	0.0305010841370611	0.0832623234880079	0
548.5	0.0413967020254215	0.0947634896506077	0.00888788728831393
549.5	0.0523549873566719	0.105303735971328	0.0198212525974782
550.5	0.0630698227174094	0.116561442156427	0.0270082144608338
551.5	0.0731959693899375	0.1261251034816	0.0333851437206203
552.5	0.082690995764173	0.136305761616566	0.0403088990614162
553.5	0.0915549018401249	0.142372957929628	0.0477794804832199
554.5	0.0997876876177917	0.145967490227143	0.0557968879860265
555.5	0.107389353097176	0.149364695645335	0.0643611215698609
556.5	0.114359898278265	0.152788231952581	0.0734721812346892
557.5	0.120699323161075	0.155787049397694	0.0831300669805344
558.5	0.126407627745596	0.152649205022221	0.0933347788073572
559.5	0.131484812031831	0.152912243379136	0.103688346782162
560.5	0.135930876019788	0.1557573465203	0.112451634724188
561.5	0.139745819709443	0.158801782598148	0.116820773087353
562.5	0.142929643100821	0.161569824877495	0.109954327091363
563.5	0.145482346193914	0.164597312197222	0.101070923478057
564.5	0.147425773242201	0.172385000074245	0.0885649375005908
565.5	0.148948201144879	0.182424010051342	0.0769143904064523
566.5	0.150145794260218	0.195241086124166	0.0690231859811629
567.5	0.151019324401822	0.209650942389286	0.0649054820165871
568.5	0.151568787946965	0.224211741125302	0.0628885880131906
569.5	0.15177056814317	0.238829924252049	0.0593201563135418
570.5	0.151338167567305	0.249199398122419	0.0661656215380047
571.5	0.149185936889688	0.247217124840878	0.0722526016763595
572.5	0.144564079584229	0.232449825866753	0.087284356305941
573.5	0.1373700139706	0.209029616990941	0.087827995731355
574.5	0.127603596790693	0.176505003171592	0.0828641392093132
575.5	0.115264828044521	0.1697649849411	0.0700192280967416
576.5	0.100353707732072	0.203963921799683	0.0285253933035213
577.5	0.0779989606053789	0.221123294969699	0
578.5	0.059161325236467	0.178418730585551	0
579.5	0.20501361334573	0.332056183981727	0.0460013482683305
580.5	0.374403980511061	0.528427092430047	0.226707801910559
581.5	0.330577716106139	0.50590834415342	0.180258250878044
582.5	0.0264019842876159	0.23002457797524	0
583.5	0	0.248740266197115	0
584.5	0.793810675074271	1.50351667569929	0.00516391635523519
585.5	0.640922678238944	1.31696117137256	0
586.5	0.37511099489239	0.64846623082522	0
587.5	0.182505833593989	0.642718202918938	0
588.5	0.0631071943437146	0.53360349530039	0
589.5	0.017028545957451	0.418283232425552	0
590.5	0.0545211505253975	0.470161484181801	0
591.5	0.193856410963651	0.65961674353706	0
592.5	0.438495092017254	0.989789846499822	0
593.5	0.791783569145672	1.40513901431682	0.158741976479096
594.5	1.19878650289762	1.76090059383065	0.656871525657956
595.5	1.50878025326164	1.90454398520103	1.01338607635119
596.5	1.59132341284176	2.11913933222814	1.18725717988146
597.5	1.3468608839109	2.18041548001025	0.866965024351318
598.5	0.458883873455012	1.36526774856616	0
599.5	0	0.19911180568789	0
600.5	0.334975913882588	0.520876022542881	0.0595340677166595
601.5	0.269820623735632	0.559187851113441	0.0587260282948542
602.5	0.17886141578994	0.482093733971739	0
603.5	2.01121907455104	2.45444638131171	1.49280926970075
604.5	1.62610488054686	2.18849955904138	1.04940555322207
605.5	0.425315866667923	1.57347250247734	0
606.5	0.892629857066256	1.37875809231665	0.210519726670414
607.5	1.19713351038469	1.5180539885528	0.689161911459986
608.5	1.22548986541878	1.61936794725692	0.595671251277148
609.5	0.974702477881301	1.42311822741882	0.38415059553644
610.5	0.467898033204184	1.27431033618136	0
611.5	0.197579332101193	1.43083163192523	0
612.5	0.576987540837327	1.54639787980726	0.00436064902997906
613.5	1.04768349190094	1.66566148787535	0.647052256901762
614.5	1.4451521459591	1.79274583202706	1.183695146072
615.5	1.7672083292953	2.0916213903028	1.42216210160185
616.5	2.01385204190973	2.34460094468927	1.53382015424267
617.5	2.18508328380225	2.50655363293437	1.63450006185045
618.5	2.28090205497303	2.59018350914677	1.70779445480541
619.5	2.30130835542183	2.60121642977567	1.70636766571577
620.5	2.24569202084439	2.49081471832411	1.68922442749048
621.5	2.10676761448192	2.39121030440603	1.56107408093647
622.5	1.87504490852598	2.19271080296693	1.41572233197403
623.5	1.54907818003391	1.81538016547716	1.15403352904079
624.5	1.12886742900562	1.46875173140564	0.576358673526397
625.5	0.614391369843096	1.30815060936039	0
626.5	0.193414671800486	0.853584066341632	0
627.5	0.407039037910942	0.697693456847507	0.0796434736723331
628.5	0.81475254567746	1.08196349608631	0.488298773299361
629.5	1.01269806606684	1.23543525441676	0.67401350795499
630.5	0.942093084267191	1.16472604540214	0.700959260046899
631.5	0.630272366364849	0.854378190733296	0.440045890691599
632.5	0.284931254471167	0.495807439528573	0.140420157153122
633.5	0.0596458159936502	0.170615499971485	0
634.5	0.000520348625911566	0.164435607049002	0
635.5	0.0934304842481062	0.20613834961297	0.0221149957021407
636.5	0.25597869880035	0.384369870207001	0.12006548170249
637.5	0.431094033316913	0.550280731224125	0.296650189546858
638.5	0.570139374409317	0.702799784492176	0.448744822633106
639.5	0.584500471842271	0.769989908898592	0.454550243368615
640.5	0.396756743997587	0.618386033282429	0.237189292946864
641.5	0	0.210183150710383	0
642.5	0	0.0435637964196175	0
643.5	0.00933468217798989	0.062270699915847	0
644.5	0.0249237878857842	0.0907625953377401	0
645.5	0.00450962983364704	0.083755975681446	0
646.5	0.0137259608058422	0.0842206370914009	0
647.5	0	0.308472944082647	0
648.5	0	1.54959814912975	0
649.5	3.85814085006867	7.0303035339201	0
650.5	4.57531401494234	6.84312183876948	0
651.5	4.30610504245483	6.00697551538116	0
652.5	3.68897204060551	5.91587424421755	0
653.5	2.72395882414489	4.5222026679984	3.01690626969275e-06
654.5	1.42165150966222	3.7088677570631	0
655.5	0	2.51374243256155	0
656.5	0	0.796427713584993	0
657.5	0	2.32998447469157e-05	0
658.5	0	1.8427963882317e-05	0
659.5	0	9.94871931219162e-06	0
660.5	0	0	0
661.5	0	1.32407529314092e-06	0
662.5	0.572366369938491	2.18628909980728	0
663.5	0	0.229620931111313	0
664.5	0.00183553435827292	0.102930596281901	0
665.5	0.002928446022907	0.0532770089000395	0
666.5	0	0.00373192174115608	0
667.5	0	0.000526163629599452	0
668.5	3.05995596590947e-05	0.000466881587604815	0
669.5	0	8.11419593677695e-05	0
670.5	0	9.32447998525985e-05	0
671.5	1.3271719843857e-05	0.000494587225893639	0
672.5	0	0.000429858993674158	0
673.5	0.00158239952271956	0.00880298658504017	0
674.5	0	0.0441127287016899	0
675.5	0.0198193796328337	0.134842031328288	0
676.5	0.0284717917427993	0.0753536132112245	0
677.5	0.026144800696395	0.0738701132245935	0
678.5	0.0146411222092154	0.0533211156398863	0
679.5	0	0.0200397957062101	0
680.5	0	0.0165862940413482	0
681.5	0	0.0139291383240259	0
682.5	0	0.00805194013848225	0
683.5	0	0.0613156283633567	0
684.5	0.169509326520028	0.306543025931884	0.0099685755389519
685.5	0.452827933586294	0.625406705070569	0.266536686194653
686.5	0.537227016287616	0.65153228789451	0.436372980245703
687.5	0.305438686190708	0.446493950159224	0.122994917520461
688.5	0	0.0830606921090041	0
689.5	0.0914305151133219	0.218090154168619	0
690.5	0.616030849475349	0.771949533925131	0.464066724631762
691.5	0.710859510161595	0.826670717338294	0.593800749225385
692.5	0.508898791493985	0.640123478525495	0.357658418029394
693.5	0.211747935663744	0.366514689973338	0.0928988562488563
694.5	0.0240522500678972	0.109677012353964	0
695.5	0.126984012618439	0.296363155867986	0.0435428363060574
696.5	0.239946745561012	0.33598916382876	0.102989810476002
697.5	0.133434401965789	0.206883833116052	0
698.5	0	0.119066055030274	0
699.5	0.66890836409087	0.870552696724472	0.460281151934409
700.5	1.21371455718501	1.48653926985649	0.952329537719148
701.5	0.086812815813828	0.325720335127823	0
702.5	0.643532841343267	0.833972316518699	0.524978655824325
703.5	0.614951062723157	0.832040161645607	0.323015206132846
704.5	1.25345248822571	1.72343495991413	0.932446350911122
705.5	1.46496031587894	1.74398018462665	1.08371741630153
706.5	0	0.441236823268338	0
707.5	0	0.0980317923503804	0
708.5	0	0	0
709.5	0	0	0
710.5	0.200208632812896	0.598148348497083	0
711.5	1.64267886576823	1.8758382216416	1.44757904572663
712.5	1.62827679922591	1.88375149314378	1.30187712503468
713.5	0.611632849124456	0.855066698695636	0.402664580595797
714.5	0.631388296685433	0.821006502407604	0.350791568705661
715.5	0.968120921265765	1.01807084536858	0.902347790218579
716.5	0.884771122119698	1.04286010819883	0.795041689042954
717.5	0.371745904580471	0.51735300319474	0.279695399824625
718.5	0	0	0
719.5	0.00898260356481941	0.0401192863186437	0
720.5	0.444583405734915	1.16335129952152	0.332726437091064
721.5	0.87367871295675	0.976023312644	0.809012217532751
722.5	1.09699323378486	1.2311067014555	0.803199522834579
723.5	1.11623954454849	1.22837204197869	0.652953161356708
724.5	0.931417645247661	0.991554287863222	0.560838085164465
725.5	0.542527535882351	0.642713718221887	0.366466022483039
726.5	0.0148016857358495	0.355555290699633	0
727.5	0.0677452555789284	0.426812530130712	0
728.5	0.598562857821866	0.75143242108933	0.415450135892277
729.5	0.930575161398788	1.05949933276792	0.59750944514664
730.5	0.874481909544416	1.02193430252092	0.682796075498363
731.5	0.445149671468453	0.682466292632032	0.276449421822368
732.5	0	0.0753018398461449	0
733.5	0	0.0658896976179852	0
734.5	0.01134533880958	0.223649962559241	0
735.5	0	0.418904472857292	0
736.5	0	0.299384310375952	0
737.5	0	0.15204624780084	0
738.5	0.483399390710517	1.70467439392181	0
739.5	2.64531880024147	3.34593564177693	1.81289966985259
740.5	2.10155359669818	2.98091789896515	1.42427781936649
741.5	0	0.542931996143604	0
742.5	0.175494489834866	0.414762482009328	0
743.4103215	0.277641334569298	0.672962513987749	0
