phys	rec.rate	upper	lower
0.5	0.439721839326108	0.67317518775521	0.261273088893877
1.5	0.633516933995641	0.82095757447534	0.471063408146093
2.5	0.703289821436718	0.854972940529739	0.577646973506233
3.5	0.645765569359612	0.754780193768672	0.54885953138921
4.5	0.499857753360979	0.671200392332369	0.361207641973799
5.5	0.498148460032634	0.72259566653239	0.300588417819287
6.5	0.783201944898158	0.99001116419469	0.574932727817216
7.5	1.27608815590811	1.48484092183353	1.03584127761913
8.5	1.68532584224599	1.95257805253398	1.44833609669054
9.5	1.78033169874509	2.07572701392991	1.51912255404418
10.5	1.56908438108194	1.81990691766751	1.25281944234777
11.5	1.20359872360954	1.4555578622036	0.880710569014398
12.5	0.914234928851002	1.27743201888015	0.567360213722023
13.5	0.993382503417283	1.33399377418905	0.750487220763735
14.5	1.419884241296	1.70609381919775	1.17158892805966
15.5	1.80657744964534	2.12771675033567	1.44417620304103
16.5	1.8396236948271	2.09517342555741	1.54137272916442
17.5	1.61356960854994	1.86918321365456	1.39517415476685
18.5	1.40995353691962	1.70321272426804	1.17458174020001
19.5	1.37599150103855	1.58575234010181	1.17239739219931
20.5	1.49221054988367	1.66016386652869	1.31111060057358
21.5	1.5833588705244	1.78239321933155	1.35967049935042
22.5	1.43764563651658	1.59096532655913	1.2437713074985
23.5	1.02957779674501	1.1387935394395	0.909519178490262
24.5	0.663475266843731	0.813406624109988	0.547115370568911
25.5	0.575338573660892	0.712348310489901	0.466758995746055
26.5	0.714706344210245	0.848900788935358	0.591899883356615
27.5	0.844143179305867	0.942234360910389	0.723861403898921
28.5	0.803990792411361	0.909213028043893	0.653620000182621
29.5	0.604111004241416	0.745348987545569	0.435047823313628
30.5	0.426892735258904	0.603059512803974	0.258818614135143
31.5	0.45139808907495	0.629154425480355	0.310418557454869
32.5	0.64352997390717	0.832089682463886	0.505135413194051
33.5	0.920827022692428	1.10284905170409	0.76173456725892
34.5	1.15672837457696	1.38308915638882	0.952081929501691
35.5	1.2530431088484	1.47658348261448	1.06346901320925
36.5	1.21682149066467	1.40090070196969	1.05098607886234
37.5	1.0715045597872	1.20811650104563	0.91249234438776
38.5	0.841925549690082	0.982288438746211	0.66083929699348
39.5	0.565087267664427	0.734076808690284	0.357694578985138
40.5	0.276855586130304	0.469676935318855	0.0940556361349365
41.5	0.0475960582413842	0.240382981410627	0
42.5	0	0.083077969744945	0
43.5	0.0217785549187044	0.117765234664402	0
44.5	0.15406113697572	0.229199456089559	0.0419293221214939
45.5	0.320401003511706	0.398744223003379	0.233333331488971
46.5	0.514026166746803	0.613913007125258	0.421625154425294
47.5	0.759813853427654	0.884135933130744	0.656170790374104
48.5	1.05501295233284	1.2336699131625	0.883525689555498
49.5	1.30404590684808	1.49726183890606	1.10308082487371
50.5	1.4427782984	1.63904178722337	1.25243333382449
51.5	1.40620999669579	1.61881087827453	1.24409851003177
52.5	1.22488564967572	1.41714817007477	1.04795688673139
53.5	0.997325270863726	1.19338181139998	0.815125582665382
54.5	0.780360029947835	0.984488465650492	0.595761498452892
55.5	0.62931165081677	0.833026055031283	0.469701588407476
56.5	0.581627246768519	0.766311090716739	0.451430946812686
57.5	0.64729303322428	0.777601238098966	0.533177883519346
58.5	0.771819414802979	0.889911628948602	0.629774450146725
59.5	0.83353011620853	0.938711371840045	0.696822401553941
60.5	0.78958556041343	0.878547910655893	0.678057943234162
61.5	0.671220001294304	0.78581006390773	0.544816311676818
62.5	0.581975261098745	0.703019299137965	0.45981028491222
63.5	0.554739958131072	0.648904360543604	0.461020623566597
64.5	0.561728363371742	0.639931501954257	0.48426047072371
65.5	0.56226774254381	0.647538241541478	0.475265725102799
66.5	0.525358271139647	0.60307946759025	0.439242514095267
67.5	0.441183433117294	0.514357240313321	0.362760193181284
68.5	0.31891517343862	0.384937530145601	0.257647943526696
69.5	0.191458091147812	0.258973109524765	0.139804145291729
70.5	0.0985478236424351	0.162993464303685	0.0504021207400012
71.5	0.0527173368118991	0.0997230379789235	0.0113692693497642
72.5	0.0510127720571973	0.0911931418944082	0.00907508561234724
73.5	0.0762710924873536	0.118905793960923	0.025748809682471
74.5	0.110923266958806	0.146258503798964	0.0656828293063651
75.5	0.137896587844867	0.168975563150858	0.0966671145154418
76.5	0.149800343606181	0.176347463361032	0.125726918871954
77.5	0.144400333273664	0.169401300690019	0.121178964504261
78.5	0.122588623074183	0.150544307829692	0.0955479825170032
79.5	0.0879374248807913	0.117860115532704	0.0573203793498761
80.5	0.0510279628621366	0.0813749134377872	0.0186859727957497
81.5	0.0311246495523197	0.0560275220195127	0.00496897671126355
82.5	0.0278496814404711	0.0513528967544317	0
83.5	0.0391762783536205	0.0780588852662824	0
84.5	0.0893210462288076	0.173056397708523	0.0156100137881785
85.5	0.190476471278135	0.279459772803573	0.10953971227868
86.5	0.261431865952354	0.355074999324307	0.177386694019548
87.5	0.258730838697094	0.359033199915599	0.145227829882826
88.5	0.199168597368516	0.302549170865607	0.0769747277184365
89.5	0.11999766238289	0.211867384258572	0.00249295636549505
90.5	0.0671311413939912	0.179857611277904	0
91.5	0.0934306968007293	0.233060001083719	0
92.5	0.237615993786362	0.397750245712719	0.124794506322372
93.5	0.496327527645855	0.65874091260101	0.364006844747791
94.5	0.708688109982818	0.874756375783361	0.535022992137007
95.5	0.745720281118576	0.897930760769743	0.576863929749015
96.5	0.642439458572322	0.765917381816282	0.512747548720527
97.5	0.458403399424791	0.584860978760189	0.331253933411016
98.5	0.272705209230863	0.43281804671659	0.125203198315639
99.5	0.140208428186675	0.301898060315592	0.0181370117342468
100.5	0.104583536886055	0.213929904988498	0.000683383999059119
101.5	0.188363257312122	0.284456741438194	0.0999185155463348
102.5	0.326012979775667	0.41476903242049	0.227540745851422
103.5	0.44293992513395	0.518630442228255	0.355415042929368
104.5	0.501785679513301	0.583993617202218	0.415610941650135
105.5	0.478033057939871	0.582338075497594	0.385399124150451
106.5	0.371344683555329	0.478361237046901	0.265759097966506
107.5	0.219748765144501	0.319291516037202	0.119650555005987
108.5	0.0752611443127373	0.187956485273629	0
109.5	0	0.0852771371263561	0
110.5	0	0.0624098351958974	0
111.5	0.00750867060846285	0.107178869609034	0
112.5	0.158883354011295	0.248318910631076	0.0766736995223365
113.5	0.383435154830119	0.472416570652027	0.265427961084638
114.5	0.54515221296644	0.630810718151077	0.412408504920001
115.5	0.527259776689557	0.607513326807669	0.449426765108126
116.5	0.418677916849129	0.509146161356047	0.356585061077569
117.5	0.305339514667059	0.394143997697038	0.24569954705542
118.5	0.214673322620515	0.282577618315099	0.161484320346295
119.5	0.160361274741845	0.215077636118781	0.107556470223629
120.5	0.14585007784303	0.210807839794754	0.0716216615201383
121.5	0.159343093603357	0.234229936325408	0.0827568242297424
122.5	0.18414757965128	0.259147149093539	0.112457480965071
123.5	0.209125699958177	0.295188870541165	0.136514885121187
124.5	0.222529210947119	0.328411590482442	0.163209277129532
125.5	0.221619350104965	0.317196532206522	0.170269530472462
126.5	0.210783937434617	0.278361792711169	0.151349613783719
127.5	0.198729445325951	0.25915011135998	0.116902428784002
128.5	0.193382288495087	0.265626962213925	0.0750042523006584
129.5	0.20321351353508	0.274031238077187	0.0868339086321129
130.5	0.228694188172638	0.282765202732255	0.147377402418966
131.5	0.244515909895594	0.293482341468679	0.184744104577646
132.5	0.227807882029921	0.289908238887357	0.179064301233361
133.5	0.164138038464181	0.226553924163538	0.121795345425145
134.5	0.0642570042458066	0.102962160671145	0.0350380535854402
135.5	0	0.0226925523092827	0
136.5	0	0	0
137.5	0	0	0
138.5	0	0.00118155588543871	0
139.5	0	0.00677485610585009	0
140.5	0	0.0107561380127848	0
141.5	0	0.0114100874989781	0
142.5	1.55707094640434e-06	0.0107108550077459	0
143.5	0.00290788947248967	0.0149212721106156	0
144.5	0.00909677179408844	0.0237308888384991	0
145.5	0.0220852927125284	0.037644918349622	0
146.5	0.047020691416301	0.0679628194908112	0.0212044165318446
147.5	0.0882635716380178	0.128422011867832	0.0497254080708871
148.5	0.157794219061181	0.219641568062013	0.100833703638181
149.5	0.250434064760773	0.30313335087507	0.203810169230925
150.5	0.330068147601079	0.378050250255512	0.28295110675032
151.5	0.36942124272455	0.425183647836369	0.316257927243835
152.5	0.361627927354284	0.41221210202151	0.307371336023633
153.5	0.308485709371171	0.357386722443291	0.264166622460817
154.5	0.22689764279975	0.274434021722306	0.17994545540182
155.5	0.138337556924907	0.197191648519078	0.0815441445707652
156.5	0.0624152864594136	0.121502597238742	0.00307318315451113
157.5	0.0126921022381949	0.0541579704190575	0
158.5	0	0.00690055410609993	0
159.5	0	0	0
160.5	0	0	0
161.5	0	0.00966580916885853	0
162.5	0	0.0167267522622801	0
163.5	0.00667803656687542	0.0207752782831374	0
164.5	0.0159582902708483	0.0294095476533666	0.0030670825739449
165.5	0.0238080406412031	0.037014043353382	0.00942136749406686
166.5	0.0301614274651312	0.044132323817664	0.0169067836225935
167.5	0.034652138511723	0.0478601533862175	0.0221359467004923
168.5	0.0378017695480802	0.0499325943851574	0.0241358589816748
169.5	0.0402961911013473	0.0524173764562679	0.0266376894335732
170.5	0.0427880897128809	0.0579522200424485	0.0252165576115765
171.5	0.0454730970854663	0.0670270734221852	0.0261392572059847
172.5	0.0474592894733826	0.0693431530776312	0.0304105051899789
173.5	0.0471973746286032	0.0681526251918246	0.0332130420032446
174.5	0.0425495741040446	0.0641246567782062	0.0262803499846058
175.5	0.0312456452511447	0.0551191840425904	0.00437969470132131
176.5	0.0128400398495903	0.0384193196348978	0
177.5	0	0.016638199961292	0
178.5	0	0	0
179.5	0	0	0
180.5	0	0.0133505782880867	0
181.5	0.00728275692908969	0.0654852683817701	0
182.5	0.0905495628795237	0.1547933121467	0.042246356075805
183.5	0.205229182822872	0.29963334554542	0.128100295626443
184.5	0.284639630983174	0.381835486438947	0.187359461707612
185.5	0.298474017011547	0.395701653687606	0.221001763018861
186.5	0.271983841818665	0.339357830738659	0.212825132613764
187.5	0.221870834958197	0.283918495595303	0.168710640103551
188.5	0.1606462174371	0.224179572397389	0.0921549705949932
189.5	0.0987050871778134	0.172948845180539	0.0254297991270374
190.5	0.043683291097319	0.114019904583576	0
191.5	0.000361205985429748	0.0607993395376784	0
192.5	0	0.0210598165298595	0
193.5	0	0	0
194.5	0	0	0
195.5	0	0.0107459372132229	0
196.5	0	0.0243756021951388	0
197.5	0.00549228781036615	0.0317176798110296	0
198.5	0.0141060204980774	0.0358740661821855	0
199.5	0.0174228180465348	0.0368064879827479	0
200.5	0.0157206642089691	0.0342055595498333	0
201.5	0.00975657612520756	0.0309092808536928	0
202.5	0.000759717792754728	0.0246400365699099	0
203.5	0	0.0164455970535258	0
204.5	0	0.00428270042412037	0
205.5	0	0	0
206.5	0	0.0142534070900211	0
207.5	0.0134753971322065	0.045999526104978	0
208.5	0.0519426425627252	0.0825318246845281	0.015931002870645
209.5	0.0896975415077142	0.117020521890674	0.0599663252910133
210.5	0.118784880801988	0.143616116035846	0.0916181243949858
211.5	0.130691560079774	0.163040500187486	0.101850354364796
212.5	0.123594605561488	0.157978711053062	0.0956597384952047
213.5	0.101997014363346	0.13005382494897	0.0753516251253217
214.5	0.0770888820093063	0.104438287634354	0.0525412846057336
215.5	0.0548121939072361	0.0791539524584056	0.0306779973681774
216.5	0.0369780996517744	0.0597628231167157	0.0158782544556413
217.5	0.024172215079945	0.0434902106282333	0.00580762628408706
218.5	0.0160749941846455	0.0320008194249461	0
219.5	0.0116850565319758	0.0252350025140235	0
220.5	0.00933124908400325	0.0223007910039556	0
221.5	0.00752883754624347	0.019885296668874	0
222.5	0.0059138602482486	0.0168584000539944	0
223.5	0.00432156669066117	0.0139649091646106	0
224.5	0.00270468436144824	0.0112535377032078	0
225.5	0.00117938049126569	0.00934997361795275	0
226.5	0	0.00749339978437682	0
227.5	0	0.00556792715805834	0
228.5	0	0.00414279172039791	0
229.5	0	0.00329860850102648	0
230.5	0	0.00345483202177519	0
231.5	0	0.00412927159907212	0
232.5	0	0.00471390815325066	0
233.5	0	0.00411888820256187	0
234.5	0	0.00215844513608445	0
235.5	0	0	0
236.5	0	0	0
237.5	0	0.000102230955748439	0
238.5	0.0116556787201747	0.0254290002111581	0
239.5	0.0833431980293943	0.105264317101587	0.0624173215660662
240.5	0.204816959603617	0.228273917653797	0.180905209889852
241.5	0.227730027701005	0.25141971995824	0.200744987046829
242.5	0.134319469657113	0.161739819443474	0.104819166243766
243.5	0.0497730425917352	0.0750101668508478	0.0255947667942536
244.5	0.00233518107256781	0.0270768843776374	0
245.5	0	0.00700503087598854	0
246.5	0	0	0
247.5	0	0	0
248.5	0	0	0
249.5	0	0.00268450970012282	0
250.5	0	0.00693640753991858	0
251.5	0.0029370163477528	0.00966892372708124	0
252.5	0.00482535576590071	0.011474887203206	0
253.5	0.00533514313319878	0.0119269254468588	0.000172598732422458
254.5	0.00463086157033341	0.0117813240121357	0
255.5	0.00314194886016953	0.011339714515422	0
256.5	0.00127946788666716	0.00947717341350014	0
257.5	0	0.00625773476729243	0
258.5	0	0.00317520029095562	0
259.5	0	0.000510755058996892	0
260.5	0	0.00115885433091947	0
261.5	0	0.00215575112086164	0
262.5	0.000348906206033391	0.00317705046685361	0
263.5	0.001109184115681	0.00372542053711733	0
264.5	0.00108060756658601	0.00390924349483832	0
265.5	0.000540157692537406	0.0030820066983793	0
266.5	0	0.00198389968001678	0
267.5	0	0.000906902697671085	0
268.5	0	0.000305022535752641	0
269.5	0	0.000344384136692355	0
270.5	0	0.00045873521928641	0
271.5	3.40283497222487e-05	0.000589270134114628	0
272.5	0.000108026878039283	0.000611687058766108	0
273.5	0.000118009811868816	0.000555782467328214	0
274.5	9.08289352649376e-05	0.000524974219075602	0
275.5	4.76895498488261e-05	0.00049782000771188	0
276.5	0	0.000510405197568531	0
277.5	0	0.000504206577019062	0
278.5	0	0.00037407637886453	0
279.5	0	0.000189416445485335	0
280.5	0	8.2016746316782e-05	0
281.5	0	7.05837792082775e-05	0
282.5	0	7.75249224361119e-05	0
283.5	1.26043712538575e-05	0.000102623838350269	0
284.5	2.3028901549651e-05	0.000131855349957988	0
285.5	2.74257599392769e-05	0.000150714492871629	0
286.5	2.53973842077784e-05	0.00015502890016208	0
287.5	1.71891017046448e-05	0.000150361340186933	0
288.5	5.14517750612242e-06	0.000142292321834958	0
289.5	0	0.000128083921150335	0
290.5	0	7.3521105575125e-05	0
291.5	0	2.57956307596174e-05	0
292.5	0	2.37059667981043e-05	0
293.5	2.9243017888092e-06	3.21525398916833e-05	0
294.5	5.18105386157686e-06	3.59942906097643e-05	0
295.5	4.18405959808865e-06	3.45971339534401e-05	0
296.5	1.67620778509558e-06	3.22116157068564e-05	0
297.5	0	2.06575892420346e-05	0
298.5	0	8.50939444845267e-06	0
299.5	0	4.49860279161385e-06	0
300.5	0	3.2629044497412e-06	0
301.5	5.18736344332638e-07	4.67866053703858e-06	0
302.5	7.83974312298597e-07	5.66562125214887e-06	0
303.5	7.33847033785651e-07	6.07745754059863e-06	0
304.5	4.2477570072208e-07	5.09304252460651e-06	0
305.5	0	4.09766919560183e-06	0
306.5	0	3.46387510710144e-06	0
307.5	0	3.38101260481948e-06	0
308.5	0	6.87408015167534e-06	0
309.5	0	1.02229126142106e-05	0
310.5	5.93622658357162e-07	1.47218941492611e-05	0
311.5	1.09663440636609e-06	1.38384723193496e-05	0
312.5	1.06300056386033e-06	1.02656472762419e-05	0
313.5	5.27607279295239e-07	1.05290401013036e-05	0
314.5	0	1.20853878463834e-05	0
315.5	0	1.38567315612903e-05	0
316.5	0	1.84405154271872e-05	0
317.5	0	2.57070808476811e-05	0
318.5	0	3.29014852688658e-05	0
319.5	0	3.5256507745629e-05	0
320.5	1.30075780116101e-06	3.67999975200206e-05	0
321.5	3.46322603856208e-06	3.82477320254537e-05	0
322.5	5.13180273821945e-06	4.09589632567986e-05	0
323.5	5.84969409520397e-06	4.07448469079696e-05	0
324.5	5.38629572028526e-06	3.91609413835425e-05	0
325.5	3.6040469806693e-06	3.80008650143537e-05	0
326.5	6.41061872897808e-07	3.68752903227687e-05	0
327.5	0	3.67410737528218e-05	0
328.5	0	3.56768471402091e-05	0
329.5	0	4.32112766887371e-05	0
330.5	0	6.99271816429813e-05	0
331.5	0	9.25325688381661e-05	0
332.5	0	0.00010332408717062	0
333.5	0	0.000131072507824825	0
334.5	8.20669242995109e-06	0.000142562366768217	0
335.5	1.75220359269446e-05	0.000162109163085233	0
336.5	2.47619099896781e-05	0.00015103505936267	0
337.5	2.68206395839172e-05	0.000149704512037019	0
338.5	2.19810483783789e-05	0.000148292983953979	0
339.5	9.90797932253429e-06	0.000144808376774819	0
340.5	0	0.000150144485152381	0
341.5	0	0.000139446999479631	0
342.5	0	0.000130020283463139	0
343.5	0	0.000160761356623951	0
344.5	0	0.000310485600651944	0
345.5	0	0.000543954365407373	0
346.5	3.08799960791362e-06	0.000746080062778631	0
347.5	7.76639068927665e-05	0.000839242198586021	0
348.5	0.000157232223331377	0.000846606978596753	0
349.5	0.000195314524641603	0.000877791729794808	0
350.5	9.79449784394433e-05	0.00099128900289891	0
351.5	0	0.000932397995727641	0
352.5	0	0.00078258938918978	0
353.5	0	0.000919884958726057	0
354.5	0	0.0018295493682654	0
355.5	0	0.00270270271566595	0
356.5	8.99104489035381e-05	0.00322984618618918	0
357.5	0.000439281579464264	0.00345163645638777	0
358.5	0.000784200043129189	0.00354389000821982	0
359.5	0.000976734304830899	0.00355417122311898	0
360.5	0.000892370556086931	0.00326085086941248	0
361.5	0.0004937881690051	0.00317193743502173	0
362.5	0	0.00320027428162817	0
363.5	0	0.00338726413971635	0
364.5	0	0.0028151942111208	0
365.5	0	0.00268751582780951	0
366.5	0	0.006870093603073	0
367.5	0.000134315242327986	0.0138580446362766	0
368.5	0.00343869150927384	0.0178240429666264	0
369.5	0.00687233090241573	0.018706534316923	0
370.5	0.00801398766072363	0.0192168211091804	0
371.5	0.00570515348212908	0.0181448410922126	0
372.5	1.37945169541496e-05	0.0137416734364901	0
373.5	0	0.00948415388700852	0
374.5	0	0.00448684773015699	0
375.5	0	0	0
376.5	0	0.00818764918446853	0
377.5	0	0.0286105057654364	0
378.5	0.0145871235797972	0.0520192837921709	0
379.5	0.0420661782842991	0.0797118655769513	0.00594435854112127
380.5	0.0714259911020417	0.109067632237287	0.0364651288001756
381.5	0.0971998537032367	0.133519932907054	0.0630026449486685
382.5	0.115035737830144	0.15261836576867	0.082412619970664
383.5	0.1231911148126	0.160186683216547	0.0931842256209027
384.5	0.121167793089658	0.15867055467801	0.0926445196935017
385.5	0.110532294435719	0.143023962731732	0.0779151715281231
386.5	0.0948523891330225	0.127897408894045	0.0579548489758629
387.5	0.0770935147799203	0.114565179681285	0.03556028600044
388.5	0.0614891061825582	0.0994377830863794	0.016457793495432
389.5	0.0503174340396873	0.0850177807902611	0.00470163424993437
390.5	0.0443351209104825	0.071416079647328	0.00703204241235866
391.5	0.0429779289596552	0.0629455157048966	0.0163914254572344
392.5	0.0437186729298712	0.0670273574415464	0.0186397293118461
393.5	0.0446334503423843	0.0745941537191719	0.021154554167434
394.5	0.0451843734385908	0.0774833664730938	0.0206926888050976
395.5	0.0443531035454244	0.0731377572533439	0.0204179997272643
396.5	0.0400551351881834	0.0647504295143158	0.019198166476567
397.5	0.031018437296269	0.0551428150652224	0.0117067562066939
398.5	0.0183156290102833	0.0402183195212117	0
399.5	0.0042692090873105	0.023115286069358	0
400.5	0	0.0099443286461259	0
401.5	0	0.00323214674624026	0
402.5	0	0.00620773861671644	0
403.5	0	0.0111019844536369	0
404.5	0	0.0126926441294191	0
405.5	0	0.00988560126048839	0
406.5	0	0.0100219313822819	0
407.5	0.000504742421408309	0.0129632925309814	0
408.5	0.00234388076587507	0.0161405995034883	0
409.5	0.00448986188487822	0.0189353648285337	0
410.5	0.00622916537193127	0.0212895742895338	0
411.5	0.006754334529283	0.0215843240962297	0
412.5	0.00540752912958796	0.0205683675091748	0
413.5	0.00204739374967922	0.0168255790701423	0
414.5	0	0.011926830572402	0
415.5	0	0.00652607053899387	0
416.5	0	0.00438721016459701	0
417.5	0	0.01812134456625	0
418.5	0	0.0438643965710685	0
419.5	0.0182869544830541	0.07297187698573	0
420.5	0.0501773039290441	0.100637955220824	0
421.5	0.0801617627686626	0.125484917076524	0.0339716816990325
422.5	0.105806406113081	0.149215511900178	0.0583984927039918
423.5	0.125459648856188	0.167964129183794	0.0776265103555716
424.5	0.138706689291201	0.181566399332815	0.0869104483436857
425.5	0.145894020712284	0.196171560064541	0.0903473069384297
426.5	0.148311267533849	0.200408265081152	0.0815738885362457
427.5	0.150469677386181	0.222647546528766	0.071020252968713
428.5	0.168386465711072	0.264936830410248	0.078819646175738
429.5	0.217422083658983	0.315788187093985	0.127776982076185
430.5	0.292493171226753	0.370090044884612	0.208777197608249
431.5	0.363152289729941	0.437366221346994	0.297052800236153
432.5	0.410924925489341	0.477751934202086	0.350461929106463
433.5	0.432636174756677	0.488707885348443	0.367207939443137
434.5	0.428417244048217	0.491438470436931	0.358240241493372
435.5	0.400794394828381	0.47257701575411	0.32079772057847
436.5	0.355421859908796	0.43409392014054	0.268787548376063
437.5	0.301885922237775	0.374297629755852	0.230502257246825
438.5	0.250971085673713	0.312533429862521	0.19588426282971
439.5	0.208996525329027	0.258841298878418	0.160181884567742
440.5	0.176224944198946	0.223398667196649	0.12768817243335
441.5	0.151614791945195	0.199429352287626	0.0997411550630087
442.5	0.13242715065654	0.181902853274531	0.0823747262970787
443.5	0.115591033852215	0.169686548184194	0.0586114052049048
444.5	0.0976534506593892	0.156893070342977	0.0352912432009184
445.5	0.076138070785416	0.138816540905255	0.0158921143877901
446.5	0.0512374448836141	0.10798964111112	0
447.5	0.0265504944069572	0.0802571502158507	0
448.5	0.0124696494400806	0.071776594779719	0
449.5	0.023738523203615	0.106740436951906	0
450.5	0.0698116723701952	0.159240485095347	0
451.5	0.150398390870044	0.236389534191889	0.0456542665742216
452.5	0.228944868268698	0.316746986442444	0.14054992834671
453.5	0.275280622142789	0.372343974604186	0.177146278857564
454.5	0.28422480433108	0.389810421197919	0.184173215039024
455.5	0.269407603530603	0.377796529375052	0.172045489864474
456.5	0.246240133251975	0.345083611831174	0.152522565388333
457.5	0.226653888554588	0.320061892517914	0.132093803579697
458.5	0.223979304775518	0.325981954276571	0.122817961336052
459.5	0.248674797684565	0.368776617692185	0.128790244238097
460.5	0.307689258806509	0.426648461540489	0.18308473043888
461.5	0.405740550078118	0.510312776561402	0.28478322011018
462.5	0.539068021331696	0.635660990694327	0.435976541092571
463.5	0.686402122338976	0.789207357887716	0.577047888984581
464.5	0.804070308442469	0.914836924631834	0.670116889214171
465.5	0.85769390344734	0.963679317088391	0.738581482101551
466.5	0.823337549898821	0.939659316078142	0.725640500732133
467.5	0.663726993474053	0.777846676276523	0.562312563603229
468.5	0.422950092363015	0.529538848642283	0.30961965462758
469.5	0.225869800156344	0.319424270050862	0.121375161040096
470.5	0.149406907808122	0.279846972730065	0.0170786160426683
471.5	0.213079483481369	0.398487822633128	0.0562136607825163
472.5	0.391190544183172	0.594707723969071	0.211286456135932
473.5	0.618311585135054	0.787409192916612	0.442353561656062
474.5	0.838481057125816	0.990500677390077	0.7031100049903
475.5	0.971471095746454	1.17948947001807	0.809712394703734
476.5	0.954881246865717	1.14206581921269	0.769683589428125
477.5	0.781342211686011	0.96218000990346	0.608695872179904
478.5	0.520274147421981	0.705893376763298	0.36609151879437
479.5	0.290914273735306	0.439411842915361	0.160834870891107
480.5	0.160629701543427	0.294976948450843	0.0470803247943657
481.5	0.128983479125396	0.25736857899493	0.014588793542412
482.5	0.178704213943476	0.313231852557275	0.0610792785909162
483.5	0.280408220767202	0.405521464836028	0.146107476235273
484.5	0.403250078557174	0.513100249534847	0.278308117198498
485.5	0.508497806678529	0.604060613827631	0.390158010698002
486.5	0.556623169781474	0.652617577851144	0.432883529073906
487.5	0.543479628340984	0.641527534556425	0.42065234871533
488.5	0.478689146299044	0.574833027263825	0.371787726275136
489.5	0.378319793270472	0.483022599455097	0.289388864443542
490.5	0.266801549091314	0.373679244555697	0.183093727571584
491.5	0.158591043642397	0.268565426418962	0.0789689158759401
492.5	0.0709133906960716	0.181680227170564	0
493.5	0.0197737369109959	0.117095092028145	0
494.5	0.0173607317057658	0.0965749248806979	0
495.5	0.064250613780592	0.130876775463167	0
496.5	0.142118724609612	0.203919365226825	0.0585590839072005
497.5	0.234550777585364	0.299335581445526	0.164462307818192
498.5	0.330243962672113	0.392571970043359	0.267137588315294
499.5	0.426369914568277	0.492647523408363	0.358010172683498
500.5	0.523748589345546	0.591510420586676	0.451948794901367
501.5	0.625179677729696	0.693796613598761	0.553759418449807
502.5	0.735640229355783	0.806419617439664	0.663141047033048
503.5	0.860923687977211	0.94187419153515	0.783706322533086
504.5	1.00453466556073	1.1093988038031	0.91532835492709
505.5	1.15481218001019	1.30556128442716	1.0263778816845
506.5	1.25104869260723	1.4094845224494	1.09465412808096
507.5	1.23903097260802	1.40491867280318	1.10134562148682
508.5	1.10571819108508	1.24224955602046	0.987724901290481
509.5	0.870401767397781	0.978360745023555	0.735703794326435
510.5	0.577862300051088	0.709353625386715	0.37037807068169
511.5	0.275686182109605	0.455209178334466	0.0782014913623225
512.5	0.0679733764636921	0.251223045713392	0
513.5	0.0305232780409039	0.160839963605175	0
514.5	0.114064218396339	0.230221588469164	0.0047651766821069
515.5	0.247237910904373	0.362740555761803	0.105278471756174
516.5	0.347777343581604	0.471133429755459	0.211847870785778
517.5	0.355753913951236	0.451011737563716	0.263614348350598
518.5	0.287167883203844	0.37003715875073	0.217805150181966
519.5	0.182696228938989	0.269310712012254	0.108749531864105
520.5	0.0722256444122873	0.161182336832664	0.00623094742508137
521.5	0	0.0473030713270944	0
522.5	0	0	0
523.5	0	0	0
524.5	0	0.0186421894393376	0
525.5	0.0212891828723428	0.0851178561747872	0
526.5	0.092654845355516	0.159716598924945	0.0498247232070799
527.5	0.169949766150741	0.241180659828546	0.119692998950016
528.5	0.234237780042997	0.320748276534254	0.147592182903195
529.5	0.237119118463074	0.327129149444893	0.115701996600731
530.5	0.168622543886541	0.256015606571354	0.0459171519819307
531.5	0.0847850025056174	0.17126079824688	0
532.5	0.0319238724046393	0.124997546804799	0
533.5	0.0446349799345627	0.162476227096444	0
534.5	0.137114600950147	0.277713038283521	0.0456740070615137
535.5	0.310310693056025	0.444189293776888	0.203187043800151
536.5	0.541003445258568	0.661477911082289	0.426058951583438
537.5	0.752416064704173	0.860173432438956	0.62671360038817
538.5	0.881419273639193	0.988306777565482	0.746456543897279
539.5	0.909134334106184	1.03224030348648	0.786333633851461
540.5	0.837558429329887	0.957317097173763	0.72840724884176
541.5	0.689205011651178	0.807181445586626	0.578325763939731
542.5	0.50854197846623	0.647768318498878	0.372091365893138
543.5	0.34174677399172	0.466532689028898	0.192236669444713
544.5	0.219308972010176	0.320087594080402	0.0931942532521873
545.5	0.141571649446118	0.232350541394847	0.0366866314584776
546.5	0.0914020027997573	0.201482751041128	0
547.5	0.051943078153603	0.187442774379279	0
548.5	0.0144939251859814	0.14391701743781	0
549.5	0	0.0954664624130128	0
550.5	0	0.0855875919885551	0
551.5	0.0431074786109074	0.14532342376026	0
552.5	0.147038847468346	0.267832803857897	0.0285662469427752
553.5	0.301263892464106	0.442718800544149	0.171324832193213
554.5	0.480353034150397	0.629191005458606	0.344525776086236
555.5	0.630804090016114	0.790352557124813	0.520565429206038
556.5	0.719356637424976	0.840188099652326	0.632885358234632
557.5	0.745936656038351	0.827499729687562	0.662539811552529
558.5	0.722757317692711	0.814761574822211	0.620430233693188
559.5	0.661492912573351	0.772750542836078	0.535742920801696
560.5	0.572336346823142	0.684971470482166	0.455373230837886
561.5	0.470098034471173	0.566540870878941	0.382707878988349
562.5	0.375739402704341	0.451601724105105	0.312637852274943
563.5	0.303699353394239	0.369687314688287	0.245448712332473
564.5	0.257640699081419	0.31816355513972	0.200905416308051
565.5	0.240947211357906	0.307383461500594	0.176699648510736
566.5	0.262344090790773	0.330255952262451	0.183038475241151
567.5	0.333617295918097	0.402338857910134	0.266439024960382
568.5	0.439836708706646	0.525142894257591	0.36974848394232
569.5	0.546990573598683	0.622948940062956	0.47463446047477
570.5	0.623474518961582	0.680156098611079	0.552218092584766
571.5	0.633964800499744	0.69233383671772	0.542107031430228
572.5	0.564586920815251	0.636594986522522	0.46294156335026
573.5	0.41774296027179	0.493151759225152	0.319428639835544
574.5	0.214436096844204	0.315865642301442	0.139232188911699
575.5	0.0439574091557838	0.178635582712627	0
576.5	0	0.0983992763244785	0
577.5	0.0218729591378532	0.130676670206338	0
578.5	0.174770647223269	0.277831268602416	0.0869257596676768
579.5	0.405771980691622	0.488763874458662	0.296277905705185
580.5	0.640663078293828	0.760817185753726	0.506539083872088
581.5	0.767105107750521	0.869821392117125	0.628527294303101
582.5	0.731397495701529	0.830686023673994	0.616459192997387
583.5	0.596578525282923	0.698563670542602	0.504636179194554
584.5	0.471147111415898	0.592603337433218	0.362688731588902
585.5	0.433235149174713	0.542546275070415	0.331315538213499
586.5	0.460762768384057	0.544216697026276	0.370269912170374
587.5	0.497300199166891	0.586454999994506	0.402792357525845
588.5	0.504927532481697	0.596310086868313	0.4035881374547
589.5	0.462732068022162	0.549637974199958	0.37204892094534
590.5	0.384546654332422	0.46970231062	0.306360527675157
591.5	0.330619262770269	0.442707101459327	0.239414629414494
592.5	0.349608600386598	0.446482820129938	0.260931287819435
593.5	0.437452625499947	0.509725893098301	0.355490498132663
594.5	0.512709996883814	0.579579241948881	0.427190386845083
595.5	0.517422923280888	0.596004393425387	0.432504016691321
596.5	0.448560634504434	0.523204502043835	0.35630922180167
597.5	0.343181123166705	0.438759952501368	0.241671017798205
598.5	0.239587747701513	0.326970616926644	0.14607072000564
599.5	0.1528412204109	0.233529928592065	0.0624760370265115
600.5	0.11413135230114	0.247275656607888	0
601.5	0.17022636064344	0.34457390150458	0
602.5	0.298557855281944	0.456170885432494	0.111282735812468
603.5	0.415541382638217	0.535826610649883	0.273445869773146
604.5	0.487701335291221	0.627638332453553	0.349505770999251
605.5	0.48983653419721	0.698273680843117	0.324370745169351
606.5	0.412795059362173	0.61955758222352	0.205941463724382
607.5	0.275548381053593	0.463846468355939	0.0936080950206083
608.5	0.141693714257112	0.329642064186071	0
609.5	0.0881734768777827	0.315534630707886	0
610.5	0.177029255981606	0.424868941948766	0
611.5	0.431812272823056	0.678423177843677	0.208591738393476
612.5	0.772571365243564	1.01029783673616	0.554355432839826
613.5	1.02017370725181	1.23914192810344	0.79649225370325
614.5	1.05546779879885	1.26444646170049	0.829883785642213
615.5	0.910022512495787	1.15871739483332	0.621234195452478
616.5	0.776953993820814	1.01315449125869	0.48994159665224
617.5	0.758967700201943	0.92109871350665	0.563735326589332
618.5	0.770665658393837	0.946379700624099	0.611569150596476
619.5	0.744300515923699	0.946672588455792	0.556542140340562
620.5	0.671077955415718	0.893770872169654	0.447736576137741
621.5	0.664834858356363	0.920212638004653	0.391836793126569
622.5	0.872615999650377	1.10233258710188	0.640932396900617
623.5	1.2036110142073	1.40494874497887	0.988820310385032
624.5	1.54029113439086	1.73369087025479	1.34016793786223
625.5	1.79464272641571	1.97881717478641	1.59753723088852
626.5	1.88596975517375	2.0722993763293	1.69014302178489
627.5	1.79350704849965	1.97465893248074	1.61359919582288
628.5	1.52057337259793	1.68925433241283	1.35537249806078
629.5	1.10397996839285	1.27777033592914	0.95546622360962
630.5	0.661545595441008	0.825448021336478	0.523175410721025
631.5	0.295121845211777	0.424163713447511	0.171185297169076
632.5	0.0460900066337297	0.164396761500255	0
633.5	0	0.0272446910895148	0
634.5	0	0.130551190376821	0
635.5	0.169789881639005	0.406684643980509	0
636.5	0.473991460091843	0.721937782607626	0.21338067823582
637.5	0.805826059149914	1.05439457218503	0.585041988468792
638.5	1.08312740190375	1.39417409964805	0.86094364635158
639.5	1.192308902352	1.53191319627151	0.954909637375946
640.5	1.06271374622105	1.32001728830458	0.821331969817928
641.5	0.783323186083937	1.03790988862805	0.540610016415839
642.5	0.445413455161013	0.678018423007983	0.217768605825872
643.5	0.151780252100603	0.341237664703176	0
644.5	0	0.125710641921613	0
645.5	0	0	0
646.5	0	0	0
647.5	0	0.0582176618007708	0
648.5	0.132204984309254	0.193286413738367	0.0492220124539777
649.5	0.319245865702609	0.375877401425274	0.255313697867549
650.5	0.494720213358178	0.562072376918301	0.429687215953908
651.5	0.592735013158639	0.660798462387839	0.519732602881204
652.5	0.572921626695498	0.646762125785256	0.504154288604277
653.5	0.45983268754104	0.526734225512151	0.411932904266858
654.5	0.319421534467523	0.386297413551554	0.273343775552894
655.5	0.186320709870338	0.248896548525178	0.125077527035771
656.5	0.0746229440048495	0.132007766044256	0.0151861559291206
657.5	0.00735521750250942	0.0579714456902643	0
658.5	0.0259286118712895	0.0755561865042964	0
659.5	0.172030475459227	0.261649347224837	0.0868889509932295
660.5	0.450644245090125	0.563307484993934	0.329199685260032
661.5	0.774623708369946	0.871934226288818	0.663753281399541
662.5	1.02805544635352	1.13429930505689	0.949341228501874
663.5	1.15798075453206	1.27069614394109	1.06362578792807
664.5	1.17930801957761	1.2951494930916	1.06528659205365
665.5	1.11947581359197	1.22398829323582	1.01190923126762
666.5	1.00781062927279	1.10246469600226	0.91182974343015
667.5	0.863344554355843	0.952931219223886	0.773617782269041
668.5	0.703044590907834	0.788872168902991	0.617785361652689
669.5	0.547357626262201	0.644448998610506	0.449112699335034
670.5	0.434319914852508	0.543861730706445	0.31020239192545
671.5	0.412808539996056	0.564861427217614	0.252402057823977
672.5	0.514387622181017	0.657525712778073	0.362646341207306
673.5	0.711543357412105	0.819770375899957	0.578774991293172
674.5	0.942962941968864	1.06579311479898	0.83332447369288
675.5	1.1475833438307	1.31149082779959	0.994810448004507
676.5	1.2344561522548	1.39783567466061	1.07672667954759
677.5	1.06788752838239	1.20837639259619	0.945468621941208
678.5	0.699559104367029	0.764611416148766	0.651224920989284
679.5	0.386375267526903	0.460817232769364	0.334164693563573
680.5	0.187715918738296	0.24373108641357	0.134707670166704
681.5	0.110650650118124	0.150817445074545	0.0642919668341442
682.5	0.134814690000668	0.164209443372788	0.0996291854927691
683.5	0.206107815078178	0.234448346254111	0.176079128231871
684.5	0.278561553866104	0.310430009894576	0.249445004745711
685.5	0.337726567215139	0.376758776767608	0.304743036805636
686.5	0.379323368094728	0.426430601393962	0.332554878353375
687.5	0.406635161632828	0.448756491972743	0.347263937259167
688.5	0.43149514070741	0.488065124244558	0.35533850519101
689.5	0.472647081157565	0.546127392431771	0.376561671180438
690.5	0.557219562013734	0.64473354576792	0.44449574965105
691.5	0.69749913191994	0.804574687034929	0.606147527401268
692.5	0.869286340672056	1.00690587332905	0.777055324091204
693.5	1.04688690014581	1.20238820412757	0.935507567739525
694.5	1.20404102410775	1.37643219461567	1.06154472881889
695.5	1.29079303032087	1.46558445957018	1.12658862054962
696.5	1.26380102190584	1.4218261691222	1.10579153242501
697.5	1.14967183195889	1.2858221834665	1.00139164402802
698.5	1.01680185289945	1.16767330572356	0.84043464622705
699.5	0.917140176024031	1.09820591278718	0.734093428339482
700.5	0.888387808685015	1.09394923209625	0.698185808352171
701.5	0.943731203495523	1.14822271853698	0.746959913842954
702.5	1.05070741651008	1.24915259719912	0.848869323121407
703.5	1.15642854926233	1.34779398034003	0.961568898781056
704.5	1.19892268880194	1.42827528227907	1.02197732862866
705.5	1.13032173911795	1.36284972966499	0.940863035949694
706.5	0.94272223608113	1.14149795088501	0.749434414460006
707.5	0.678154721281006	0.875943025421084	0.447900571964208
708.5	0.402902181591753	0.629360959692804	0.152177665661529
709.5	0.216312395847998	0.447734260601546	0
710.5	0.175357383887063	0.367566112129374	0.00103070018767042
711.5	0.247572337038929	0.402697189961378	0.0983466901200153
712.5	0.37486533755058	0.539127648975506	0.22076397328108
713.5	0.482375015182023	0.645872150399443	0.302440228526361
714.5	0.517339236921151	0.656719578208254	0.36574388199338
715.5	0.500714567968906	0.639754833794125	0.340899042407433
716.5	0.512915152471406	0.666473218819577	0.362020621869569
717.5	0.609416240847205	0.779819071495876	0.48502838343705
718.5	0.746043200840421	0.897808104728163	0.621739383973016
719.5	0.891308704085109	1.03527676582137	0.703349767889161
720.5	1.04606807326263	1.17495469706444	0.85075335209598
721.5	1.15311228869688	1.28076063734878	0.998319265085955
722.5	1.15803489246998	1.33887663219186	1.00012804477719
723.5	1.03579014258646	1.25445707630078	0.868588036407665
724.5	0.816959071128569	1.01209845723244	0.672683252747767
725.5	0.580310984345586	0.750540817527082	0.436826572101953
726.5	0.40365942525266	0.574273514481172	0.205633478844925
727.5	0.332418945640031	0.490989983894394	0.12253244353208
728.5	0.374620010838257	0.511396164837826	0.192571144238175
729.5	0.476958966528864	0.620686345671911	0.323112832794931
730.5	0.58553644140547	0.743252921921724	0.455180168085553
731.5	0.657159304922515	0.792953602135159	0.538795979727407
732.5	0.64357229843962	0.777050629228303	0.534179089610315
733.5	0.535997623744647	0.65973442214875	0.409060366585515
734.5	0.344454303170777	0.450240023878565	0.227912510165339
735.5	0.107409671060074	0.200510904936327	0.0252625898319486
736.5	0	0.0134559218984563	0
737.5	0	0	0
738.1588375	0	0	0
