phys	rec.rate	upper	lower
0.5	1.4414877737858	8.65332199467117	0
1.5	1.4414877737858	8.6533219946712	0
2.5	1.4414877737858	8.65332199467117	0
3.5	1.4414877737858	8.65332199467118	0
4.5	1.4414877737858	8.65332199467117	0
5.5	1.4414877737858	8.65332199467118	0
6.5	1.4414877737858	8.6533219946712	0
7.5	1.4414877737858	8.65332199467118	0
8.5	1.4414877737858	8.65332199467117	0
9.5	1.4414877737858	8.65332199467119	0
10.5	1.4414877737858	8.65332199467117	0
11.5	1.4414877737858	8.65332199467118	0
12.5	1.4414877737858	8.65332199467119	0
13.5	1.4414877737858	8.65332199467116	0
14.5	1.4414877737858	8.65332199467119	0
15.5	1.4414877737858	8.65332199467119	0
16.5	1.4414877737858	8.65332199467118	0
17.5	1.4414877737858	8.65332199467117	0
18.5	1.4414877737858	8.65332199467118	0
19.5	1.4414877737858	8.65332199467119	0
20.5	1.4414877737858	8.65332199467118	0
21.5	1.4414877737858	8.65332199467118	0
22.5	1.4414877737858	8.65332199467118	0
23.5	1.4414877737858	8.65332199467118	0
24.5	1.51726909601446	8.46614301778383	0
25.5	2.54513151437369	5.9038866535307	0
26.5	2.71079232022489	5.34671745465072	0.426488921300621
27.5	2.25471419624308	5.66647164475417	0
28.5	1.46828132260102	4.78518321411264	0
29.5	0.564095579601131	2.6612687102504	0
30.5	0	1.01045316743677	0
31.5	0	0.487031100543424	0
32.5	0	0.506043505486106	0
33.5	0	0.681216643036701	0
34.5	0	0.931018369437573	0
35.5	0	1.31892427174172	0
36.5	0.304655191245776	1.99093148653514	0
37.5	1.1598143796973	2.9586370703953	0
38.5	1.96054132025617	3.77237747391349	0.17358127335776
39.5	1.98258997686634	3.96740843720077	0.259604675734661
40.5	1.41777517019197	3.38794054700361	0
41.5	0.869476041098771	2.15091060166383	0
42.5	0.447724498696787	1.18320867128902	0
43.5	0.16996480363724	1.03061850821797	0
44.5	0.0363736974536115	1.18271826464898	0
45.5	0.0469511801459021	1.24673715891402	0
46.5	0.200089323288004	1.31097961770478	0
47.5	0.433964988586535	1.38095793061969	0
48.5	0.610608957244406	1.31803981437575	0
49.5	0.703767848631533	1.36813047609127	0
50.5	0.666976501895048	1.95048566586581	0
51.5	0.433202881532772	1.35048347725186	0
52.5	0.191508926675836	0.977537018921524	0
53.5	0	0.563087716579468	0
54.5	0	0.505044779297667	0
55.5	0.00901016741395676	0.696414377527809	0
56.5	0.192873799494355	0.617295991183586	0
57.5	0.311545849855379	0.625494050409296	0
58.5	0.37211518083057	0.842235357708336	0.0442747485618576
59.5	0.37458179241993	0.825906139858581	0
60.5	0.300932318244931	0.764860141454491	0
61.5	0.0650019997978567	0.440121284511478	0
62.5	0	0.282684716506775	0
63.5	0.349854796295558	0.961338779155582	0
64.5	0.10148203495007	0.494857875535684	0
65.5	0	0.0990669041197709	0
66.5	0	0.0485703290841929	0
67.5	0	0.0607502950656801	0
68.5	0.0091985165247671	0.0951236340483471	0
69.5	0.0211731825407212	0.103347727638858	0
70.5	0.0280590906007113	0.0924823022250109	0
71.5	0.0299440449707635	0.0903308489903665	0
72.5	0.0272149242033918	0.082728774877174	0
73.5	0.0202432093585413	0.0792918534502993	0
74.5	0.0101227011892317	0.0752155485836151	0
75.5	0	0.0711811301536509	0
76.5	0	0.0758526528372423	0
77.5	0	0.0969209836612293	0
78.5	0.00136512283920465	0.119065302835315	0
79.5	0.0290149877047713	0.169244813357617	0
80.5	0.0515955964430819	0.213577158105811	0
81.5	0.0558138290546934	0.219784750675231	0
82.5	0.0484246250551216	0.190083392716085	0
83.5	0.0410462889299692	0.160164102341901	0
84.5	0.0341045901846858	0.130663442357359	0
85.5	0.0275309462628447	0.109468865661909	0
86.5	0.0213008309417716	0.0889952396445816	0
87.5	0.0154142133330945	0.0728031114108564	0
88.5	0.00987109343681275	0.0582731213002488	0
89.5	0.00467147125292715	0.0476897309162044	0
90.5	0	0.0444499316785006	0
91.5	0	0.0421389461815696	0
92.5	0	0.0356732933413545	0
93.5	0	0.0294344279230937	0
94.5	0	0.0261075772867493	0
95.5	0	0.0265225181342095	0
96.5	0	0.026672489960191	0
97.5	0	0.0275470321279424	0
98.5	0	0.0273340986134433	0
99.5	0	0.025885438188658	0
100.5	0	0.0216919570438955	0
101.5	0	0.01944561730049	0
102.5	0	0.0159865222104632	0
103.5	0	0.0133291966743793	0
104.5	0	0.0134979817817448	0
105.5	0	0.0137893519373227	0
106.5	0	0.0138849625376654	0
107.5	0	0.0132312854687043	0
108.5	0	0.0129989687290652	0
109.5	0	0.0121960424006584	0
110.5	0	0.012563886244921	0
111.5	0	0.0123979720746578	0
112.5	0	0.0120395735466934	0
113.5	0	0.011708687138406	0
114.5	0	0.0128320679162134	0
115.5	0	0.0131165967146416	0
116.5	0	0.0139592534586812	0
117.5	0	0.0140301355397023	0
118.5	0	0.01441365435481	0
119.5	0	0.0155066375460711	0
120.5	0	0.0153443798088458	0
121.5	0	0.0160057774628524	0
122.5	0	0.017102812286003	0
123.5	0	0.0170393391498289	0
124.5	0	0.0174288142023306	0
125.5	0	0.0175565330485397	0
126.5	0	0.0176539380795754	0
127.5	0	0.0172926683193459	0
128.5	0	0.0172336313801731	0
129.5	0	0.0179364516122402	0
130.5	0	0.0193289621032811	0
131.5	0	0.0193543600271884	0
132.5	0	0.0203429160071417	0
133.5	0	0.0214843553553219	0
134.5	0	0.022514417515279	0
135.5	0	0.0225356546526424	0
136.5	0	0.0234647714266698	0
137.5	0	0.0238770168291581	0
138.5	0	0.024838941673638	0
139.5	0	0.0265660480199659	0
140.5	0	0.028206144491145	0
141.5	0	0.0298927265107779	0
142.5	0	0.0320319553284675	0
143.5	0	0.0329343001340925	0
144.5	0	0.0345641549533694	0
145.5	0	0.0354064490757611	0
146.5	0	0.0370374584909721	0
147.5	0	0.0388306016596401	0
148.5	0	0.0396499560877037	0
149.5	0	0.0407808644629717	0
150.5	0	0.0420288546561329	0
151.5	0.000832399995004298	0.0436903850469711	0
152.5	0.00194133771045655	0.045083467717323	0
153.5	0.00302965991888998	0.04641076618392	0
154.5	0.00409736662030516	0.0468230841280138	0
155.5	0.00514445781470135	0.0473889506588678	0
156.5	0.00617093350207884	0.0483165966759536	0
157.5	0.00717679368243768	0.0490580937123034	0
158.5	0.00816203808314457	0.0500770535574842	0
159.5	0.00912655498549733	0.0501878642290684	0
160.5	0.0100700612646844	0.0495950975955634	0
161.5	0.0109925127459495	0.0505994497777182	0
162.5	0.0118939094292907	0.0510718746122301	0
163.5	0.0127742513147097	0.052180398528423	0
164.5	0.0136335384022057	0.052819631519694	0
165.5	0.014471770691779	0.0535392542139175	0
166.5	0.0152889481834299	0.0541621719477876	0
167.5	0.0160850708771573	0.0548088614113929	0
168.5	0.0168601387729623	0.0541722655934739	0
169.5	0.0176141518708447	0.0534129788607324	0
170.5	0.0183471101708038	0.0535639814106425	0
171.5	0.0190590136728407	0.0540427239325331	0
172.5	0.0197498623769544	0.0549218243370412	0
173.5	0.0204196562831452	0.0548128385665228	0
174.5	0.0210683953914138	0.0551042106786085	0
175.5	0.021696079701759	0.0553331259874396	0
176.5	0.0223027092141817	0.0555608209136485	0
177.5	0.022888283928682	0.0562942858564825	0
178.5	0.0234528038452587	0.0565496876074314	0
179.5	0.0239962689639129	0.0569781637713678	0
180.5	0.0245186792846449	0.0566273070400722	0
181.5	0.0250200348074534	0.0568050131047795	0
182.5	0.0255003355323389	0.0566061442871117	0
183.5	0.0259595814593029	0.0575309755398895	0
184.5	0.0263977725883429	0.0588195240766924	0
185.5	0.0268149089194602	0.0597573410700332	0
186.5	0.0272109904526557	0.0599519738722757	0
187.5	0.0275860171879273	0.0604491364370764	0
188.5	0.0279399891252765	0.0610536679082699	0
189.5	0.0282729062647034	0.0609835336829751	0
190.5	0.0285847686062067	0.0609752933800251	0
191.5	0.0288755761497875	0.0619070123876929	0
192.5	0.029145328895446	0.0624970251836897	0
193.5	0.0293940268431808	0.0631890618011714	0
194.5	0.0296216699929938	0.0636404843795241	0
195.5	0.0298282583448833	0.0638851055637709	0
196.5	0.0300137918988502	0.064710045032469	0
197.5	0.0301782706548947	0.0643185099482329	0
198.5	0.0303216946130157	0.064378760960108	0
199.5	0.0304440637732144	0.0650397264551795	0
200.5	0.0305453781354905	0.0656967956488227	0
201.5	0.0306256376998429	0.0662998641597683	0
202.5	0.0306848424662737	0.0664642944163934	0
203.5	0.0307229924347812	0.0671858080093874	0.000230813700894395
204.5	0.0307400876053653	0.0674828452255446	0.000572392077915573
205.5	0.0307361279780274	0.0676632600395959	0.000857296724954893
206.5	0.0307111135527669	0.0680513446702019	0.00120455220402249
207.5	0.0306650443295828	0.0679602901342035	0.00151256699367712
208.5	0.0305979203084762	0.0685620469012993	0.00148559298934838
209.5	0.0305097414894474	0.0685924150004757	0.00183830435800205
210.5	0.0304005078724952	0.0685531665575081	0.00193820099633619
211.5	0.0302702194576201	0.0683046838509406	0.00166065829705548
212.5	0.0301188762448229	0.0685186246579947	0.00143433127528905
213.5	0.029946478234102	0.0684912782403896	0.00123785085663455
214.5	0.0297530254254589	0.0680993732168637	0.00108557523713895
215.5	0.0295385178188932	0.0680100524274263	0.000676182291021466
216.5	0.0293029554144044	0.0675291356902991	0
217.5	0.029046338211993	0.0676967681068663	0
218.5	0.0287686662116584	0.0674212064162867	0
219.5	0.0284699394134009	0.0673929014193453	0
220.5	0.0281501578172217	0.0675304506576451	0
221.5	0.0278093214231186	0.0676387525742542	0
222.5	0.0274474302310931	0.0672903612769866	0
223.5	0.0270644842411451	0.0674712234059623	0
224.5	0.0266604834532737	0.0676206739303748	0
225.5	0.0262354278674801	0.0679667286785612	0
226.5	0.0257893174837638	0.0678213175010599	0
227.5	0.0253221523021235	0.0677058636877704	0
228.5	0.0248339323225618	0.0677421773968281	0
229.5	0.024324657545077	0.0677210918568675	0
230.5	0.023794327969669	0.0677671133027769	0
231.5	0.0232429435963384	0.0682110077353403	0
232.5	0.0226705044250854	0.0692628509695988	0
233.5	0.0220770104559087	0.0706660122166375	0
234.5	0.0214624616888103	0.071494127186812	0
235.5	0.0208268581237885	0.0721676081213295	0
236.5	0.0201703179790132	0.0731227695818943	0
237.5	0.0195042269052855	0.0738065960238643	0
238.5	0.018849279380396	0.0751551126965686	0
239.5	0.0182076664162139	0.076321515017707	0
240.5	0.017579388012741	0.0769591506141424	0
241.5	0.0169644441699764	0.077760535778981	0
242.5	0.0163628348879206	0.0787814946594764	0
243.5	0.0157745601665736	0.0784212926929686	0
244.5	0.0151996200059346	0.0786243636892937	0
245.5	0.0146380144060048	0.0781372498580033	0
246.5	0.0140897433667832	0.0757667743068007	0
247.5	0.0135548643386843	0.0763304688256478	0
248.5	0.0130523840106559	0.0779939194348389	0
249.5	0.0126286867630012	0.0788210251501301	0
250.5	0.0122907154690687	0.0763820790792351	0
251.5	0.0120384701288592	0.07617440832243	0
252.5	0.0118725616249504	0.07559721686296	0
253.5	0.0117987259396956	0.0733015173136236	0
254.5	0.0118164785901082	0.0700177453503183	0
255.5	0.0118958438837336	0.0663704823823232	0
256.5	0.0120220031485944	0.0606577377083161	0
257.5	0.0121890676495537	0.0565227776187464	0
258.5	0.0123718621608412	0.0571475768113949	0
259.5	0.0125635388390982	0.0545861612150427	0
260.5	0.0127640975437961	0.0527305486911103	0
261.5	0.0129735382749348	0.050485466961385	0
262.5	0.0131918610325143	0.047443011210631	0
263.5	0.013419065816535	0.0452930448905634	0
264.5	0.0136551526269958	0.0465203165416478	0
265.5	0.0138996675046925	0.0432803122231956	0
266.5	0.0141424935795506	0.0418813345731642	0
267.5	0.0143706771753741	0.0395849070919826	0
268.5	0.0145833558340898	0.0398172774657049	0
269.5	0.0147805572760725	0.0398090880412555	0
270.5	0.0149622815013211	0.0403846585179658	0
271.5	0.0151285285098365	0.0398484671863028	0
272.5	0.0152792983016183	0.0411224734167932	0
273.5	0.0154145908766669	0.0419648345190911	0
274.5	0.0155344062349822	0.0428027260485003	0
275.5	0.0156387443765635	0.0429888047288794	0
276.5	0.0157276053014114	0.0427554203062517	0
277.5	0.0158009890095263	0.0427682067997019	0
278.5	0.0158588955009076	0.0424252479078365	0
279.5	0.015901324775555	0.0420186570339062	0
280.5	0.0159272710381262	0.0419464656349857	0
281.5	0.015930221305634	0.0420880507709984	0
282.5	0.0159075813549008	0.0427620164821531	0
283.5	0.0158593444972005	0.0432452784343458	0
284.5	0.0157855107325323	0.0441245155292218	0
285.5	0.0156860800608965	0.0444073953986776	0
286.5	0.0155610524822929	0.0454517682361604	0
287.5	0.0154104279967217	0.044820496786145	0
288.5	0.0152342066041826	0.0463419414860867	0
289.5	0.0150313585432421	0.0483301540319395	0
290.5	0.0147845960943866	0.0488185235904273	0
291.5	0.0144712606819219	0.0485295105304775	0
292.5	0.0140878007390658	0.0500573313136719	0
293.5	0.0136340274380454	0.049875965213968	0
294.5	0.013106386059278	0.0498749439728272	0
295.5	0.0125072409939031	0.0483222915158437	0
296.5	0.0118480303515042	0.047029800064541	0
297.5	0.0111305507753741	0.0452208143554453	0
298.5	0.0103548022655142	0.0442931211309272	0
299.5	0.00952078482192322	0.0418994466396803	0
300.5	0.00862849844460117	0.0406644106015541	0
301.5	0.00767850505301192	0.0393818162835722	0
302.5	0.00673109593506869	0.0369751414766075	0
303.5	0.00591099744345379	0.0361854097043338	0
304.5	0.00530903419927639	0.0354538100069497	0
305.5	0.0049577317568143	0.0366966966202049	0
306.5	0.00485719549417065	0.035008015206012	0
307.5	0.00500744399341831	0.0347451860801374	0
308.5	0.00545859951183474	0.0340839434474946	0
309.5	0.00636984314040172	0.0327386838612651	0
310.5	0.00777270287295857	0.0307761761555126	0
311.5	0.0096671787095029	0.0321393086444653	0
312.5	0.0120532706500357	0.0345028295221137	0
313.5	0.0149309786945576	0.0425258731898967	0
314.5	0.0183003028430674	0.0573172391333792	0
315.5	0.0222360523589568	0.0734545405330068	0
316.5	0.0282697975093685	0.095596246908377	0
317.5	0.0380728806233505	0.120406688941555	0
318.5	0.0478716776206903	0.189343255066386	0
319.5	0.0485449139312177	0.159918279848713	0
320.5	0.0465294153940341	0.145035153563872	0
321.5	0.0444181542211989	0.130949563381896	0
322.5	0.0420891516758198	0.133862102156032	0
323.5	0.0389932630375469	0.143939870111432	0
324.5	0.0345930118099732	0.167980886595531	0
325.5	0.0283150172568387	0.190422907469766	0
326.5	0.0201152151195737	0.185461635104304	0
327.5	0.0105105417864667	0.158556895646637	0
328.5	0.0015413030576642	0.109821582403987	0
329.5	0	0.0821828984312425	0
330.5	0	0.0762208843142051	0
331.5	0	0.0795711662777794	0
332.5	0	0.0858790407638612	0
333.5	0	0.096601144893498	0
334.5	0	0.105081400874051	0
335.5	0	0.112170992383043	0
336.5	0.00765977533220717	0.117791454082797	0
337.5	0.0187796923655867	0.12225667801857	0
338.5	0.0322939032456553	0.127282835353852	0
339.5	0.0484370281469012	0.134799431794997	0
340.5	0.0672074033696816	0.153199112095872	0
341.5	0.0885974498775154	0.197131132012348	0
342.5	0.112607167670402	0.277422964384944	0
343.5	0.139236556748352	0.371005106062662	0.0029262057871895
344.5	0.168468235048768	0.478975426855569	0.0514030536059062
345.5	0.197172274585591	0.572184819111797	0.0753810191122778
346.5	0.218349752664876	0.601933032623628	0.0689367827906271
347.5	0.231028240119933	0.608377839033772	0.0550681905951922
348.5	0.233847726924143	0.578201566407431	0.031428428903216
349.5	0.210977260775572	0.561987189843638	0.0108365560724731
350.5	0.152204327964498	0.450842987370984	0
351.5	0.0580768726398317	0.320237276990827	0
352.5	0	0.241705390241933	0
353.5	0	0.174726353253054	0
354.5	0	0.178517415189629	0
355.5	0.0396887361064695	0.182281951551127	0
356.5	0.107632662086483	0.227519992636609	0
357.5	0.167298962786763	0.27626478911406	0.0159407785320217
358.5	0.218465992073132	0.323351136569716	0.0930815228675894
359.5	0.258868222117886	0.362458756397709	0.131958013978393
360.5	0.287135321428359	0.394577127156221	0.147789366397949
361.5	0.303443833987057	0.423120031736913	0.161401190420185
362.5	0.308164072899494	0.43791971861538	0.170607411561249
363.5	0.301335846989655	0.449025080763427	0.170808459903446
364.5	0.283749668318908	0.427479319934582	0.160838797282551
365.5	0.259866405916813	0.402106810242949	0.138312016552679
366.5	0.234637850814769	0.359040684193026	0.118597311321451
367.5	0.213947657229319	0.326207704600015	0.0828002695260789
368.5	0.199496176099709	0.315481523468424	0.0713332660349118
369.5	0.191284901545914	0.32069290138891	0.0478245078341349
370.5	0.189313833567932	0.333311580897869	0
371.5	0.200967267406882	0.374559685661001	0
372.5	0.24624732578399	0.424155071430758	0
373.5	0.298177834368318	0.469895743643953	0.0751665785719054
374.5	0.352457065520963	0.534232941010694	0.206757679347134
375.5	0.409085019241918	0.61740912340858	0.293368653112567
376.5	0.465703553508589	0.806145453281215	0.285690660029868
377.5	0.503394403940879	0.987941843311114	0.219198205709472
378.5	0.491553417520072	0.980961877705066	0.126955697781605
379.5	0.443719312283251	0.920473544024516	0.0326814172134118
380.5	0.366485149649821	0.737627671056041	0
381.5	0.259850929619775	0.475400061502453	0
382.5	0.128809491764071	0.347439118107352	0
383.5	0.0148938106567322	0.317532505573314	0
384.5	0	0.307507049117735	0
385.5	0	0.377107030717123	0
386.5	0.143878978647215	0.589294925955545	0
387.5	0.497138691452677	1.56708118695676	0.0690002924242
388.5	0.725010600340168	1.90075154203065	0.236600800572561
389.5	0.618068171333708	1.20886533606979	0.166739835833281
390.5	0.407344466097798	1.02384575332546	0
391.5	0.263092725391834	0.739506061702991	0
392.5	0.258886028730183	0.552104127854877	0
393.5	0.322780093660202	0.847175223396689	0
394.5	0.410750758285864	1.18641435527876	0
395.5	0.318343087295993	0.783032119293694	0
396.5	0.0250685693268665	0.503805922473232	0
397.5	0.0190044046136148	0.807057688171779	0
398.5	0.523382229343023	1.12734562132912	0.0854511626257319
399.5	0.697699916035125	1.26054396836683	0.2577599245039
400.5	0.568417441673037	1.37309661196511	0
401.5	0.309530226488263	0.840749686683489	0
402.5	0.199491464819855	0.501696560312346	0
403.5	0.249359776354066	0.485139160219065	0
404.5	0.461699820141452	0.556950845871312	0.361444435556677
405.5	0.771744215286328	0.997502401661163	0.580964313120674
406.5	0.553047874092782	1.27371387909554	0.00659911087193717
407.5	0	0.375998890651977	0
408.5	0	0.412878145262533	0
409.5	0.0351493346101641	0.379544904778457	0
410.5	0.182394717585254	0.384921187101069	0
411.5	0.307931896055829	0.55075538845591	0.161430985066919
412.5	0.411760870021884	0.812697329443197	0.178662600212176
413.5	0.493881639483404	1.0829727716018	0.155917252555885
414.5	0.554294204440422	1.3042084565958	0.139046982691016
415.5	0.592998563562543	1.43633692330796	0.134626539432909
416.5	0.609276574622938	1.49739071588441	0.128310999505566
417.5	0.606456724859617	1.49475094816166	0.128190324286537
418.5	0.590345096336278	1.46302780244826	0.117615345662708
419.5	0.56118269648127	1.335887646805	0.131145751607013
420.5	0.518969525294554	1.18340317192911	0.144511219030981
421.5	0.463705582776167	0.935634399780283	0.166001566838336
422.5	0.395390868926088	0.705445539581338	0.195654944190887
423.5	0.314025383744316	0.543186832157632	0
424.5	0.219609502131927	0.484696546363039	0
425.5	0.121241049825293	0.556713865126967	0
426.5	0.0583451603041183	0.655028488503114	0
427.5	0.0899981487258253	0.757891161233751	0
428.5	0.240314588602022	0.873488676473904	0
429.5	0.502001740273658	1.09381337312203	0
430.5	0.763127910286313	1.60425326624966	0
431.5	0.927248114808322	1.88757096209168	0.150005335115372
432.5	0.87627318633704	1.814811230971	0.397268776419925
433.5	0.608540624800655	1.28302721770666	0.0280283027327297
434.5	0.430924461660454	0.981065798347897	0
435.5	0.341812287619227	0.71568502765797	0
436.5	0.300376347362863	0.603133856171487	0
437.5	0.294693395884384	0.577975570479717	0
438.5	0.305120126398973	0.594074698318523	0
439.5	0.329529978972571	0.57431297563504	0.0202910785939276
440.5	0.367920212183086	0.589743895772749	0.104298104728271
441.5	0.416680182102823	0.79122267943518	0.104946702013148
442.5	0.453482771085042	0.94705075951829	0.103672478986856
443.5	0.315556677891327	0.507639324529841	0.153177142095016
444.5	0	0.165048068690858	0
445.5	0.00864290256092672	0.194575107398263	0
446.5	0.151689556158138	0.248485267268181	0.0250453682961675
447.5	0.325832915372266	0.488856362368256	0.174497871988277
448.5	0.529554109020831	0.854073137346288	0.362428104634537
449.5	0.722443122554041	0.890828809414607	0.609624126169545
450.5	0.91352359108907	1.11556324429856	0.568707750448802
451.5	1.09814773230407	1.38251712861426	0.895292738753669
452.5	1.13301638654364	1.28653476269609	0.964191383632613
453.5	1.05142558227608	1.32125573231612	0.640956292148613
454.5	0.840497939325999	1.06567510961737	0.678178718643289
455.5	0.421712900810824	0.794120597355478	0.0638310972375891
456.5	2.59892491293967	2.95983868871867	2.02210675433763
457.5	1.33690943886497	1.882521380358	1.05923657371472
458.5	0.599308810855668	0.751702028695454	0.318730343861712
459.5	0.434577593912939	0.813763847209114	0.218783307413697
460.5	0.297352452863316	0.52683640825225	0.0112753578275626
461.5	0.292704125916183	0.391774235577229	0.179154526359057
462.5	0.303165514198044	0.395646234652117	0.167941094109059
463.5	0.324222330031925	0.469978200410362	0.1269839102626
464.5	0.355874573417775	0.513133887165911	0.154376940156066
465.5	0.396375778707504	0.540246421405378	0.23312989177908
466.5	0.430506501784222	0.589404481229111	0.261758079029925
467.5	0.439183263128995	0.586010471268801	0.294438746468949
468.5	0.395726705864911	0.544940206791156	0.260240731504239
469.5	0.256562801598046	0.53827130778426	0.00392622879435507
470.5	0.145230800708974	0.592449405151295	0
471.5	0.479278067392395	0.833619101555215	0
472.5	0.833838238218769	1.17259356607534	0.157681909531247
473.5	1.03864940359928	1.68867575174288	0.503515495669525
474.5	1.05485539831061	2.10802075171636	0.573278596431086
475.5	0.898520948769902	1.8022985353435	0.463794281244385
476.5	0.576678214070796	1.01405088146089	0.276101847140961
477.5	0.0893271942504318	1.00786710735708	0
478.5	0	1.03805704489196	0
479.5	0	0.591679427190748	0
480.5	0.0933438841730346	0.438346738387755	0
481.5	0.258168984711757	0.842278799804419	0
482.5	0.337763570633034	1.23954676707397	0
483.5	0.351533815137034	1.27405159811753	0
484.5	0.326660510872752	1.10382568876942	0
485.5	0.324898779504649	0.946596561596329	0
486.5	0.539032724266797	1.00759895853606	0.282565239429962
487.5	0.816124832627854	1.16717673929918	0.539556989439585
488.5	1.0977435988812	1.43726958394395	0.826021968411527
489.5	1.35083189501759	1.61641955853701	0.995302655103426
490.5	1.36614324956073	1.64479273408949	0.868796081156624
491.5	1.03664302528581	1.62731614523921	0.533654850851104
492.5	0.274069976474622	0.655265267690989	0.0826027187141637
493.5	0.108211676450521	0.454833869754573	0
494.5	0.571303841741242	0.715672580473229	0.337253649150619
495.5	0.722459654988041	1.02203459033811	0.495952180408041
496.5	0.566360534383331	0.804435087656551	0.39428150060026
497.5	0.413019402706181	0.583562327083241	0.290105684705757
498.5	0.364094920461501	0.501768266838993	0.217379631968559
499.5	0.400016818478504	0.567363178980603	0.209568738293038
500.5	0.437016811896686	0.72704638904855	0.242300269564745
501.5	0.352677322701496	0.499773909612413	0.219247998029077
502.5	0.299980559269184	0.5865857617225	0
503.5	0.426611170018971	0.689079918492516	0.138443828922509
504.5	0.5216921708191	0.76670014747454	0.304626045403333
505.5	0.459308672371028	0.701683179900431	0.268607466451638
506.5	0.295681219012249	0.559810998623864	0
507.5	0.285055671930159	0.574274305550555	0.00466862229954259
508.5	0.488189514777496	0.825329880871163	0.137378753228256
509.5	0.133199850190693	0.413418123901327	0
510.5	0.181664045254916	0.49235650849383	0
511.5	0.38489031946358	0.560789309070121	0.158977331989801
512.5	0.547400820676402	0.638741639721781	0.427605444741341
513.5	0.658525388922038	0.743013852343065	0.557949062005065
514.5	0.718264024200487	0.828197495457667	0.579462093294337
515.5	0.726616726511738	0.855791043162879	0.572305824943994
516.5	0.683583495855785	0.828989316126282	0.521745189980605
517.5	0.589164332232644	0.756744447299813	0.417121637816116
518.5	0.445248298558874	0.649487437086199	0.243878430464818
519.5	0.326086597685309	0.534684995957183	0.179509849627025
520.5	0.302814704221845	0.428913024956945	0.178545119901722
521.5	0.326128034880223	0.438529773655721	0.21900084250225
522.5	0.369091531842189	0.473809892153213	0.2644984022173
523.5	0.423228763149982	0.628676073262366	0.284665208412674
524.5	0.447972637105581	0.610243432557383	0.294282099298174
525.5	0.394954760625752	0.582497785855339	0.193596185131351
526.5	0.400251277198093	0.462346229143269	0.312029335717936
527.5	0.429271917371287	0.529390488090831	0.341880520872176
528.5	0.432735018306695	0.530726821341112	0.347816647691666
529.5	0.414048297257828	0.476507385721485	0.363277439033234
530.5	0.405305391446972	0.457887501905048	0.351921969450792
531.5	0.41057580798062	0.477268151487517	0.35599156564334
532.5	0.43393590063297	0.502885110381442	0.338874281435341
533.5	0.322068116478287	0.363346999441382	0.290111393969637
534.5	0.171987298246037	0.267121176775316	0.0771746061461233
535.5	0.205390036605868	0.296707548559864	0.136725959278199
536.5	0.3005393034018	0.369815775540938	0.220953168951265
537.5	0.447531070885265	0.570748740603589	0.281391335061701
538.5	0.412637321681112	0.591567367237338	0.294691358216005
539.5	0.130580696511427	0.250362056777585	0.0221113709111851
540.5	0.570526899543416	0.719285388535099	0.414008894250352
541.5	0.339195846718212	0.4486297981604	0.244785206206863
542.5	0.378337276057874	0.570187428651571	0.14838187403769
543.5	0.720937097857543	0.938135346666543	0.513103118034094
544.5	0.815815672486072	0.956965094560086	0.679115059142415
545.5	0.768913624481582	0.941600914817744	0.591553068303131
546.5	0.629071191652794	0.813139784419038	0.440206395344967
547.5	0.526483248103537	0.780710456451281	0.298948353454044
548.5	0.706550493788062	0.846754488714001	0.625900091523694
549.5	1.19651751480743	1.53119771203629	0.893824604966044
550.5	1.4016178283747	1.52203218545306	1.26171501138239
551.5	1.4199386524307	1.62343173282653	1.24011957225446
552.5	1.01271233377923	1.23447654910513	0.686297827888628
553.5	0.889916139171563	1.06372485245591	0.674795283989535
554.5	0.868902481402089	1.1420729102798	0.63784279261576
555.5	0.81891128176653	1.16058103300372	0.529076879546642
556.5	0.775814846910225	1.16887281512245	0.49460526891689
557.5	0.847154084122944	1.2206499883755	0.506679243719866
558.5	1.05489448683578	1.49511722121519	0.449354071427666
559.5	1.31505961592249	1.82014594890149	0.668644787541628
560.5	1.25666516996715	2.59118696784208	0.160322035881135
561.5	0.852414687244221	3.65562680306686	0
562.5	0.785512637622818	4.92805825146799	0
563.5	0.404475199541478	4.20584758373236	0
564.5	0.0234430945099143	2.7421016837071	0
565.5	0.450124987161555	2.9423767567513	0
566.5	0.141616600289519	1.73786980198348	0
567.5	3.83683826374312	6.56368744041169	1.09760706899412
568.5	6.68866474720987	11.0811006644126	4.05903289140265
569.5	1.45450841417913	4.90934879202847	0
570.5	0	2.37373260615757	0
571.5	0	1.04806758267404	0
572.5	0	1.10105796737496	0
573.5	1.64864168979945	5.96623729919032	0
574.5	5.1392055642824	11.9635999987225	0.0385025323826263
575.5	2.21579461162341	7.57155112449804	0
576.1684315	0	8.06804641547294	0
