phys	rec.rate	upper	lower
0.5	4.30712030917335	5.06472154648108	3.43120600488428
1.5	3.89768768439753	4.35454719617305	3.451382249244
2.5	3.49296456858453	3.85015736494484	3.18651868385015
3.5	5.4781794993006	6.06078576258834	5.01180788321253
4.5	3.27809000389228	3.67882411795142	2.77595216876059
5.5	2.6124357075816	2.89524257108236	2.31810002293935
6.5	2.17537923470001	2.58381718839735	1.7817052476427
7.5	3.80349877999843	4.26793747166667	3.35465511520093
8.5	2.58647068323676	3.89527520046429	1.20993149756865
9.5	2.01753498730706	4.06320237698246	0
10.5	0	1.26640984172305	0
11.5	0.151940595716812	2.70921108613018	0
12.5	1.38288593783736	2.84076302125992	0
13.5	1.36113436226227	3.18003628641749	0
14.5	2.4058534130661	3.89576427754285	1.17512183306277
15.5	3.32309737638669	5.52927587163259	1.46506257648015
16.5	4.05008536530503	6.299533844202	1.70235945199425
17.5	2.24863941454827	4.47853031054652	0.0795941245481945
18.5	3.47115398898014	4.61633244585235	2.09340211560419
19.5	6.7998259189377	7.95742471092417	5.91899781142175
20.5	6.13711071474007	7.45677836712911	4.81062903406889
21.5	0.81119996403026	2.58214169782857	0
22.045434	0.162908125334982	2.90552445823968	0
