phys	rec.rate	upper	lower
0.200422	5.13704422158942	5.18475414711358	5.07202336335514
0.36354	5.14626226059841	5.19152222163871	5.07202336335514
0.580746	5.14513183301601	5.18571447802148	5.07202336335514
0.889799	5.11159527798648	5.15122735856187	5.0580423935505
1.2126675	5.02904130724299	5.06203948835833	4.98914021538917
1.394471	NA	NA	NA
1.7147235	4.80915853340188	4.83142153432539	4.76717336131773
2.034976	NA	NA	NA
2.2726685	4.46434100305039	4.49228959835663	4.42711512652435
2.583661	4.23757676137552	4.27136447542068	4.2072395124548
2.656961	NA	NA	NA
2.674654	4.16799074721222	4.20781015388876	4.13794732811935
2.692347	NA	NA	NA
2.693018	4.15388719944136	4.19553234043027	4.12366955507291
2.705093	4.14463206759571	4.18742270250936	4.11439042811169
2.716497	NA	NA	NA
3.0046945	3.9331690475487	3.98141869266127	3.90735478641522
3.312402	3.73656664303125	3.76934352100444	3.71792492542174
3.408496	3.68342911318032	3.71149060367527	3.66721525147231
3.502922	3.6340436666878	3.65839534730806	3.61312964446802
3.6594205	3.56153975588942	3.58704278030705	3.53073185346065
3.8325295	3.48964564807617	3.51581055531769	3.45198229550004
3.866982	NA	NA	NA
3.890531	3.4683432790083	3.49484409564912	3.43077051180354
3.91408	NA	NA	NA
3.919007	3.45828205245045	3.48487088944317	3.42231273765196
3.9639285	3.44301296346003	3.46980450696749	3.40610969109966
4.094533	3.40178949135913	3.42746509553797	3.36876362130219
4.1851445	3.37524193528843	3.40086960302676	3.34362035657806
4.200331	3.37106571877304	3.39686458153898	3.34027627966009
4.312195	3.34217647526907	3.36834723629781	3.32026913789784
4.640033	3.27326813151346	3.2985422341047	3.25606448730109
4.89284	3.23189537340648	3.25434445105624	3.21285492612875
5.0975805	3.20814341153363	3.22501419884025	3.19249926687719
5.2836515	3.18966480289024	3.20687154245086	3.17156216808926
5.3816755	3.18147551219115	3.19840116387237	3.16138068963729
5.63689	3.15978496246685	3.17913816791374	3.13442857424507
5.8108625	3.1438080770256	3.16299365403394	3.11412316892359
5.8376085	3.14115852269405	3.16013291781615	3.11062089866379
5.9912265	3.12341735252947	3.13972085270274	3.09312867342987
6.1807515	3.09760545669001	3.11363079791276	3.07110994428177
6.25398	3.08601763059149	3.10270401088396	3.06251626673027
6.3449355	3.07052025350999	3.08645343115383	3.0521066696547
6.4309705	3.05520718824278	3.07121455344	3.040967150841
6.450429	NA	NA	NA
6.491922	3.04407998054491	3.06007512966839	3.0321494950695
6.533415	NA	NA	NA
6.572231	3.02958935952688	3.04506725447333	3.01940384999087
6.6247535	3.02036293420576	3.03568018663787	3.01100040880083
6.744166	3.00103004908447	3.01548748694522	2.99339462092728
7.0532665	2.96067557624102	2.97710651336133	2.9537585260319
7.3294255	2.93484990247053	2.94937811103373	2.92664448454384
7.4022195	2.92993660015691	2.94195746150647	2.92117352826544
7.4380055	2.9278365015835	2.93925928814041	2.91886642731163
7.473762	NA	NA	NA
7.5176335	2.92352143054892	2.93287359141897	2.91422860845855
7.639959	2.91763827305	2.92525209265523	2.90769783552668
7.758995	2.9123670502862	2.91927695576553	2.90270767889756
7.9396975	2.90457166800349	2.91073779404013	2.89343786260443
8.221504	2.89161010360684	2.8968817396655	2.8799065988611
8.479131	2.87807301825483	2.88309451166889	2.86911224121894
8.6557165	2.86741151436705	2.87276866747422	2.86002564435173
8.7547425	2.86075178437917	2.86654228836478	2.85412011156121
8.793124	NA	NA	NA
8.829164	2.85535285678601	2.86156145607109	2.84843977915925
9.060225	2.83593915366286	2.84242133388261	2.82884697343332
9.255246	NA	NA	NA
9.2639065	2.81675161143449	2.82345590091576	2.80968287152416
9.40638	2.80158545232865	2.80735210610485	2.79469669337734
9.6024865	2.779656853041	2.78625835753397	2.77263993473632
9.66478	NA	NA	NA
9.7646875	2.7607078990564	2.76857633740655	2.75341200811618
9.89919	2.74491040203359	2.75422714621262	2.73664805288082
9.9384225	2.74031484497531	2.74995194694534	2.73166929563927
9.949392	2.73903403040207	2.74890042921798	2.73021520428718
9.9628595	2.73746390809116	2.74750799646459	2.72840207545187
10.1516615	2.71518134071094	2.72610034819073	2.70649437391044
10.333328	NA	NA	NA
10.388972	2.68660167482019	2.69794896937899	2.67801622294077
10.4446165	2.67967354526096	2.69067042519142	2.67004666008028
10.458762	2.6778801419823	2.68884623730766	2.66784447107689
10.531987	2.66831956779396	2.67974082174719	2.65561101678379
10.689207	2.64632247233226	2.65878714552696	2.63049152332001
10.787347	NA	NA	NA
10.897945	2.61414266178586	2.6286565728542	2.59712764538253
11.056278	2.58782699578892	2.60276346170793	2.57037053498884
11.2744115	2.54954591958549	2.56208795711263	2.53438654374531
11.6409995	2.48383902753822	2.49321040229575	2.47156311261533
11.842513	2.44802488358598	2.45836599945738	2.43672938045186
11.8766235	2.44207783643706	2.4533773233932	2.43082643525405
12.169959	2.39643214894388	2.41186096288429	2.38358516307728
12.434508	NA	NA	NA
12.591833	2.3437451179431	2.36112208568597	2.33138688974823
12.779211	2.32683840165467	2.34386699811724	2.31678812026904
12.820068	2.32383898852909	2.34061819428448	2.31385131045932
12.838379	2.3225737380388	2.33936398076088	2.31248682871406
12.965619	2.31515392829099	2.33057376138357	2.30491228516327
13.255432	2.30441466770328	2.31591710979829	2.29388861243369
13.4754965	2.30102825567333	2.30858564025948	2.29152607556886
13.52618	2.30088200815201	2.30769659400374	2.29166221181093
13.526879	NA	NA	NA
13.57619	2.30090018906995	2.30705151839547	2.29186100047573
13.657664	2.30102969050376	2.30611868552604	2.29194794030719
13.9343515	2.30180918314182	2.30574215590732	2.29191637650496
14.4585755	2.3032274414068	2.3078896039311	2.29315928614685
14.7525965	2.30372516463528	2.30890707205219	2.29612420073418
14.82218	2.30378186072704	2.30899975538365	2.29764713223267
14.877442	NA	NA	NA
14.986886	2.30388609283568	2.30902850358034	2.29995995629907
15.09633	NA	NA	NA
15.1409025	2.30398969366969	2.30920875248547	2.30126804641189
15.185475	NA	NA	NA
15.3912445	2.30441057261025	2.31048516067631	2.30213871064211
15.9268025	2.30660277704688	2.31231670513001	2.30400698829326
16.28374	2.30889587125963	2.31297730211086	2.30392054804202
16.310889	NA	NA	NA
16.313256	2.30912784943451	2.31338228058963	2.30363061043491
16.315623	NA	NA	NA
16.323649	2.30920874705	2.31348487136843	2.30361002240547
16.3580565	2.30944490572619	2.31365710327489	2.30328826189853
16.3845795	2.3095997724291	2.31369053731255	2.30314833567995
16.437213	2.30970948540753	2.31382476554013	2.30287638627392
16.625095	2.30786637835123	2.31167001858227	2.29910728371628
16.907427	2.29836750480679	2.30160423396166	2.28986824729835
17.154865	2.28268226312564	2.28599207583336	2.27638167863632
17.3106835	2.2688706534245	2.2730942030656	2.26323274593196
17.4800545	2.24979060815182	2.25471549316594	2.24379810717988
17.6082625	2.23319774713405	2.23883912316101	2.22662868347263
17.745657	2.21236394017889	2.21845642769749	2.20708990437768
17.868892	NA	NA	NA
17.877822	2.19069796765782	2.19749227759123	2.18544075666103
17.886752	NA	NA	NA
17.8869215	2.189110454807	2.19599107527796	2.18381885031889
17.887091	NA	NA	NA
17.8984575	2.18709645675156	2.19432139866473	2.18174643605442
17.909824	NA	NA	NA
17.943994	2.17925700897408	2.18696968772018	2.17382138428649
18.1230805	2.15143053942974	2.15983908726245	2.14579306859295
18.276489	2.13041781839733	2.13943564419744	2.1250031625469
18.3203105	2.12528833127784	2.13432309010934	2.11976014882503
18.35564	NA	NA	NA
18.3906635	2.11774308295313	2.12747479534235	2.11220993893076
18.4869245	2.1088941946881	2.11943358859177	2.10290722462997
18.5604225	2.10299461291259	2.11383991622761	2.09688545680379
18.6782115	2.09523215426382	2.10576266406855	2.08903040095963
18.78374	NA	NA	NA
18.8151865	2.08747145779517	2.09659061590594	2.08192539504963
18.8571365	2.08538154468433	2.09346046428342	2.08020946461599
18.86764	NA	NA	NA
18.8999155	2.08323972326871	2.09041425966729	2.07834421028519
19.2033105	2.06316908157945	2.06684037050598	2.05645409747536
19.5107105	2.03696095010364	2.04134425604329	2.02943712707857
19.598208	2.02763856078284	2.03196196025803	2.0200985395566
19.8565255	1.99481864818258	1.99870663905716	1.9870022703915
20.274516	1.9279194277962	1.93204463983272	1.92136555551276
20.5298605	1.87879396437024	1.88328682691533	1.87346875562019
20.651786	1.85264600133377	1.85827074905561	1.84725636738009
20.741105	1.83282045734672	1.83984693988545	1.82764906554361
20.7532915	1.83006023626367	1.83738995430028	1.8249049346592
20.75363	NA	NA	NA
20.823098	1.81426498720368	1.82325928868837	1.80892758967393
20.9093415	1.79483054623708	1.80575737534878	1.78901141685808
20.940333	1.78791703424737	1.79945062178569	1.78178241450458
20.954549	NA	NA	NA
20.9749325	1.78029968820015	1.79228170410937	1.77385883425935
21.0707005	1.75997835388157	1.77215304092784	1.75248413149399
21.146085	NA	NA	NA
21.1541275	1.74290942380735	1.75594074991988	1.73412794550952
21.16217	NA	NA	NA
21.223709	1.72922889650023	1.74179325286631	1.7201807528231
21.285248	NA	NA	NA
21.293749	1.71563058276404	1.72803889047897	1.7064835538885
21.345885	1.70559157025806	1.71758027827593	1.69695380773337
21.38952	NA	NA	NA
21.4266675	1.68995279834699	1.70147302254715	1.6815665773623
21.463815	NA	NA	NA
21.7550565	1.62300543699582	1.63033477123376	1.61411315561241
22.435163	1.47094297827503	1.47602443337237	1.45830998632519
22.824028	NA	NA	NA
22.883241	1.36310403243605	1.37501459013923	1.34869900067476
22.942454	NA	NA	NA
22.946245	1.3474330118346	1.36143906314581	1.33180703616251
22.950036	NA	NA	NA
22.9913685	1.33631526008006	1.35193204242416	1.32031103214866
23.047948	1.32259729879134	1.34037609564441	1.30650915722868
23.1007715	1.31025285719674	1.33030815131843	1.29410309713159
23.2331035	1.28199306282084	1.30589182953638	1.26730795262274
23.327859	NA	NA	NA
23.3427375	1.26100034272314	1.28700658128456	1.24726576729972
23.357616	NA	NA	NA
23.3632275	1.25744947885702	1.28349827550866	1.24433134711389
23.482685	1.23929783107115	1.26546735081286	1.2263407796819
23.596531	NA	NA	NA
23.790713	1.20634529896115	1.22948528183711	1.18838565254064
24.0416685	1.19106623554107	1.21254655126048	1.17146702074987
24.181894	1.18754613317046	1.20565152286753	1.1701777938989
24.3372645	1.18603519968195	1.2011525146396	1.17236266783064
24.8740345	1.19040037641947	1.20402044753656	1.17221664966593
25.4297285	1.20090281458883	1.2170531536055	1.18021561396247
25.5324465	1.20331772747469	1.22284162838233	1.18215579604435
25.5453045	1.20359680538479	1.2234398847451	1.18220895556421
25.6292325	1.20488665962063	1.2258891197592	1.18349086491132
25.712178	NA	NA	NA
25.8386485	1.20481287416544	1.22459000185107	1.18601823684869
25.965119	NA	NA	NA
26.1483705	1.19489270565486	1.20761392392731	1.18056245658305
26.331622	NA	NA	NA
26.355102	1.18272326822755	1.19329542763081	1.17175894593261
26.517644	1.16963030143357	1.18038645254257	1.15957515675896
26.656706	NA	NA	NA
26.6970425	1.15378529676028	1.16671658974214	1.14175220961991
26.8091525	1.14348843796161	1.15647450915053	1.13237662793928
26.9036135	1.13509192568364	1.14843585551435	1.12452745113885
26.926301	NA	NA	NA
27.0026695	1.12707117599308	1.13933934161357	1.11803580406682
27.098901	1.12004463838737	1.12997053008273	1.11221018895438
27.118764	NA	NA	NA
27.1574665	1.11637797161032	1.12515411112269	1.10877907808389
27.331919	1.10856126949886	1.11466207070477	1.10112674326949
27.493728	1.10430539847911	1.10963275009293	1.09688186705374
27.5250745	1.10396415207376	1.10935831020384	1.09693720322839
27.5311115	1.10391615755666	1.10925504892584	1.09701118136633
27.55719	1.10377555133997	1.10891335808784	1.09705656025471
27.6403885	1.10385905941319	1.10866104368026	1.0975131079419
27.7008525	1.10429900536697	1.10912958918942	1.09859063461541
27.703481	1.10432953697267	1.1091812247166	1.09865008727981
27.774944	1.10537850161527	1.1098230449244	1.10066051366627
27.9001585	1.10782285305727	1.11172054887182	1.10396933952478
27.9966895	1.11021686010191	1.11391174983155	1.10678557502376
28.077697	1.11243824830143	1.11585915319078	1.10940077448202
28.115959	NA	NA	NA
28.241635	1.11704669984546	1.11976626614559	1.11406426735708
28.48631	1.12347958021627	1.12575917712871	1.11999470148618
28.664932	1.12746045745723	1.12964033750759	1.124328580027
28.724555	NA	NA	NA
28.7740275	1.12935270687528	1.13152048152961	1.12582447257627
28.8359615	1.13018747610292	1.13238354350165	1.12632578010665
28.942659	1.13093061220763	1.13315734724888	1.12680718701581
29.036917	1.13113114020052	1.13341096769826	1.12699837627057
29.1081205	1.13073805538801	1.13314097743075	1.12681746131735
29.179302	NA	NA	NA
29.180342	1.13009235958179	1.1325216343276	1.12659465250073
29.181382	NA	NA	NA
29.2127015	1.1296577045112	1.13215471204076	1.12628985398201
29.244021	NA	NA	NA
29.2926775	1.12838441261529	1.13074540400626	1.1254633534576
29.351342	1.12731457822197	1.12959783018062	1.12477921769203
29.36135	NA	NA	NA
29.445707	1.12539942754216	1.12727764886021	1.12344120727918
29.7964565	1.11767274704813	1.11899679765272	1.11623297084249
30.246995	1.10715870727558	1.10911186705156	1.10525950423836
30.507924	1.10092881923882	1.10275158136513	1.09922028837352
30.686079	1.0967404583166	1.09815499541602	1.09510261820656
30.787451	NA	NA	NA
30.811286	1.09386549091681	1.0952134704739	1.09239646841352
30.8406715	1.09320487369231	1.09454469825006	1.09175563926154
30.981217	1.09021045680612	1.09158404749272	1.08891321743449
31.626378	1.07985735791895	1.08135816295213	1.07888527740452
32.1854555	1.07413160895274	1.07608588623924	1.07273365427602
32.235973	1.07385602069425	1.07596462455552	1.0723481525128
32.402684	1.07325973771091	1.07542404629143	1.07146005236447
32.5686215	1.07290372116681	1.07533871535854	1.07090355266229
32.6727855	1.07286114456584	1.07521775568148	1.07087631793592
32.776117	NA	NA	NA
32.849018	1.07283700546844	1.0749473136141	1.0705679665779
32.921919	NA	NA	NA
32.9689575	1.07269961010589	1.07472414479655	1.0698481278486
33.015996	NA	NA	NA
33.066147	1.07231841351562	1.07448275977472	1.0690260181132
33.116298	NA	NA	NA
33.1888795	1.07119640793036	1.07368557317808	1.06729040639039
33.2958265	1.06955967896128	1.07226003175705	1.06553277912583
33.338551	1.06869531971595	1.07143475183667	1.06459018749818
33.3742205	1.0678626602948	1.07061874817629	1.06376806915897
33.4469585	1.06592274908156	1.06873004410742	1.06207485554378
33.537595	1.06311781044222	1.06589496278461	1.05978736306456
33.622669	1.06015891000634	1.06290339999192	1.05723184340215
33.737107	1.05583173959164	1.05840055753323	1.05348159425242
33.8728595	1.05043898623295	1.05289346016519	1.04848382038368
34.0097805	1.04493787577737	1.04809575275296	1.04306873099206
34.2459885	1.0360421191438	1.03967765931561	1.0334160151
34.406455	NA	NA	NA
34.4197615	1.03004769015124	1.03311330042713	1.02730759194617
34.4367045	1.02950542508499	1.03255668621511	1.02681855976054
34.4538395	1.02896680900607	1.03203216563179	1.02630015575326
34.467338	NA	NA	NA
34.5427755	1.02631366470044	1.02921010313014	1.02389371149948
34.618213	NA	NA	NA
34.8512885	1.0185061853226	1.02079728535459	1.01657572533028
35.084364	NA	NA	NA
35.209492	1.01125984121413	1.0134297441015	1.00953276737322
35.4416385	1.00744624853721	1.00917174482217	1.00559521807041
35.6548385	1.00421209108249	1.00601641697144	1.00221085177337
35.7926265	1.00216228830937	1.00391474162924	1.00018190286499
35.845255	1.00137440600617	1.00302727701246	0.999384393841466
35.866277	NA	NA	NA
35.923812	1.00016556414685	1.00174824578825	0.998230817487546
35.981347	NA	NA	NA
36.502246	0.989548290794086	0.990534484782855	0.987886294162753
37.029218	0.978346235769077	0.97957742798323	0.976969996612917
37.1496015	0.975446419936901	0.976899236698935	0.973684163000999
37.263912	NA	NA	NA
37.3182545	0.971335958714023	0.973215407716464	0.969357251406387
37.392061	0.969535887802858	0.971633000497182	0.967580567474721
37.588631	0.964928555286448	0.967317618595148	0.96327260778035
37.765737	NA	NA	NA
37.800202	0.960201192240868	0.962974992262509	0.958687849886253
37.8524925	0.95909352562178	0.9618386619138	0.957567161427057
37.905046	0.958000094162683	0.96071902068961	0.956595613948835
38.025709	0.955504933964344	0.958093568504818	0.954151149360706
38.2202355	0.951393666558898	0.953958402331339	0.949849234865618
38.328827	NA	NA	NA
38.363411	0.948194383613913	0.950652966669918	0.946187105722937
38.5014345	0.944633960755865	0.947178453510578	0.941890929900651
38.6265135	0.940985274789385	0.943739850309583	0.937305675633897
38.665704	0.939706756891401	0.942541704550844	0.935727108814183
38.7099275	0.938166725847296	0.941110822847334	0.933905140804062
38.7366	NA	NA	NA
38.8222415	0.933713440553171	0.936828942860267	0.929120274321845
38.943046	0.928260691729746	0.931858694763152	0.923219419892818
38.9853525	0.926156870810346	0.929854486932518	0.92110328276642
39.060818	0.922184630811986	0.925901516666975	0.917389731831021
39.18002	0.915610215073249	0.919024360148544	0.911151453707837
39.282951	0.909712416989227	0.913031020620686	0.905925881344379
39.548187	0.894680890041599	0.897788452116061	0.89192279277649
39.761372	NA	NA	NA
39.8808675	0.87675872705219	0.88004168963431	0.873996403784867
40.112701	0.865679314108622	0.869635107322122	0.862251970852601
40.3468025	0.856289089123382	0.860303519208102	0.852903985238206
40.4762425	0.851874465621897	0.856179849870468	0.848440798592463
40.48609	0.851572090916211	0.855910971843134	0.848136970870988
40.488261	NA	NA	NA
40.6944325	0.846309705012396	0.850374618144532	0.843165418125583
40.914017	0.841982825512787	0.845991857936052	0.83860951988964
40.9277615	0.841785349632204	0.845900281916607	0.838340920962767
40.94305	0.841570279384845	0.845677499450133	0.838079031796559
40.958007	NA	NA	NA
40.9659885	0.841248827933055	0.845260871110198	0.837714443242685
41.073498	0.839645983996395	0.843541792472005	0.836230616894914
41.2008375	0.837594600822006	0.84154136584233	0.833932655379536
41.228649	NA	NA	NA
41.5325995	0.831098440391331	0.833442761809475	0.827590720387066
41.892284	0.823052196563108	0.825699718363259	0.818681029991491
42.050865	0.819130529247869	0.822116676723825	0.81331638518828
42.153712	NA	NA	NA
42.2132805	0.815122902315011	0.818910288985626	0.80769482474218
42.272943	0.813673616294919	0.817911780569261	0.806307027864463
42.3177945	0.812601446330523	0.817154640085559	0.805577683448519
42.3699825	0.81136361369905	0.816298050799706	0.804658022121757
42.377413	NA	NA	NA
42.4442025	0.809594025813733	0.815099214676823	0.803193026944628
42.5369755	0.807333645650868	0.813080069133047	0.801991478402898
42.689675	0.803213747650844	0.809148777640364	0.799321790138502
43.050059	0.790971131150295	0.797062697151822	0.787142431969227
43.44176	0.773386916337418	0.780565349932329	0.76919216373431
43.599793	NA	NA	NA
43.615667	0.763993266371537	0.770594505579031	0.759059381918906
43.634079	0.762923637087831	0.769376748416899	0.757924306409757
43.636617	NA	NA	NA
43.699937	0.758984896334235	0.764837027680355	0.753442187200748
43.763257	NA	NA	NA
43.780331	0.754044592691594	0.758997084336082	0.748023765111007
44.142471	0.730071165407982	0.734704519043535	0.72223404632492
44.5556265	0.701087377385394	0.70800400007576	0.692743723681591
44.623716	NA	NA	NA
44.687536	0.691333559515669	0.699220777187646	0.683317933487027
45.0428465	0.664830476051103	0.672865711132705	0.657761588574244
45.347538	0.642081760920829	0.648728307329442	0.636006479577904
47.438794	0.504031966352432	0.506990440307683	0.500635511750465
49.629014	0.379572171768376	0.385558659725591	0.374424517184181
49.869269	0.368396974976675	0.375350163196183	0.362329100135695
50.0269365	0.361361488640508	0.368787685452922	0.354765201650811
50.3916305	0.346741762054285	0.354665176295832	0.340542281546404
51.1505405	0.32257034755761	0.32947552087616	0.319266246425323
51.7721585	0.309609450938505	0.314374076784011	0.304462184420841
51.983452	0.306923071699343	0.311765785520786	0.299755265599393
52.073503	0.306167488934715	0.311322679420123	0.298496242643253
52.2627865	0.305251990800493	0.310552102786647	0.296580813324548
52.375488	NA	NA	NA
52.446806	0.305191297139283	0.310215684606752	0.296526200034969
52.518124	NA	NA	NA
52.6011005	0.30579070750669	0.310175933036336	0.297522474043353
52.6885885	0.306311960546862	0.310173826495282	0.297902199056888
52.6931	NA	NA	NA
52.7821485	0.306954094548317	0.310424818077416	0.298944137041222
52.871197	NA	NA	NA
52.8994345	0.307725974287935	0.31076932438921	0.299945390757579
52.9652875	0.308069955060862	0.311038787879605	0.30095882002602
53.0807095	0.308331668879596	0.311671918369729	0.302715501061563
53.158516	NA	NA	NA
53.186952	0.30819455267132	0.311628057493506	0.304479911654309
53.2292835	0.307993290625902	0.311399803414418	0.30486289490632
53.243179	NA	NA	NA
53.3012725	0.307388325561184	0.310601669826057	0.304769881092021
53.359366	NA	NA	NA
53.5736225	0.302040899948468	0.305134532071747	0.299542664625731
53.8681665	0.292148864273781	0.295934767115349	0.289251005058528
53.948454	NA	NA	NA
54.065374	0.282454241731303	0.285489355537229	0.279400178681175
54.182294	NA	NA	NA
54.1836395	0.27584432523085	0.278437495159804	0.272940627984318
54.193878	0.275230156311889	0.277818315684155	0.272322297295581
54.202771	NA	NA	NA
54.2331365	0.272847837766599	0.275421714580907	0.270065558462032
54.3273285	0.267028334572208	0.269758995560693	0.264333423420709
54.574891	0.251512437139331	0.254429616244522	0.248825373969397
54.758627	NA	NA	NA
54.8013945	0.237327561467067	0.24032708985088	0.234736801737363
54.84431	0.234662254346916	0.237664637809088	0.232164014904285
54.943924	0.228607130079934	0.231836096290891	0.226089834914325
55.0945875	0.219691896381043	0.223294213649652	0.216774505318753
55.402059	0.202746362591964	0.206653086153868	0.199508417643056
55.658333	NA	NA	NA
55.6877495	0.187900314964505	0.191026749566471	0.184860875885428
55.8006885	0.182337142929431	0.18529241672809	0.179240831200057
55.884211	NA	NA	NA
56.1715415	0.163699755073642	0.166616290807583	0.161167597418515
56.629329	0.139075824112026	0.143098275101108	0.134838471236606
56.799786	NA	NA	NA
56.8089405	0.128515361448159	0.133044969374876	0.123455006319864
56.818095	NA	NA	NA
56.873197	0.124449894268398	0.129017354900409	0.119354432188855
57.024779	0.114020688174513	0.118395391395989	0.109068033585022
57.122358	0.106775318920658	0.110998740670795	0.101842340716058
57.1691555	0.10307885546774	0.107300477768902	0.0982944147704379
57.216355	0.0992899083039719	0.103479572144642	0.0946830519763747
57.3037275	0.0921792016446982	0.0959017120537477	0.0882083727965932
57.3991415	0.0844299987178314	0.0883586783620859	0.0811053157278033
57.410252	0.0835335824848225	0.0874776559050017	0.0803228252203882
57.41182	NA	NA	NA
57.532437	0.0745510508024874	0.078900127314587	0.0715191563976862
57.666458	0.0657407276183674	0.0699308922377206	0.0622796976766949
57.6995415	0.0638694724961595	0.0679807307726501	0.0603027132805645
57.830766	0.0577257609165501	0.0615535170915876	0.0544862494110514
57.942311	NA	NA	NA
57.9936745	0.0520797863810656	0.0554667239530895	0.049478490662918
58.0591525	0.0505444852763168	0.0538422110547915	0.0480574061160419
58.1894425	0.0486770868253214	0.0515413697127801	0.0460139815996462
58.305618	NA	NA	NA
58.3564905	0.0476143542775182	0.0502190248625713	0.0445050219839913
58.4333685	0.0476949096089159	0.0502294187097604	0.044523091067192
58.459374	NA	NA	NA
58.5315315	0.0481731440351555	0.0504804834382428	0.0450463378344467
58.6678085	0.0492450495992878	0.0512945418437094	0.0463956427682299
58.731928	NA	NA	NA
58.7482295	0.0500719485957218	0.0521401645425682	0.0473388695136111
58.989941	0.0533324331128988	0.0556861984347005	0.0510279905465686
59.215351	NA	NA	NA
59.2163525	0.0569010708066813	0.0598857957870949	0.0547534140491674
59.2700045	0.0578741998382577	0.0612784781829879	0.0556405712377386
59.3827035	0.0599694700861043	0.0634814799739613	0.0573865151036614
59.507723	0.0623214234111543	0.0658016515897403	0.0597141083909077
59.572841	0.0635330466098745	0.0669288444206977	0.0609832605533581
59.649259	0.0648631443144254	0.0679945826435052	0.0622710552829273
59.858278	0.0678046398590114	0.0705702549638353	0.0651400926785447
60.0393655	0.0694631776497467	0.0722702896642919	0.0662134648115014
60.087705	NA	NA	NA
60.2574055	0.0695831983210504	0.0726363476064556	0.0645843534105736
60.478077	0.0680045421827447	0.0716469674619505	0.0625686886189588
60.535404	0.0672152880885215	0.0709149565667928	0.0619394022230315
60.6150095	0.0658580745092769	0.0696905074103092	0.0605605727402157
60.747605	0.0632261640197122	0.0672789590752045	0.0586441435515419
60.806951	NA	NA	NA
60.9230945	0.0592827864371879	0.062746699608598	0.0558406195309405
61.05042	0.0564054210968782	0.0596039489175352	0.0536506295512649
61.086443	0.0556242909962644	0.0589340371717018	0.0530753624734266
61.111284	NA	NA	NA
61.3989455	0.0527412201298508	0.0575699478420062	0.0497590084762525
61.686607	NA	NA	NA
61.776405	0.0555940849322003	0.0596203260992719	0.0525784745343304
61.866203	NA	NA	NA
61.867421	0.0578341301057047	0.0614415575613254	0.05493602359467
61.8752725	0.0580659878979342	0.0616557188520976	0.0551232635760152
61.908178	0.059091784617225	0.062634997958329	0.0561213851834852
62.060472	0.0647924699897588	0.0673984086389207	0.0616551495378018
62.1890615	0.0703278370969749	0.0722684260761383	0.0668906543692881
62.2211595	0.0718629631750343	0.0735920785395995	0.0682221479003749
62.250724	0.0732831087295625	0.0749204069306084	0.0697000262694337
62.2800985	0.0746829138696277	0.0763513061212568	0.0712218812374651
62.309439	NA	NA	NA
62.4098865	0.0804016984741388	0.0822763298996304	0.0767278448249826
62.510334	NA	NA	NA
62.518585	0.084702985715559	0.0865118063932495	0.0818040998713657
62.5781	0.0867065300842965	0.0883590666657568	0.0840783228839095
62.629364	NA	NA	NA
62.65225	0.0889452224230493	0.09038507483596	0.0868517993783961
62.742669	0.0911677830479945	0.0925267978456093	0.0895115241230287
62.835141	0.0930453973861013	0.0943263628365757	0.0916356947885159
62.873644	0.093690516367782	0.0950556855426058	0.0923749673367568
62.892108	0.0939788370105635	0.0953868194537182	0.0927290556124746
62.897008	NA	NA	NA
62.9446025	0.0947530802493419	0.0962153496271832	0.0935504205657512
63.026709	0.0959008146863677	0.0973218323980689	0.0947768694128714
63.061221	NA	NA	NA
63.062849	0.0963847047736869	0.0977744016250046	0.095292094139256
63.064477	NA	NA	NA
63.11467	0.0970537481401797	0.0984818493669442	0.096051963419987
63.2014425	0.09812966878363	0.0995343801150081	0.0971310768432051
63.430859	0.10045352543407	0.101720647460754	0.0990584240394692
63.623696	NA	NA	NA
63.681738	0.102344371787722	0.103879201701728	0.100299982589207
63.7607535	0.102735524868781	0.104540596181022	0.100344444304553
63.781727	NA	NA	NA
63.804526	0.102909414685418	0.104894347680924	0.100242738927093
63.993408	0.103460859357199	0.105719041400971	0.100266574150379
64.2138895	0.103908179886346	0.105656812674525	0.101007922341072
64.284801	0.10403464309213	0.105885800309052	0.101175299629887
64.3083885	0.104085772434726	0.106000958065524	0.101344870855389
64.5305115	0.105820646476005	0.107845983521519	0.103264601158076
64.74556	NA	NA	NA
64.799376	0.109834676772466	0.11309570733927	0.107573219473114
64.916202	0.112878551592999	0.116969260798794	0.110181955648965
64.979212	NA	NA	NA
65.0206465	0.116427639133019	0.121202324396968	0.113432917684107
65.062081	NA	NA	NA
65.117053	0.120646390268345	0.12631323761804	0.117492854076116
65.172025	NA	NA	NA
65.1794045	0.12382192574668	0.129867363739038	0.120635953711545
65.186784	NA	NA	NA
65.220866	0.126206511474174	0.132178958546008	0.122939110698875
65.2803155	0.129867102921321	0.135917279561483	0.126718013660047
65.326129	0.132877876531692	0.138841334032144	0.12990493206367
65.368232	0.135752956733449	0.141444936836217	0.132977915911273
65.389889	NA	NA	NA
65.390068	0.137268415519974	0.142786141389709	0.13452423679325
65.5429005	0.147695712047285	0.151770899330772	0.14448416427061
65.744867	0.161013450864758	0.163301599223791	0.157981507886907
66.043761	0.178233920380809	0.179379475827831	0.17570095494973
66.655656	0.203765352260443	0.20548117781228	0.200422169804262
67.01797	NA	NA	NA
67.0506505	0.213763140950618	0.215727735049224	0.210758756208478
67.190856	0.215448084695522	0.217271760735024	0.2127585261196
67.3476025	0.216511959966916	0.218136362493647	0.213956407902
67.4102505	0.216648189472293	0.218346166545287	0.214095277353293
67.4739	0.216611350820852	0.218370678250413	0.214192843970971
67.600016	0.216178106298214	0.217952179211948	0.213837680797371
67.6823635	0.215698643678105	0.21760845796561	0.213592826077583
67.7553345	0.215143617154097	0.217056496899269	0.213279574515267
67.821851	NA	NA	NA
67.879189	0.214129260485635	0.216202479669008	0.21270303318669
67.9447835	0.213587306197735	0.215761699803856	0.212284410884134
68.05708	0.21282550820911	0.21508031779101	0.211642106214672
68.203135	0.212129686684265	0.214407718902745	0.210880445582166
68.254824	0.212006800726899	0.214391730041894	0.210746075058136
68.3615715	0.212099857653859	0.214425678086974	0.21086594410624
68.496632	0.21267796439491	0.214894928355598	0.211298583185792
68.534619	NA	NA	NA
68.629099	0.21392570813874	0.21588180147182	0.212452602794604
68.743744	0.215357195936554	0.217072302454183	0.213899620584936
68.774839	0.215814194664352	0.217400553077788	0.214289455677929
68.785769	NA	NA	NA
68.7975515	0.216156436950323	0.217759253470574	0.214525787382093
68.828333	0.216617723461789	0.218166666779128	0.214879276937393
68.963848	0.218380406651169	0.21990293684194	0.216362710902921
69.080364	NA	NA	NA
69.137724	0.220075343590411	0.221672392080978	0.217785927673818
69.203174	0.220464934908361	0.222005466389388	0.217953745756068
69.211264	NA	NA	NA
69.2916375	0.220656958464932	0.222212817155527	0.218118133838404
69.372011	NA	NA	NA
69.4382755	0.220398973246412	0.221963420980284	0.218081257959137
69.50454	NA	NA	NA
69.5378715	0.219856127098017	0.221410310469413	0.218117013216888
69.571203	NA	NA	NA
69.5760385	0.219603579339298	0.221216771735307	0.218068981704091
69.580874	NA	NA	NA
69.580977	0.219570624755699	0.221206489765794	0.218050306502057
69.601122	0.219452188111728	0.22117379943741	0.217989469323679
69.7798095	0.219759821678918	0.221999156256416	0.218184546334382
69.965778	0.221763458235214	0.224427098930223	0.219949173975925
70.054999	0.223699199927	0.226215482826221	0.221940313480676
70.116897	NA	NA	NA
70.1565505	0.226450530093657	0.228621080809065	0.224934076759798
70.215352	0.228309456751339	0.230293128160191	0.226755278175808
70.236943	0.229033847881698	0.230902064639103	0.22746052455725
70.239386	NA	NA	NA
70.3583735	0.233344926804894	0.234829350454216	0.231775278817415
70.52441	0.239542312393114	0.240767310343491	0.237669837058378
70.649298	0.244407651339182	0.245494724735488	0.242530246579096
70.727137	NA	NA	NA
70.755647	0.24857226713245	0.249707982571605	0.246724113412415
70.8553465	0.252428362953287	0.253627145479196	0.250671996455685
71.0860135	0.260955817970437	0.262427565767254	0.259416007545403
71.245491	NA	NA	NA
71.251845	0.266786414096436	0.26811024709558	0.265561622862006
71.258199	NA	NA	NA
71.3166605	0.268926719171935	0.270201831210747	0.267781175256837
71.375122	NA	NA	NA
71.5228575	0.275057897089897	0.276242706164185	0.274110607453415
71.670593	NA	NA	NA
71.7090665	0.27982580927224	0.281097499581537	0.278596152250839
71.8865955	0.283210200156832	0.284793057060519	0.281484285209241
72.033363	0.28538207396886	0.287272679423749	0.283193139700659
72.065256	0.285724726449809	0.287658635329289	0.283461874232497
72.104304	0.28609707545029	0.288012540033479	0.283686499359602
72.119222	0.286224391824171	0.288162709926941	0.283772056366491
72.1847185	0.286669452151137	0.288554974540821	0.284115361674032
72.3159145	0.287220952318463	0.289167260184915	0.284601600161293
72.5995495	0.286877021677273	0.288797089659017	0.284553963908443
72.943882	0.284591640282713	0.286098891555184	0.283062848121942
73.142311	0.282359501199566	0.283799776869344	0.280979240025341
73.314857	0.280069677798547	0.281730167928272	0.278447553867445
73.6571345	0.275310267348866	0.277725318789134	0.273366924652063
73.909114	0.271860297996315	0.274545677398907	0.269861015847286
73.919381	NA	NA	NA
73.971125	0.271062586115184	0.273679355966152	0.269025715534882
74.0863005	0.269740463754468	0.272115580973793	0.267668296976325
74.149732	NA	NA	NA
74.168331	0.268937744597989	0.271076939033158	0.266876147115072
74.18693	NA	NA	NA
74.193275	0.268725869691983	0.270809062109533	0.266683331862487
74.2851975	0.268133592611541	0.269965714536634	0.266148609730265
74.470429	0.267615260673942	0.269231401507587	0.265767405253366
74.570083	NA	NA	NA
74.649745	0.268033178882202	0.270050148124557	0.266302875412227
74.7468585	0.268639120381573	0.270973668413724	0.26673799046879
74.851526	0.269681791723004	0.272403590800425	0.267567376568284
75.011521	0.271841273586504	0.274653814655268	0.269233952176286
75.092186	0.273191249674261	0.275961363122206	0.27035264248572
75.100072	NA	NA	NA
75.1692865	0.274670476624786	0.277294310369925	0.27176370519247
75.287665	0.277133099395077	0.279497633024712	0.274147610510914
75.4600185	0.281108680682284	0.283080086177479	0.278436527395327
75.627027	0.285202920700655	0.286974142712616	0.282979736497922
75.8252025	0.290295754181397	0.292039029548037	0.287899204656319
76.2371245	0.301137961345335	0.303876368984078	0.298332715833427
76.6474925	0.312240932797606	0.314887181449975	0.309796244020146
76.800295	NA	NA	NA
76.8082795	0.316738052328784	0.319470527629195	0.314201284452694
76.827963	0.317300676698872	0.320091681995686	0.314768753814439
76.8511965	0.317972074987777	0.320830472496945	0.315394596346606
77.039694	0.323999027639877	0.327311401857497	0.321484684438555
77.216657	NA	NA	NA
77.4459715	0.339850645050645	0.343254747969345	0.33731920032774
77.675286	NA	NA	NA
77.6956415	0.351546624659197	0.354456234922573	0.34853548083973
77.7546995	0.354623411799648	0.357321341912911	0.351656630825564
77.865464	0.360581657624942	0.362885631170885	0.357849734400848
77.942327	0.364810717969582	0.367007155422315	0.362136485511587
78.058108	0.371276747457873	0.373392990364761	0.368649529742
78.1885765	0.378571080280707	0.380788245776293	0.375347891341085
78.46798	0.393380739854881	0.395784040493669	0.389816686177206
78.7520365	0.407498699513347	0.409919746773745	0.404485451695207
78.776178	NA	NA	NA
78.8083375	0.410085854786136	0.412471007815674	0.407322932790422
78.869043	0.412795149658392	0.415249184520204	0.410339594456827
78.924087	0.415180943775827	0.41773960287383	0.413104676429363
79.044209	0.420200130492057	0.422660430920892	0.418386706882658
79.1494975	0.424481799264529	0.427050759040947	0.422683536333323
79.28439	0.429842441471492	0.43241617382512	0.428046029242487
79.407618	NA	NA	NA
79.4078045	0.434732560967086	0.437184070049938	0.432690005518238
79.409838	0.434812928536426	0.437257982410539	0.432775507155377
79.411685	NA	NA	NA
79.4891875	0.43794021715539	0.44011966258092	0.435901051107273
79.6619315	0.444675367832984	0.446439413761025	0.44297374372757
79.757173	NA	NA	NA
80.0092335	0.457278754432374	0.458403130912337	0.455977254517669
80.304192	0.466943453889286	0.468181925150544	0.465324358376992
80.3932975	0.469531317428045	0.470867572741571	0.467768679007489
80.5731	0.474036491412881	0.475716957238301	0.472198083140569
80.707776	0.476930631269197	0.478474919185168	0.475032541003544
80.777438	0.47811692427307	0.4794801230256	0.476290841879423
80.846019	NA	NA	NA
80.8534515	0.479259938398448	0.48053220276807	0.477455492038174
80.8724155	0.479502726907085	0.480751290902259	0.477800187621922
80.9092475	0.479941364581226	0.481143779411613	0.478304107158774
80.974787	0.48064963050114	0.481802264770247	0.479200795029182
81.02762	0.481179420848195	0.482437222931363	0.479810840394308
81.0911335	0.481814673551985	0.483203486988304	0.480644771439108
81.150387	0.482439263592777	0.483838794620153	0.481350038426941
81.158721	NA	NA	NA
81.163314	0.482583903845692	0.483957802456101	0.481516194969611
81.2479175	0.483728964540173	0.485158158110152	0.48264462975372
81.327928	NA	NA	NA
81.386527	0.486138031027045	0.487657360576084	0.484959694166328
81.544689	0.48996361398245	0.49136725041735	0.488875982912449
81.644252	NA	NA	NA
81.653645	0.493129395501647	0.49438543814482	0.492095821782127
81.7182425	0.495288168618479	0.496482441216391	0.494266284554212
81.773447	NA	NA	NA
81.857738	0.500374887688914	0.501436468974824	0.499534385783074
81.952777	0.504092242098353	0.505116637097307	0.503218201624719
82.0244855	0.507034735426019	0.507992634298625	0.506102152428036
82.085446	NA	NA	NA
82.156753	0.512550867989323	0.513550376506945	0.511471146095895
82.22806	NA	NA	NA
82.246464	0.516307201782667	0.517335303544349	0.515216820800101
82.2858715	0.51794633688782	0.519006122662442	0.516832018153051
82.306875	NA	NA	NA
82.439027	0.524072558003757	0.525258094135288	0.522919860648923
82.636912	0.531529634142806	0.532966886078051	0.530288212650329
82.702645	NA	NA	NA
82.833863	0.538169616892768	0.539724063749114	0.53695031281317
82.965081	NA	NA	NA
83.0207045	0.543824961242664	0.545431452141111	0.542385279143648
83.1513355	0.54727825486737	0.548985633975565	0.545537210399765
83.337608	0.551499452420827	0.553336605489257	0.549435372595208
83.5033395	0.554628979943923	0.556520426995929	0.552268671836475
83.5950895	0.556078367322147	0.557918456683988	0.553512996351607
83.727123	0.557845047503372	0.559636788858512	0.555145681211901
83.9040445	0.559816209686062	0.561768487319659	0.557048529156735
83.986216	NA	NA	NA
84.1093805	0.561807892855249	0.564369397794677	0.558649126820074
84.2738	0.56351248964211	0.567046218921492	0.559667375264478
84.331238	0.564210479336279	0.567979754787548	0.560342127391945
84.347421	NA	NA	NA
84.3797005	0.564912041670465	0.568897985452704	0.560887255705455
84.41198	NA	NA	NA
84.4266305	0.56570034468356	0.569878328627858	0.561444428702688
84.502779	0.567325021478022	0.571677752506403	0.563187170024071
84.5854245	0.569432057052847	0.573699719787923	0.56524812793274
84.712831	0.57352966973092	0.577238807398432	0.569885411932967
84.8484555	0.578517532461794	0.581326459713147	0.575662567745014
85.0008085	0.584862230533074	0.587541104274372	0.582350467859347
85.123796	NA	NA	NA
85.184521	0.592829645623832	0.596225854537041	0.590002580554434
85.263985	0.596302882560891	0.599828228516062	0.59302858729598
85.399833	0.601912779841059	0.605447623543702	0.598159183715989
85.533995	0.607102768238618	0.61078411723448	0.603036718788563
85.583903	0.608881240314481	0.612577991810896	0.605004945951228
85.616758	NA	NA	NA
85.6798695	0.612085902785563	0.61543981867748	0.608407740948245
85.7490925	0.614262376367024	0.617240993577813	0.610822978012136
85.755204	NA	NA	NA
85.818637	0.616293115652818	0.619058197110089	0.613277709241908
85.88207	NA	NA	NA
85.96852	0.620355848097448	0.622694134798512	0.617864284142335
86.157673	0.624954245951331	0.626955596991766	0.622856965480155
86.3770885	0.629643489615	0.631595521816732	0.627040573838961
86.719236	0.63576706129293	0.637954942959383	0.632718353053184
86.9536885	0.639414862667207	0.641710106857679	0.636391624057317
86.962706	NA	NA	NA
87.0225015	0.640376977561432	0.642686350590592	0.63744944200743
87.082297	NA	NA	NA
87.113464	0.641640186230111	0.64404307578398	0.638841239510652
87.156579	0.642243289883652	0.644722033950994	0.639574701244959
87.41775	0.64634630234271	0.648867862913789	0.643634859462249
87.6792005	0.650912637990959	0.653719124945424	0.648009617642755
87.802603	0.653376504606629	0.656312839813146	0.650511382363487
88.137897	0.660867828039708	0.66387888984045	0.658245137771523
88.430537	0.668159443594972	0.670980570748974	0.665293289448442
88.8257605	0.679090845817796	0.681682019548469	0.676670992868441
89.152463	NA	NA	NA
89.299024	0.692832732873709	0.69585791673193	0.690220037204633
89.5496115	0.700161108212059	0.703877699198131	0.697042394662067
89.6924085	0.70421851712887	0.70816495343089	0.70083098498046
89.820928	0.707713330488429	0.711715998383304	0.704154290775865
89.910677	NA	NA	NA
90.141477	0.7155953224455	0.71950257425229	0.712262443816878
90.4221485	0.721701252859342	0.724965046775005	0.718885323694212
90.5910165	0.724902798193528	0.727478708964054	0.722611658825663
90.740588	0.727577135603191	0.730029536819805	0.725504092506516
91.148703	0.734431911049315	0.736847956836675	0.731909919034905
91.6279265	0.742298437151786	0.745262601105999	0.739565160433435
91.7862355	0.744928482809593	0.747769601117982	0.742331688520269
91.842861	NA	NA	NA
91.953851	0.7478858475194	0.750515476926032	0.745127656547091
92.064841	NA	NA	NA
92.098845	0.750614040015363	0.753012711370233	0.747846971138398
92.132849	NA	NA	NA
92.195167	0.752564609067921	0.754889717753723	0.74988223230454
92.257485	NA	NA	NA
92.266909	0.754076662116905	0.756333087959603	0.751317311869302
92.339565	0.755672783079735	0.758077908645029	0.753024881536928
92.454759	0.758275579588077	0.7608530439545	0.755764231155452
92.5815395	0.761233368646934	0.764286930205605	0.759029969682091
92.6785515	0.763530168150733	0.767256053206455	0.760902035553368
92.700745	NA	NA	NA
92.703496	0.764119883410178	0.767941057014493	0.761292124675527
92.706247	NA	NA	NA
92.7274145	0.764668309428418	0.768599762466368	0.761628713052553
92.748582	NA	NA	NA
92.7972455	0.766113177027936	0.770850125426877	0.762492474021669
92.8506095	0.767080380688236	0.771927485083263	0.762743193801751
92.85531	NA	NA	NA
92.857469	0.76719106271766	0.772162404442142	0.762755036500508
92.872573	0.767424626661156	0.772624941807019	0.762635557743258
92.9839665	0.768884513328484	0.77467899248689	0.762791265918874
93.2401245	0.771328820058947	0.776286947011787	0.763665253821993
93.4297665	0.772777861738219	0.777583987167429	0.764910915912585
93.697542	0.775877610174737	0.779420289084244	0.769414693405464
94.032398	0.782341890327546	0.789039185667158	0.775487603487116
94.133762	0.785282291081277	0.794411830926771	0.777339599626055
94.136113	NA	NA	NA
94.136881	0.785385078495738	0.794585909922588	0.777451742459513
94.213638	0.788434510268627	0.799118717447583	0.779675637519466
94.341281	0.794933001439828	0.807659891675745	0.785279327849449
94.415983	0.799735737429811	0.812674691872422	0.789690865877192
94.467803	0.803521761425913	0.816430725483688	0.793871552746119
94.5510395	0.810211901648135	0.822660299707531	0.801152689057916
94.6399925	0.817950456125995	0.82918292537707	0.810494344993263
94.674485	0.821094643942532	0.831806471880103	0.814256602487006
94.9510515	0.847753781159552	0.854575506505359	0.840736922377092
95.227614	NA	NA	NA
95.2798225	0.880903399223404	0.886275485765585	0.874581841307015
95.3373175	0.88688488550065	0.892062828208894	0.880122621935742
95.6993925	0.923327749703901	0.928079984851798	0.915285543896353
96.056181	NA	NA	NA
96.3020325	0.980659249658967	0.986352494197818	0.972541395833316
96.547884	NA	NA	NA
96.6331925	1.01034803855265	1.01627057408041	1.00438200275577
96.718501	NA	NA	NA
96.721866	1.01816762896187	1.02438720115395	1.01253903673533
96.881691	1.03271868524298	1.03997916941747	1.02760846357281
97.038151	NA	NA	NA
97.1477235	1.05840362171303	1.06856733143463	1.05282445290146
97.257296	NA	NA	NA
97.396298	1.08547230370494	1.09669480297391	1.07862783256375
97.61004	1.11162174640072	1.12201071187616	1.10376637401622
97.6866255	1.12174370087572	1.13111714395661	1.11359879639957
97.709083	1.12481306551607	1.13387861526713	1.11682397726192
97.738985	1.12893910557594	1.13746173720273	1.12105337116758
97.748275	NA	NA	NA
97.770966	1.13340342692225	1.14153037639371	1.12589761734953
97.8410725	1.1432504090257	1.15048054018394	1.13616048658319
98.256943	1.19967315233273	1.20421149862771	1.19198370593763
98.666843	1.25245557016993	1.25711523700976	1.24414580280567
98.935799	1.2835040973517	1.28970007024925	1.27538900358156
99.16331	NA	NA	NA
99.2016355	1.31180412558613	1.32076247046591	1.3049014060933
99.2438705	1.31595948644673	1.32486613240624	1.30920452243221
99.556414	1.34357510469684	1.35007176776571	1.33788805118194
99.9026165	1.37076394623985	1.3769428824073	1.36555238878468
99.9636965	1.37498730585941	1.38157641370724	1.36923701735936
100.1070915	1.38490142536495	1.3927817755796	1.37795287383253
100.2829255	1.39737374221462	1.40554273688151	1.38998919107797
100.386057	1.4051592552875	1.4134890323812	1.3980606596617
100.433348	1.40891072994609	1.41709848961417	1.40189114732441
100.4345655	1.40900981455473	1.41719083558085	1.40199114059642
100.466108	1.41162815492711	1.41970635833853	1.40479751862252
100.498564	1.4143778965997	1.42241604144427	1.40757468954295
100.5660985	1.42034213509862	1.42800107776782	1.41381962568459
100.631612	NA	NA	NA
100.633122	1.42639805353198	1.43339724452553	1.41946756976955
100.705583	1.43311108561361	1.43989678328187	1.42616893886487
100.82404	1.4441446107376	1.45076689663209	1.43770862983938
100.871546	NA	NA	NA
100.9487735	1.45580958538315	1.4622570466177	1.44983516338132
101.033268	1.46372621881251	1.47042817794936	1.45817236942962
101.197217	1.47928120735108	1.48514913551114	1.47483265492922
101.6520235	1.52428287419128	1.52954930422308	1.51986473771861
101.950148	NA	NA	NA
102.0700605	1.56833557520134	1.57393157724523	1.56177712107731
102.2552515	1.588916208426	1.59432889493754	1.5818598272613
102.3226065	1.59653719175222	1.60203214720523	1.58961060425003
102.4432685	1.61018801391846	1.61593680557106	1.60422128435665
102.561854	NA	NA	NA
102.582177	1.62578834104406	1.63160385764914	1.61991628418998
102.6500205	1.6331940061296	1.6389197179636	1.6265586269414
102.8409055	1.65207978955816	1.65834962164836	1.64424110041137
102.98427	NA	NA	NA
103.0350945	1.66863809395102	1.67524376523681	1.66029218793323
103.125312	1.67496038042348	1.68172765989803	1.6670899223538
103.184588	1.67862200532279	1.68527365649037	1.67117531365206
103.204471	NA	NA	NA
103.214771	1.68032471673572	1.68679894771547	1.67304852875355
103.330991	1.68581444567054	1.69136686986826	1.67911794240678
103.436911	NA	NA	NA
103.6265355	1.69453408837318	1.69891017222645	1.68966345776265
103.901758	1.69751557033799	1.70184772076202	1.69355278655653
104.0409875	1.69715783314665	1.70166742797298	1.69361966876743
104.094619	NA	NA	NA
104.1273465	1.69652124129699	1.70148769877057	1.693335311988
104.2490135	1.69539027220886	1.70077394816988	1.69224114920733
104.4077845	1.69384842129266	1.69966927411139	1.69066703572375
104.5751705	1.69242184289399	1.69784791849941	1.68967139909953
104.672725	NA	NA	NA
104.763812	1.69140304726295	1.69540867441187	1.6892065023681
104.854899	NA	NA	NA
104.8745875	1.69120293757207	1.69442430134308	1.68913666966976
104.894276	NA	NA	NA
104.923006	1.69125756078391	1.69416403030421	1.68921195618175
104.994267	1.69149451007987	1.69457627262544	1.68940644922398
105.036798	NA	NA	NA
105.1891825	1.69313044120397	1.69669577471301	1.69067731171001
105.341567	NA	NA	NA
105.391847	1.69588766313788	1.69939413028382	1.69368440484035
105.4940895	1.69774244226168	1.70104885057107	1.69571974117941
105.5515135	1.69885662148744	1.70236245005152	1.69668341351399
105.669579	1.70119807041358	1.70514609021409	1.69827204688293
105.8208775	1.70416134189849	1.70821634953256	1.69995114980502
105.859572	NA	NA	NA
105.894439	1.70553781188355	1.70970814491085	1.70037377140634
105.9440525	1.70641804838486	1.71081914013492	1.70083342446713
105.958799	NA	NA	NA
106.0337575	1.70787960589745	1.71278650708664	1.70142994918528
106.1371925	1.70944871803652	1.71463927916424	1.70230982891526
106.282456	1.71163008628979	1.7166101360875	1.70367759060981
106.399243	NA	NA	NA
106.4040375	1.7135669141846	1.71851059323961	1.70567784250343
106.5636235	1.71713473346574	1.72145044703187	1.70924172448238
106.718415	NA	NA	NA
106.759424	1.72295487874204	1.72932194129893	1.71403528818239
106.909764	1.72959055908966	1.73816485137937	1.72010347585323
107.0528345	1.7374605888828	1.74794601651177	1.72736059285625
107.123807	1.74215393155639	1.75308053189194	1.7317255758853
107.166867	1.74520946154171	1.75619028430951	1.73468560343899
107.3569145	1.7608510488321	1.7725510516961	1.7508195818744
107.812832	1.80709808816912	1.816105792663	1.79928087403594
108.1337405	1.84506622337605	1.85436111692716	1.83712606532329
108.182952	NA	NA	NA
108.208664	1.85457639425255	1.86517078324493	1.84610768443319
108.2926415	1.86514981522462	1.87794746781014	1.85561773622393
108.536085	1.89392330320216	1.90912186006411	1.88249640354706
108.7329925	1.91550604965079	1.92982687088137	1.90376607426928
108.744722	NA	NA	NA
108.8663585	1.92855661111633	1.93952230017976	1.91728779645233
109.0229965	1.94282752691953	1.95085674276253	1.93251748897216
109.412687	1.97276327580252	1.97933638092655	1.96601508576184
109.767376	NA	NA	NA
109.817961	1.99986141215485	2.00958197477935	1.99077511070128
109.9661395	2.00881242095048	2.01893072823118	1.99827047577031
110.065739	2.0149939990896	2.02506875184981	2.00486375824941
110.0795905	2.0158779160776	2.02585362581135	2.00610368580309
110.091436	NA	NA	NA
110.1299445	2.01919092271535	2.02908107749681	2.0103122870158
110.179394	2.02256101862646	2.03187745497272	2.01456983143244
110.241207	2.02695470405437	2.03533704566104	2.01978302961592
110.381396	2.03718861712212	2.04357765277056	2.03074855294467
110.470713	NA	NA	NA
110.505995	2.04634413880272	2.0507268156129	2.04075954678084
110.5453315	2.04919802127057	2.05325874953309	2.04388625236522
110.5972995	2.05284240445148	2.05671392748172	2.04782004102293
110.793333	2.06510634921138	2.06918632998568	2.06008013012919
110.970511	2.07463367122918	2.07842244731753	2.06946085047866
110.999569	NA	NA	NA
111.0667905	2.07890022627454	2.082207832991	2.07383580311056
111.134012	NA	NA	NA
111.3956685	2.08975277007832	2.09298939128257	2.08581125619161
111.741744	2.09711785173705	2.10016350040777	2.0936996083132
111.880938	2.09867406498015	2.10186334579008	2.09540346522153
111.935713	NA	NA	NA
111.9666285	2.09939039054858	2.10311130798216	2.09650252558736
112.066859	2.10015875101135	2.10431992193958	2.09708313582358
112.2659875	2.10190950311777	2.10636159122968	2.09861811628042
112.3968455	2.10327545670198	2.10739953300102	2.10007693783784
112.39789	NA	NA	NA
112.498425	2.10465544600797	2.10850188200581	2.10176946520992
112.59896	NA	NA	NA
112.643045	2.10703718574043	2.11029309542382	2.10433597872042
112.9066765	2.11343900224348	2.11622522350475	2.11111212655281
113.126223	NA	NA	NA
113.25265	2.12480714263894	2.12768101495539	2.12236062528089
113.379077	NA	NA	NA
113.4392705	2.13257442972819	2.13589936663646	2.1297856374672
113.529776	2.13673651047553	2.14028229336714	2.13380957290083
113.779091	2.1493857059933	2.15346296807617	2.14641164284135
113.998094	NA	NA	NA
114.096278	2.16694828373885	2.17071852591151	2.16406366367728
114.194462	NA	NA	NA
114.2510525	2.17607454812489	2.17935176927337	2.17299934331693
114.345949	2.18169914864184	2.18487829379707	2.17851934177359
114.5099205	2.19115548918597	2.19430931001048	2.18775605230284
114.674936	2.2003093275952	2.20342807919251	2.19627870835543
114.8133435	2.20744429082266	2.2104567241499	2.20281970791412
114.947699	2.21393064752891	2.21712486726433	2.20871784969556
114.982997	NA	NA	NA
115.1278975	2.22170290981207	2.22458900171185	2.21642351239565
115.272798	NA	NA	NA
115.2995305	2.22849304813703	2.23160429308078	2.22352768781301
115.463228	2.23439886074093	2.23768928491529	2.23029602011735
115.666798	2.24153768607803	2.24481318057001	2.23836424539093
115.7523685	2.24452393749143	2.24792838485028	2.24165455365805
115.771334	NA	NA	NA
115.816065	2.24680570288734	2.25021609092028	2.24422534289413
116.182846	2.26246180552412	2.26659784892208	2.26020767317455
116.573709	2.28240450114525	2.28635458132068	2.27999143805664
116.642522	NA	NA	NA
116.921631	2.30480080746663	2.30777377695691	2.30285598724086
117.260769	2.32943664915399	2.33188230372906	2.326128638345
117.3320685	2.33509915494814	2.33769938062317	2.33136699849669
117.4350905	2.34345388701797	2.34636839634764	2.3393493309296
117.526842	NA	NA	NA
117.5490325	2.35276506363304	2.35573949253509	2.34830507668697
117.571223	NA	NA	NA
117.581827	2.35544579416963	2.35829645902176	2.35093080517792
117.664403	2.36201472168886	2.36480973690054	2.3574502119894
117.7517795	2.36874832007152	2.37136991828072	2.36425315574196
117.767237	2.36990327029765	2.37248218252856	2.3654407064372
117.76729	NA	NA	NA
117.8084585	2.37291231410968	2.37558338723459	2.36860088680302
117.849627	NA	NA	NA
117.9752845	2.38433386170007	2.38668939449518	2.38010364813544
118.1264215	2.39396083799712	2.39625131529134	2.38955776401958
118.227432	2.39993331242517	2.40214244221807	2.39576171232479
118.3293725	2.40578855402535	2.40814518967075	2.4016700163048
118.355782	NA	NA	NA
118.500686	2.41536999004898	2.4180952384327	2.41103320835863
118.7007875	2.42649401692434	2.42998989102133	2.42134305288875
118.910729	2.43823050876257	2.442555137334	2.43364408772256
119.1477075	2.45165701255884	2.45756545640269	2.44747381273503
119.3523045	2.46346016656298	2.47034119274431	2.45945680892103
119.5227655	2.47340260512798	2.48191379565385	2.4692126808913
119.815435	2.49019397698957	2.4989232873149	2.48673390864901
120.214421	2.51194158550961	2.51958547126476	2.50582218632584
120.368836	NA	NA	NA
120.368836	NA	NA	NA
120.3690145	2.51972426698101	2.52880617547719	2.50861428390048
120.369193	NA	NA	NA
120.369193	NA	NA	NA
120.4025505	2.5212766807167	2.53094567828297	2.5096439773419
120.583172	2.52747785550189	2.53817398409475	2.51087294527106
120.730436	NA	NA	NA
120.7341965	2.53073050226161	2.54133647245991	2.50920752673209
120.737957	NA	NA	NA
120.7972585	2.53120164569494	2.54169398037778	2.50827396128048
120.85656	NA	NA	NA
120.9104205	2.53137088435552	2.54304930131472	2.50859980896301
120.964281	NA	NA	NA
121.027406	2.5311130362635	2.54364828822557	2.50893103654002
121.090531	NA	NA	NA
121.215454	2.53298971768159	2.5462624057505	2.51424091557684
121.340377	NA	NA	NA
121.4901845	2.54713987389639	2.56643773923881	2.52857960623713
121.644368	2.56245901319131	2.59025180636154	2.54230668207277
121.709796	2.57210404005427	2.60308746765181	2.54874548433105
121.842721	2.59749546142724	2.63229721991255	2.56752589642403
121.9214115	2.61621945291104	2.65162755857127	2.58382931374222
121.928229	NA	NA	NA
121.9550225	2.62541194627403	2.66080842229808	2.59316831381925
122.006214	2.64029209545761	2.67549907771652	2.60805932193308
122.057331	2.65612423107826	2.68864071131313	2.62506836565452
122.08405	NA	NA	NA
122.1436095	2.68410162727237	2.71309147971647	2.65337374315694
122.285747	2.73095128691733	2.75325144558404	2.70415048066785
122.50557	2.80132498825038	2.81781309758425	2.77811359805712
122.642815	NA	NA	NA
122.8249605	2.89291497681258	2.91095630904617	2.87065619898628
123.007106	NA	NA	NA
123.090554	2.95728686710921	2.98022743226403	2.93487295229257
123.438714	3.01927888821841	3.04121394380427	3.00002031298761
123.7138095	3.05626277762988	3.0773876366979	3.03884277152576
123.8267715	3.06657109902203	3.08566751822801	3.05031386429608
124.019444	3.08053432740567	3.0996537667554	3.06461784378172
124.198288	3.08955285810658	3.10960077290452	3.07296399439681
124.523468	3.0991108843256	3.11941490596074	3.08191269526226
124.7614805	3.10320686365837	3.1212988113118	3.08659295667212
124.835078	3.10384494868389	3.12088234457769	3.08856675370965
124.9159635	3.10453868360329	3.12055665557169	3.08872979964604
124.926638	3.10463118960878	3.1204760523436	3.08882050978189
125.009461	3.10543217082757	3.11996222078946	3.08980316249232
125.164424	3.10721223663472	3.12067345312586	3.09106094140254
125.2726065	3.10872716341071	3.12280315212664	3.09197113793269
125.306845	NA	NA	NA
125.389952	3.11087245999533	3.12498763980426	3.09464157162769
125.474122	3.11273995607735	3.12733284954403	3.09722980053324
125.505591	3.11359433446135	3.12771155029739	3.0980309147334
125.535997	NA	NA	NA
125.5784865	3.11597831297582	3.13038523985991	3.1010073119252
125.620976	NA	NA	NA
125.6597785	3.11943983016707	3.13450101633997	3.10571021059672
125.961517	3.14228773573528	3.16185048295399	3.1292319134566
126.3068985	3.18112720591682	3.20043092558049	3.16318147481149
126.389499	3.19303349975011	3.21077364628596	3.17457435536677
126.454163	3.20302367892007	3.22009066023685	3.18424869268518
126.6013925	3.22672866878	3.24246229301584	3.2093592093623
126.7860235	3.25768645623461	3.27194677183872	3.24131774383907
127.110555	3.31208849046087	3.32362030338187	3.29690935980665
127.4908925	3.37279408230823	3.38952134634701	3.35456842043143
127.6739615	3.39997144849079	3.4186266430207	3.38248495010801
127.7199085	3.40644258952681	3.42493136821164	3.38936611471812
127.8454915	3.42302013283442	3.44051043486625	3.40589914818181
127.95048	NA	NA	NA
128.158948	3.45773482937731	3.47090724801009	3.44331861036319
128.634421	3.4927017822409	3.50318298081126	3.48160299802405
129.077031	3.50757294955073	3.51698914248377	3.49584561263187
129.279255	3.50901307852397	3.51927250808542	3.49715489589456
129.305874	NA	NA	NA
129.3313105	3.50879811763664	3.51919408605286	3.49743873861809
129.356747	NA	NA	NA
129.4146455	3.50822782540674	3.51884588770462	3.49750747586735
129.5352795	3.50716897639218	3.51692255457571	3.49780984244364
129.64685	3.50605403291287	3.51523062063669	3.4973322498339
129.7691925	3.50478373659683	3.5129675273446	3.49570679238941
129.8427	NA	NA	NA
129.92256	3.50324148513959	3.5106930132714	3.49406578016329
130.00743	3.50246002506972	3.51032040268452	3.49322068851195
130.04152	3.50217948730729	3.51026395505573	3.49278564034493
130.0981105	3.50177134645121	3.51003013582391	3.49277450086943
130.131105	3.50157748703312	3.50968499118337	3.49274827049663
130.1385165	3.50154076580898	3.50964139359681	3.49276413734476
130.141784	3.50152567092035	3.50957077456386	3.49277097064981
130.216057	3.50153114600485	3.50916892782825	3.49280288405728
130.291677	3.50189946605994	3.50946544288496	3.49388092098782
130.4769515	3.50544886200291	3.51584522774664	3.49817926998452
130.7985665	3.51691014075593	3.53099195269207	3.50770733789157
131.0269885	3.52931752867676	3.5422190589329	3.52010744899006
131.1207565	3.53524572161606	3.54689194096271	3.52582860014329
131.255399	3.54441768113941	3.55393683542502	3.53501552813182
131.648255	3.57239786723129	3.57760932542831	3.56438805392821
132.0507825	3.60131681832183	3.60716266256229	3.59297872670896
132.4300685	3.62634312692547	3.6352604270479	3.61570394496253
132.8328115	3.64901459541418	3.65903642219433	3.63741505964632
132.9964255	3.65683503807721	3.66608491739458	3.64626343759099
133.034881	3.65849116168404	3.66750166039277	3.64835192404997
133.127582	3.66225778687954	3.67068904314032	3.65313115181658
133.2434765	3.66651333794805	3.67412345168382	3.65871825238592
133.4760175	3.67365269082362	3.68051496535208	3.66860191397519
133.722733	3.67987185533154	3.68724907743511	3.67576587515988
134.074097	3.68638727305492	3.69378388644065	3.67862992483283
134.357206	3.69060259146317	3.69735937042162	3.67534147476775
134.6516295	3.69365225220264	3.69906855239636	3.67533576823211
134.995441	3.69619393012375	3.70470872070018	3.67533576823242
135.090335	3.69664331776194	3.70732983552763	3.67490794018805
