phys	rec.rate	upper	lower
0.4810105	6.29606216126478	8.05145970793125	4.2740098954943
0.5235345	6.24430516790952	7.95745063909266	4.28970206966565
0.5758425	6.11637372591418	7.61305047924557	4.2761663067871
0.704458	5.89899981104795	7.38644041080663	4.3410097001604
0.883072	6.33819790398161	8.02596406911506	4.71866430268854
1.166889	9.61713974864103	10.8360661256342	8.47741720610302
1.410214	14.6680629467338	16.2930555633063	13.449254197587
1.500338	16.7126740827045	18.59372114324	14.8574315120198
1.5608445	17.9312019203428	19.7467929087633	15.705127698618
1.622654	18.8769432162514	20.5470847257242	16.4949849884246
1.687767	19.5016320666367	21.0362400518287	17.0990029980066
1.7407385	19.7793087144255	21.3399029320981	17.4353173628759
1.7807975	19.8952959557439	21.5613754121916	17.4531041499242
1.8060025	19.8919480124664	21.6095245742089	17.3175090189198
1.8493165	19.6918251099295	21.4332211898989	17.1749882662467
1.907854	19.1268102339322	20.8304767991299	16.5028461839909
1.9643385	18.3754542952007	20.0856078418786	15.4727380273224
2.034775	17.1963772771229	19.1103712971898	14.0934331447652
2.1514025	14.6991231181591	16.9985428980977	11.8216888022967
2.301178	11.398827967287	14.8564949151497	8.6194051579507
2.544469	9.04579910213698	12.6055480212762	5.86694049515128
2.775874	10.4300556809473	12.9186152182004	8.40230016046229
2.937077	11.8415767631298	14.904182933423	8.80170525780612
3.173655	11.7708598121052	14.2347575562933	7.83387018576421
3.3550885	9.90310389948499	11.9306787631971	6.67874497871606
3.4169305	8.951469868351	11.0425921922281	6.29855684021753
3.5920985	7.19927070874122	9.39734425408391	5.51507329293936
3.8057645	6.83649179438891	8.85345076345952	5.70016353702258
3.951457	7.5063244988687	8.79037570304808	6.14970138913622
4.1331795	7.99359652232669	9.12104722677908	6.14824566450037
4.2887535	7.87259572499718	8.91044181648049	6.21626091181988
4.365318	7.64444720480436	8.60347801979467	6.24692267549864
4.398888	7.48866772233612	8.39574656040297	6.1978027122484
4.483358	7.02196129903286	7.69276799087899	6.03919670670742
4.9352815	5.29811846461086	5.83104128475773	4.77198969946015
5.441076	4.74619152546412	5.52381064946704	4.01315187586738
5.6060385	5.13359868671559	6.30244466115839	4.11428315837015
5.674689	5.27184529495365	6.58788963573939	4.10949360633464
5.720282	5.2768922671598	6.37722931099743	4.07096950205873
5.859623	5.11572181724058	6.25708957050731	3.86008097571252
5.993817	4.98384865873633	6.39116608704565	3.58533844518034
6.4886725	5.23158305372889	6.15565311770384	4.14519205740738
7.0051535	6.31577911050972	9.79191021900269	4.36046754795743
7.081044	6.21819492687973	9.65680372579555	4.10213665690814
7.206191	5.52427665122381	8.47057074173363	3.45680212700338
7.5670075	3.95765064566464	6.27836799240546	2.53932599785386
8.0144475	3.87586212525007	5.50904486735515	2.49832515445311
8.521134	4.23338683877043	5.18953105098989	2.54017127894965
9.8213055	3.58017721580839	4.22806699719886	2.27282224991298
11.2533135	0.84867510889763	1.35583636320726	0.343231749783223
12.059571	0	1.59193608375195	0
13.1461545	0.568104066521919	1.25726460698761	0.0223161593360284
14.077267	1.85114373469334	3.21597348048167	0.178018182289468
14.3865775	2.109721709775	3.70821961613032	0.0896016410434008
14.73959	0.812117734588383	1.45851464580498	0.0744315271888154
15.2386435	0	1.0061210630871	0
15.7016195	1.27179565560233	2.21782742810113	0.530127352175934
16.11734	4.71101728308106	6.28957321204866	3.07449808292386
16.4345965	4.60067896435159	6.24136969812048	3.13406511956776
16.565928	0	0	0
16.7790055	5.33999818463566	6.48054588471055	4.03015853619214
16.97109	6.13440311550273	7.41864424078536	4.77775613068689
17.055921	5.87620766021174	7.08298514758151	4.66493956559947
17.404923	5.0783464572797	5.90864296272796	4.22793058484328
17.7388215	5.10697914999563	6.20456076079785	4.13101215988821
17.962195	5.39606686466921	6.34156435668997	4.17324983600505
18.1803045	6.02880779260793	7.21924153686682	4.88016978151849
18.34398	6.45111049102119	7.64020232197057	5.37019368718076
18.5855245	7.24023937207938	8.76154898510627	5.93992054680936
18.7736775	8.2751773751428	10.6731725946974	5.6732462039937
18.890952	8.19020377778043	11.2762322092023	4.77741468882512
18.9525065	0	0	0
19.011025	1.92468248648538	2.77277204396423	1.01695736032372
19.2159095	0	0	0
19.402843	1.66339360153585	2.3293635873048	0.863039786488836
19.563464	6.66481769122844	9.85776629273036	4.05066108275828
19.6879075	9.68000074800216	14.2165603306576	5.93780712429955
19.783398	10.0016248204183	13.7891229755499	6.68242058679423
19.909178	9.93609994128845	12.7923048742903	7.0999245553167
20.013336	9.03689352499492	11.3297252634981	6.80992725684397
20.215622	7.25888198537723	9.0185555570594	5.21767302018935
20.462596	5.88874992705373	8.24083129324308	3.40882194788433
20.595535	5.00848700072121	7.73807858806424	1.81707756309544
20.6639485	4.47549317873174	7.37086052354286	1.17129566259619
21.187853	3.77311174174085	6.81800706368527	1.03638170875643
21.7365545	7.01366552110489	14.6751991619103	0
22.0108335	8.63000593095428	17.9674872126365	0
