phys	rec.rate	upper	lower
0.6480545	6.70881194712337	29.4030981199656	3.09548931789985
0.9147475	7.03575367092586	29.4030636839483	3.38896516171687
0.9781605	7.46727131878369	28.3655063886471	3.9872473635689
1.114503	8.72061547254752	37.4098810944256	4.02429901695983
1.419396	6.09159603904962	10.6586804432449	0.0341620636109901
1.6513125	4.95816522319688	9.17602667604204	0
2.209143	4.9424838864799	6.71896585713132	2.16867618457123
3.006025	4.69950062338794	10.2366505371186	1.46486300635714
4.5285705	3.39988068786896	4.96293457410907	0
5.975903	3.70641108932785	9.95408027619583	0
6.1899395	8.28374421409645	113.093549884946	0
7.223384	5.1832808456455	11.8006234347178	3.06156535522137
8.564305	2.9687018725429	7.54727964266922	0
9.479894	3.11979334291713	6.04024126784191	1.27817327260119
10.5871965	3.22155112011933	5.05186375408339	2.48271079604765
12.0079585	3.5808462004801	4.21457626768918	2.6549236184349
13.025758	3.41258822553939	4.26874932590944	2.64452833066302
13.500015	3.20078366895616	3.98492865205184	2.39068238384925
14.054068	3.00044086899601	4.30840792737653	0.596448651322474
14.4032225	3.14371842305651	5.33633234905406	0.184313007612065
14.5942475	3.68981959058842	8.63992865101775	1.87636987147704
14.7995445	4.01935159395532	14.3543195836683	1.77186474667698
15.39332	2.28354349255416	3.87082023193104	0.608267855977516
15.993547	0.973552826629234	3.50864152596986	0
16.453485	2.04827876469783	4.74745159694129	0
16.8871535	4.09691524133808	24.8892987018331	0
17.2756895	3.59719500563093	11.7290145911404	0
20.9784645	1.02464258503317	1.87651140074544	0.261592817392858
24.7702265	1.56900613190279	3.6002165150762	0
25.281946	1.97582774858497	5.22362875444521	0
25.4909125	2.05283430910603	7.93192072390163	0
26.112196	2.25481295596646	4.71890110097494	0
26.678808	4.12224967682927	15.0463947428743	0.46265209396981
26.911114	4.76389781383961	18.6336363599917	1.04240091909589
27.4110185	2.84210013923133	9.47271364918882	0
28.4362305	0.341979086759789	5.00442689271567	0
29.388574	0	5.0044268927156	0
29.8368485	0	5.00442689271571	0
