phys	rec.rate	upper	lower
0.507239	0	8.58739816929516	0
1.0672945	0	8.58739816929516	0
1.5593075	0	8.05938179564743	2.72034924919667
1.9569925	0	9.45168629894873	3.09721121251545
1.957204	0	9.44640657368693	3.09734892659576
2.257087	2.84554280463677	7.93784150765505	3.33285476950819
2.815592	9.83258278491427	6.85910440557731	3.6536219522881
3.2884345	4.688062299991	8.99900469809633	3.89566682637381
3.804488	4.32261693530347	6.57586521735927	3.3854697350165
4.238491	4.55104492807966	7.17992285392245	2.65850722745564
4.379413	4.61346620599063	7.17743831873568	2.47473951066464
4.8015865	5.61963557228653	6.89689783310837	3.2223796061167
5.3079015	6.15076998416897	9.96279577397073	2.70838036646801
6.2926605	3.95668044409419	9.30540894521656	2.26430357129172
7.450879	5.43263495101632	12.6505015165849	2.3087511556603
8.0580425	6.62168291983388	11.5572747174932	0
8.45435	3.12986703250369	9.29592964840143	0
8.858192	6.40340404312988	9.93948133652718	2.5589576819584
9.451298	6.15780001474819	12.2996390822543	2.50348663811841
9.7304155	4.74642527936384	9.62866848382995	1.46147253519017
9.790347	4.30730035997269	8.83781474157588	1.37854884258471
10.3774265	0	7.32791594414336	3.65088191382572
11.178821	9.17758463948791	11.7127359938631	5.66222720284054
11.508109	0	17.1009269701594	5.47841498665951
11.7628295	33.990499899749	21.8823669894184	6.24312730505435
11.928368	94.1856436042843	20.5785437489102	7.13494058498721
12.5402975	6.67906949834245	8.85791722085792	4.02899820734687
13.1813705	0	6.35312688798038	0
13.2153245	0	6.21411527860405	0
13.2442655	2.16777138587468	6.2201868705862	0
13.268591	8.91232339320746	6.1289996244465	0
13.3726295	2.80421794968913	5.91538956066046	0
13.5238955	6.50810571282266	13.7633341572525	3.79356747930423
13.599564	7.93326740346034	15.7542276277639	4.19184792935781
13.689365	7.0945281489674	11.9395693671959	4.02473078766651
13.840899	4.78670991921086	8.4951477923591	2.31347872285238
13.930974	3.86528541972071	7.02734143027156	1.37057377588006
14.073644	3.19977475226827	5.29475181487885	0.983735527146701
14.390162	2.38599182965554	4.15287999261656	0.447925762075663
14.8288455	2.97774172929686	4.12375887151904	1.57291546050048
15.125971	4.2907567754361	7.78503332573305	2.70921830553321
15.2033885	4.91745278462434	9.3371233886106	2.66862199446798
15.3262205	7.93164972770627	10.1720870127889	2.41290196501973
15.404065	13.0730364343314	9.47459143360474	2.04184087898984
15.4146135	10.1066028162775	9.31357017324847	2.0074498062922
15.44424	7.15350402391574	8.6844008960993	1.5141299360468
15.620531	4.43782935955992	5.97871392618182	0.41242830068256
16.4795165	2.21050971934599	5.06394286033467	0.748315502200432
17.1861495	14.927295515584	24.5001418978186	4.34931179205859
17.193668	12.6170833370032	24.0352936305868	4.35477519681792
17.301967	13.1034722976321	25.9655936055635	5.06920793155764
17.5764415	17.0803828773093	26.7586257346695	8.18528006461282
17.745415	23.7122309061672	24.7128024313024	1.06165508161966
17.8766675	5.98941999054288	20.9849085297565	0
18.0080195	0	18.4826515479144	0
19.357303	2.53779436585458	3.78469073965959	0
20.727277	0.704195015080229	2.00247611866252	0
20.765773	0.933687910750898	2.14136684219747	0
20.94888	0.962175841088553	1.21090797953221	0
21.3908825	0	0.0835172278463371	0
21.667578	0	0.211350697084003	0
22.462042	0	4.87056804376623	0
23.5217275	3.51414851243203	10.8264931444374	0
23.932432	1.9185733491567	12.0731713463423	0
24.24695	3.68265181598473	12.16846483244	0
