phys	rec.rate	upper	lower
1.2	2.22735974735461	3.72034423848542	0.913834002021422
1.3	2.16183845471771	3.64781853655544	0.913834002021422
1.4	2.04744584014524	3.32266466731222	0.913801069972439
1.8	1.63873122165787	2.22719188116248	1.03230580554196
2.2	1.36772215481581	1.81519399901527	0.683368883704491
2.5	1.24025150392606	1.67078828601597	0.613318606856345
3.1	0.91547554113685	1.43357512687705	0.343650151731496
3.5	0.63818760269177	1.23114906414904	0.128270788005231
4.05	0.54213525199764	1.11189299124113	0.0208764402091391
4.7	0.938479278837296	1.60016097383248	0.432236130606351
4.95	1.23230540383311	1.97088774285275	0.607980874202552
5.3	1.49544745466191	2.29469488289507	0.803301630567084
5.65	1.53711039994232	2.17160812240927	0.865068054863552
6.05	1.47493057675725	2.09712468578772	0.866458443491584
6.65	1.69718619729369	2.3592825192625	1.12538807904567
7	2.07656899885141	2.73558552710259	1.3532004809533
7.1	2.21588949565426	2.90710252689506	1.33105778978533
7.3	2.39283813417165	3.16093579727717	1.23070687338032
7.5	2.42075771666991	3.15698804331238	1.14250232209909
7.75	2.22475451843114	2.918705179457	1.03589259233703
8.15	1.71648084508651	2.34570110437313	0.82101954302946
9.9	0.197531251413896	0.557426575112579	0
11.9	0.346159611631344	0.9765917309414	0.0272526219194314
12.7	1.26237156776983	1.78663652696033	0.806331050313919
13.1	1.87831273449675	2.48657151439576	1.23685792977523
13.35	2.2518170845697	2.87121028017714	1.44091741206725
13.6	2.5424346216635	3.35787411070155	1.58041900604785
13.7	2.58597921490956	3.47100237899369	1.56339874183748
13.9	2.48225425741649	3.23619950746648	1.56294484138797
14.2	2.08625234738581	2.63189921887322	1.49903863836211
14.6	1.50073513991761	2.03081424592124	0.878718054363927
15.45	0.82949819338929	1.32657715161317	0.379191024858574
16.1	0.680866734496845	1.27914897294425	0.12900446732758
16.4	0.658176790246219	1.41715469111728	0.108379541004044
16.9	0.480852687999771	1.16380441754527	0
17.9	0.208445643592964	0.579671722046327	0
19	0.444177197476731	0.845693678878903	0.117174282270593
19.6	0.885350975129741	1.22722443970667	0.529520112822418
20.05	1.27001367879676	1.59691328783824	0.806365257559066
20.35	1.48444060050094	1.90406714551915	0.95498750842348
20.6	1.60403717444172	2.2101025354831	1.01143468053451
20.8	1.67923192785347	2.38073462811739	0.945185767560018
20.9	1.72380352682077	2.42736090491966	0.998263189741452
21.3	1.91375422105542	2.51024103262669	1.22464046089133
21.75	2.03941773893549	3.03852475364532	1.3832675124422
21.95	1.95181094023638	3.07251527317477	1.43216751544462
22.45	1.44031449010914	1.99004949851674	0.937702079697998
23.1	0.804209909439721	1.48673724260848	0.206316577909523
23.6	0.51919290676326	1.14532247233962	0.0269141443771062
23.9	0.444665246896076	0.991777881662276	0.0210043699754041
24.25	0.458953314081456	0.876318338708393	0.068684084860128
25.05	0.716142538718568	1.04653734076593	0.372749599854639
25.6	0.985339562742588	1.87722506006298	0.452171073083142
25.7	1.0217088255261	1.94093325343093	0.476302531704431
26.05	1.09771702674009	1.78680543602394	0.513786277931824
26.7	1.43401282504849	2.24335444744823	0.613341157293326
27.1	1.89964953838855	2.67139584888854	0.896728287557493
27.5	2.55654425364734	3.21154740086575	1.8313492546671
27.9	3.198064365605	4.34763122930785	2.20537442432081
28.15	3.25628813443827	4.69674562638613	2.14919321864542
28.4	2.94596787142681	4.19803575429416	1.91842781273481
28.55	2.605951712227	3.66136071337681	1.70369155838287
29	1.78705588736735	2.68403017565853	1.13349019299085
29.4	1.30434629194832	2.19024328835677	0.587044127568685
29.65	1.11932441712993	1.88687328191419	0.435064658821433
30	0.862158321123331	1.52937301986198	0.239479142929622
31.05	0.436567181455114	0.888783849818507	0.0369637244885975
32.05	0.446305911361934	1.1532308338733	0
32.65	0.864566897939942	1.48707406537783	0.325392918835289
33.3	1.57281292844891	2.48047779859028	0.88644064420685
33.55	1.84274226442958	2.93092156217977	0.894331842029862
33.8	1.96313963945229	2.95121015722899	0.887185782348724
34.2	1.8279836612218	2.74791047336392	0.795740637668541
34.6	1.47049491091939	2.43645158816104	0.639552808190044
35.1	1.0016784487206	1.94904648819544	0.260071217213944
36.1	0.469143321928946	1.32912095588736	0
40.55	0.119117766397026	0.373330608657939	0
44.55	0.361874946998411	1.24599564593698	0
45.2	0.411516468643369	1.24785413503429	0
45.95	0.397347149166061	1.04060577295891	0
47.75	0.269957947618528	0.675284050462776	0
52.4	0.148606194280435	0.56900883521609	0
55.85	0.256685236121522	0.935257917934775	0
58.35	0.387909148819188	1.15522140549522	0
60.6	0.463939969811341	1.3750848673872	0
67.5	0.116387291935072	0.40501795855888	0
74.7	0	0.103912030834914	0
75.2	0	0.0830726128685698	0
79.2	0	0.0236897551339713	0
83.35	0	0.541358468255522	0
86.45	0	0.311605950339909	0
91.3	0.214288687518533	0.561486337412514	0
95.15	0.493385380647006	0.953570832070457	0.0489037983053429
97.7	0.598534116247487	1.05881439655665	0.226856465146854
100.4	0.490083200967237	0.902670495001057	0.116004245054367
103.85	0.153460978974654	0.616126354530725	0
105.75	0	0.471262367810532	0
106.7	0	0.388610377909522	0
108.75	0	0.251116639974822	0
111.6	0	0.226435244851762	0
114.25	0.0369502286950476	0.265902082629728	0
119.85	0.000846405954859638	0.102638736646076	0
124.95	0	0.0952727804560372	0
126.05	0	0.088950074547555	0
127.55	0	0.0744602353255896	0
128.95	0	0.0968585817252254	0
129.65	0	0.131359045556622	0
135.3	0.000156622636910136	0.0545714440867269	0
140.85	0	0.181015799836264	0
143.25	0	0.0618286039935691	0
146.05	0	0.0227628111302629	0
147	0	0.0122018287002881	0
151.95	0	0	0
156.8	0	0.060766992610663	0
157.55	0	0.0898056544796917	0
158.9	0	0.0643460362112911	0
160.85	0	0.0595914908074711	0
165	0	0.255591994313086	0
169.6	0.274813352925606	0.738496421888682	0
172.7	0.899816532561069	1.44476256799134	0.388203145701022
174.1	1.22336170018409	2.08278007533963	0.365427019592251
174.8	1.26119057975296	2.22460286814919	0.32888186956315
175.85	1.04888698203234	2.06243327073102	0.215837483939647
176.65	0.744557307354685	1.6730325496109	0
178.05	0.337727096440529	1.06849478197312	0
179.35	0.165621703253799	0.74580481116883	0
180.95	0.208913378878954	0.485622208770646	0
182.45	0.29649957789405	1.1115139129662	0
182.7	0.298490369544637	1.17450080656352	0
182.95	0.284330646400207	1.13140310611023	0
184.55	0.144475528911174	0.497702724331816	0
187.85	0	0.167493232432499	0
194.75	0.0843688672106372	0.319945035166113	0
199.85	0.908513585745459	2.31951158205955	0.172016258051082
200.05	0.93911996044933	2.3190864275719	0.182519688401447
200.2	0.933469174901166	2.18941567468323	0.194669683589251
200.9	0.780122018344139	1.12055896973197	0.253549504158604
202.05	0.479283125734337	0.896458078322117	0
202.6	0.323603069413758	0.812330853797556	0
202.85	0.262653741898747	0.74002672382538	0
204.35	0.201212865535867	0.441210956624269	0.0622355028326145
205.8	0.397676068067415	0.964473264082541	0
206.05	0.452687528777152	0.998129882618686	0.018052608531111
206.6	0.540740378623465	0.95583084273811	0.187418402396239
208.15	0.822590439989887	1.09180276975454	0.554971092431836
209.4	1.16784849074741	1.66802200576596	0.728607744199634
210	1.23085202846626	1.77243021022682	0.676885114921725
210.5	1.13181233316579	1.58534693452202	0.52584684424591
210.9	0.939304220184506	1.37604428072994	0.425447443630362
211.35	0.70523209575682	1.1527561656031	0.242239976859997
212.45	0.469276157913778	0.973812394964218	0.0420157156516201
214.2	1.04543002737588	1.52341271715896	0.628512537384207
215	1.64847549644059	2.92552623094105	0.829344869026046
215.15	1.72670989837144	3.01520111841069	0.859018433899687
215.4	1.72640412112659	2.71567779601792	0.890652969034669
215.85	1.71794890326368	2.36132194104389	0.895053917893471
216.3	1.95093139843551	2.61163501592287	1.14496134802244
216.6	2.1896634975286	2.83861280109303	1.53658239126865
217.05	2.33514659815528	2.87389217741392	1.62575385073948
217.55	2.13694959509917	2.64570654045891	1.50696696837567
217.9	1.82248629472626	2.29321292551929	1.39286211215648
218.5	1.27760981904032	1.70888594644027	0.978966644945527
219.05	0.880856364004273	1.21870089177412	0.574100783136377
219.35	0.724879112837256	1.04516105938989	0.427808583187831
219.7	0.591752793723807	0.844090648347974	0.318797134611542
220.3	0.601614932839065	0.802622683285296	0.40655506160573
220.9	0.85380987789886	1.15529365418924	0.608568480160396
221.15	1.02330469535472	1.35466062204467	0.722738610068838
221.4	1.2068733134923	1.56034061001435	0.890075011482984
221.6	1.37149892977286	1.79552773027194	1.03968867798298
221.8	1.56242311551998	2.04094000731875	1.23620033766823
222.1	1.8721059914194	2.34700052223835	1.5440549347335
222.45	2.16717336949463	2.65825209410769	1.71243687952105
222.7	2.26776944324882	2.84203678408336	1.49473422471317
222.95	2.12950093807536	2.79541513321461	1.19853945313623
223.2	1.7977535759063	2.60279718581056	0.784699105016119
223.3	1.60503012554167	2.46278797413211	0.610892027771249
223.6	1.09649752637024	2.03006543110865	0.215334352303547
224.35	0.413468148219774	1.58424968663617	0
225.2	0.29205142123661	1.37971560051249	0
226.45	0.576369184006629	1.53897611769323	0
227.7	0.727309880338388	1.75583358594052	0
229.15	1.23661186522024	2.19527337957337	0.173436514289755
230.4	2.58010038824518	4.86765571112636	0.120885915642344
230.6	3.07583870730805	5.5595918577509	0.607724903554668
230.75	3.45543920392998	6.20754242804367	1.02046454146897
230.9	3.63986793300018	6.72797534723679	1.45006986308319
231	3.57045278501294	6.48433349605432	1.63669622959147
231.6	2.66736469399344	3.55906832662765	1.62683407476018
232.25	1.94184151445583	3.3652026204699	0.475277310515898
232.55	1.62949161776345	2.87710397732134	0.249936655235476
232.8	1.29509511460638	2.36681101120496	0.131923786124859
233.35	0.59369486575227	1.3232153248777	0
233.9	0.0685245457399986	0.732557368577999	0
235.15	0.0379129945114399	0.372834494457031	0
236.45	0.921050081686413	1.3229821359879	0.506894781145051
236.6	1.13080352913021	1.54987815430728	0.669839052635271
236.9	1.62058638790676	1.94805695843561	1.28514397039535
237.2	2.16598414236079	2.4775780499158	1.7447055881053
237.4	2.49430919851588	2.89195641803697	2.03632053931405
237.6	2.73035897123306	3.13707459329933	2.21274803925454
237.75	2.81031709799096	3.21550431429547	2.29416642960701
238.05	2.76211000428694	3.15636550060388	2.29764885888575
238.3	2.5812386416602	2.98333082738176	2.09422171580707
238.65	2.26735134741616	2.60179058085507	1.83329497885074
239	2.01867303670774	2.47483312545774	1.70625975653698
239.15	1.91045763679976	2.49342846155202	1.52714814349853
239.4	1.68125366671507	2.31639606422148	1.23602438249819
239.6	1.47467110196387	2.05199561461614	1.05239010659824
240.1	1.04180885000674	1.41831596159027	0.709768967679524
241.15	0.695163536970102	0.909655649141234	0.472684510584574
241.9	0.865890826604408	1.42182464581916	0.477463800731096
242.15	0.955184983337216	1.52375431586919	0.471238499790438
242.3	0.987592178322172	1.45694286467756	0.483223863874282
242.65	1.08103417278412	1.46454506629178	0.683992523256638
243	1.23455153355581	1.63497754650263	0.885547708552832
243.15	1.30390701485135	1.76104750360455	0.932755491781009
243.4	1.37918916639324	1.81565283881207	0.929652698077069
243.65	1.43711858157711	1.83291647981978	0.944541192304243
244	1.43024957749606	1.85797753476871	0.900961044189604
244.3	1.30398016994981	1.85604821811245	0.709187319398127
244.4	1.21078471863779	1.73540289197262	0.641782175544361
244.8	0.841415548842409	1.24358653330117	0.335086184993187
245.45	0.653046091110828	1.34560602464486	0.0968570836040639
246	1.21222361797176	1.81720666821766	0.616469752052322
246.3	1.84366118162056	2.7458658473107	1.2183054953878
246.45	2.17323111232777	3.19304945492771	1.45226402184534
246.6	2.40112230400359	3.38636247171344	1.58208922996799
246.8	2.53057980094137	3.36203164519856	1.63564859710294
247.1	2.57718333037642	3.29456896493314	1.61475222648312
247.3	2.56478880281139	3.25792589892792	1.65605157767019
247.6	2.38579607327373	3.18260600659957	1.56112965606273
247.95	1.94664770922136	2.83040942976833	1.21595989849416
248.2	1.54104091630394	2.30510579963858	0.881940931440076
249.25	0.429219623003843	0.855323977732995	0.0398619740226844
250.75	0.035783051653457	0.510896319910853	0
251.6	0.332845501821072	0.916690710598492	0
252.1	0.616173479667383	1.32966172200917	0
252.65	1.11071477112731	2.04270834216984	0.365498978293769
253.1	1.79159470582348	3.35147941794459	0.450299908518136
253.35	2.36208632304695	4.34848163172057	0.438110011469657
253.5	2.81151648743065	4.958413553109	0.469227052461331
253.9	4.31043581366651	5.77311990588009	2.73394174585286
254.3	5.88188663856964	9.83869139870814	3.27294391374579
254.4	6.04656204662215	10.6065410336859	3.16158208660389
254.55	5.68692726619635	9.37785422497925	3.00615729349687
254.7	4.87417208454536	7.7367937641387	2.71766810865695
255	2.99538951095181	4.92079567819881	1.35869260300508
255.7	0.646163218609118	2.55993506964407	0
256.3	1.03825910521362	2.29858308579626	0
256.5	1.79704521034207	2.92789749641295	0.356458805576101
256.6	2.23548975911412	3.5541153183595	0.639773969456835
256.8	2.72138187502961	4.28168745900651	1.05973894640749
257	2.63063274519013	4.10280206574596	1.38533151746088
257.1	2.31314236621154	3.67481603217219	1.27029981610346
257.2	1.90335215998974	3.33514791489916	1.08915253824561
257.45	1.0224039990852	2.51751596728297	0.11666652351272
257.7	0.464506201283541	2.4796984190748	0
257.8	0.390865132368371	2.44868477344897	0
257.874717	0.381333687651302	2.42226795184975	0
