phys	rec.rate	upper	lower
0.134417	4.30700108972523	9.38782623303937	0
0.257454	4.00495912232692	9.36468251598241	0
0.4318185	3.81596763553705	9.16830899414008	0.606918413528415
0.686379	6.16547384258649	10.7244016455765	3.24727220408793
0.872769	12.2049275644025	17.8572245046005	6.28474640967579
0.9707915	14.4161694783351	21.3578561464443	6.66651023767307
1.051671	12.0734121494732	17.0185468577848	5.48307838838935
1.180349	7.469338428473	11.9893484876377	3.83794002523159
1.3606345	5.31635470478517	10.3160343352672	2.24740104913534
1.495978	5.78727938622952	9.39210814030909	2.36426806071714
1.6204345	4.98820870101746	7.54382749610388	1.8939706566981
1.8245975	3.29929069732832	5.44002302003188	1.79497051460307
2.0395055	3.71647675630046	5.49820474653221	2.38014109891452
2.162552	4.52123739568555	5.965339593749	2.37634233295396
2.2267455	4.77883598767106	6.23511263274105	2.17791363665254
2.3411115	4.71549968525524	6.50611814821418	1.74286455129435
2.6259815	3.42571045998502	5.24951596623534	0.607358970323461
3.0166515	2.68353946263489	5.98271347518993	0
3.2938015	7.32664851377125	11.6345103989653	3.3009809256951
3.445804	11.1912038445074	17.2154710287522	5.28385703504409
3.5894505	11.2014050520397	16.8803223550545	5.16854201393252
3.735667	11.4877561279607	17.69666015359	4.27265764654287
3.8397855	12.1913009784544	19.8428623745507	5.3850306148211
3.9539825	10.4954854400934	18.3493258839458	4.00551978440454
4.109066	12.989109074919	20.5596532337461	5.39021032595563
4.2202785	19.5067012907145	29.1541547099365	9.55352730947455
4.2887225	22.4108281418272	33.618000409032	12.1194769877638
4.4069735	19.4357997159384	26.7948018360902	11.265804253974
4.5764475	15.1755995238339	24.2065513767899	7.377046976712
4.697497	17.26754998461	26.9768478548198	8.27984991123028
4.7625685	18.063868922783	28.3300044079133	9.22148709901326
4.842481	14.2791455783819	20.8483314404131	6.79000427961702
4.9793345	7.12955596357833	12.9882735728089	2.48038825422185
5.1677545	2.87127461293547	8.87056458892978	0
5.3369635	3.05721414444423	6.89729885226399	0
5.4396645	4.45599494739789	7.10510795291114	0.489921466422201
5.542965	5.24785249412533	8.03169787502435	0.484466290417181
5.708884	4.35310698068489	6.7462579140178	0.642179405407071
6.43066	0.723148268792549	2.00587994208878	0.0676838071112593
7.685819	0.3175506757027	1.65060651941531	0
8.435809	3.38927990117569	4.78538734641697	1.1765351813848
8.6617955	4.60625972039736	5.95795144996612	1.37255950965267
8.839457	4.58296610053412	6.11049206303404	1.55071326376307
8.996755	3.28045265304144	4.90686526987052	1.50029742636677
9.318314	1.38186017329594	3.01990160165602	0.478540554385821
9.7997695	1.4665277020506	2.46413028745068	0.445464154412484
10.1789525	2.38864524571876	3.73995726207594	0.385506304851324
10.4239955	2.18982049094822	3.3860157132645	0.342124443836038
10.8560245	1.6133247044924	3.25947771278326	0.351715594988994
11.52175	1.96506300371117	3.56015005050716	0.969237023889853
11.963108	3.28423029720412	6.41971926872848	1.0503504157831
12.254308	3.87370952229672	7.05622712596464	0.820539573159498
13.2052695	0.98879566324704	2.57912747934732	0.109013224039579
14.5983555	0.470347372221477	2.10374322925641	0
15.3773275	2.05360009738022	4.56676185317145	0
15.758992	1.62247326227061	2.99447463128152	0
16.3155105	0.805223360712209	1.90171235698244	0
17.0031015	0.499096698016459	1.34033028885776	0
17.8046765	0.533510486798874	0.994608459539918	0
18.910957	0.374524774202961	0.785043362163862	0
20.0769905	0.751549539030076	1.36027704766148	0.215693026506742
20.6020825	1.15589649062144	2.85974237954142	0
20.8613575	1.35191680891193	2.47683474589737	0.593758323650735
21.306366	2.45116072658649	3.33166714595473	0.949875682852291
21.6197	3.04099319674204	4.94592662640768	1.04389734626899
21.979151	2.1370188889346	3.24769560198923	0.95347361526929
22.4966125	1.88554568732435	3.66616541128889	0.559590864547224
22.8560315	3.30355339438231	5.55231001221483	0
23.068934	2.96676572082115	5.11957150737917	0
23.4742205	1.16322634222632	3.11824046403002	0
24.03157	3.81558211720145	7.27774241668387	1.91990556178322
24.318786	9.89288309185893	16.4477751842284	4.49981583241865
24.3826695	10.5747282919824	15.9153095003002	4.844455758951
24.4309135	10.2292620759051	14.6165138741813	5.16808574597126
24.535108	8.31185779712411	11.168795014514	5.29536579795611
24.784045	4.88203082892948	6.86934694442416	3.21887914825134
25.0598725	3.13299382160896	4.930362434993	0.79978050558193
25.2962145	2.86733481996585	5.34640351347438	0.881566894635597
25.5343875	4.57432398317388	7.4928078606313	2.00928551448657
25.693145	8.80456819874152	11.9460572716488	4.32037335650715
25.772939	11.1898201505469	15.3035253620141	4.99971527068669
25.8583035	11.1548356316452	15.2645591212542	5.5211276858018
25.9408995	9.455948599053	14.8170792708705	4.57598507670787
26.1029975	7.73705380943361	13.3301070391077	2.97301136029185
26.413048	11.890098586161	16.0700350936296	7.89014636703131
26.684461	12.5069745720592	17.8569776423166	6.10353749503057
26.9690805	12.8864584304979	17.2253292486272	7.04466418658787
27.355202	8.36822882210715	15.0645501733278	2.76528553326268
27.586548	9.22273487945141	19.3294571224058	1.87776963370137
27.7147875	7.64011472954602	16.9820728668363	1.6102950606989
27.90032	5.13571839903643	19.7819766391521	0
28.2545585	2.50198041418358	21.6550575485577	0
