phys	rec.rate	upper	lower
1.172696	4.16458240048299	11.1734857701067	1.8175142856752
1.685747	6.08980614775522	11.1734857701067	3.50931778353832
1.874962	6.98930291615013	10.4698066494755	3.69937334086282
2.0629105	6.30986309871574	7.94775470665067	3.71763926686365
2.2355385	5.92741549655282	8.11085799466821	4.38745235813969
2.332197	6.32317801984366	8.49745168066574	5.02113361661365
2.405008	6.96563263083543	8.88676746396247	5.6485365671587
2.518068	8.05846762061051	9.75413585482944	6.13155729836492
2.6233035	8.88225762306284	10.9617918444116	6.37586119864002
2.7125515	9.14505738829272	11.8435200172433	6.61091670354015
2.8078305	8.87286283897239	12.1767452765245	6.72503868224281
2.989293	8.14563961855322	10.2038830928289	5.36340135250263
3.327856	7.45578157742653	9.83331546328656	5.60854937846441
3.699785	5.62618664650659	7.74129510149719	3.14457558865522
3.9683485	5.35483715011597	7.70906003808068	3.28423707450475
4.138835	5.82173554067089	7.78695759620774	3.74873312244251
4.297845	5.75978492038614	7.34613196204918	3.56657890878127
4.479845	5.46368406511809	7.17158546258877	3.76034850331821
4.608137	5.17700709511649	6.94920671551931	3.61016540916205
4.744175	4.75434838856604	6.3555933635106	3.10992135636628
4.9373295	4.47850313431234	6.06340365060296	2.77595012662798
5.0678275	4.29521969899716	5.83409091368201	2.96541822275474
5.2269195	3.743719844132	5.1237381122686	2.21928659665135
5.4752005	3.41674892300059	4.71397860148303	1.75556716437414
5.7815885	3.88041718577332	5.19961753949796	2.77801663446702
6.231941	4.52371901456657	5.76894996274214	3.39411957400968
6.612798	5.01903790012132	7.0460245927836	2.70176730619093
6.7562845	4.84183340500654	6.99016698255214	2.31595899111359
6.9319365	3.74063803639792	5.66889362714848	2.01341576690803
7.2238115	2.60353052219904	5.64833819886341	0.716810847204634
7.4867565	4.00034882714893	6.6490151991133	1.82850068242497
7.720339	7.0541517685858	9.43205157423735	4.11960148014053
7.870732	8.46887564722696	12.0672224268143	3.92113510925292
7.9449095	8.12486542591049	11.7253332312799	3.73715106913188
8.0597075	6.55205496068645	9.91046174089401	3.3465993188738
8.357956	3.05624459954609	5.65813493459023	1.36690388746086
8.877995	0.804579834792975	3.09394652903808	0
9.403744	0.645828774450326	1.85593612148213	0
9.851336	0.59112728630607	1.8530279461688	0
10.9315735	0.258846917802376	1.17291964705233	0
12.732317	0.479038738204579	1.13945750793053	0
14.605119	1.04296423391828	1.64205458827259	0.0808601058794926
16.3913455	0.927883947003197	1.47963421564789	0.0998876782157247
17.803848	0.679944520211952	1.48103279796016	0
18.9813325	0.889153979880932	2.04857262876483	0.0120692678315579
19.8410985	1.9063966406423	4.17943676265567	0.28163385001277
20.1823605	2.74040190179118	5.99420586361867	0.18214004786879
20.333705	2.74892991896739	6.09078594392641	0.176946403203153
20.6349735	1.67084107134536	3.06752910642261	0.0964246107883474
21.1126835	2.4208796785206	4.61905721558322	0.989576882876603
21.38654	5.56269034603595	8.01501697805435	2.86127354090201
21.463835	6.87112986484527	9.51162353505626	3.59015200782844
21.5221565	7.50016767761966	10.1927763186483	4.24375936103125
21.6250615	7.60311195344362	9.9576812347937	5.00280498613762
21.8119235	6.91577202812779	8.57053253715405	5.01068903564665
22.006435	6.18146276680619	8.54668823412984	4.46778981904934
22.1462755	5.24950714075617	7.34785800495871	3.54792013822632
22.3371425	4.18216137522861	5.94882884018122	2.69313218559309
22.612796	4.25754139372261	5.54243651230902	3.15143343901446
22.815947	4.80698887343191	5.97043356247477	2.91786579871775
22.957402	4.81236476213331	6.18516165998513	2.66885229493878
23.0897855	4.17909948138331	5.49209397087872	2.37135983921897
23.3420545	2.44177487990936	3.35716954389018	1.7766164804525
23.7210945	1.84399460302354	3.33668033041903	1.11506516403631
23.937642	3.06321731121916	4.39929813629547	1.96516211847036
24.0151995	3.76643874237066	5.023061176199	2.19942405125982
24.107666	4.40945181151506	5.52810269485901	2.4965354395765
24.2147435	4.56570927156296	5.80874793906717	2.39148775649795
24.3360715	3.91179244425368	5.13685057491	1.54609257548122
24.529458	2.3564832239956	3.66311901513744	0.0521711482673223
24.8177265	0.890364093580398	2.99075776293085	0
25.148062	2.01515365920767	6.83148006267977	0
25.4476785	7.5060201648469	11.7655419498069	4.41669920634708
25.6459585	13.7489240817727	16.858149894969	8.89545077532475
25.783753	17.7414626996948	22.4791236428276	10.3942285330355
25.92633	18.3439904308207	23.6154940062368	10.8812921693046
26.084302	14.9851501221103	19.5512043226788	10.1748322729971
26.2946805	8.71483645103858	12.8898360392604	5.80433942620686
26.5638685	4.15048771871987	9.44017929502716	1.38122556177666
26.779053	3.4458478628523	6.51866931650576	0.429067429992674
26.917957	3.94406066658365	5.72894885351171	1.25463556828907
27.0479875	4.57507217369373	6.16577281384993	2.2183383107196
27.230238	5.06653186889207	6.70830169209087	3.35633987396137
27.4855465	5.0518598490109	6.53356234468966	3.57021546431849
27.6835515	5.69219637716125	7.73577857477679	3.87787287296801
27.7673585	6.27031724705455	8.42704956303942	4.53122217278481
27.8413675	6.53519561296747	8.79855225054936	4.70501711575923
28.00368	6.21822339007663	7.59964916331617	4.53394827886825
28.19832	5.49307075323139	7.40146006228126	3.99716293534762
28.369221	4.47978796710264	5.99543398919215	2.79718841586919
28.553643	4.28290842134897	5.85115772572691	2.78674033757994
28.7001805	5.2966922902263	6.90203755520145	4.03778379468222
28.7885105	6.08459166304519	7.72762966387775	4.4902838275207
28.851865	6.31080783721108	7.76386717487283	4.61296308028125
28.9333755	6.16456254450547	7.20455747275221	4.69877120968557
29.0738585	5.85813194659084	6.94231774723609	4.85320075504339
29.211841	5.61903423576044	6.67015806676437	4.53504305025689
29.380653	4.94316997290873	5.83098244754088	3.98492012768385
29.646889	3.52942597857052	4.43726141022766	2.82114736564776
29.9233365	2.91496624530174	4.06515767879217	2.07802572745685
30.1933935	3.51783529700549	4.3487602795309	2.71528276643495
30.4166925	4.44787201653905	5.81580122660662	3.1482361592863
30.566943	4.5931594500832	5.87663776202441	3.22190440452036
30.7660005	4.12676540654868	5.33902492795984	3.05258433208413
30.972739	4.06366990250568	5.63607850055923	2.28082649357695
31.095058	4.40561694875846	6.28419655408798	1.85249319749822
31.1787945	4.54522522389121	6.58413189973479	1.80725657605125
31.275412	4.15725491278236	6.35858091048884	1.73102594077988
31.4639335	3.45702733030657	6.39209562434958	1.58616529166905
31.7086135	5.54892874980596	8.29077469840134	2.92516808498863
31.868012	9.17152994667471	12.0319189249201	6.32773865440216
31.953879	11.1208808541109	14.9254144663199	7.32859242300213
32.0535445	11.5753951843971	14.8689426993582	7.65851794588127
32.176186	10.0532844902155	12.5997320752084	7.06620942438886
32.284417	8.24743832785844	11.103400924257	5.77668796871409
32.4064025	6.78848955813317	9.64249006994936	4.93957846303269
32.5745385	5.62926215303871	7.62136742290043	4.03672022124756
32.754051	5.37022260198642	7.17431513794959	4.2016116053568
32.9052915	6.29843153139199	7.91644924215143	4.80556828479063
33.0128685	7.92721268515374	9.39033233715081	6.03876178924367
33.0823135	9.27999938177612	10.9615470156089	7.04704354060593
33.1454865	10.1218201446243	12.2590296633049	7.15206417959063
33.224294	10.1659729588276	12.2912250828044	7.15891644732288
33.3480035	8.73681836991608	11.2207752968226	6.75009256651103
33.5264185	5.93919742959076	10.9011965584417	4.66554399773218
33.725307	3.58656883272775	10.9011965584414	1.97450877357035
34.0060855	2.15219365319008	10.9011965584415	0.0864315896960872
