phys	rec.rate	upper	lower
0.1703995	0	1.28438014463397	0
0.2545635	2.14887892129166	5.02416174195134	0
0.3085125	0	0.0760951302949445	0
0.326849	0.0889621746028111	0.197303289010248	0
0.3610695	0	0.0522613792622331	0
0.747606	0	0	0
1.130548	0.140804621419113	0.293395175772152	0
1.232557	0.0987906031568993	0.200624526789578	0
2.068173	0	0.436745829798946	0
3.318095	0	1.0301754977087	0
5.0740115	2.58528734413823	7.63643162820963	0
6.342748	0.0239482397892471	0.0418029418358409	0.00636861153816602
6.555931	0	0	0
6.855007	2.62323101481021	4.04469411338421	0.536686674415883
7.011519	8.03336885144738	12.7591268578965	1.60467853386164
7.1365785	0	0	0
7.29694	0.466614821682031	0.770765515135088	0.0993531702251313
8.414993	0	2.12793336622061	0
9.448892	0.0454967566319645	0.158637186130484	0
9.4607085	0	0.0459741737769892	0
9.520806	0.200616609863498	0.735389901964408	0
9.611471	0	0.960044723232696	0
9.6801715	0	0.0943040373252601	0
10.2925215	12.5670118800204	38.2662150769732	0
11.105233	0.58476820175461	1.59155311403033	0
11.353967	0	0.0185046588089345	0
11.6904335	3.77432539874339	9.51159587496945	0
12.2986705	1.54654709782065	2.93737383184319	0.286431577418646
12.5882825	0.0685647013173005	0.125360802539243	0.00660527878552948
12.59944	0	0	0
12.845024	131.424386806264	235.974625930467	19.3117954331625
13.1229055	0.372556822236228	0.680884829248823	0.0636133539008334
13.595631	0.342345838657115	0.597161877523879	0.146958227805982
14.4048825	0	0.129170662351112	0
14.778946	NA	NA	NA
14.9247535	0.16947186439931	0.515418565696881	0
15.4122405	0	0.287675348689181	0
15.983393	0.00615721996653306	0.207786804392915	0
16.2660175	0.022661240394702	0.126567238013746	0
16.4629455	0	0.299087386998441	0
16.964488	3.20709781285742	10.283792220364	0
17.484328	0.655926178047925	1.21979105219145	0.171873386797373
17.678786	1.17037313383079	2.11427600154873	0.200304752967933
17.7710555	232.794341143997	419.720269679757	32.0752317394927
17.831592	0	0	0
17.833111	0	0	0
17.886072	0.216056588335568	0.383503842901709	0.025113850049735
18.282386	0	0	0
18.9021495	0.0133936457350212	0.557246772222128	0
19.219277	0	1.66491204943203	0
19.3648725	0	0.416120181074233	0
19.6577135	2.47759340929402	6.30194663406902	0
19.8858965	0	0.0693507942016785	0
20.3879495	0.0776357012126702	0.176645178775899	0
21.437915	2.61482947594488	6.72653422296963	0
29.663014	0	27.4664517531117	0
38.903921	0.297023984836882	1.09710635976417	0
41.1819385	0.0299353027481331	0.274381336622492	0
42.2035715	0	0.178154727752359	0
42.5871025	0.502781141232881	2.8360932216326	0
42.949933	0	1.17777090101498	0
43.5803145	0	0.181701771401534	0
44.000747	0	0.050642532502816	0
44.2101015	0.000451746464071635	0.632333420386374	0
45.259432	0.0224940330141618	0.113780976874	0
46.852285	0.695589700505278	2.60107866130756	0
47.6224095	0	0.0318159999899159	0
47.817685	0.0483791664699468	0.288435660427534	0
47.904957	0	0.196069211400803	0
48.6685345	0	0.784131672948432	0
49.497272	0	0.662575700406512	0
49.6861125	0.317231413038972	0.58331919567324	0.0660424217415694
50.018717	0	0	0
50.253293	0	0	0
50.279447	0.0419725557114824	0.0652081556869458	0.0222337390570223
50.3618485	0	0	0
50.4932765	1730.76429837247	3174.78342303581	596.485456496138
50.5684245	0.11164947104417	0.203736832488769	0.0247906659234891
50.6026145	5.06932583571743	8.96200716272192	0.957920595296889
51.0371555	31.0264323402635	57.2113163510506	0
51.8153125	0	0.917161030319461	0
52.357249	0.317092023816873	0.97410902121326	0
52.7392175	0	52.0388700784011	0
53.108039	1.44046747907962	5.1760575558634	0
53.680296	8.25022255646735	14.9258595207306	0
54.2043835	0	6.86964930052321	0
54.342833	0.0149875914755535	0.384912893485798	0
54.439219	0	1.33214337079133	0
54.504802	0.0519419647339652	0.228641491446318	0
54.527803	0	19.603809577106	0
54.651573	0	1.26421525689118	0
54.946273	0	1621.34296782593	0
55.2659885	0	1.01702743154237	0
55.4057335	0	0.403341759361673	0
55.521365	2.67568777138719	11.9449867954776	0
55.6308185	0.0051190656238731	0.0364954551446059	0
55.6884585	0	0.513717026293242	0
55.867219	0.13299108234457	1.04463719177805	0
56.125958	0	0.180734337250617	0
56.269687	0.723809234119497	1.64832067392574	0
56.306885	0.370046515850195	0.812577088671198	0
56.343505	0	0.107234455411302	0
56.410797	170.138920517821	345.21815836772	20.8372671907649
56.4970815	0.621179101949664	1.11281511439061	0.213713724387691
56.525722	0	0	0
56.585369	0	0	0
56.6595945	24.3456554477006	34.6680645090729	13.9386250752704
56.6967455	1.51471672787071	2.13799681751965	0.908715423196338
56.7533215	15.1347194235326	21.2091031764679	9.38909419688559
56.788873	0.769114141160389	1.07548864427749	0.476687561620505
56.8038395	0	0	0
56.845576	0.937944172752486	1.30998468186481	0.586196733135968
56.902269	0	0	0
56.968125	1.09638734269304	1.48770102565388	0.718224895320321
57.0524025	2.99254568493369	4.04389617386693	2.02307701644545
57.349815	0	0	0
57.612367	1.54082078467351	2.72255526524122	0.487210643908305
57.633539	0.839699980252376	1.45896267915719	0.304104301069105
57.7020585	1.05005805981058	1.67830053950881	0.469180247749133
57.7637315	0.175119207956766	0.264267400212284	0.0867524727682278
57.775617	0	0	0
57.7915115	0	0	0
57.8310885	1.92243697927818	2.68849236142824	1.06787151175708
57.8726825	0.583510169964722	0.792533376642799	0.350474437523748
57.881242	0	0	0
57.8930765	0.766616867229643	1.03171783261639	0.479316132389034
57.950316	0	0	0
58.053195	12.9151134400589	16.2185938396638	9.37866546646239
58.158975	2.84171414922217	3.49482668221004	2.23099083434647
58.2236905	0	0	0
58.240985	0.284956790342061	0.340848454396021	0.234329792521584
58.2929735	0	0	0
58.3505285	1.27627242715071	1.46236618897631	1.08234818493918
58.5053345	8.9474672720442	10.3193628376096	7.59052946457385
58.7199595	7.54428101844326	9.05500281600116	6.0464470250953
58.8195055	6.86347400427441	8.3298430268348	5.40666129556842
58.8958825	2.386550574242	2.897904790761	1.86184102354025
58.9831225	0	0	0
59.0561465	0	0	0
59.129427	1.77444931338887	2.18889769783795	1.31623461551928
59.178426	0.167931301016904	0.211813604049746	0.115086013740097
59.2219965	0	0	0
59.3212155	1.91313438649227	2.47384595680752	1.17066097099879
59.417723	0	0	0
59.458652	0	0	0
59.4824595	2.5041247122788	2.99597052291427	1.88697189871095
59.5183195	2.97638685849931	3.50533856857244	2.41036646772575
59.5465995	0	0	0
59.650227	2.35120834098718	2.76190261788104	1.94281443323205
59.743734	0.0154733510620895	0.0184989785945107	0.0124552572705668
59.744194	0	0	0
59.827592	1428.33212779091	1732.67710118852	1111.54464265124
59.9117035	0.0438111497662405	0.0544945072460625	0.0324615468889807
59.9569035	0	0	0
60.0017445	0.00712000760006859	0.00929981750123669	0.00508835292077234
60.0063665	0	0	0
60.035055	0.605485277246763	0.80190062204499	0.426951246538247
60.1319965	0	0	0
60.205295	0	0	0
60.225982	4.57069133015196	6.67729342199718	2.73163634597238
60.264271	0.289006551036863	0.437395301581018	0.15900861609123
60.340273	0	0	0
60.4369865	0.371984187437173	0.643253078566865	0.0789537749816239
60.479318	0	0	0
60.5057365	0	0.0467392859293691	0
60.5987365	1.96180031274424	5.27232932284097	0
60.6762475	0	0.204544340201971	0
60.6859455	0.0053680404752102	0.0180314939100952	0
60.695094	0	0.0625950321050078	0
60.744427	0.179438580260655	0.584782483723383	0
60.8098995	0	0.109710772045019	0
60.8393095	0.0117532935969815	0.0383243163445832	0
60.906387	0	1.80666418859837	0
61.0554495	10.7046727905813	22.7845177197	0
61.1848285	0.786338137542776	1.42728626565941	0.154377264590718
61.235584	0	0	0
61.3461645	0	0	0
61.475297	0.214375701766417	0.322540172748288	0.0943697861398721
61.5133065	0.217275939677966	0.327898230996226	0.0996341369624755
61.5246	0	0	0
61.5295995	0	0	0
61.533271	0	0	0
61.555494	0.464563480963356	0.71509468829427	0.215652081832904
61.5836945	0.227233979084446	0.359895438344697	0.110514084512627
61.6361915	0	0	0
61.698301	7.90856023123539	11.97959130635	4.11638067208461
61.7413255	0	0	0
61.7760075	0.021572540391677	0.0326641558643253	0.0107183436454352
61.7832805	0.000356514710715013	0.000542437382607037	0.000177460027847763
61.8214365	0	0	0
61.901221	0.29085010165285	0.461109607004788	0.13819456149893
61.946061	0	0	0
62.075869	23.1071099788725	36.8892687151358	9.69013274255589
62.21193	0.370536276069649	0.593616535190145	0.136129286528179
62.2243275	0.0657071407590779	0.105490209917005	0.0235862066655324
62.2350265	0	0	0
62.289293	0.752559842682775	1.16748801298353	0.267839516876927
62.348368	0	0	0
62.434496	0	0	0
62.542182	0	0	0
62.5779655	0.0131313797532932	0.0175881472128274	0.00956671687440571
62.579885	0.0543374481865464	0.0726391208975371	0.0396318768636526
62.591266	2.92186727024629	3.93957281400098	2.1224074101732
62.6224795	0	0	0
62.665403	0.927509162192643	1.30373507528157	0.657266320612836
62.6995135	2.41518835201007	3.40334222020307	1.68091524243465
62.7439145	0	0	0
62.778273	0.0972782951549745	0.137936527009084	0.0662280920981707
62.821473	1.16167640063745	1.63223606915256	0.787918758514672
62.8638265	0	0	0
62.8881555	0.589759805704114	0.788463305626544	0.401179445217987
62.932297	0	0	0
62.980636	0	0	0
63.017112	0.746953050944022	1.03081597338163	0.438437630944453
63.0657355	3.41784055642128	4.99005053807438	1.81575208226465
63.1591465	0.565979058375191	0.956579507454468	0.16151519154819
63.3732145	3.03327571741156	8.84591128244585	0
63.5923005	0	5.03039787447022	0
63.6564485	0.00852307914546994	0.102625721409311	0
63.667928	0	0.0401484109246906	0
63.6973945	0.00678242439615666	0.206268917100201	0
63.735701	0.00473630945878084	0.251584147974974	0
63.7541215	0	0.030323050951295	0
63.8134085	0.0453643980079418	0.434086532576814	0
63.949247	2.21101394857706	8.44329372057307	0
64.04132	0	0.0318829003322985	0
64.057105	0.0197319033152729	0.0525015400559168	0
64.0773275	0	0.0833140519179951	0
64.121595	0	0.165874595719912	0
64.164842	0.0656248002168348	0.143426891782275	0
64.214297	0.428229633344684	0.863138612276249	0.0100413879367832
64.3629135	43.9311786345094	69.6616973845511	18.816073664998
64.6596745	0	0	0
64.8437285	0.0103790446385926	0.0164130557777677	0.00428380508039779
64.85199	0	0	0
64.9076945	0.367859668106483	0.612718882537954	0.108520489847346
64.956712	0.00293179899960379	0.00516671263004827	0.000608343252664752
64.989661	2.38275253739799	4.36744799925815	0.330251100896984
65.198131	2.37694878070218	4.31676257259156	0.362023164825895
65.3854285	0	0	0
65.4172035	0.286312952131336	0.431186657470112	0.14644340532778
65.487208	0	0	0
65.6452565	1.76646386304398	2.6223731503301	1.04163678758026
65.7763685	0	0	0
65.8077105	0.189239097312255	0.290166097335788	0.110601696712481
65.9354535	0	0	0
66.1766965	0	0	0
66.3039545	0	0	0
