phys	rec.rate	upper	lower
0.314156	6.89463271057327	142.347197261196	0
0.4285125	1.55315604536352	8.79257970159613	0
0.447284	0	2.27794574993732	0
0.464989	0.379230644198547	1.39495971629252	0
0.4762595	1.91831064364006	6.31802199757821	0
0.4843565	0.0481654399972474	0.150660648093875	0
0.6498755	0	0	0
0.8124665	0.000498230087610017	0.00120614872038737	3.06707881070986e-05
0.916593	5.08014649233208	10.9408477568884	0.298591768260333
1.167967	0	1.09677408596451	0
1.3179305	0.0329528239854545	0.0859285293042658	0
1.324953	0.0553628917816699	0.143728884262219	0
1.331308	0	0.0151903247187541	0
1.400008	0	20.8855501525776	0
1.4666915	0.00126994661379891	0.00266608214901196	0
1.6056775	0	0	0
1.744655	0.000736155783155122	0.00114851728493745	0.000401490520115319
1.7728185	3.46930907133717	5.78106448607425	1.87575442734619
1.850671	7.12949948554062	12.5049716218009	3.35256186082852
1.9012595	0.235216150974966	0.425449947247095	0.0783534059564218
1.9089695	0	0	0
1.923047	0.305675061433622	0.569016623935731	0.0768231470264481
1.986657	0	0	0
2.0430485	0	0.00264766749628852	0
2.0546635	0.416729545885659	1.27169365778019	0
2.0780725	0	1.90416742564401	0
2.0899405	0.007515059493706	0.037872035043892	0
2.0900445	0	0.00614420253004272	0
2.103601	3.66706551254318	21.8712881741843	0
2.1380845	0.229633518085111	1.36200253343237	0
2.175209	0	1.59776893990306	0
2.19996	0	0.584096315221404	0
2.269517	0	0	0
2.3727025	6.21556841158062	8.65007872609719	4.22250455338616
2.4267185	15.2729003852117	21.2182285048316	8.61714417298164
2.4386205	0.252733534229692	0.363251409321787	0.129423033504676
2.449414	22.6796354366617	33.2755960782649	10.819616558805
2.4757995	0	0	0
2.4919855	0	0	0
2.495612	695.408031077043	1128.98109516961	252.455760996719
2.500644	1.62012041196852	2.62895243339878	0.616507387585308
2.5026215	0	0	0
2.5043455	23.4063363170055	38.0541573185112	9.38344068892388
2.5136415	0	0	0
2.538392	10.0120956742935	15.3010525801161	4.75742271697434
2.569442	18.9844468494793	28.8141948669826	9.29478405150872
2.5963455	4.36742218494291	7.20461849137989	1.24220493440487
2.609344	0	0	0
2.6103355	0.160741913256997	0.304379791129803	0.028988810611349
2.6114305	0	0	0
2.62741	1.77417293543612	3.65596617869594	0.197141853514343
2.643293	0	0.000189866563154917	0
2.643394	0	0.182852095684394	0
2.6715795	0	335.425453282593	0
2.6997875	0	0.00669175526169255	0
2.715641	0	2.04045047661183	0
2.731481	0.000813326270688468	0.0020219808523022	0
2.7315145	0	0.000626662704585566	0
2.7443695	0	3870.33010807835	0
2.7572285	0	1.20327021973364	0
2.779656	0	0	0
2.8264385	3.25029447633961	5.02378704412617	1.68993426786158
2.8582355	0	0	0
2.877534	1.55560506758787	2.98848160602235	0.43647985800062
2.8894085	0	0	0
2.889418	0	0	0
2.8901985	0.0728037177929746	0.146419011390543	0.015326318621329
2.890986	0	0	0
2.918564	0	0	0
2.950002	1.16655796966501	2.99960864222983	0
2.9630725	0.366256369232505	0.952494844761231	0
3.0477155	8.78971529857817	19.2336688454804	0
3.123267	0	0	0
3.1233975	0.00207736050459935	0.00388381069305122	0.000498363094869522
3.1335285	0	0	0
3.160314	0	0	0
3.177098	0	0	0
3.177209	0.000779840165550836	0.00125631003641507	0.000175093963001408
3.1841575	0	0	0
3.194351	0	55.2540141527349	0
3.197684	0	0.234875122416603	0
3.1990245	0.918802183133516	1.76384147710844	0
3.201623	0	2.15067567519798	0
3.2029835	0	0.0138465890938411	0
3.2062615	0	814.870846499206	0
3.2096225	0	0.577260141555784	0
3.212765	0	19.4630105070997	0
3.2178255	1.21625159427456	2.81623254987728	0
3.219903	0.0163098916458581	0.0373114615772665	0
3.220432	0	0.0613388790504997	0
3.2210445	0	0.0715677328251839	0
3.230947	14.3309848458207	29.4265977797009	0
3.28515	8.03689847354168	12.3803780511967	4.16325096781327
3.354921	0	0	0
3.3819735	0.379381305227394	0.628113488310307	0.216065671088506
3.392381	15.8433888087109	26.0227168565714	9.22617781873794
3.401898	0.12942887920764	0.207113272955879	0.0746642073374293
3.4405225	0	0	0
3.5128755	2.45172125837467	4.55496029172403	0
3.5829375	0	10.5947309310281	0
3.61845	0	0.0044581721257937	0
3.6542035	0	0.539848430000219	0
4.2391465	0	0	0
4.788367	0	0	0
4.7893235	0.0998463886058761	0.201282392257624	0.0224046346469731
4.7948925	31.0606945863825	62.6442098486496	6.91940612976865
4.8028255	11.8276154192186	23.6023642856789	2.61189277905498
4.822948	12.0833954258625	22.3980310724825	2.70370973080112
4.848004	0	0	0
4.859287	0	0	0
4.8647225	0	0	0
4.878332	13.5178243434588	23.3019336034759	4.15846040550306
4.905503	17.3957726721158	31.7670922386258	3.38898225643965
4.9230105	0	0	0
4.9653085	6.02729755782215	16.2920429950334	0
5.0060745	0	0.0229368189504696	0
5.016267	0	3.4369740379963	0
5.026535	0.00882853044322225	0.0463368216671425	0
5.0361905	4.44314843319716	24.8444121563554	0
5.048477	0.240427184817135	1.23122988166722	0
5.0513305	0	0.0358257566455702	0
5.051454	0	0.879610904815573	0
5.120635	0	12.8850030504581	0
5.1898165	0.000658399736363284	0.00122699554486837	2.80739377008896e-06
5.1956955	0	0	0
5.239732	10.5007428474772	17.4423726760488	3.83601842937187
5.3002875	0	0	0
5.3243285	0.579388442319088	1.03904454354106	0.190694187828741
5.326006	0.00953423320133141	0.0173359639208126	0.00293997556332607
5.326046	0.0967203564638684	0.175782841141733	0.0297585040322531
5.3373205	0	0	0
5.352149	2.48179947980938	4.84868829183215	0.18097137861201
5.35655	0	0	0
5.3616895	6.71407427934611	13.1119010186191	0
5.3733955	7.03700761551673	14.6564607255175	0
5.3854325	0.651271720108699	1.4759932647072	0
5.400693	0	1.17703989766116	0
5.4176125	0	1.11782576476777	0
5.434776	5.26324134212537	12.8445839926519	0
5.4458125	0.153889885789339	0.351290208654751	0
5.4524565	0.748769776381679	1.62320018165062	0
5.4614185	0	0.06136169454683	0
5.4934415	7.65686007179102	13.8574816133772	1.73592264844846
5.522997	0	0	0
5.536876	2.34077918544758	4.17570223859187	0.501987635165548
5.5597125	0	0	0
5.568818	0.073828323237894	0.128119936431161	0.0200851854267066
5.57866	12769.9397668682	20950.7590854949	4148.88927702195
5.588489	0.193928317625524	0.30951968276574	0.0846716134213408
5.590975	2.53732028557567	3.98379266892537	1.18642925308029
5.5933605	0	0	0
5.6359715	10.8790294477282	15.8658582184324	6.28001255380502
5.683164	1.52136731924765	2.45755799977241	0.611417068672147
5.7012115	0	0	0
5.7177025	0.465380451714286	0.824080133729885	0.0801892762423048
5.7270315	0	0	0
5.7445115	0.345441037566274	0.681977297214035	0
5.7763775	0	0.22005935406004	0
5.8147115	0	2.84467083348778	0
5.8450765	2.23223869299469	6.92360006233572	0
5.857886	0.000933734380839451	0.00284068803008395	0
5.8947305	0	0.580272411205021	0
5.937739	0	0.267238733142896	0
5.9577645	0.634066437866517	2.105556702112	0
6.0090495	0	3.16753163976569	0
6.1291825	2.05147427743117	5.95910545573012	0
6.2118895	0	0.0165164055279888	0
6.212018	0.00047107590088404	0.00184071198194845	0
6.2316265	479.749172920883	1902.26809634586	0
6.251506	0.0451927630090732	0.170784872555806	0
6.293936	3.8608235067444	10.0364983904073	0
6.3534555	0	0	0
6.3708445	0.00234014500819006	0.00403768522721309	0.000795458058018345
6.3708665	0.00523557242802379	0.00903199564555032	0.00178013192939464
6.3893895	0	0	0
6.4263145	5.15596607110034	8.54330039114455	2.56862876448273
6.470085	5.07033058586448	8.25810386921285	2.53351864015569
6.50906	2.48275517068763	3.97665383563558	1.33115138683992
6.52434	0	0	0
6.5261135	0	0	0
6.5638745	4.12982732932362	6.3510654717947	2.03942859196666
6.66635	171.257124676324	343.811963674074	0
6.7311915	0	0.211723653710333	0
6.7312445	0	0.00529578083568006	0
6.7312965	0.00018303976244981	0.000606220262142832	0
6.7334545	0	0.204952018331106	0
6.736128	0.0327038444356215	0.110809122820084	0
6.737153	0.0218825792988069	0.0738355449231803	0
6.8052685	0	4.11384783687014	0
6.894701	71.3396129362849	153.805948916494	0
7.01169	6.93755236246154	11.4849312694223	3.36605602597747
7.1115225	19.6430876023987	29.2802473815065	12.4746709310551
7.187898	23.2672315544292	32.6857687423312	15.7365345984099
7.2630985	5.78567879905162	8.7109456718476	2.98801783849161
7.2773275	2299.53687841561	3585.20719383124	1070.34486836927
7.288222	0	0	0
7.2892375	0.455284151592836	0.73510368744435	0.185509732784848
7.290217	0	0	0
7.294115	0	0	0
7.320727	7.30194943055234	12.487899812959	1.77814892505321
7.3484815	2.89195234673255	5.24214707891458	0.225121610101616
7.3536075	0	0	0
7.3565865	0	48.4614078615526	0
7.373591	2.37313363881502	5.11702347282764	0
7.4045925	0	6.82048176165566	0
7.4456015	0	6.72780248352849	0
7.4738695	0	0.726402180979618	0
7.477907	9.2307029785952e-05	0.00316137770898089	0
7.478785	0.00371823751055807	0.112431213212819	0
7.499852	0	0.933119638906326	0
7.5363155	2.90100875977889	10.4148603987911	0
7.5698905	0	0.3655908979703	0
7.5873355	0	0	0
7.620715	2.50719677854861	4.96056517277763	0.656476954286681
7.7648695	17.5016970682079	22.4897722441479	10.8729897485126
7.875802	0.00331494337023925	0.00875910400380077	0
7.8846525	0	10.5300571094404	0
7.905395	0	8.94630045331302	0
7.9173245	0.0014436033376698	0.0052701081403451	0
7.9191645	0	4.55183313780866	0
7.9210035	0	0.00502748041499384	0
7.921033	0	0.0226507891529898	0
7.9243665	1.35467986157999	5.09012473551935	0
7.9521255	0	143.947206792475	0
7.9897795	0	4658.09680865416	0
8.003593	252.530550963312	517.413718661202	0
8.0509875	0	0	0
8.0998075	0.275785535298868	0.616968018258487	0.0336135895735173
8.1093265	0	0	0
8.126542	2.63385093685236	6.00760099855737	0.44437509971401
8.142755	0	0	0
8.186479	2.8978899180512	6.82918922312359	0.804118468250264
8.349087	0	0	0
8.479104	2.00970932291147	3.91579652245327	0.0880698465171249
8.5133085	0	0	0
8.5530675	1.20653444429122	2.19410138602803	0.430980428656556
8.563389	0	0	0
8.582937	19.6403087110689	32.6491905880744	8.20642726832703
8.60423	0.600754980206863	0.917208343100709	0.275523342422049
8.6061185	0	0	0
8.6679115	676.104634562452	922.736340717837	405.067250870766
8.729702	0.00195941126683383	0.00320451957367642	0.000692185661869862
8.7316295	0	0	0
8.733632	16.1687231219295	26.9477311515713	4.82269876366137
8.739356	0	0	0
8.7767515	5.25678704868058	10.7405897920767	0.0944438244149406
8.808701	0	0.0136140870343383	0
8.808917	0	0.0016028768044851	0
8.808945	0.000206807371933246	0.000479141350087155	0
8.831228	0	0.89960439174699	0
8.8535375	0	6.16110675502449	0
8.866635	0	3.76116707454125	0
8.881303	0	435.09269719795	0
8.953551	2.6163175800707	7.86431978255857	0
9.1496195	0	0	0
9.298312	2.16934700287648	5.00023537916275	0
9.3595395	24.1644825335882	70.2456971421493	0
9.397501	0	0.00222200093895059	0
9.402299	0	15.1177059521054	0
9.407094	0.0164640357735807	0.0559405334413007	0
9.4071045	0	0.00188985053057147	0
9.409873	1.03662785536731	3.44692886677898	0
9.412659	0	3.85083010416728	0
9.4128035	0	88.2038791123131	0
9.424171	3.00571094203535	9.19534851544543	0
9.435735	0	0.111281833470234	0
9.458475	0	8.26112604652741	0
9.485516	0	135.553743600454	0
9.4913805	0.743723857569876	1.56081553801116	0
9.5001465	0	0.400326766566565	0
9.545996	8.73856813866472	15.4648890319137	1.88505443962211
9.598926	0	0	0
9.61354	0.00383313818738666	0.00672940755536128	0.000470033618701591
9.6367925	0	0	0
9.6652995	11.2370254664161	27.4737486194105	0
9.6706015	0	0.0175261099942401	0
9.671607	0.0968650201783135	0.261375113265623	0
9.672662	0	0.00474796641990495	0
9.672778	0	11.4897504661902	0
9.6796835	0	1207.4210902223	0
9.687357	0.54072951913911	1.49587098305862	0
9.6940615	0	6.07796466633649	0
9.69997	0	0.0036655148566409	0
9.7032825	0	0.868112248424426	0
9.7159465	0	0	0
9.725333	0.0165755840359052	0.0232573688541889	0.00821995158192727
9.7266445	0.245727622892609	0.337292665081384	0.130332015825522
9.7553355	0	0	0
9.7837675	6.54945549440063	11.0925283678683	2.17831069978813
9.7848205	0.0046471473368335	0.00795832552724216	0.00152468940686379
9.784926	0.451236214588572	0.772824883992021	0.147999267123394
9.7850355	0	0	0
9.786948	0	0	0
9.7888375	0.00173225427966696	0.00305159227762409	0.000547940154912519
9.791783	4.47326417692701	7.97899614690803	1.25059904883646
9.7992525	0	0	0
9.885664	0	10.3304678169753	0
10.0168485	2.70447504774879	6.22142502242369	0
10.066293	0.00218596423666609	0.0288082903915855	0
10.066434	4.39316023235835e-05	0.000569261766642818	0
10.066533	0	0.00480946510640681	0
10.066719	0.00497449370674187	0.0622070396240945	0
10.078872	0	1.22282973302202	0
10.0913665	9.26325557811327	36.3063495467782	0
10.0931875	8.98543202598382	33.0945340987188	0
10.0946455	0	7.71030740468191	0
10.1319465	0	0.401691763972381	0
10.169185	0	2.48612225151852	0
10.1691955	0	0.548545520677052	0
10.171827	0	1180.91724304768	0
10.174471	0.0281479922274708	0.0725472200305487	0
10.1744965	0	0.0459256129868449	0
10.1807235	0	8113.44355241553	0
10.187011	0	0.232531155602352	0
10.187392	0.00755012527062137	0.0171320718746218	0
10.2237265	0	0	0
10.2655295	0.114406606681849	0.245757134786023	0
10.271326	0	0.000167578078902196	0
10.278294	0.829429951921507	2.06269504239802	0
10.289445	0	0.632710305373719	0
10.2978625	0	1.15334676617984	0
10.3040055	0	0.764644027910893	0
10.310491	0	1.73776715495812	0
10.3150715	0	0.658756518693922	0
10.3151015	0.000495813905432806	0.00178209948760578	0
10.315201	0	0.00197164392734832	0
10.3153	0	3.59415727527724	0
10.315325	0	2.94616814518385	0
10.324322	272.923500599747	706.813717717403	0
10.333307	0	0.0992786751224145	0
10.333319	0	0.352205982206907	0
10.333343	0.00680264797190412	0.0149439585034659	0
10.3366305	0	0	0
10.3464935	0.0426171692438535	0.0772867464443683	0.00792682755206875
10.3531885	0	0	0
10.3533065	0.000370000110933628	0.000658317840853577	0.000108783595400655
10.3594885	0	0	0
10.365752	0	0	0
10.376679	0.0331933698501105	0.0659079291971867	0.00426345228654169
10.3875305	0	1.53916777003721	0
10.387627	0	0.00012716895310245	0
10.392933	0	1668.47325015296	0
10.4080585	0.0459821499283033	0.258432036957362	0
10.4181275	121.889535720602	482.049358280561	0
10.419781	566.930428298468	2197.87152773195	0
10.421415	0.00443244426700645	0.0166088822557031	0
10.4232685	0	0.00595575398332829	0
10.42978	0	166.807822833009	0
10.4547365	3615.17785471946	9572.63708567372	0
10.4748855	0.000172706125847806	0.000431242534910249	5.10061257796008e-06
10.4749175	0	0	0
10.4749505	0.000288531319184164	0.00072091678582704	8.55167814835443e-06
10.4819455	0	0	0
10.492439	1025.36573616346	3120.09417542121	0
10.503483	2917.52085039778	12557.4332328668	0
10.517322	1441.47480239118	18257.892099208	0
10.523724	0.000224762390529962	0.0281152208886904	0
10.52389	0.000248337572795139	0.0249016590177142	0
10.5305585	0.660949163318256	8.32189993525687	0
10.5387835	0.226289605341015	1.43859423073337	0
10.541511	0	0.0755148000973183	0
10.5470615	0	243.032132524454	0
10.551516	0	2.22164119125663	0
10.551697	0.0127055744700765	0.0516276808328185	0
10.551989	0	82.9086792297465	0
10.5659935	0	1991.30928534174	0
10.590645	0	13915.412774454	0
10.60142	1.72762450285951e-05	0.000182605578385623	0
10.601452	0	0.00167555101027052	0
10.6018795	0.0158288226108056	0.178365338920975	0
10.6023025	0	37.9486913700846	0
10.607548	0.0099354377906332	0.295943751592735	0
10.6221105	0.00791160630968272	0.486484642919679	0
10.6314765	0.000110501312006622	0.00220779399403113	0
10.6353915	0	0.0603589667321656	0
10.6392975	0.00184416852372018	0.0117035083052498	0
10.6506345	0	2.25596301174976	0
10.665139	0.73865373241415	2.64002374521711	0
10.668875	0	14.2979765664027	0
10.66946	0	0.00416241510284908	0
10.6697055	0	61.707883999948	0
10.669925	0	0.3253786409198	0
10.6896535	0.401528679140279	1.1218420031856	0
10.7110165	0	0.0992368514876188	0
10.7178265	0	124.448099330421	0
10.723112	0	0.000771702966001713	0
10.7232465	0	0.000148460394779721	0
10.723278	0	0.000273546608784205	0
10.7309225	0	67.6870788407158	0
10.738752	0	0.00769305381523358	0
10.7516555	0.392140181113438	1.17391027402455	0
10.771237	0	234.497800796165	0
10.778119	0.000599167718499509	0.00276712135191238	0
10.796155	0	7102.87759523189	0
10.816003	0.00478318486592079	0.12000041618885	0
10.8731195	2.11206021819217	8.21712968475173	0
10.942139	0	0.0471107357468175	0
10.9980345	0.209787785717709	0.765247764313377	0
11.0864635	2.3291044509119	15.0559844332432	0
11.3073055	0	3249.51410130293	0
11.542108	1935.84045628024	3557.14387900229	561.6708051889
11.7191085	0	0	0
11.868915	0.0723393948867787	0.478404174211249	0
11.9076245	0	0.148739859421777	0
11.915348	4.42780477335438e-05	0.0523594811199348	0
11.917392	0	0.000219438942855102	0
11.917419	0	0.00164755704881995	0
11.9326635	0.150559165230952	1.3319124869795	0
12.004127	0	4.89817710137957	0
12.070127	0.746429782485332	2.58442357594338	0
12.0922005	0	1.02962485617542	0
12.1046455	0.00281314059905432	0.0156807571993693	0
12.14057	0.185842324281768	1.85800056304836	0
12.176443	0.0848052159764695	0.22718228207929	0
12.1765445	0	0.000131775069623854	0
12.1791295	0	0.175950101869462	0
12.2215755	0	0	0
12.2615645	0	0	0
12.266327	0.331203519205048	0.606650963103911	0.0226484378835505
12.273173	12.2426135203042	22.9595891646115	0
12.275388	0	1.52303438349823	0
12.288167	11.6636440072469	23.0673893444458	0
12.300929	0	0.861448393883596	0
12.3009535	0	44.0579376891442	0
12.306616	0	0.18332115773902	0
12.318263	0.352747363957204	0.759807604770343	0
12.324306	0.00066151059541515	0.00142134456270638	0
12.3272495	0	0.0296970775082433	0
12.4827975	3.73684545718281	6.09507682646849	1.03728992526554
12.7051255	0	4.31850696934989	0
12.795309	0.12636023142067	0.842813622677231	0
12.863462	0	0.286575643643371	0
13.166176	0	0.214655009082326	0
13.4213235	0	0.885911682722364	0
13.421431	0	0.036383533325949	0
13.421462	0	7.30806223673982e-06	0
13.4223135	0.151683177041566	0.326415271120602	0
13.4231805	0.00135938641922	0.00292316522017457	0
13.4268245	0.862438803084469	1.84560397283541	0.0277054784755605
13.474122	0	0	0
13.5269815	0.663666645591568	1.65665632568382	0
13.5361815	0	7.83469120608971	0
13.536213	0.000588648936271428	0.00182691626950952	0
13.5517975	0	5251.86561141421	0
13.5675065	0.00258252442947328	0.0290731345680297	0
13.5721685	955.136496156978	7488.45078296615	0
13.5907175	1.64858459983095	8.12370587694606	0
13.6047485	0.000802604132663962	0.00336856104784147	0
13.6048365	0	0.00403562152964322	0
13.6049275	0.000876219447718162	0.00367540365260687	0
13.6525585	1.37170552930918	28.3118420265278	0
13.7256815	2.21511790619119	4.58386477191031	0
13.7511975	0	0	0
13.7512405	0	0	0
13.753884	0	0	0
13.7586045	0.259424373826496	0.524666092217013	0.0682994666095965
13.795757	4.97546332654638	9.27135732717487	2.06316071190181
13.8682245	17.8606586255545	27.0610588987217	9.20107200456125
13.959786	19.4851844339736	56.2300726407545	0
14.0145195	0.0315088616998688	0.251387020243608	0
14.0152145	2.0236769686979	15.8632337948183	0
14.0165845	0.0377629484440615	0.285144881793688	0
14.017984	0	0.006483468119149	0
14.0187665	0.0125636574391267	0.0880974947178271	0
14.0194335	0	0.00113208708932398	0
14.025509	528.773850648512	3523.58376285312	0
14.0363795	22.9931319025977	167.339098714517	0
14.0412025	0.000129865089205507	0.00112205875717092	0
14.0420405	96.1339769135854	871.923604940323	0
14.052251	0	2.83799438705659	0
14.070757	0	7.22166353232465	0
14.0799045	0	0.0223691440237199	0
14.081618	0.0112043188154156	0.0667143663096067	0
14.0833185	0	0.000412723070304432	0
14.083351	0	0.0025811424495261	0
14.0834885	0.0103970438354866	0.05820999177759	0
14.097799	0	3.87283938111523	0
14.1129575	0	228.72199958213	0
14.202976	0	4.048881118123	0
14.3184845	234.852123017998	2025.94312202158	0
14.3449575	0.00051527996749187	0.00234545867080226	0
14.3452335	0	0.00680902693597864	0
14.34553	5.32068322362656	23.9931343006163	0
14.3659975	0.242751433045014	1.3489249919927	0
14.3865075	0	3.48863241146291	0
14.386602	2.7417945661285e-05	0.000571775473149964	0
14.3886095	0	0.0815068561038049	0
14.3910265	0	24.7532994900784	0
14.391486	0.00112634898242384	0.00775715654525532	0
14.392106	0	19.4073337283636	0
14.4054095	0	0.470931207425837	0
14.439866	0	0	0
14.4617275	0.05531970522783	0.0864514133419745	0.0172425602687535
14.5363285	0	0	0
14.6108165	0.00132798582596858	0.00495522424214464	0
14.6108275	0.000116450681415864	0.000434814396222968	0
14.6115445	164.52873159162	640.800804255161	0
14.6122655	0.0629423675257735	0.255361228620712	0
14.6217425	0.360572046833728	1.91554813264639	0
14.631217	0	0.000520966511949492	0
14.636357	0.935259523467225	3.78734030726264	0
14.6415025	0	0.00101538044243805	0
14.642622	0	452.050538328273	0
14.6437345	0	0.01283042246953	0
14.643747	0	6.70300571311328	0
14.6437645	0	2.94023916421555	0
14.6442375	0.0868117133218106	0.260075897228472	0
14.644719	0	0.00175487713543413	0
14.6550905	0	0	0
14.6747765	4.71350230493474	8.83397823450355	1.23826408475331
14.688742	22.1979742510237	40.25753768606	6.9573298352424
14.694276	0	0	0
14.697167	0	0	0
14.6992635	0	0	0
14.7223345	2.73357483671313	4.89698954401131	0.782927887505501
14.7462165	0	0	0
14.7806335	6.27482903932557	11.1235722255886	1.06026853903221
14.814145	0.00127275225956051	0.00270314645433746	0
14.8141685	0	0.000274398108923409	0
14.8452795	1.91611191480553	4.5537935028719	0
14.8765115	0	0.00539692889991154	0
14.87937	0	810.963780538008	0
14.8822235	0.0149356772171847	0.0334003007485062	0
14.9352695	0	0	0
14.990109	0	0	0
14.992451	0	0	0
15.0014615	3.92508481597298	6.3618228408421	2.22097416388593
15.010059	0	0	0
15.01009	132.53734339587	217.950304569703	73.9547536017788
15.027263	9.95489068733309	15.8315361387024	5.48541723173583
15.044423	0	0	0
15.0471835	4.33565916769474	6.49985076772625	2.36386255287265
15.0527895	2.07881907336974	2.97995509444587	1.16194246769424
15.0557815	0	0	0
15.0997875	0	0	0
15.143669	0.00384101283772236	0.00751896059210582	0
15.143687	0	0.000666322628252119	0
15.146011	0.70441513906211	1.38405607063682	0
15.1483455	0	0.0281582484064262	0
15.149644	8.76754123380984	17.2157686639224	0
15.150928	0	0.908883918697716	0
15.263635	17.7113984585952	24.5288502318035	10.9074322894025
15.376355	0	0	0
15.376386	54.9971576153904	89.109972409892	28.0298817681142
15.37855	0	0	0
15.3807055	0.0027532852120209	0.00446581842779087	0.00139365773910597
15.3807175	0	0	0
15.435536	6.50919900087922	10.3453327601822	3.28295790862115
15.490387	0	0	0
15.498159	0	0	0
15.538088	1.36757948424558	2.83879002341529	0
15.573494	0	0.19493239093335	0
15.5842785	0.409719341118326	2.78367360488767	0
15.610863	0	7.74028361419588	0
15.642524	0	3.20735501846833	0
15.669548	0	21584.7806076763	0
15.6891885	0	4182.15235673891	0
15.694472	0	1.01591597774745	0
15.694498	0	0.00536330973959893	0
15.6945815	0	169.017443917774	0
15.694665	0	6.7690701147773	0
15.694677	0	0.272328942751396	0
15.7061095	0	6542.01775957727	0
15.717653	0	28.458316537751	0
15.717776	0	0.00724576920800367	0
15.71779	0	0.00046023192179547	0
15.719259	0.207109551519388	0.489922346270389	0
15.7207265	0	0.000121422275106227	0
15.720749	0.0024857115594732	0.00582916580626996	0
15.7460855	0	1.07170907382054	0
15.778897	1.33058381177183	3.09967438153812	0
15.7864015	0.00203575691693573	0.00508767906662968	0
15.786524	0	0.00128864464807438	0
15.786767	0.00991454011762795	0.0253254933801152	0
15.796624	1.16883765430761	3.20429840443554	0
15.8063805	0	0.00196054548851731	0
15.806695	0.052798011095815	0.149835268607084	0
15.829911	0	2.13352548667726	0
15.852855	0	4.37467521009976	0
15.8569275	0.593451793756741	1.95607668928378	0
15.874754	0.688909677082023	2.46824120170655	0
15.909171	0	58729.5856069445	0
15.929825	0	0.000431453639032749	0
15.9298445	0.00044313301466992	0.00230703576934538	0
15.936771	0	0.986471053932456	0
15.943684	0.000228681337975159	0.00110052768359385	0
15.9571365	0	7492.32649758667	0
15.9767905	0	14776.4881253786	0
15.989772	0.332897472097668	0.86191437168233	0
16.055847	11.6676415635142	18.9128416487845	4.59723289468586
16.115174	0	0	0
16.161078	0	0	0
16.2178625	1.00082148195278	1.52484846187005	0.544816418853542
16.2580005	20.7773291406751	31.4004055265017	10.8215175992036
16.2872405	0.00131422148642367	0.00201483010806237	0.00066667526214464
16.394829	0	0	0
16.522693	1.91184406003159	3.31406456414759	0
16.5756985	3.85639814642493	10.6242238219382	0
16.608423	0.000611759877180522	0.00242375701487147	0
16.6141575	2.39846100172949	9.99805178093281	0
16.640961	80.0391035726208	302.974952574724	0
16.6685775	0	2.54007544880201	0
16.676072	0	0.0675241776055993	0
16.677198	0	180.279150569051	0
16.677384	0.00272816978914093	0.00783728561204992	0
16.6871205	0	2139.19052675635	0
16.70945	0	572.640069090857	0
16.722068	0	13.7823326085393	0
16.7220835	0	1.17234681294103	0
16.722187	0	0.0178408511859197	0
16.7223125	0	0.00359328663833455	0
16.7312635	0	0.580093985357089	0
16.761078	2.59710340476778	6.92133114440446	0
16.7819795	0	0.0686450781297152	0
16.785462	0.594499387850576	1.69110802862087	0
16.7905925	0	0.402663127375824	0
16.7923635	0.0200314346806595	0.0544878212991884	0
16.801266	0	2.60414379586551	0
16.8135755	1.80186420087547	3.47028735104489	0
16.817856	0	0.122421845026717	0
16.8190155	0.0594160526802669	0.103807142202141	0
16.8211085	0	0	0
16.8678615	0	0	0
16.917159	0	0	0
16.921415	0.00489906003685552	0.0080944947303361	0.00171947673926652
16.9383095	4.14254926181875	8.60237496704335	0
16.955198	0	0.00350453996626639	0
16.955213	0.000976564989630079	0.00534213344259115	0
16.9569085	0	1.64147380367569	0
16.9676485	3413.60638652077	60391.1435479725	0
16.976702	0	0.00470868228060194	0
16.988267	1.52853260995246	12.5346428990008	0
17.0020855	0.0325864640675795	0.736553160771117	0
17.0112895	0	10.5727783436416	0
17.021446	0	0.173447228208258	0
17.038354	0	0	0
17.0534145	2.60600336162937	4.41637049847022	1.28166572205736
17.0585735	2.281071594718	3.90798393168515	1.17090151477603
17.0623785	0	0	0
17.064117	1.18413771531773	2.01981687300429	0.628890510806533
17.0664345	0	0	0
17.0690735	10.9465394409363	18.3338083388602	5.96149792144691
17.0737265	2.77010423058902	4.40318944660684	1.58795900663042
17.076332	0	0	0
17.0995455	0	0	0
17.134246	57.5521290749311	91.3183979819134	26.4753487801936
17.146553	0.476040043071864	0.741034018711658	0.205258973734184
17.1473785	0	0	0
17.147434	0.0247575019211356	0.0383777826548025	0.0108139135489134
17.1474845	0	0	0
17.1497535	0	0	0
17.156278	1.04469862952444	1.59449101584206	0.399293973073298
17.1668645	0	0	0
17.198308	0	0	0
17.2322565	0	0	0
17.2431935	0.490537413430919	0.859129204195272	0.158175986379673
17.2453305	0.0247291568338573	0.045261559790654	0.00738272028088698
17.245371	0.00933532957767339	0.0171038409943789	0.00278302822600627
17.2570575	0	0	0
17.269932	0	0.122880009722751	0
17.2734455	0.627547129169507	1.92552874502225	0
17.275776	0	4.04628029965065	0
17.2758555	0	0.0105133969112917	0
17.2891015	14.2477775819595	69.8087304771618	0
17.3069785	155.723513553717	1254.61353738176	0
17.3117695	0	0.00470261328186733	0
17.3149395	0.0763661001478214	0.364302947491399	0
17.318025	0	0.0136487875575164	0
17.3257035	5353.19758635785	23412.908170774	0
17.3333905	0.00470407961953683	0.0199303740989807	0
17.3381195	4149.18514162487	17799.3073771829	0
17.342839	2.83130124483228	12.2666645232116	0
17.3428585	0.00749943552502095	0.0324992398362631	0
17.3523525	0	1.65606792111628	0
17.531766	0	0	0
17.757371	2.69265371144813	4.98461732866136	0.823889551316976
17.825511	0	1.20215310907619	0
17.889314	0	8.14668014292608	0
17.940667	0.000242395296027144	0.00140379499730475	0
17.9406955	0	0.00339571591613722	0
17.940726	0.00554944026722193	0.0322174554008157	0
17.94198	0.0198665544193233	0.121789352796017	0
17.943305	0	0.0230526618000073	0
17.946805	0	0.730102534054594	0
17.954559	0.179285946511566	1.37717969101099	0
17.9683405	0.215328068260935	1.5347932090695	0
18.0383415	0	3.4761712323729	0
18.107303	0.466766900438219	2.27720499978873	0
18.1196105	0.0884149594949271	0.438218913744171	0
18.1251265	0	0.11734294424573	0
18.1531075	0	27237.9671368487	0
18.18409	0	229.006667626774	0
18.1888405	0	0.00692261411553865	0
18.188991	0	4.18841514683467	0
18.260794	0	0	0
18.3327355	0.0314567084018852	0.0604047715643793	0.00476411220783841
18.3334435	0.103162445822228	0.197642057142937	0.0157631993820183
18.4083415	11400.3756878823	18898.3243285906	5388.28734320196
18.4865375	1.0830332147876	2.14732638109069	0
18.4904015	0.00372068660343617	0.00768035286137826	0
18.496294	3.03122964175109	6.56852970578823	0
18.502194	0	0.00318027174574018	0
18.5082055	2.18861649387978	5.21212507447984	0
18.5142255	0	0.00520681106163051	0
18.546369	4.25686322901566	11.0421064395439	0
18.578626	0	0.00728662801471288	0
18.578947	0.884345124482928	2.08240144950915	0
18.579144	0	0.024207136422594	0
18.5791825	0.0193702415458412	0.0455969850952826	0
18.62043	0	0	0
18.6689855	7.47063410629467	12.7507606612682	2.98651690596397
18.6763295	0.00191657249852329	0.00320166076896518	0.000672125805547371
18.684313	30.9401784084136	52.4384247046691	5.64005703484152
18.73333	7912.07932137187	20625.9237001543	0
18.774385	0	0.0303892775128858	0
18.7744005	0	0.000752349539210818	0
18.774408	0.000357553582490077	0.00105627343467259	0
18.774492	0	0.0412462123489989	0
18.77673	0.965980736970275	2.81720205055584	0
18.778891	0	0.00190582955000981	0
18.7796535	0	8.54348529381407	0
18.7881445	15297.7716673201	39534.9488592081	0
18.795886	3.29356046960591	7.96064232910377	0
18.7967665	0	184.251377249196	0
18.803002	0	11023.7560944418	0
18.808452	0.201804981602807	0.467639286820061	0
18.817387	7.52745830046622	19.1823696614092	0
18.828256	0	1.46915554496345	0
18.8345185	0	28807.1518504566	0
18.865292	0	3.18818999783056	0
18.8918375	0.00495131812898271	0.0129976719352441	0
18.8969025	0	0.269726573841481	0
18.9079415	0.937228613365798	4.69362140055823	0
18.9170755	0	3.80013475498412	0
18.921157	0	2.55682534536545	0
18.923273	0	0.538752722487208	0
18.9244585	0.00209000166679284	0.00623637672367491	0
18.9244755	0	0.061664131253577	0
18.9257095	2.4101354634038	6.51081678765981	0
18.929444	0	0	0
18.9331245	0	0	0
18.9359805	1.63126800722165	3.05484527039526	0.591138133103922
18.9387105	0	0	0
18.9397625	0.0245897263752781	0.0440211313829566	0.0108398840442089
18.9398915	0	0	0
18.9442135	212.833372175599	366.998695546079	102.514942938055
18.9485135	0	0	0
18.9497825	2.60169831043972	4.31972015968475	1.3284930045749
18.9533805	0	0	0
18.9558115	0	0	0
18.957533	0	0	0
18.959778	1.94781325009353	2.98295803717668	1.04511581784907
18.9603245	0	0	0
18.960464	0	0	0
18.966782	0	0	0
18.9732245	15.2733288164552	23.59201554138	7.12922424301102
18.9735135	0	0	0
18.973635	0	0	0
18.974821	0	0	0
18.9771	0.306403447657978	0.483338795276004	0.134123944570916
18.9782775	0	0	0
18.978355	0	0	0
18.979689	0	0	0
18.980969	0	0	0
18.981062	0	0	0
18.982229	0	0	0
18.983455	0	0	0
18.9857535	0.385123971127987	0.657866102028998	0.127306121529996
18.9960505	0	0	0
19.0043605	0	0.0123490397470159	0
19.004556	18.4863288137701	45.8551866093811	0
19.005856	0.07490416708046	0.18890733014978	0
19.00714	0	0.0018456640734214	0
19.007165	0	0.00206684313851514	0
19.0098745	0.236020084429576	0.643097640284241	0
19.013475	0	1.31759684247578	0
19.030557	0	22.3878416772081	0
19.066455	0.486178430278331	47.6088825450844	0
19.0874495	0	2.16724191973783	0
19.0888195	0	338.671823183777	0
19.0901975	0.142365865057708	0.867984132300464	0
19.091474	0	0.0102318024102596	0
19.091484	0	5.01499266230697	0
19.1102975	3.21571155415667	9.0693260392651	0
19.158631	9.09536164162872	17.4906762818187	1.32248708410134
19.2049155	2.47926653984377	4.07863516507409	1.06077923702892
19.2258035	0	0	0
19.273375	5.85339979026057	9.99176312937642	2.26794741768019
19.3212855	0	0	0
19.3257765	0.00559847631627028	0.011131752982616	5.65278815625218e-05
19.37891	1.81287587209802	5.07803841844891	0
19.438079	0	0.688987384146618	0
19.4494225	0	2.30375634617148	0
19.476364	0.669363557102106	11.4296533034036	0
19.500375	0.0314297188156739	1.25797519081197	0
19.5144305	0.0446424566727462	1.20887626663582	0
19.5360195	0	2.26441597107651	0
19.560984	0	3.61405750926937	0
19.576308	0	0.0534664931869219	0
19.580846	48.0936009301782	326.267918159941	0
19.5852115	0	22.6528121088442	0
19.585302	0	0.00132528901654531	0
19.5945425	0.628698689253988	3.90142150806588	0
19.617662	0	3.42805036258367	0
19.658178	0	3.75641905273421	0
19.6848575	0.00333931530199011	0.0767239019242909	0
19.7184245	0.362531548669136	4.21336698869825	0
