phys	rec.rate	upper	lower
0.476858	0	0	0
0.551738	0	0	0
0.570196	0	0	0
0.61752	0	0	0
0.713753	0	0	0
0.79591	0	0	0
0.8565935	0	0	0
0.916188	0	0	0
1.065414	0	0	0
1.192716	0	0	0
1.557705	0	0	0
2.042597	0	92.8500590859559	0
2.173963	0	0.323411276331396	0
2.219345	825.560989830732	2562.02187298145	0
2.3783355	0	9.64917488236573	0
2.650748	223.67659446585	498.238900519503	72.0749902251691
2.887239	0	14.0689532342133	0
3.0798255	170.969458334244	577.598881038763	0
3.2089895	3.25279502292557	8.88050019556402	0
3.2728685	2.73796319520977	11.308028752885	0
3.346661	0	175.557460038769	0
3.393489	0	7.19773978638745	0
3.4258735	0	3.53014908952239	0
3.4727475	0	0.344648009210081	0
3.5403505	0	0.516732930648196	0
3.756741	0	0	0
3.956803	0	0	0
4.203374	0	0	0
4.641903	0	0	0
5.289763	0	0	0
5.749298	0	0	0
6.4839325	0	0	0
7.2088785	0	0.678618995527663	0
7.429347	0	0.0276890670586872	0
7.8079315	0	0	0
8.112194	0	0.301743028206183	0
8.9458775	0	1.35802171353016	0
9.8236275	0	0.604794087364808	0
14.463684	0.443380300146366	80.0574768403619	0
22.010749	0	1.68928960860852	0
25.209835	0	11.27179682607	0
25.509321	0	0	0
25.710767	0	0	0
25.994476	0	0	0
26.2637625	0	0.0531057698650558	0
27.050347	0	0	0
27.8842775	0	0.0145510144348367	0
28.3395825	1.65823182205195	6.47756757892416	0
29.4410565	0	0.0504676922713029	0
30.908067	0.668736904045231	1.00949052301268	0
32.5712595	7.93892166157186	17.472162920548	0
34.0220935	0	0	0
34.7137915	0	0.339652378267044	0
35.2981295	55.5835863935104	135.919026615644	16.2146314352795
35.783003	0	0.0481362180716061	0
36.3980115	0	0.752139002680636	0
37.399631	0	0.0338981575830731	0
37.8829495	0	0.159458701474461	0
38.2045545	0	0	0
38.5885285	0	7.6328022236995	0
38.7311965	0	0.200680667200731	0
39.7885365	144.277276380453	188.955420197094	114.71703677422
40.932577	0	0	0
41.107293	0	0	0
41.184428	0	0	0
41.4558155	0	0	0
41.9436065	0	0	0
42.1887275	0	0	0
42.2891285	0	0	0
42.3986545	0	0	0
42.505542	0	0	0
42.5837065	0	0	0
42.713609	0	0	0
42.8477245	0	0	0
42.930046	0	0	0
43.193648	448.168207764514	604.196589746713	312.710133397911
43.440837	0	0	0
43.54388	0	0	0
43.659485	0	0	0
44.1552775	0	0	0
44.741526	0	0	0
44.935436	0	0	0
44.9762955	0	0	0
45.567523	0	0	0
46.188883	0	11.3169459572576	0
