phys	rec.rate	upper	lower
0.0287505	0.04855056687809	4.1197331496558	0
0.113033	5.70521935812412	21.8726549417123	0.641498715789186
0.184249	0	0	0
0.189041	0.00921209767634359	0.0188678214839361	0.00613379930699677
0.1917025	0.400132777738571	0.803291764324178	0.268076761977341
0.193131	0	0	0
0.193131	0	0	0
0.1931325	0	0	0
0.193134	0	0	0
0.193134	0	0	0
0.2044615	0	0	0
0.2416475	0	0	0
0.2816555	0.0137905261727616	0.0174944615327329	0.0106150645272122
0.3115895	0	0	0
0.3311895	0.00657761381658398	0.0083860452018289	0.00501668510128091
0.3352675	0	0	0
0.336369	0	0	0
0.337208	0	0	0
0.3599395	0	0	0
0.386319	0.00511356656153471	0.00667595518526855	0.00348532743653045
0.3919655	0	0	0
0.4087965	0	0	0
0.433268	0	0	0
0.45266	0	0	0
0.4624145	3.42755833598083e-06	4.61683863335252e-06	2.3328837205279e-06
0.462416	0	0	0
0.462416	0	0	0
0.5018585	0.397467343336784	0.513234126801742	0.286190382542777
0.5443195	0	0	0
0.567524	0.0269263775403807	0.0362415144165979	0.0200424086130599
0.5880245	0.000471631227952715	0.000628606240823771	0.000351897635718795
0.5883405	0	0	0
0.593779	0	0	0
0.604025	0	0	0
0.608834	0	0	0
0.616446	11.6727056717664	15.0754991111504	8.88270083306413
0.6320685	36.5926031966372	46.3997434425261	27.4604260968452
0.657252	70.6279940218571	86.9864703534104	53.8782298844568
0.6802275	23611.3833812166	29202.0017993096	18196.2921753466
0.6865325	0	0	0
0.687035	0	0	0
0.687035	0	0	0
0.701407	0	0	0
0.716203	1920.24288201235	2343.74325835288	1441.16101612224
0.7321965	0	0	0
0.747766	0	0	0
0.747766	0	0	0
0.7481675	0.229369121672748	0.267325754294068	0.188755874912993
0.7488855	0.162824056613165	0.189570713694503	0.134482627711687
0.7498815	1.45536960772851	1.69193808319031	1.20607871337517
0.7539715	108.960859879762	125.234440139971	91.8765130484718
0.759508	21.9894595968407	24.9553383848723	18.9271129925568
0.797342	16.2618914580728	17.8584703234297	14.7129620106075
0.83388	2.64744779116655	2.89007077685873	2.36728530120842
0.835567	5.00872377127934	5.46524782648808	4.4820913039461
0.8364255	0.00118344228562252	0.00129074756382989	0.00105957305577512
0.836955	0.641754626779028	0.699676273349676	0.574775186012963
0.840982	0	0	0
0.8758665	6.19510525187891	6.75648572779463	5.63178452583223
0.9103545	Inf	Inf	Inf
0.920209	2.15047571541349	2.3641012258407	1.92128531363829
0.9303285	13.9747678716435	15.3935979516957	12.3756440079418
0.935403	1.05740450506823	1.16839065535172	0.938122894721867
0.93777	26.0936975355572	28.8646247354187	23.1412555617698
0.938962	0	0	0
0.942678	0	0	0
0.9632795	3.41039370569758	3.74654472168504	3.02933976499685
0.99539	32.3622389184205	35.4663760055209	29.0335307243386
1.010083	0	0	0
1.010083	NA	NA	NA
1.0139845	5.98921862431877	6.57410933542159	5.42975381691256
1.022677	6.88658895750066	7.6023201459037	6.23904324116146
1.038536	7.18468228599329	7.97245000767247	6.50363905418647
1.054021	8.17786079831203	9.08349740039668	7.28925172926149
1.059746	27.5440413235384	30.6452972509896	24.3574729324127
1.0610555	0.00110049453606346	0.00122433547234628	0.00097247991977663
1.06241	33.5232243610613	37.2798279018754	29.6115599405241
1.0702485	4.28552996967953	4.75326389705043	3.76068791568182
1.0952715	Inf	Inf	Inf
1.13615	508.464243065773	585.531389815533	432.399479903363
1.158491	0	0	0
1.1599325	19.1195886998867	22.2557516347869	16.328899662056
1.161374	0	0	0
1.161374	0	0	0
1.1636595	0	0	0
1.165945	NA	NA	NA
1.165945	0	0	0
1.175162	1.95099003945299	2.28388307347027	1.66557177587666
1.1938445	103.490571036669	120.102608072152	90.0529672547113
1.219578	173.844883133315	200.165689526795	151.414423550847
1.2464705	65293.2917761669	74472.1653406144	56483.1514664378
1.3078665	859.397392416836	964.026956876988	752.002791247952
1.3586395	0.0035833681829925	0.00411485477357361	0.00304179664054392
1.3689945	2.69158280962359	3.14840482313594	2.26958086790514
1.392821	32.8654767144515	40.2681069318209	26.9720184792409
1.411905	5.76859828688465	7.20298562492986	4.50395738476075
1.4194955	3.90459565848615	4.94700547750707	2.94655140307658
1.4233985	7.29655379164787	9.33132667188807	5.45599475694471
1.4306945	49.9765184255335	64.5321213150135	35.8408580927278
1.4360685	0.0165782076382383	0.0213423970327456	0.0117889250329151
1.443749	13.2316133534261	17.1243556946912	9.09179700478666
1.4535985	0.619001393734453	0.811449074510335	0.401145066063437
1.4621045	1.9468580093982	2.60753072396661	1.17243091511952
1.4775565	Inf	Inf	Inf
1.492339	Inf	Inf	Inf
1.5046725	4.60706755311655	8.80383333927513	1.59913374392713
1.5169765	2.85105603531225	6.37610463162138	0.601319088023124
1.5312155	1.79861151845271	4.45874030990108	0.166557775763501
1.5416945	1.00037478200304	2.65678639165238	0
1.5478305	7.9490870418515	21.5585988637557	0
1.5608265	15923.1012176033	41765.6178772776	0
1.569563	0	0	0
1.569563	0	0	0
1.578742	1.64218505491524	3.9372105194688	0
1.5924015	0.772395943077385	1.69672246213494	0.0441863218720769
1.6012505	NA	Inf	Inf
1.608752	9.8422232379007	19.9136439425091	1.51222074547222
1.628026	36.7967724810299	67.3987241449673	10.1295214631998
1.6514535	Inf	Inf	Inf
1.6589905	0	0	0
1.6592425	0.0039343994627294	0.00644022336459142	0.00190780963023894
1.693405	0	0	0
1.7275675	0.000775185071206236	0.00101790246115945	0.000506653684429675
1.741217	8.18327022826664	10.5395068656239	4.43577627693147
1.7630675	2.61492747063624	3.78252185583151	0.865842741426135
1.7712715	0.000704287703502979	0.00107429397335258	0.000171748151948294
1.792039	1.85618809744002	3.22825373047858	0.0840903351283868
1.812805	0	0	0
1.8231575	4.01343516897361	8.0468686179136	0
1.839168	1.63853552711861	3.31396808597833	0
1.8473125	1.73346927588543	3.50359724534234	0
1.8498005	0.00297532589982572	0.00595894282752187	0
1.8599425	21.5332018141892	41.3619023666938	0
1.8707405	0.531817190168586	0.96299237906884	0.047552620308868
1.881917	33783.712607543	57496.3108675876	8010.2064841913
1.896046	2.63294024712089	4.15626143112489	1.11657745865912
1.901313	4.5549790827051	7.00750737697611	2.22626915190742
1.90595	2.97214456630764	4.45025023120919	1.63164772409593
1.9122305	2.47138204302234	3.58035654624971	1.46883999184581
1.91764	2.71137482518275	3.79544542013815	1.78728456413196
1.926231	7.8058335767558	10.5771970377396	5.55861240385386
1.9405765	12.915786652331	16.6338922063711	9.87833632775028
1.948722	0.325523342861221	0.408669838289156	0.251785581003084
1.9591045	57.5807033411129	70.4503115042682	46.108356047262
1.969205	0	0	0
1.969205	0	0	0
1.994316	33.9693057370582	39.8735689199749	27.1836689443355
2.0212175	5.1820734528211	6.06465663938472	4.06213045795171
2.0230095	0.00445227659171468	0.00521166319774987	0.00348387988896821
2.036157	53.7836786793324	62.8063845328341	41.3964555001061
2.049746	0.343983474398676	0.405230562997974	0.265271746636032
2.069628	31.3534972734857	37.0292071949969	24.1467950628452
2.103609	576.936343072527	705.389429563347	435.765582841274
2.131025	69888.4901239055	87850.4494211448	50358.2079530399
2.143899	0	0	0
2.143899	NA	NA	NA
2.1439005	0.000117784410497607	0.000154750168838273	7.82606237503575e-05
2.143902	0	0	0
2.143902	0	0	0
2.1479285	1.35930212654209	1.83028383913872	0.876575543371878
2.169396	9.85857571660897	14.4596037653769	5.64856384948142
2.215885	0	0	0
2.2477455	0.516628201197091	0.808489844350772	0.268049219323254
2.251044	0	0	0
2.252905	3.09466864203544	4.7277633275833	1.63917520021127
2.2542815	5.65900569083107	8.60340212287974	3.03210857280823
2.2639805	5.88900026956464	8.5072974091952	3.36206108325363
2.2745945	0.554355032108849	0.7747814186572	0.327876505584693
2.286347	22.4822168318972	30.1779274397818	13.8523225962729
2.2971835	0.00088051664588104	0.00114487957960462	0.000563290514934282
2.298543	3.39718455899431	4.39940347547591	2.198592176135
2.3214245	23.6054139361901	29.0350569333289	15.7354369424829
2.347817	6.44280971668282	7.73960836220715	4.50651490414964
2.381296	1059.66400304075	1229.970025707	766.473623119549
2.4115825	0	0	0
2.423779	11.2982179058497	13.7464617214363	8.31118723505722
2.441726	2.34732959683335	3.00317510616169	1.63676144768768
2.455937	Inf	Inf	Inf
2.4649695	Inf	Inf	Inf
2.4688865	0	0	0
2.470554	0	0	0
2.470554	0	0	0
2.472731	6.42330948033301	10.0277157048664	3.54967366333438
2.4770055	6914.39676719646	11201.9473828113	3480.23421260022
2.487937	2.8239714480071	4.94383128012604	1.07648420975029
2.4967725	0.012493286218067	0.0235472743196295	0.00351806709031818
2.497695	0.172662692344825	0.326640667663035	0.047126393824355
2.5131225	3.0630603237614	6.05499393559318	0.475290135822196
2.528252	0.130369725661751	0.270055504950713	0.0152763682641321
2.528875	NA	NA	NA
2.542444	23309.389323899	46855.0212541499	4747.92757780728
2.556013	NA	NA	NA
2.596608	28.9054983533241	47.5488102160982	11.3608958322003
2.6489365	2.4838552786942	3.59343250359442	1.28489969299582
2.6897905	4.54700188933947	6.17158978250453	2.6856214919741
2.7189125	0.00270576949903025	0.00383602487319652	0.00169137812472786
2.725831	73.722819858547	104.589103379555	46.4686777593901
2.732777	0.111324413097442	0.157563457808557	0.0711326026294691
2.7582285	92272.5862689619	130282.702398365	59764.9123576323
2.8035065	10.6941980683008	14.7024780517637	6.92960155294451
2.8274935	21.6795965959106	28.9114798355994	14.2888289342295
2.841197	0	0	0
2.8642855	0	0	0
2.8964315	0.708444111889224	1.11739802479352	0.270910049098328
2.915061	0	0	0
2.9150625	0.000168212917408418	0.000300894756395307	3.5649672775634e-05
2.915064	0	0	0
2.915064	0	0	0
2.9325825	0.619417256997722	1.24573198995058	0.0412443444493995
2.9586715	1.39504450006008	3.097990539331	0
2.9672435	0.000338578488740531	0.000746036000157783	0
2.9686495	0.260687197079416	0.572191765244598	0
2.9700555	0.00150888597695202	0.00329259599993335	0
2.98099	NA	Inf	Inf
2.9921675	0.213270054499088	0.406294190608105	0.0323925375124878
3.0143185	26.0885240068956	41.8117950727007	11.8741669814477
3.038698	0.946960823237592	1.33194437798347	0.534720665459987
3.044901	9110.63106880607	12579.0564674149	5179.08798740125
3.059371	50.3740958210801	67.9925316772705	30.8794029801468
3.0730065	0.981343666410462	1.3219490942473	0.618071775586872
3.076621	5.84774317515427	7.83950558116822	3.69072369440568
3.088162	Inf	Inf	Inf
3.1002905	0.563351146475704	0.739132701574631	0.372181315784688
3.1015985	Inf	Inf	Inf
3.1019355	0.0377752059820594	0.0496831046267802	0.0250934488500488
3.1022725	0	0	0
3.123897	5.15956369226909	6.67486282435343	3.70825008193047
3.1490385	5.93501089073312	7.44236647508137	4.44904588735162
3.154845	0.182439967559418	0.225705765540045	0.138486580558444
3.1581375	0.163846361789052	0.202808470876874	0.124501680218034
3.1838145	113355.1839075	138432.841392906	88471.3524575615
3.2122105	3.89822954975724	4.77759271130958	2.99895755118186
3.245299	7973.06476334434	9550.05642289265	6361.93128566413
3.2812395	2.25518253533136	2.68532773298654	1.83668976891074
3.30381	6.218369924243	7.31446987768243	5.10654255278494
3.324358	4.69338224519394	5.53482566836056	3.88947859067521
3.343423	11.0740446541973	12.9416459886545	9.34129339873061
3.36029	1.34709631777959	1.56111966750068	1.13114384275316
3.3633675	5158.32018078373	5983.97770776223	4331.91925878472
3.367416	Inf	Inf	Inf
3.3823245	7.21632539767628	8.30343829292331	5.95998068599984
3.415179	26.8027663868552	30.9713043745939	21.7511223391091
3.457411	137923.899700128	160209.126365989	109523.470450839
3.4822115	24.5194595785686	28.6711695974607	19.5419162898665
3.509583	120621.383537509	144568.446113311	92626.6679576094
3.535268	1.25929910520818	1.60281111664409	0.901743416326863
3.5501135	291.965563783917	394.12715603002	211.519881441936
3.565902	0.685860061491039	1.00482855381574	0.468790071601599
3.571932	5.43334537118046	8.26647206619106	3.66031822986663
3.5748665	0.00179220808069733	0.00276288077723404	0.00120950571068327
3.5789885	1.64845215819163	2.58144450657732	1.07436192082952
3.5954585	16.3093487055104	26.7999280424283	9.41024338737492
3.6268935	96.7553707165682	154.294097373974	56.2788986424648
3.6467135	0	0	0
3.647891	0	0	0
3.658412	0	0	0
3.6684915	5.09891508938958e-05	6.59036927647154e-05	3.76375034637052e-05
3.6700645	5024.13771244279	6448.4606974635	3718.33805711238
3.671636	0	0	0
3.672133	1.4768507036725	1.88069090449984	1.10704488266549
3.6735475	3024.10698555509	3833.29306083667	2276.6211437379
3.7063595	3.38319653625542	4.06091882308972	2.537822431958
3.738314	0	0	0
3.7400635	0	0	0
3.7558825	27.8009458750713	32.7251893971545	21.3206566719017
3.772354	7.12511463503613	8.25102023557248	5.56755455590483
3.7781945	24.1687855878221	27.8126041590993	19.2576261113243
3.795237	1.59682581753618	1.83334392976148	1.32134839718503
3.817206	8.39007724358241	9.62057331069005	7.11448234146661
3.8556025	11.0385471675749	12.9613496870038	9.32537956285791
3.9048165	20.626867755784	25.3053428413008	16.5389032974519
3.942111	5.01196693361038	6.29189819153898	3.99667610679828
3.961846	2.55411312241836	3.25847220000411	2.03681927537644
3.963529	0	0	0
3.9771985	13.2845972113109	17.2321207209841	10.6406140681988
4.008137	3.8838956936133	5.15422424246528	2.96604000887178
4.040361	1.44935972290124	1.9889561694051	0.979407877528851
4.071582	1.30253234918993	1.88807708631498	0.712307215698938
4.1079385	7.58993874780773	11.8579131546765	2.81927106138317
4.14136	0.831483136997456	1.37132986764246	0.272754203960239
4.156176	1.07032590343894	1.76555573223335	0.397257068916805
4.1615235	0.486655389431685	0.802693275498155	0.180393941761931
4.1653875	0.000792416263110153	0.00129400854510521	0.000291229652426942
4.1670095	0.913293693959504	1.49398353442418	0.338358907771846
4.1745615	6877.32295889728	11216.4869812549	2814.65378123875
4.187826	3.40479374311573	5.35042375927315	1.62362427577244
4.195159	0	0	0
4.195159	0	0	0
4.200778	10.045832904346	15.107700465034	5.14343978764995
4.2136395	1.65820646378125	2.37775200579549	0.96644017680596
4.2238605	4905.42145012349	6727.53807042511	3003.15453756242
4.242795	28.0244191907471	37.5456225239557	19.0654458922833
4.2609945	Inf	Inf	Inf
4.2720705	19.7878156477521	25.5924233992592	14.6544523804815
4.280903	0	0	0
4.280903	0	0	0
4.2851565	0.31198029275551	0.399206122077391	0.238281148455578
4.3092965	1188.31782395683	1471.92486651171	927.625961248617
4.34878	45.4361433176682	55.7811041367799	35.3258808720949
4.376645	2.39264499226588	2.91475344471578	1.848167568785
4.4081495	41.7678465609945	50.8447070363135	32.2398372141258
4.4313875	0.00182908449039736	0.0022415500199071	0.00142374630402602
4.463045	9.98528726447807	12.3041434242065	7.89652247221372
4.500745	3.03230459663782	3.74452772278729	2.45404602032935
4.5168495	1.40456535753801	1.72588868530645	1.12290082309743
4.52691	0	0	0
4.5366005	23.7637875557613	28.8730844145187	18.9042191177334
4.546292	Inf	Inf	Inf
4.5465315	0	0	0
4.574664	3.37125899420799	4.11009030930955	2.62704315441835
4.634677	7.42938975092681	9.42625670672861	5.68330262837425
4.6667975	0.00019313636183017	0.000249218538633144	0.000145387769535691
4.666799	0	0	0
4.711247	13.7331717752499	17.6379496408932	10.3603303813662
4.823941	206.396944210073	251.268503285953	165.501118903198
4.8949205	3.36679670183663	4.10438368221863	2.63887062373574
4.9174085	63550.871153878	79561.9741840017	49234.6899656586
4.945607	25.397716261783	32.9548097116352	19.3975331364708
4.9813175	22.1043007869274	29.311366168817	16.7619652089296
5.017184	5.4070202596907	7.37652142691631	4.01632683505031
5.048488	Inf	Inf	Inf
5.0764935	3.61736779668544	4.91962684773059	2.52167245765147
5.0855425	1.89834148576474	2.58834315859396	1.26883420830371
5.0956985	7.47446996117714	10.1146065976924	4.82944361867423
5.104466	0.488271723172391	0.66733855557166	0.308418182695157
5.152784	51.8466303404388	78.9247457261065	21.8478397929156
5.201107	0	0	0
5.209859	0	0	0
5.230267	0.223122258366686	0.415344433861036	0.0312189548116498
5.2442885	0.000143059636465034	0.000257248868076074	1.87247043277068e-05
5.253309	0.903522877917302	1.55439226122446	0.174121188788902
5.273537	2.97473523073461	4.54741681326823	1.13804932225718
5.2866725	0.198684914346253	0.28602875428862	0.0943920335444914
5.2893	1141.41019282804	1631.15868160668	559.163623369764
5.29878	0	0	0
5.3132075	Inf	Inf	Inf
5.3283905	Inf	Inf	Inf
5.347288	0.26747319285206	0.350137962547548	0.155624038114855
5.359205	1.2721264689354	1.65327051788951	0.749868205969182
5.366831	1.47996106083926	1.93286146115867	0.883558054032756
5.3814265	Inf	Inf	Inf
5.3933695	0.609607600012488	0.830678822528314	0.378226930226444
5.4019825	57.1455827297539	81.5365203023558	34.3045039520329
5.409677	0.106888330477504	0.159500825424875	0.0609915472029788
5.4111795	9.06330315861701e-05	0.00013726413476664	4.99465448607218e-05
5.4261045	14898.8707308114	24699.7478620616	6393.22760131844
5.442506	0	0	0
5.4447045	0.0115565929080069	0.0238225192153511	0.00189639228812196
5.446169	0.0155180604593767	0.0326747759316826	0.00203400981429361
5.446933	0.000199880233824603	0.000425425285525736	2.18892442230691e-05
5.45992	0	0.0884436784930504	0
5.4790575	0.0504645294500735	0.237334064008958	0
5.4879395	0.0134264449510396	0.105978920487204	0
5.4920845	0	0.014443125040385	0
5.5009505	0.000751805592347845	0.093693053976288	0
5.5363055	0	0.607448454048212	0
5.578267	0	0.806615177435441	0
5.616552	0	2.07084435803489	0
5.6621455	0.0747719960044593	0.501809104676536	0
5.68589	0.32308371212704	1.35453113724798	0
5.7074945	1.38580543381197	4.58227583925938	0
5.726907	0.00849548390957083	0.0243879181389644	0
5.7434	7260.12659751206	19757.8756424706	0
5.7616645	0.0652819569844029	0.172462817908218	0
5.7782325	1.35952732971103	3.48844866485807	0
5.8142525	3.52587723106415	8.536685351861	0
5.835681	0	0	0
5.8665575	3.26626822114437	6.43307862031519	0.302937465979005
5.9438685	0.844009287015747	1.2461410533507	0.237693508803737
6.031587	8.79511432430064	14.0297284726037	2.91849505011033
6.0728725	0.00239881838622542	0.0039291846382918	0.000879404668934344
6.0761885	0.423198961570557	0.688355393817081	0.159624989187802
6.081223	0.598124559918455	0.964518480377464	0.226962333507414
6.084344	1.82405286282549	2.9332460709271	0.715007765778644
6.0890365	2.22852016777324	3.56118907966987	0.882225620422249
6.0980585	2.20009891467088	3.44734161286658	0.884387412066164
6.123986	36.4134593997805	53.0109232473609	17.8150781945651
6.159583	13.439560204104	17.6550204552673	8.72778905929363
6.1776005	10.3603659260101	12.972703222258	7.3727334998594
6.1822955	8417.50277356888	10423.1448675851	6226.32878290675
6.1901525	2.43698100529974	2.9697568573985	1.85994912322922
6.2033485	33.1630620926291	40.1089248708914	25.6774167325087
6.2665315	530.078044674952	657.199196889519	410.872087776862
6.3229715	5.39663002863832	6.96086380050501	3.84632236167859
6.330324	1905.88077006032	2505.93828052227	1322.53453414577
6.3380925	0.455595172459168	0.61042235367481	0.30629310212767
6.3543905	11.757809693722	16.6660678987787	7.19908109138812
6.3768405	10.209080426013	15.7057156517682	4.99515431808089
6.387907	1.4400493139448	2.31174653976687	0.598204521542568
6.391732	0	0	0
6.392219	0.0632465727832165	0.103692419121478	0.0241955257473685
6.3930655	0.0524051633622585	0.0862517091701347	0.0197070273553007
6.4267185	25.5316701725693	54.6391691641603	0
6.46608	0.19477182146264	0.900849218619433	0
6.477412	9.05260821448132	65.4341746197992	0
6.5003545	0	2.20935657107125	0
6.616602	0	56.0910553877613	0
6.723463	0.643675110906836	2.1062055039162	0
6.779358	6.383283418444	14.9361799235373	0.622156856514865
6.83105	NA	Inf	Inf
6.837281	0	0	0
6.8438005	0.649292445383909	1.41162534863468	0.103949833192243
6.8481795	4.8761641117305e-05	0.000105607613076283	7.97049004563273e-06
6.857751	1.19034825513226	2.530892008021	0.208607082612871
6.8673225	0.000222458531650221	0.000467433482352264	4.2904497672557e-05
6.882465	66659.7746793309	135903.997427893	14956.1587201108
6.9005495	6.31458042526422	12.4336612326708	1.41832404332207
6.911387	33.7063160558029	66.1251205134213	8.18416745024959
6.934109	80.9070695891823	153.94951942399	24.8458986732095
6.953616	10.9693747237162	19.7279910373079	4.07020841515513
6.9729255	19.2729066187418	34.1087813747072	8.63928190400208
7.002826	5.23010298948327	8.55443462683725	2.70408511974016
7.019511	0.587161103337924	0.973494431802736	0.252241736524923
7.0340545	29.2953204475619	48.1599399904904	6.96359955761811
7.049541	0.808185267911047	1.39691387861291	0.0484531409308883
7.055139	0	0.0827385208677512	0
7.0593695	0.831246417409304	1.4803125463271	0
7.0634815	0.232124811365955	0.42648212908771	0
7.067255	4.41833124112843	8.28324785754357	0
7.069124	0.819946063977823	1.53536311758619	0
7.1130315	129.609553065678	328.360567750748	0
7.164681	0.791655464925567	2.62034994805174	0
7.1736415	0	0.000592860801625771	0
7.1787315	1.52378032578286	5.18921784058039	0
7.211724	14.0700328973363	48.2323376844454	0
7.239628	0	0	0
7.2838705	215.019642483144	668.828903733532	0
7.352595	1.40499202782539	3.47408345759007	0
7.3904515	4.68205016454751	10.8008332242171	0
7.409982	2.63798934536897	5.94078584449869	0
7.426736	1.41847313069094	3.1130649039664	0
7.479594	1.12108631166724	2.64686617314938	0
7.540968	6.29796162894891	15.2560194535795	0
7.5879495	1.52732378809188	3.72278026862704	0
7.622452	0.0551274136014225	0.142315333161349	0
7.656614	0	0.0436461996932859	0
7.695246	7.64602743981615	23.3269983127324	0
7.707911	0.447886133523388	1.47719485394512	0
7.72683	10698.4562693107	43652.3015397613	0
7.756285	0.548689043818385	3.89386333156958	0
7.769616	191.287235854576	2350.52274768062	0
7.77548	0.0467883078822259	0.846340127476662	0
7.7832095	0.0624288377517063	2.92358421864532	0
7.797864	0	3.88709284036686	0
7.810995	0	0.274577927589648	0
7.818225	0	3.05454580947286	0
7.82513	0	0.216290521843743	0
7.8480425	0	2.8296211615005	0
7.87154	0	0.2567101159056	0
7.8737595	0	0.123436169143927	0
7.8784835	0	7.4126404173933	0
7.882829	0	0.00201769517068356	0
7.88886	0	13.1853505540007	0
7.895979	0	1.14593209561315	0
7.9501955	0	0.620668060971518	0
8.003682	0	164.546066744753	0
8.014748	0	1.48512488797321	0
8.02922	0.0856296369131058	0.507874916086051	0
8.0518625	0	0.188732493976859	0
8.073914	0	0.139301918260962	0
8.077091	0	0	0
8.098284	0.00852497848936191	0.320345681969567	0
8.134731	1.31309002365921	5.03350788862782	0
8.160726	0.436165622011615	1.22365196652768	0
8.178082	0.243804866994142	0.626605353969946	0.0618948781549635
8.203963	35.4340253160133	82.7320714054231	13.6572915904214
8.224585	0	0	0
8.2473805	0	0	0
8.2723805	0.0914474066153017	0.19244989743052	0.0394688312262664
8.2861705	0.488332690758013	1.02222022329514	0.211211575233197
8.296479	0.0201273720480094	0.0413629482852183	0.00873018720971419
8.297993	2.12847878623792	4.34880647846881	0.92267894228186
8.299786	0.143314998946882	0.292774006791998	0.0624576182213012
8.3249605	76.2835397240682	152.36543827193	34.5376607175956
8.3971865	37.0834033200729	69.924920672385	19.63455188358
8.451432	18.1040746938229	29.9950356325098	9.9411553427043
8.4732925	1.83042909806136	2.97722221685755	0.568929983921523
8.497443	9.14431031427036	16.6337454725097	0
8.5315985	50.7676008153033	193.882247504314	0
8.5607695	0	2.69338574890212	0
8.5661675	0	0.577271133555925	0
8.5840215	0	40.7743336833446	0
8.6139885	0	0.637979715088684	0
8.6313915	0	27.9646729881447	0
8.640796	0	1.24215797334787	0
8.6479595	0	1.17213018780567	0
8.6507805	0	0.134647435713375	0
8.6746925	0	17.8875563933535	0
8.712324	0.418730507702964	1.8308480880206	0
8.7531245	2.70374073555072	5.04269709592701	0
8.840094	21.2460444736767	29.6761844388879	11.6022614499193
8.9321625	27.5975171860219	38.8187952108512	19.0154771306516
8.9633155	0.000504113713549647	0.000743848146689349	0.000339749368433646
8.9755445	60.2095450068444	90.102985839484	40.0454944953227
8.9916675	1.25525867500595	1.95696151855256	0.823046153814307
8.9989675	6.68286170939559	10.6115449264688	4.34839078805773
9.002378	0	0	0
9.0046725	0.04873359205484	0.0774206137545573	0.0316007833767835
9.0160515	0	0	0
9.0251435	3.28038999253662e-05	5.32168808348665e-05	2.08434140345591e-05
9.025145	0	0	0
9.0450125	0.224621006736212	0.362516297662774	0.141021293673457
9.07873	0	0	0
9.09316	1.78690611877211	2.86077836734045	1.16268433884477
9.09374	0	0	0
9.09374	0	0	0
9.0938725	0.0122133508574852	0.0194377533085939	0.00796851405010052
9.0942665	0.166077718157287	0.263762186151396	0.108555173200395
9.095013	0.0860953976256345	0.136565789886064	0.056477763017111
9.0955415	0.00738342587600915	0.0117196521028506	0.00482915833424265
9.0955865	0.0015375021997713	0.0024400144469686	0.00100532338180373
9.099354	0.837095904706393	1.32147232891086	0.552280446251963
9.10667	0.91260454112069	1.42508538948207	0.581101267455368
9.1181795	5.21370976907798	8.12768727464715	2.47899221598862
9.157176	2.65625982121948	10.6110207315905	0
9.190775	0	1.21540794835796	0
9.2119045	0	7.98378922434121	0
9.233952	0	0.0217927516105699	0
9.267557	0	0	0
9.297682	0	0	0
9.297682	0	0	0
9.2986155	0	0	0
9.2999995	0	0	0
9.361713	0	0	0
9.426565	0	0.316567114451967	0
9.432938	0	0.336672723978194	0
9.436189	0	36.5615622372788	0
9.440259	0	0.837751246503484	0
9.458309	0	1.6806031210408	0
9.494619	10082.3691660614	39815.0995695345	0
9.5235105	NA	Inf	0
9.5331905	0.182536660429739	0.543341014573571	0
9.5358435	0	8.36202583074967e-06	0
9.545707	0.235236884037138	0.676575862154612	0
9.575428	64.069829394976	173.205404768635	0
9.5979415	NA	Inf	Inf
9.60518	72.8661449710061	182.758808942071	5.203521759215
9.612574	23.0920987546386	55.7883175000575	2.50627329041043
9.6360135	95.6487783479225	209.180493545728	19.1955122845429
9.6566445	0.0796329119917463	0.159652728923127	0.0139066845986789
9.669029	19092.4134475542	36381.2949556693	1573.91145657827
9.6821675	0.113519866678391	0.208912111924871	0
9.687631	0.344482748347801	0.623647079157673	0
9.6929325	0.518351220057989	0.955451487119351	0
9.699578	0.706175594043733	1.32364869701402	0
9.7056315	0.000898170149350758	0.00175467006911533	0
9.7109705	0.351455295943605	0.716185714883339	0
9.7163235	0.0310591687853725	0.0669489785854036	0
9.7181215	7.2305217296576	15.8702160663402	0
9.7232125	0.0917549926612706	0.215230506662622	0
9.7476045	6.17991749853764	22.2334193577964	0
9.7686895	0.000266048808479321	0.00190205520956735	0
9.779117	5.42572851155481	73.0213229946737	0
9.789559	7.16453530031869e-05	0.0137017119010561	0
9.790843	0	0.0467428324695863	0
9.8161075	1.11044409895177	25.0534633065138	0
9.85742	0	23.4167655876872	0
9.879292	0	0.517341387647126	0
9.8838495	0	0.000275459204584266	0
9.895642	0	7208.93719857466	0
9.9234475	0	0	0
9.939462	0	0	0
9.9492835	0.352912397153925	0.728988384421492	0.122769802578352
9.9619035	0	0	0
9.970589	0	0	0
9.9952205	0	0	0
10.0233135	0	0	0
10.034782	0	0	0
10.0429065	0	0	0
10.067644	0	0	0
10.0905685	0	0	0
10.110296	0	0.0465312214256168	0
10.1355845	0	5509.83908912619	0
10.170875	0	2.55403934777838	0
10.2145795	0.0398501937843273	0.228496459502554	0
10.2333095	0.0597085274972027	0.242117140088009	0
10.2443705	0	0.149217788335702	0
10.2548695	NA	Inf	0
10.2605125	0	0.0200620710396556	0
10.313682	0.61513912917016	1.71216487676226	0
10.369223	0	0.0677990434105249	0
10.456579	0.849387473099111	6.00870879647484	0
10.549419	0	2354.99758419525	0
10.57595	0	0	0
10.6016395	0	0	0
10.616374	0	0	0
10.6194155	0	0	0
10.645361	0	48.4338425044816	0
10.683692	0	0.201991243486504	0
10.700902	0	533.851185537208	0
10.730786	0.698396486478307	1.44871799907128	0
10.783536	0	4.62237337199771	0
10.817511	1.41029419230691	3.67439017337239	0
10.8296735	0.393896230682379	1.09879102737856	0
10.8553315	1.30601812970788	4.2010146710409	0
10.891805	0	2.21069551275957	0
11.153278	0	57.7053427136514	0
11.404734	0.19551008996624	0.279557925542041	0.0902377055547615
11.4125505	0	0	0
11.433029	0	0	0
11.453504	0	0	0
11.4571955	0	0	0
11.469597	0	0	0
11.502321	1.49254657717415	1.90072629560627	0.962088429208298
11.5373955	0	0	0
11.58157	0	0	0
11.615186	0.104700471995353	0.129128411094472	0.0794823915732902
11.62061	0	0	0
11.625077	0	0	0
11.6278715	0	0	0
11.6305855	0	0	0
11.6331275	0	0	0
11.642585	0	0	0
11.6535355	0.111093200421686	0.145502889785505	0.0762720864694876
11.6584365	0.973589488949137	1.27142665620424	0.664607442156268
11.660866	0	0	0
11.660866	0	0	0
11.6740515	0	0	0
11.7015355	0.0810166846606149	0.103506628842539	0.0588461271732847
11.7270165	5.92283142092571	7.3733369337755	4.5117012751949
11.739243	0	0	0
11.7418615	0.241799248338034	0.29932119290794	0.188082424228657
11.7638925	0	0	0
11.7871845	0.0633508250349097	0.0804867749981279	0.049446230057273
11.791916	1.91229046685891	2.4249273806629	1.48985291280088
11.805075	29.5969596981595	37.4737179943653	21.9394044901139
11.835971	5.24679642819289	6.67832224804663	3.59473550830769
11.858472	6.06826456032188	7.92991476723763	3.88891966590555
11.872456	28.9729147640227	38.1887424865756	18.1514483704371
11.887145	1.27512377787536	1.69359310890713	0.798689220225906
11.896438	0.961390594008839	1.28200657954727	0.603631766130305
11.9257445	5.74840143094479	7.7893507534061	3.6630048804905
11.9565585	0.650627599280333	0.894400005772185	0.412900844280248
11.9882385	23.1631980202479	31.2628662473899	15.105774213124
12.0227645	3.01973304962417	4.20123482753024	1.85009714625234
12.0427015	19.9775428843616	28.8972826699463	11.0396919494683
12.062965	0.702033501101405	1.07786309150197	0.340540601551439
12.0785175	0	0	0
12.088788	0.560709240488544	0.915140400049628	0.22381870725634
12.100097	1.73159843390172	2.93325570292994	0.617072152441221
12.1089005	0.118999061466108	0.208238594763152	0.037798246941375
12.1170015	0.558131649685391	1.01740571965871	0.153069444509954
12.1224915	0.000606235331641062	0.00113312831158492	0.000145474489645848
12.1338865	0	0	0
12.1489155	0	0	0
12.159214	0	0.00185000981321874	0
12.169645	0	0.146511120724993	0
12.1821965	0.135541790988933	0.474252936739496	0
12.2014015	NA	Inf	0
12.2341335	0	0.0927885345963482	0
12.264361	0	0	0
12.274749	0	0	0
12.2783465	0	0	0
12.280618	0	0	0
12.2876545	0	0	0
12.296861	0	0	0
12.3122665	1.340076728562	2.77751357268938	0.463744420874556
12.3301215	0	0	0
12.350455	0	0	0
12.365529	0.0360561824816897	0.0717406582242628	0.0170276421779247
12.368547	0	0	0
12.3767855	0	0	0
12.387817	0.274506487740252	0.58433694550703	0.106836211555915
12.3949355	0	0	0
12.431006	0	3.34982265654353	0
12.468547	0.437828543855489	0.970739323760847	0
12.479512	0.88621030100678	1.6574932326047	0.112486689034523
12.4921165	0	0	0
12.5002395	0.696713662434008	1.09339760829604	0.253508836901132
12.5035745	0	0	0
12.5087145	0.929246773777743	1.40006285657587	0.432041176965824
12.521582	5.78368949534488	8.27129696659594	3.34094096071145
12.542522	0.730135699732238	0.974931294742311	0.490831162809097
12.5724645	0	0	0
12.589329	0	0	0
12.592947	0	0	0
12.600165	0	0	0
12.6046505	0	0	0
12.6055375	0	0	0
12.605539	0	0	0
12.605539	0	0	0
12.6161905	3.2350431099827	3.8538146570088	2.72362542842463
12.641497	0	0	0
12.682401	4.98570068695936	5.85262047735937	4.103967597638
12.7199	0	0	0
12.7396375	0	0	0
12.754688	0	0	0
12.770758	0	0	0
12.780265	0	0	0
12.7852225	Inf	Inf	Inf
12.819357	0	0	0
12.8685925	0.117860652086912	0.264585234597118	0.0141050608965835
12.893102	0	0.0501379673314917	0
12.897553	0	0	0
12.897553	0	0	0
12.907135	0	0.0512844746935847	0
12.924602	0	0.0540720434830936	0
12.9336625	0	0.0734760433138273	0
12.9348395	0	0.000202203309341506	0
12.9373185	0	0.487103723582435	0
12.9397975	0	0.000176718529736169	0
12.942022	0	0.161243720077567	0
12.94454	0	0.00451653741234009	0
12.9673525	0	1.431273435967	0
13.0077515	0	0.232734475901672	0
13.0334785	0	285.031748141484	0
13.058482	NA	Inf	0
13.083547	NA	Inf	0
13.0996425	0	0.185368556348063	0
13.120251	0	0.18612407469329	0
13.136897	0	0.0330589278117103	0
13.144747	0	0.0706922340961598	0
13.148921	0	0.0150343703179399	0
13.16272	0	0.56848865239294	0
13.18373	0	0.295501113913565	0
13.194271	NA	Inf	0
13.225398	0.707566100629179	4.12662293267582	0
13.255231	0.0199093365848787	0.0538292214292368	0
13.2610625	0.0993252596773918	0.242326185758213	0
13.2689535	0.441924228013829	0.972205086501174	0.00957595703791017
13.273379	NA	Inf	Inf
13.291333	1.51633064665897	2.73220968957628	0.432835147823305
13.3149985	0.986280846600776	1.53513317569804	0.454404627702469
13.3464025	34.129625878201	46.6740049131854	20.6905030533216
13.38517	6.33527991590043	8.0136185863801	4.74289838278902
13.4006155	11.7507371926077	14.5596885915562	9.16895776611313
13.4263295	1.30540728153722	1.59962006967947	1.06790146727359
13.462459	0	0	0
13.4808665	0	0	0
13.495592	0.598624471971491	0.735468507500155	0.439021084263323
13.513193	1.86864681743219	2.28457450718574	1.3129586184825
13.532248	0	0	0
13.553777	1.37263851800607	1.69797872869401	0.990705850758822
13.566985	0	0	0
13.5707565	0	0	0
13.574893	0	0	0
13.5784865	0.29482009651611	0.371812828986653	0.223224776366534
13.581699	0.433959695844212	0.547699900682261	0.330299472865952
13.6138995	0	0	0
13.6535795	0.801546709250627	0.992817897701472	0.60491230711644
13.6670545	0.443111558385843	0.550694580788957	0.33109727942314
13.682337	0	0	0
13.70088	0	0	0
13.7109775	0	0	0
13.7236485	0	0	0
13.7465175	0.179314331771798	0.298193642751405	0.0841085401594688
13.7643155	0	0	0
13.769733	0	0	0
13.787222	0	0.0958288954519609	0
13.8085695	0.00299632417845508	0.0149933696140581	0
13.819311	0	0.0165319807264709	0
13.839904	0	5915.0494543938	0
13.8709565	0	0.0395382781025227	0
13.890569	0	0.011244495565277	0
13.892869	0	0.000769362908450643	0
13.9274385	0	0.807195513492794	0
13.9647075	0	0.011710666563436	0
14.0346255	0	0.0682647557487465	0
14.183708	0.0723690702625883	5.66950090705973	0
14.292831	0.605862811607051	2.60446876736282	0
14.322968	0.13442025394706	0.532350963671627	0
14.333988	0	0.470632792162495	0
14.39551	0	2.27010731110696	0
14.469852	0	0.523512059117371	0
14.5359335	3.52493693492036	11.4964185803089	0
14.6291065	0.621687547221601	2.37838257200722	0
14.7023725	0.221352693614659	1.65874035220938	0
14.73097	0.0215995579423046	0.52683340412356	0
14.7451115	0	0.251062514130058	0
14.7642615	0.860800517128724	4.86338421273225	0
14.783688	0.473180186301429	2.15018287413549	0
14.8129675	0	0.138747404317479	0
14.834316	0	0.000869062167821759	0
14.8486025	0.0934783922875908	0.351244441293111	0
14.8597585	4.38807547068661e-05	0.000160023284129722	0
14.8826605	10711.3186661323	37014.6743636197	0
14.9189505	0.832291022242644	2.85146764886752	0
14.938022	1.18996381952233	4.17696321844454	0
14.9717405	0.842854658427433	3.26876569741382	0
15.0105355	0.139884253400337	0.680035170968417	0
15.03954	1.45529365995108	9.14706230658513	0
15.073227	0.0871725464624385	0.863389308086783	0
15.095611	0.0119943626250242	0.177271508037944	0
15.104144	0.00239429382550749	0.0407068804366581	0
15.1179305	0.0342610467255861	0.623651144601804	0
15.1338245	0.00441396394172487	0.0703662795482253	0
15.1395225	0.0175161622197871	0.254641442176721	0
15.1613945	0.0780185875388484	0.711504159943233	0
15.184144	0.00355298386209329	0.0231170843623308	0
15.2139965	2.76496560842807	13.8843699392206	0
15.264966	0.278817747819013	1.2232416613357	0
15.303778	211.864256936712	1009.10180132016	0
15.336838	3.02903768162011	17.0989781261128	0
15.357704	0.0465163457378569	0.323179438288168	0
15.3683905	0.150693209678064	1.24197611358191	0
15.394946	0.247062988893101	5.74030717410604	0
15.4134395	0	0.000761138046172864	0
15.4472265	0	3.07379406187893	0
15.5184125	0	4.95722497415011	0
15.555813	0	0	0
15.5809865	5.13884572142507	10.5019178669109	0.486314294245614
15.6142285	0	0	0
15.6254225	0.156495006512854	0.317829221507438	0.0443014387101598
15.629789	0	0	0
15.6370145	0	0	0
15.6588505	0	0	0
15.680543	0	0	0
15.686572	0.00744596470740725	0.0149806212841133	0.00239612319033994
15.722639	1.24872394191393	2.61617050481425	0.268909947353166
15.777738	0	0.0855430181300886	0
15.8032335	0	0.15978899381818	0
15.8511695	0.780730804064429	3.06093582702939	0
15.9069735	0.0255457257758077	0.445323711545711	0
15.933128	0.032661922673979	0.553196538976722	0
15.958966	2073.42187765642	14341.4664442211	0
15.973106	0.00457768997129911	0.028221920188399	0
15.980311	0.00241593015125539	0.0136467958827177	0
16.000876	0	0.0368444188407516	0
16.0232175	0	0.0238291458091093	0
16.0403485	0.00396394611584322	0.0311676778215805	0
16.051409	0	0.00318931680515211	0
16.060605	0.00760450343395651	0.149613783747873	0
16.0773355	0.00893801081844049	0.217023172307215	0
16.1005475	0.00304745992985471	0.0214145306545432	0
16.1372	0	0.0279602527774659	0
16.168508	0.00265476437017094	0.0141366279275023	0
16.1864125	0	2.57340000475427	0
16.2146385	0	0.676146693934412	0
16.242326	0.00903803288479678	0.439870337469633	0
16.258368	0.0635255044824338	0.586964305422528	0
16.2734885	3.10090529472069	17.733263934039	0
16.2821995	1.41442016056136e-05	6.93639618971436e-05	0
16.2937745	0.134853807920927	0.590628380359871	0
16.309857	0.0422007729372387	0.190666823234205	0
16.316622	0.00639429400260854	0.0321411881354327	0
16.3194215	0.00953193287565629	0.0511811518442908	0
16.3700605	0	0.48087060676242	0
16.4221985	0	0	0
16.426837	0	0	0
16.4388275	0	0	0
16.4605945	0	0	0
16.4733935	0	0	0
16.4808495	0	0	0
16.4937645	0	0	0
16.5405845	0.487866242309408	0.590621288325571	0.334963698133083
16.5863155	1.27897548712748	1.56669169723905	0.842269509138042
16.5925285	0.286275980348419	0.353697863641102	0.188802368228232
16.6071545	0.314531064441283	0.398348675570487	0.210370835131439
16.6203985	0	0	0
16.631782	0	0	0
16.6431325	0	0	0
16.643134	0	0	0
16.643134	0	0	0
16.6442185	0	0	0
16.654979	0	0	0
16.677026	0	0	0
16.7111495	0	0.00369393305662838	0
16.748234	0	0.547042067177231	0
16.7690345	0.0211406651771978	0.332293396453914	0
16.775508	0	0.00324919421963158	0
16.7798035	0.0505156183265427	0.289446881978114	0
16.7925715	0.193155311923646	0.795219702622667	0
16.8294775	14.1654456678723	43.0710247789856	0
16.860321	0.0638409044193808	0.199543244286826	0
16.8637375	3.64830249162699e-05	0.000115937552762821	0
16.8690415	0.45688557139605	1.48377410800919	0
16.891892	1.76633682836471	6.37444391607205	0
16.916102	0	0.014508986388016	0
16.927332	0	0.131661102658721	0
16.961045	4.13406022918322	15.2499458471373	0
16.9901915	0	1.96123794688455e-06	0
16.9970235	0.280416961287317	0.944141997894788	0
17.011441	0.116713062359898	0.3661801721866	0
17.021987	0.0329330560093048	0.107057643532986	0
17.0571275	0.566668434853578	2.00035457255315	0
17.092825	0.0528151135272653	0.264257585765428	0
17.109213	0.961226707538387	7.78436734371501	0
17.1248525	NA	Inf	0
17.144329	0	5375.36303212572	0
17.218744	0	0	0
17.2818525	0	0	0
17.2907425	0.0769703736817975	0.127049965044131	0.0343518837989801
17.2942315	0	0	0
17.2957435	0.221414842517639	0.367686563499966	0.0978312705942277
17.2977935	0.0332719133072051	0.0552501832408646	0.0150449791530374
17.304511	0	0	0
17.3157885	0	0	0
17.341461	5.68881086077489	8.73829122616549	2.99219869388606
17.375428	0.60974822091067	0.870914467733535	0.34723549574625
17.40228	0	0	0
17.41788	0	0	0
17.441785	0	0	0
17.479653	0.85178666916291	1.70441770182594	0.280619475491684
17.506347	0	0	0
17.5285405	2.43533135394243	5.71885750904866	0.186288519163094
17.5621545	0	0.0457896213518	0
17.5878285	0	0.00772761251990217	0
17.5951745	0.0240757961671796	0.077375367107419	0
17.6185395	6.17753066891847	22.9789584479376	0
17.672426	0.424956525346774	5.53604253614951	0
17.7101805	0	0.893761686191454	0
17.735276	0	0.0534770081099039	0
17.778857	0	0	0
17.8008955	0	0	0
17.807122	0	0.00792850625652836	0
17.825409	0	203.897406743544	0
17.837859	0	0.0164581216944797	0
17.867341	0	6.34301976127377	0
17.903806	0	0.238838165911136	0
17.9278505	0	0.699984070749093	0
17.9553375	0	0.151186477738764	0
17.968705	0	0.0904007813218955	0
17.976199	0	0.229921715661688	0
17.99727	0	8.83831124477954	0
18.028096	0.288998318469323	1.51162347860607	0
18.0637985	0.905264784843127	3.61543065800308	0
18.089954	0.357643724633815	1.34897434203231	0
18.098531	0.210555662976089	0.796967739166193	0
18.107713	0.175442101385177	0.681042641504602	0
18.121656	1.30886523232298	5.16426843897691	0
18.1338885	0.54481545983643	2.28395114996594	0
18.152042	0.256600832916155	1.32281211063118	0
18.2164535	0.11032350207624	2.0837071369039	0
18.268471	0.00426620760290822	0.0944242470289593	0
18.2725055	0.00806857217782848	0.145248095058047	0
18.2965235	0	10596.7040657858	0
18.3201435	0.161057675551915	0.612729881090285	0
18.325516	0.0427791996781278	0.149552836895474	0
18.3413215	0	0.582617138743364	0
18.364826	0	0	0
18.3780615	0	0	0
18.3869695	0.203852392469399	0.353931181501321	0.0674910608393025
18.4033195	8.57829261674965	13.8728025807452	3.49385718042275
18.424331	0.131394767110788	0.198274544222963	0.0534885109940622
18.440299	0	0	0
18.453568	0	0	0
18.469167	0	0	0
18.4779975	0	0	0
18.481683	0	0	0
18.4917	0	0	0
18.50614	0	0	0
18.538937	0	0	0
18.570731	0	1.06844001696528	0
18.616664	0	1.75620884719781	0
18.674207	0	12.3228734805946	0
18.702303	1.28433877086489	13.2795965553501	0
18.7521655	0.124633097663062	1.68019621276037	0
18.7989675	0	1.27940750894984	0
18.8135005	0	3.10430978532529	0
18.835614	0	3.17418106639899	0
18.857029	0	1.0933874261644	0
18.8726355	0	2.62883516350357	0
18.886323	0	0.479200057771392	0
18.9105245	0	0.506943541104237	0
18.937927	0	0.284859094060848	0
18.9610755	0.17807344996129	0.420253016589381	0
19.0068915	9.39182484844571	24.0746759119629	0
19.04598	0	0.0836950704364327	0
19.0844175	0.0636021884938298	0.426450797465955	0
19.127648	0	0.382894307968253	0
19.180433	2.2549413033862	6.38322575527072	0
19.224459	4.11682032271915	9.70945077557937	0.0905666761201428
19.2301835	0.0068262784246019	0.0159813817424567	0.000147883114536612
19.235684	3.55414642741398	8.33715424853331	0.0885063116308174
19.2528815	6.04643870446358	13.7594965367279	0.0982217826541204
19.2770145	0	0	0
19.3301885	0	0.164697035529875	0
19.374059	1.58745559120087	4.38357804664206	0
19.396017	5.46352842181876	17.4247018150015	0
19.4271485	0	0.872058912822904	0
19.4434995	0.428487665846221	3.45700312304646	0
19.4516165	0	1.05610951877279	0
19.493059	11.8726326023969	61.8421344660158	0
19.531152	0.0722526397696636	0.210115663589052	0
19.549674	6.83866558971998	15.8694459628285	0
19.6611095	21.1305818443725	41.5541119957962	1.04879117914088
19.762521	0.222505266270155	0.50664221846004	0.00443685474426963
19.7824555	862.0118053317	1998.8485670599	0
19.804458	0	0.0537021661434543	0
19.831359	0	0.538302999748389	0
19.852272	0	0.0585968340915948	0
20.170343	0.455052681474625	2.89831134636998	0
20.5046	0	0.134013814340639	0
20.524689	0	0	0
20.5474065	0	4.85934608177928	0
20.6163805	0.0876079273587907	0.745168437599914	0
20.6673335	0	3.19890301331035	0
20.676683	0	0.623693496774772	0
20.6840605	0	0.549658240157426	0
20.6903705	0	0.5702305208859	0
20.695895	0	0.435795765288543	0
20.7025685	0	0.0713302614194162	0
20.7073045	0	0.000100340447440533	0
20.708654	0	2.28762161081344	0
20.7228275	0.10416110493508	0.224891272384591	0
20.742499	0.280874381684019	0.552589938145544	0.0288406977289391
20.752531	0	0	0
20.760561	0.531143525908768	0.964625908809039	0.151093842852957
20.7740435	9.81256314689004	17.0718897732049	3.53907958871521
20.7826835	0.0017613447590391	0.00298513590799629	0.00073284326810505
20.8067345	49.3487814293668	78.9536587663315	24.162898054114
20.850254	28.874943929105	42.8520144582844	14.617916279888
20.895804	58.8250607604664	89.0890417831366	26.6154158013251
20.924787	2.18257504783456	3.53504059414906	0.576768266981197
20.963698	60.6922217016835	122.267305810287	0
21.001967	0.167707800684937	0.619882571632733	0
21.0042295	0.000190793703351007	0.000753905108238011	0
21.009685	1.16231495272272	5.51635176826596	0
21.083105	0	20.2144332340246	0
21.156482	0	0	0
21.185123	0	0	0
21.2331175	0	0	0
21.2629405	0	0	0
21.270113	0.0380110372452111	0.0771732281566969	0.00701200106270507
21.291101	0	0	0
21.3231665	0	0	0
21.371746	0	12.6830142033192	0
21.4156025	0	9892.51819327273	0
21.442131	0	7.53740974630627	0
21.4662305	0.0310522381508171	0.244620366485692	0
21.481786	1.08024691113667	5.32159535518211	0
21.491302	0	0	0
21.5380745	30.4985320818592	77.6362178569323	0
21.632915	1.00575517889881	2.00040364787623	0.183251656084985
21.7274175	0	0	0
21.813366	0	0.590762295369482	0
21.860862	0	0.136517087608387	0
21.8747405	0.0446553366902699	0.14483461718451	0
21.8863625	0.110855186784983	0.390146065591111	0
21.8995115	0	0.033680861336879	0
21.9367645	0.0577779714025634	0.304720977663996	0
21.97291	0.0581554457521338	0.405402894286128	0
22.0087025	1.09785789625079	7.83528411326987	0
22.0526355	0.790326984229963	4.36013608175858	0
22.0702145	0.20194487242974	0.928708003001244	0
22.095641	1.41673474901698	5.21290975822846	0
22.1327515	0.322873861420012	0.994983807694836	0
22.173917	3.67668891593068	10.0135907990427	0
22.234586	1.44011333880839	3.44337723307837	0
22.2886365	2.11836485165145	4.59520221030967	0
22.314418	3.2885041253989	6.74094888395309	0
22.3452695	2.10252884968617	3.96763637515659	0
22.404797	5.45305349599303	8.69091096680497	0
22.45553	1.68816525837711	2.72313290411821	0.797539611858806
22.473714	0.187166558843188	0.316619702718612	0.10617472284401
22.4803065	0.679202369091289	1.17001238491947	0.379747204797049
22.4847325	0.000763624825686077	0.00133820027079235	0.000424015767410837
22.493036	1.05545704200792	1.91603193501658	0.543389975553052
22.502584	0.116252176438979	0.214729373386609	0.0548427683776806
22.5060185	0.446384018816588	0.823961165863133	0.202493768297534
22.512482	0.772850002860092	1.4394914400905	0.320432003299599
22.528329	0.13113632580149	0.252536380871784	0.0449921988611211
22.5532025	0	0	0
22.5704545	9139.49162258431	18757.0463379517	2458.20447654216
22.580589	2.57623555877021	5.27320924925065	0.751278788958576
22.5954475	23.8881879813078	47.4543920321757	7.81837382557811
22.6076375	1.85101216107154	3.63637026063101	0.647514602019387
22.621582	3.03159226469047	5.59406025831602	1.17902602747834
22.63395	0.484620842204402	0.87095895108663	0.204976867712284
22.6450285	7.59259948583296	13.1257388282736	3.52134399819394
22.670117	8.13320787657284	13.1749595917725	4.72387263233069
22.730926	13.257418073748	18.2861705958093	8.78969149338767
22.8002615	10.1096660899955	16.2999429560305	1.90623708713694
22.8328085	0.57883016469778	1.33988948497393	0
22.8519595	1.6017436617821	7.91448372706281	0
22.863988	0	0.121069035859595	0
22.865014	0	0.00553565223115863	0
22.877165	0	0.0599764105669132	0
22.8923725	0.755269579513127	2.49094166596501	0
22.909521	0.120352199500593	0.309220861967234	0
22.9247075	0	0.00473020058918015	0
22.925879	0	0	0
22.9319835	0	0.0309634306993218	0
22.9474695	0	1.07261471875826	0
22.9589945	0	4.6982994275852	0
22.9941885	0	2.24829370121909	0
23.030247	0	1.66390893041281	0
23.042212	0.255560732142099	1.38125138323568	0
23.0526425	1.08654662054749	3.24885448790475	0
23.0547105	NA	Inf	0
23.0808365	9.05002808913606	15.863530548683	2.50625414574725
23.107275	0.32452888235091	0.475362442085994	0.176358587079387
23.109671	2.40472982354666	3.45263275834603	1.33520514418056
23.1151555	0.327904852347187	0.459254866475907	0.191219836026035
23.1235595	12.0548404305866	16.521476743942	7.33516719390605
23.1398585	91.6725624874816	120.628320210796	58.3086776191569
23.2198345	14.4926844256829	18.5227901652306	9.90763540783867
23.289921	3.86683828123119	5.24250624243416	2.71870017904443
23.297798	6.45041427759037	8.92111050383028	4.42753654704649
23.309683	5.44890195560734	7.91232993159602	3.53364712089681
23.320432	1.44854147999517	2.19279775944396	0.868540972926419
23.3402975	0.660752170887583	1.1044070172635	0.31740639807966
23.3663825	11.8784791743799	23.8714783895378	3.26806709455764
23.3833205	1.73341604340783	4.0466744920762	0.134490629898425
23.406953	3.449704405292	9.84717383278397	0
23.431077	1.02037630779142	3.90354868496293	0
23.44054	0.122677875377763	0.523021810214572	0
23.4450325	0.0774938019519095	0.341958301140838	0
23.4641265	1.10667985942928	6.12465948808178	0
23.513333	0.084875359169039	2.18499185323576	0
23.5462345	0	0.178064287747365	0
23.6505735	0	12.0979213886328	0
23.7536245	0	0.000281194770509869	0
23.75377	0	0.00229562854346534	0
23.7539155	0	1.32794904798156e-05	0
23.76671	0	2.89188891556162	0
23.7836005	0	0.0122484112331625	0
23.7971695	5583.66200928643	16512.4871548284	0
23.8371175	182.558838048079	544.503906861622	0
23.867594	0	0	0
23.867594	0	0	0
23.8675955	0	0.000215610691651668	0
23.906222	0	1.09926674164536	0
23.9534725	0	0.242243568962167	0
23.997963	2.69388756024968	5.0862387728725	0.690403019993164
24.035823	Inf	Inf	Inf
24.038916	3125.04099530621	4959.35196472657	1754.33643887942
24.0527115	1.68285574926098	2.61253695394889	1.09568226490332
24.072337	5.17230296205916	7.81409688605729	3.67727139795484
24.1128515	9.05179070406639	12.3237300179608	7.25160414703081
24.164527	130.217836889978	161.890005021162	105.61642572892
24.183749	16.7604311407542	21.0655719412016	13.2121336173153
24.188195	4.35169561538946	5.48277467176415	3.41129374901771
24.1946285	7.78794037491147	9.83361180917677	6.0511610779408
24.1977505	0.000785007307431166	0.000987142445833748	0.000608752622547009
24.204925	7.20744990919999	9.11248042144995	5.53397767499875
24.2165355	74.4897935220061	94.55305689803	57.1426904402724
24.227008	35.6812569663405	45.1184600354298	27.403460673042
24.2335885	3.47214596117588	4.3810341884692	2.65585436169862
24.2352	14152.9916940273	17853.354142786	10823.3103681491
24.255037	52.7788658070945	65.7587317902743	40.8675501972049
24.2738095	0.00287180301957417	0.00352345631698717	0.00226583520880434
24.2841795	374.948917360413	451.381809409397	298.247503963938
24.2984555	70.1957613071216	82.598586471641	57.0244333254707
24.3023645	0	0	0
24.341695	24.9556300161059	28.8942522445604	21.3414956579314
24.3892475	75642.5373618208	89880.5890860083	60593.7745185963
24.4041495	8.24441007004731	10.0428623577976	6.3301613164259
24.457113	114.758206439607	155.6569734036	78.6186838640083
24.525324	96037.8556794341	142690.953486053	52939.9864968878
24.549388	0.31597923051779	0.475397660468022	0.166135746524763
24.5705085	12.4295275315192	18.5518548396229	6.4366252289443
24.604811	11.6100287093285	17.2887923813867	6.06597515140219
24.6228825	0.30283047374319	0.445007843402479	0.17208213067972
24.633029	1.7510001113219	2.47912331350395	1.03668057391202
24.644321	9.74748892449459	13.657063638584	5.95056367854726
24.667362	5.90361725866026	8.07212347625503	3.79702535803788
24.7118005	12.141105999169	16.0386003803116	8.84851802714755
24.765116	102.094198742721	130.004441830022	76.9023695246856
24.797589	7.25633511929343	8.97255850183492	5.58853167663495
24.802041	0	0	0
24.802041	0	0	0
24.80233	0.141449230267066	0.174342430799409	0.109176738061215
24.812716	4.72168483669951	5.82301812590006	3.66264705635264
24.834899	39.7186791539794	48.433079673058	31.0124164437893
24.8647715	Inf	Inf	Inf
24.896511	883.976131012636	1036.80722196906	725.748762233738
24.918837	15.9803576981449	18.8602358025221	12.9542260179749
24.9340025	0	0	0
24.9417985	0.889676665065241	1.05595014421813	0.705302082290623
24.9442535	1.62952864365645	1.93128456493207	1.28797122787553
24.9513955	8.18482796533454	9.6779827419845	6.48269035796435
24.975426	24.3679840153987	29.234663105311	19.2963840736907
25.0354435	794.102951802698	982.999631479212	640.474692414011
25.080114	36.410232866503	43.7650833623268	29.8780740116008
25.0889	17.5922728737623	20.9788193421102	14.5117877629471
25.097354	2.45481816333846	2.91902729930248	2.0103877534625
25.1494085	18.2840811280317	22.3379517086698	14.1445769595659
25.221833	114.670509753508	145.389406891901	83.8382314085672
25.2580425	35.4744975337285	44.5825953099922	27.7961784165766
25.2957385	157.098684465195	190.046981016147	128.38442807264
25.320532	0.102161270344503	0.1211870031675	0.083750350533612
25.323193	1.21422465129344	1.4383933042868	0.991795647388397
25.340936	0	0	0
25.36317	3.77250279254317	4.42820682037181	3.08383741976259
25.3700475	0.114385258856058	0.133690577017459	0.0936737121064452
25.371532	13.1343168698619	15.3360836999778	10.7990693209451
25.376057	4.22807494133082	4.9109669869054	3.48006700929943
25.3960485	54.4800888282436	62.4601019651269	46.0796713480508
25.4154665	37170.7143754551	42324.497932422	31809.800586296
25.4310525	200.520938410746	226.410560648237	173.880064710226
25.4461285	14.5380184253787	16.3714203154046	12.7402143810712
25.4638255	17.9386023783455	20.0997902189443	15.8056537716519
25.480808	0	0	0
25.4820525	0.000687962376390993	0.000774040996392636	0.000605033921146027
25.485211	34.3262322355096	38.7157313856752	30.2192619317768
25.490657	3.05329041128715	3.44201714034219	2.68428670440877
25.4931425	0.93607291834171	1.05650979696653	0.822564617644475
25.50159	73.4827375180366	83.3161052394662	64.1063300810669
25.5098415	0.151059601213672	0.172304336267718	0.130160074587576
25.5362845	58.596442568642	67.7534790233022	48.5006927248269
25.5628605	1495.1239406696	1743.13643503348	1196.85529438751
25.562995	0	0	0
25.562995	0	0	0
25.577198	5.5872753864348	6.56650732125079	4.4615241271063
25.598677	800.443873700716	952.285974189156	630.165761678516
25.640336	Inf	Inf	Inf
25.6945445	19.0021323190923	23.7214264547334	14.986202260557
25.720167	11.4394286743596	14.5419649483334	9.0683418203809
25.737388	0	0	0
25.771364	7.19378109695711	9.02175455054272	5.47029657188332
25.8146625	23.7154869283528	28.0787839227152	19.0272681663989
25.83541	0.00440640462362136	0.00510688480285194	0.00369092658987922
25.848715	32.1753096978322	36.7839667284226	27.8848533105407
25.870981	12.4339685546277	14.0675268590863	11.0401385167486
25.884847	4.84479531378148	5.43650560839293	4.24978094569009
25.8922245	9.62738227783642	10.7660890846607	8.35552216210628
25.8995805	0	0	0
25.9356635	0	0	0
25.969223	3.68633563181459	4.16164093405243	3.12351528292901
25.973984	41.30667643998	46.6194517639782	34.9733693287136
25.977317	8.11434642297434	9.178837428244	6.88591803770206
25.988463	12.873697803882	14.5733910628562	10.9266600554942
25.9986795	0.018815492444535	0.0215657507720493	0.0159751909367864
26.001299	0	0	0
26.026897	185.052361908382	213.73942230265	156.304030849928
26.0498785	0.00460428492390268	0.00538165757509807	0.00374060997427271
26.0537855	86712.2268771415	101701.417835187	68702.0375769201
26.063923	73.2707346645737	86.5930277718868	56.1838207870172
26.101544	26.657347441034	33.226991043297	14.3814712992046
26.133061	749.997209300363	1293.12742573514	0
26.138007	8.55531802849401	16.8583764741315	0
26.145595	1.81656337824508	5.19785506627745	0
26.155255	0.0164869242042992	0.283228762665141	0
26.164973	0.0464995170843935	0.227030378091126	0
26.1787765	0	3.19469547244758	0
26.1905845	2.85919313669679	6.05913578320124	0
26.1944765	1.20160847105872	2.41733432991508	0
26.20601	0	1.31009035767673	0
26.21528	0	0.100284714570219	0
26.2436025	0	0	0
26.271129	0	0	0
26.2848505	0	0.146978117941911	0
26.3116945	0	27.5789316074516	0
26.337927	0	0.473691248684205	0
26.3551315	0	0.189118037579215	0
26.4146735	NA	Inf	Inf
26.4706395	0.0984977639751533	0.164967949030563	0.023486456828335
26.4803025	12.7241459324684	21.064976937865	3.07301933849871
26.5047175	1523.44716828366	2427.81779617034	464.386635591859
26.5199895	0.00112029092748382	0.00180885645180597	0.000350281076535529
26.52021	NA	Inf	Inf
26.5496115	NA	Inf	Inf
26.578794	0	0	0
26.578794	0	0	0
