phys	rec.rate	upper	lower
0.2560195	0.791803072854219	1.685443416623	0.00202414211308049
0.271133	0	0	0
0.287329	0.948102054198884	1.91882446964947	0.159072023485589
0.2937035	2.38864229071355	4.83936420429425	0.357504621353814
0.2955885	2.37473249279604	4.80408973507508	0.305653409739416
0.297545	2.35571848028473	4.79784933134101	0.296521248402212
0.297922	2.35107759502661	4.77502461942632	0.299738371068448
0.3711905	1.64828062510389	2.48814378995987	0.782427811484125
0.548326	1.42212090732239	2.15504016494422	0.747205693208578
0.6524905	2.22086175876029	4.56380031862614	0.439102496541114
0.653508	2.234708496002	4.59179026669151	0.433614213559037
0.654609	2.25034692595476	4.60437695655519	0.434354932342961
0.6547915	2.25304885702204	4.60341494221572	0.435627433903598
0.656499	2.27831273832431	4.58826077171818	0.463305772191867
0.8116415	3.57758159149698	3.88300297725413	3.19009890315294
0.965497	0	0	0
1.0343795	3.47069025036669	4.05892716990857	2.58056458042202
1.122821	2.75819759311235	3.41899718582005	2.14245463338498
1.1435255	2.55890206993213	3.28545790566585	1.95242902644168
1.237911	2.26183792276387	2.96932078191146	1.69564892779586
1.3341125	0	0	0
1.3368355	0	0	0
1.337663	0	0	0
1.338452	0	0	0
1.341869	1.47098829672826	2.03783253493661	0.634279634378929
1.402163	4.15034879579477	4.74846902858834	3.36425797782241
1.4591605	5.0412260390611	7.06912749671007	3.82043789563765
1.4598215	5.04905892732591	7.10473066422507	3.81891484840163
1.4604755	5.0563440491866	7.13675543860986	3.82598940172471
1.468503	5.02223071311606	7.19029753098881	3.74731723826408
1.476651	0	0	0
1.5809755	5.44713738110616	6.19679345845357	4.91523045307977
1.6883705	5.40242986987361	6.1702519654603	4.71646338237012
1.710965	5.31386004148603	6.08994828564023	4.6485647957132
1.8382025	4.67857006756175	5.19002177033538	3.87407996840783
1.947017	4.08159268552499	5.19884419227482	2.37005980530378
1.9495175	4.06770192057516	5.19996934578604	2.33154647521086
1.952469	4.05229458221294	5.19928292125339	2.26554176069354
2.0707125	3.11639124086475	3.24059734133003	2.79545787391335
2.1878045	1.82429779308802	6.04397381423133	0
2.188512	1.81229739210667	6.01995446482752	0
2.189467	1.79047579110842	6.06274021324642	0
2.190137	1.77080028061302	6.09122352008723	0
2.190407	1.76174218468261	6.09932214830054	0
2.190982	1.74247950871274	6.08875513269102	0
2.191683	1.72043098200962	6.02517331751667	0
2.1923285	1.7022236802024	5.96506822561526	0
2.3157805	0.120689931590162	0.284676354086876	0.0379184231374553
2.4388775	0.105051619999253	1.86019887814349	0
2.4395015	0.112469136768427	1.90534693009566	0
2.4406755	0.124566769851456	1.9355992192131	0
2.441454	0.130837234008742	1.94771343643324	0
2.442117	0.134489051196255	1.95189902933068	0
2.443067	0.137986743476252	1.9470580067433	0
2.482904	0.234066653367888	1.14574550302466	0
2.593643	0.631651063877223	1.13251808398571	0.160552588281123
2.7186975	1.45726959006562	1.97382722767273	0.869241739790764
2.8736105	3.02779833532942	3.64027981597826	2.42072478085407
2.976519	4.23443944269742	5.12729642357598	3.20078094127815
2.978568	4.26034325071436	5.1723984145843	3.21605225828277
3.028587	4.54837321415504	5.29982395031997	3.70562882541834
3.081755	0	0	0
3.1266455	5.43787848297357	6.10904633448657	4.81894528360856
3.1947565	6.30192772519779	7.54063982101277	4.81988262823275
3.2215255	6.38426704746588	7.76587326881632	4.61246777217742
3.222046	6.38542850211533	7.77162036217645	4.61837756371955
3.223069	6.38816814459225	7.78214186151504	4.63148237578346
3.269478	6.50483154120177	7.51512335442775	5.67536314087565
3.3158335	6.58172941281311	11.2748687105219	3.39619007743483
3.31641	6.58134522423416	11.3455487761556	3.34823674170707
3.31672	6.58068962095375	11.383645014306	3.32320909070152
3.3171365	6.57923821773966	11.4348127619399	3.29152268949787
3.318898	6.55779200914215	11.4848445593707	3.22170269549405
3.320845	6.51457497353004	11.4405846754639	3.22577074801308
3.3223605	6.46520850326167	11.2731889063684	3.25224179456269
3.3479545	5.5786502389231	8.34206758559988	3.57375974151992
3.4240565	3.51889716091206	4.60541607155475	1.92876156017537
3.4867325	2.59743573032515	3.9828630899971	0.846125877677814
3.499585	2.51675728656232	3.92313993562091	0.910426438443165
3.565408	2.12536270865554	3.19620841753764	0.658715862863242
3.629684	1.69945240458882	3.30240647661849	0.264943197623927
3.6301195	1.6963003104823	3.30457240469218	0.266339047644254
3.6995775	2.22320701747905	3.62629348729334	1.07180677834149
3.7689055	3.77675583481904	5.99762863167006	2.2378997733311
3.7705475	3.83809473239007	6.11614131109269	2.23923824983709
3.81203	5.24720966959875	6.6427836568359	2.6260338643978
3.8519485	6.44374946469153	11.3420281819966	1.22453071458296
3.85288	6.44901474742428	11.415155632339	1.11092820110937
3.8538185	6.43267636920242	11.4606333029898	0.994836084066707
3.853916	6.42852039255739	11.4706169932971	0.991560760321348
3.854051	6.42159552427091	11.4671142192029	0.985019146791901
3.856624	6.20780509711761	11.4689283009643	0.806475102692382
3.8593825	5.90228065353696	10.9323915221906	0.591072751647286
3.859858	5.83825256183241	10.994343373315	0.565996400131907
3.8656675	5.18015349866531	10.4084627401713	0.310966814507171
3.8727275	4.58245084951417	9.96708543143489	0
3.8790295	4.29023764130538	9.4386268136315	0
4.014602	2.68563079829781	4.73231416746333	1.58141938041915
4.1453165	2.85790834565401	4.34860560201212	1.07127348858289
4.2564415	3.54373054619655	4.56266132795099	0.832021391951939
4.36821	3.38943589800844	7.40989289261765	0.725257266121241
4.3694055	3.37557277871537	7.38468609951422	0.740572838538381
4.370036	3.3670546815491	7.34363439713363	0.748721958558749
4.493197	2.11859942948072	2.91168300737842	1.79283896327833
4.61713	1.41902345933537	3.59820057439615	0
4.6203305	1.45675966225103	3.65033669010678	0
4.62285	1.52180488089734	3.68664944227037	0
4.6239215	1.56620445854207	3.6749844138175	0
4.625342	1.63586415353803	3.69116966033335	0
4.63107	1.97813266448504	3.75154077073434	0
4.638732	2.47975391741903	3.90021953471737	0
4.6519015	3.35084056112293	4.43159580181458	1.69577790861323
4.6639945	4.10156465508848	5.34105453771275	2.8685274514098
4.669046	4.39041745120025	5.75717951064724	3.28021426731223
4.676633	4.79638607928258	6.16740415085869	3.70999073930437
4.691227	5.42651769161339	6.98764407745961	4.2619910553016
4.701904	5.77678162727106	7.81831049947976	4.26393097679004
4.70227	5.78576174370688	7.86981384940211	4.26557022335863
4.7048235	5.83789188433554	7.99904305816063	4.22321840996275
4.707471	5.87842299333217	8.12404346352361	4.17737560256315
4.7079705	5.8836128185681	8.15290525424187	4.17360112877197
4.7095445	5.89584202548228	8.19689760589127	4.19213182459404
4.718276	5.92256959027736	8.3053272801142	4.27511712198889
5.219279	4.30032513692951	4.35457119310036	4.24345960882612
5.713839	2.00819225989647	4.35696482741845	0
5.714851	2.00284246311475	4.35741120639728	0
5.7153145	2.00079609742579	4.35503730515259	0
5.715669	1.99950617400198	4.35140342430446	0
5.716151	1.99828843407167	4.34355125969541	0
5.7166935	1.99748246591471	4.33187641127894	0
5.716947	1.99731148412733	4.32593427768441	0
5.7212145	1.99777015349874	4.28986359661794	0
5.893144	1.84397628162167	1.96857396371271	1.72258009802274
6.061107	0	0	0
6.062112	0	0	0
6.063042	0	0	0
6.1386015	1.02962701922571	1.32034954529504	0.789500325609486
6.2146395	0.794411252389305	1.99773576798476	0
6.215978	0.792900452825156	2.02409022341103	0
6.217098	0.794081988473723	2.02500636428833	0
6.2175865	0.795665151126557	2.02538671789872	0
6.218689	0.803491764385699	2.02624104687945	0
6.219862	0.815500355591136	2.0271464901962	0
6.327865	2.02503979389014	2.44549149180672	1.64150501348561
6.438484	3.02715477291522	3.83149525787147	2.27902504718946
6.495426	3.19318059410615	4.15482088723922	2.23905100643838
6.5501525	3.12520460893648	4.63150505917696	2.0844501886724
6.550775	3.12163369814555	4.64275624687281	2.08308365655005
6.550897	3.12088336869719	4.64456436405449	2.0828270826688
6.5515275	3.11675386613089	4.64644875455236	2.08171606985295
6.7670645	2.05661154064641	2.42887377662797	1.87638898192238
6.9833545	1.47654288821931	2.17905226886393	0.200335630808286
6.986002	1.4753754457511	2.17801793312395	0.188513257533879
7.275852	1.62891552834231	1.81410694870087	1.34612386753219
7.5806765	1.67532409976429	4.79667357980319	0.569235721312201
7.5972395	0	0	0
7.598527	0	0	0
7.5996645	0	0	0
7.6020135	0	0	0
7.6404265	0.804498707028271	1.59506230137011	0.264502844039504
7.6775275	6.28191212159272	15.3452866992512	0
7.70248	0	1.11407493462701	0
7.726687	0.133833804509951	0.320312365284081	0
7.9329735	0.481351104078147	0.656488545028966	0.192040278805951
8.1393925	0	0.309218126942173	0
8.1397705	0	0.0499223980382211	0
8.14161	0	16.3015457088026	0
8.144171	0	2.54195794587335	0
8.201348	0.616063923709919	1.61569260598183	0
8.2581175	1.05597596415681	2.02437898032036	0.10473002434351
8.2668775	1.14315202638978	2.12131513031392	0.14737630021463
8.4239125	2.02012089269656	2.26347955165855	1.5853948820881
8.5729555	0	0.236756804626107	0
8.5736485	0	2.62328186345046	0
8.574015	0	0.0142589470338841	0
8.5757185	0	43.6559978835919	0
8.57749	0	0.230668049800675	0
8.5787595	0	2.40409614677913	0
8.6814315	1.46945583581344	3.59973063933825	0
8.929103	0.0915298538847911	0.258187334427894	0
9.088077	0	78.0123923678652	0
9.100895	8.45883977896591e-07	0.000185181800258038	0
9.102564	0.0892967687995571	12.0370644372348	0
9.1043385	0.0416120138329286	3.94455449147983	0
9.1047755	0.0876480431393534	7.50783590788203	0
9.1053215	0.114926869820785	9.21358087795106	0
9.1059175	0.149049226471751	10.6631831245688	0
9.1065465	0.308539930822777	20.1409121019727	0
9.1078895	0.102494433456127	5.94255115226501	0
9.2650355	0	5124.59081942627	0
9.8480275	0	5.83575942635477	0
10.2760995	0.0129876707101775	0.0366203067758772	0.00554478013070983
10.298463	0.0964092910908867	0.262347767247177	0.0408475080988387
10.3206985	0	0	0
10.5522135	0.146853921602326	0.180558742387103	0.0649404058034928
10.7835135	0	0.106285582521832	0
10.7844695	0.00104371634063423	0.00210014460739285	0
10.7862095	0	0.661330819401008	0
10.7886625	0	0.512034996736622	0
10.8388625	0	11.1659641374181	0
10.9710515	0	0.79243702897653	0
11.164787	138.95282090647	1102.16593061861	0
11.806449	0	95.57530888979	0
12.337323	0.0384708625216252	1.44101955585798	0
12.3374735	0.0760356951116692	2.84385922495474	0
12.3376035	0.00959649110837805	0.358506941954625	0
12.338464	1.36339416339567	50.6841648201291	0
12.856725	0	64.7984845220975	0
13.374572	2.33992149569027e-05	0.000262092033536538	0
13.508909	388.305749450031	2743.55563269268	0
13.6434525	0.704419124515094	6.05630117207535	0
13.6464555	0.100796816688997	0.865335082825015	0
13.6489595	0.0144668225309266	0.123706658699544	0
13.6490795	2.74254449014687e-05	0.000234446123943448	0
15.0643995	0	95.3387897721461	0
16.4809445	0	0.000896875634413873	0
16.6199625	0.0241773599106467	0.0727842008536232	0
16.7578135	0	0.785668074772982	0
16.7585475	0	9.80955715401571	0
16.7593575	0	2.22451599021203	0
16.7595845	0	0.0659163510766046	0
16.760172	5.4089913362718e-05	0.00127631352017398	0
16.760745	0	0.0487921133664767	0
16.7619575	0	6.83120263052825	0
16.788877	0	14.3364545188491	0
16.8155475	0.00284093248553215	1.72636727120733	0
16.816807	1.11030574026614e-05	0.00228826518620489	0
16.8175925	0	0.00497009447137536	0
17.11324	0.0587714680449728	0.0755792334186906	0.0382611757258762
17.456301	0.42327903494555	0.755224535535271	0.103307774498978
17.504965	6.91569139930083	13.2217521550168	1.10690416382705
17.5620095	79.1419501535606	148.158014174842	15.523147686678
17.6183595	0	0	0
17.6191675	0.932061704020026	1.66835630038055	0.351474143612383
17.783409	0.665982516147844	0.866924064021606	0.451667167604616
17.9566075	0	0.141250979543383	0
17.968522	0.147462510602327	0.30233642549727	0
17.9718065	0	1.12913548319732	0
18.017649	0	36.1842907940102	0
18.3078655	0.298001249823757	0.510338273298275	0.169412621941736
18.553548	3.95582558250775	30.2030515451647	0
18.554015	0	0.000980750785321027	0
18.5546215	0	2.46528273587125	0
18.555372	0	0.997486528109741	0
18.619769	0	1452.97519882069	0
18.696901	0.163114346489317	1.66935280627277	0
18.710027	0	0.433443348593644	0
18.710484	0	4.23160123543479	0
18.7110825	0	0.963416885462559	0
18.921744	145.07260504613	762.558190016367	0
19.132318	0.00105787846583672	0.00237369296819394	0
19.132476	0.952730097226567	2.13869431831417	0
19.136277	241.516393961867	538.163196095928	0
19.1489345	6.98066830707606	14.4634760788255	0
19.157926	0	0.0016019791601223	0
19.2695525	1.3366518093087	1.81709773600219	0.760820150576093
19.3813255	3.94576829707101	7.07002854540891	2.48052837845724
19.3818415	3.9387996522517	7.04261820252107	2.48204289866274
19.5261555	2.22513182848734	3.45687945771118	1.60538461120441
19.670217	0	0.00433027295443493	0
19.6707495	0	0.585403630347892	0
19.6745175	0	82.1464934113267	0
19.8187815	0.462876955281739	1.35937260643644	0
19.960919	0	0.640111173824959	0
19.9625435	0	0.115928733242725	0
20.18205	0.844656523661054	1.24216592864116	0.285359673949318
20.4020195	0	0	0
20.404282	0	0	0
20.6153995	1.74850883079462	2.17817453871818	1.2579443371377
20.828208	0	0	0
21.0912365	1.39984431084335	1.75373201036891	1.05719624305132
21.3516105	1.82423254495409	3.30912906543148	0.153391039507386
21.4132735	0	0.289142600472512	0
21.474799	0	0.38294040104842	0
21.7533655	0.499782195708804	0.811122360073962	0.139153140121485
22.0319155	0	0.229307915147546	0
22.0322095	0	4.15408301654988	0
22.032335	0	0.16001220419468	0
22.0333775	0	1.78376252398008	0
22.034652	0	19.5688890083503	0
22.034952	0	0.749987751089365	0
22.0365295	0	12.3130396599169	0
22.0820655	1.84081544647741	2.8293312181901	0.344630201743221
22.127204	2.15039578948312	3.34226744364139	0.597002060293641
22.131351	2.14405208671562	3.26213749404226	0.612917182745737
22.1922305	1.85883104414686	3.05392120794993	0.588980295186534
22.25393	0	0	0
22.5560975	1.42310399894458	1.89286112989605	1.19493653120395
22.8553465	0	0	0
22.856786	0	0	0
22.8575065	0	0	0
23.0208535	2.5435620244277	2.89812654720084	1.50140151367922
23.1846595	0	0	0
23.3835295	1.44058318698225	1.90705018205475	1.19343025121515
23.584253	0	0.0207718486109202	0
23.587102	0	0.533187675584236	0
23.627674	0	16.2117245775115	0
23.668213	0	0.0153766020888121	0
23.669407	0.229186760824118	4.3921954329595	0
23.671544	1.0905742701993	18.5491194898606	0
23.672858	0.243118440249608	3.86842859045586	0
23.672983	0.238196935794236	3.76805164143342	0
23.673288	0.0482052421331892	0.753911573911564	0
23.674208	0.200394166117665	3.01576939351578	0
23.6875705	12.5759206144042	163.506322862564	0
23.7833	0.454813478593047	0.952426356661007	0.0224484127398667
23.866466	0	1.31838439721913	0
23.867139	0	1.88814774592953	0
23.868322	0	1.40231978184369	0
23.8693615	0	1.025803249178	0
23.869899	0	1.46149229990304	0
24.0339015	2.68574780173869	3.15147276244055	2.39962467523153
24.239898	4.10470508250858	5.2553738889393	2.94933333001543
24.2856065	4.20155587528474	5.07619560756956	2.7872289882035
24.3174645	4.13433031723849	5.07979481920857	3.0369347312866
24.3459775	4.01075635885605	5.3430405658954	2.11632235230784
24.3464985	4.00789285045766	5.36145615384109	2.08492897300798
24.347102	4.00551683755664	5.37530198643117	2.08639494070335
24.347474	4.00454346800802	5.37577966410483	2.08234041348151
24.348955	4.00255223823234	5.35083362955498	2.13525609493262
24.412975	4.32373895258956	4.93615182813482	3.77942932176159
24.475914	4.99575163957298	6.86018650331676	2.11301392866432
24.4766625	5.01001616752375	6.9312925884165	2.05095296695158
24.477445	5.02792261371956	6.97546452016677	2.05206333712615
24.4786315	5.06112178347036	7.0602573113104	2.21688290517485
24.5010195	5.79267833322569	7.84197016353114	3.79951898246198
24.523691	6.52192782685906	9.19152105809652	4.09849543037204
24.5277825	6.60605431136538	9.39836661143266	4.10089560893945
24.5309675	6.63379226293445	9.62811066337603	4.16838214317082
24.5312385	6.633613790355	9.61706876990982	4.17038263562257
24.549765	6.44384655214608	9.75962429261357	4.23178562863001
24.571885	5.9882138126352	8.98221061900823	4.14457382213988
24.6399475	4.25992667871905	5.38636621188206	3.35636378717724
24.777313	1.93751460813457	3.19888281646919	0.607323389122144
24.8507735	1.2981373027971	2.61937892055225	0
24.9317995	0.787114709615673	1.62037083417934	0.0120907392580293
25.013759	0	0.015383518253661	0
25.015525	0.35664011706656	0.727944834601618	0
25.0569935	190.869915235069	352.21041448776	0
25.208216	2.09543128394028	2.78794978164406	1.46336613522371
25.320097	3.65233339765976	9.90395944198808	1.49447488192607
25.331196	2.85058297221296	7.84993164993189	1.03872922118317
25.343117	4.95523239406626	13.7804783123764	1.52108570680133
25.3475475	42.0126278578464	116.481843892098	11.9172437013293
25.349535	0	0	0
25.3496855	0.000161556821835203	0.000441579306620681	4.47346664471646e-05
25.4439085	734.035710698121	1095.19415410041	336.783532142811
25.538418	0.349658194591924	0.576835566870216	0.05929423311394
25.540681	4.11304429417591	6.77374229753693	0.767133327022563
25.543804	0	0	0
25.59258	0.890058210408158	1.43161646272399	0.276336864958765
25.641261	0	0	0
25.642344	0	0	0
25.6423715	0	0	0
25.838914	2.90099047961994	3.4867556030992	2.4251984750564
26.0391155	0	0	0
26.078779	3.5892588106035	4.52487962440861	2.70923760876636
26.2196935	4.9369096071657	5.88828600609672	4.06143841746621
26.324873	0	0	0
26.3254265	0	0	0
26.36549	5.35784820824463	6.58609298849131	3.82076218078699
26.407893	0	0	0
26.410984	0	0	0
26.4945285	5.45932287832894	6.83096825209779	4.17934119321913
26.5782785	5.0577603460371	6.32053234122519	3.83067332082385
26.732937	3.52469889304515	4.33203184459833	2.68459475433989
26.8888885	2.13631480997719	3.29324966548913	1.26320677229846
26.8917345	2.11401025651528	3.27948684795601	1.24597282476631
27.076478	1.58502140174079	2.69587268460162	1.09288451161986
27.285306	2.15634120826927	3.31492413711745	0.948914751094113
27.311113	2.36891542133511	3.54548921519874	1.04433635986946
27.312719	2.3829322434308	3.54622558532635	1.05716390005153
27.3150765	2.40310686993581	3.55418826056507	1.08025062033761
27.470954	3.36745375889868	4.08364234099581	2.32402318993206
27.7922485	3.93222481864939	4.4334473376784	3.11733681870414
27.9625925	3.50029168616892	4.84266359557712	2.4862501207957
28.0235955	3.0766235039646	4.75232196084866	1.9919723544303
28.0814685	0	0	0
28.083068	0	0	0
28.691437	1.44634325011654	1.64787381925889	1.31006520413714
29.3051125	3.23816531938527	7.25232145375742	0
29.3204725	3.70224760607184	7.29899557180253	0
29.3294085	4.19715615072457	7.88131778105976	0
29.3297275	4.2179764870298	7.98473983474923	0
29.3299085	4.22842198440038	7.9469250263811	0
29.3304665	4.25176450726694	7.87271427293434	0
29.331341	4.26814015827514	7.81791344072021	0
29.3318485	4.2685536862665	7.77499092571676	0
29.3323355	4.26441532524724	7.74942945465219	0
29.334281	4.2484315261572	7.50118941156136	0
29.335909	4.23895693956877	7.40631362145087	0
29.336753	4.23521065429091	7.37885787845372	0
29.3398465	4.21508777755667	7.2169294876127	0
29.413115	3.57439877139582	4.06244825173742	2.85329453256804
29.5143765	2.69191811112182	4.48883908071112	1.70598270532298
29.54691	44.8154760475989	69.4641206244472	22.922195735792
29.549585	1.95220605763186	3.04690000251689	0.97211291003444
29.5516595	0	0	0
29.553388	0.243824898001578	0.378180472345054	0.128573951794732
29.5543895	5.72273776359801	8.87931841401948	3.09850003562339
29.569052	3.42674829035793	5.14199311011169	2.55819020861497
29.5828865	4.77617415988478	7.16782876733145	3.453899237754
29.582935	4.77884090347909	7.18205827277061	3.45592594339726
29.5829785	4.78111081839308	7.19267300771522	3.45774334263996
29.583079	4.7858999295078	7.20620013741116	3.46194000567219
29.58397	4.82010367941791	7.27614665006456	3.49901208301875
29.67229	6.01155864323678	6.52144194015596	5.72420121990302
29.783294	5.65197954237612	6.65254984684324	3.90195141382317
29.806863	5.29867465601675	6.41579844126898	2.79064415554422
29.807458	5.29008385860983	6.4073112606429	2.75723749873521
29.808096	5.28172718502363	6.39813785398519	2.73229931269044
29.808623	5.27568773151081	6.39052965577292	2.73092583534783
30.324324	2.82624813781364	2.94526757605395	2.70709038201342
30.9318375	4.14525439050683	4.71521599487988	3.58573795811735
31.0253255	4.99767166691895	5.74522316425208	4.07519873162804
31.026975	5.01454271696286	5.78589111711216	4.07203676276196
31.0417445	5.18688877500899	6.06390674959839	4.09122295640469
31.0561905	5.37617473178774	6.3966560867803	3.88419277499781
31.0582	5.40677319459389	6.47670702481897	3.86262679505219
31.06041	5.44226245623187	6.52625783487294	3.79680185776606
31.0612125	5.45603090604737	6.5427640616133	3.77424390853364
31.11714	7.79865845808069	8.35046583700926	7.40673937506544
31.172907	11.515155134513	16.9741932431774	7.83730279772629
31.1734095	11.5621306095288	17.088556455688	7.82835875176486
31.1746375	11.6848838611209	17.4851945656717	7.78398412300087
31.1758895	11.8168977086822	18.0161192673561	7.90999115300481
31.1769445	11.9272928815797	18.6099488909608	7.9446857219346
31.1782795	12.0536820698941	18.7341791338059	8.02233438839575
31.179037	12.1110702807889	18.9940234356771	8.09509831759849
31.1796355	12.143049349105	19.048481525842	8.06347080361183
31.18008	12.1587454712247	19.0532875534784	8.07172271751848
31.185351	12.1991441201129	18.4602141375856	8.59919300032283
31.2077835	11.5391405154744	14.0480883225699	8.48820512455053
31.2491925	9.47444739148223	12.1343706893021	6.44265506226632
31.2736725	8.15229416802569	10.8817989279543	5.09990947747433
31.274697	8.09708643567082	10.8009328613439	5.09101057255053
31.3482945	5.2145358012703	6.37993353066235	3.53397355922325
31.508683	3.50874005807352	4.95782493538428	2.1497819127991
31.5960945	4.59007833898347	9.47946599728096	2.81289841016794
31.5971525	4.61296745818229	9.56051214413494	2.83543904170276
31.598883	4.64453198968769	9.61880055638778	2.87241530266671
31.5999185	4.65924844932009	9.60078450204925	2.89466837338329
31.725831	5.38293393660573	5.85387743236472	4.55474945128754
31.8543295	5.3025568689252	7.06412947529505	0.0944618752141525
31.8615675	5.26721547955024	7.18079194602613	0
31.866977	5.25168700019696	7.21488509213025	0
31.8748415	5.24795324197847	7.16248396300355	0
32.130572	5.18212405992725	5.58591974480022	4.93923153558202
32.3797055	4.68320758040136	6.97388907697	3.32572288341411
32.382143	4.67320615384581	6.96203795393586	3.29939223760894
32.386224	4.65393093984	6.81518206409261	3.27913279635049
32.5133425	3.92221228249339	4.56812175095606	2.5770533084517
32.639606	3.17059056401785	4.14518273882721	1.60846250275294
32.641067	3.16168223993142	4.1451925516324	1.57122457752651
32.768505	3.20183336292205	4.59142559679979	1.54479669437697
33.009022	6.32526722097271	7.84240226123901	5.39016953092452
33.1237535	9.41605041919292	13.8473125712337	6.30255010611427
33.135493	9.79437609710178	14.6499448222748	6.30841905773626
33.1469665	10.1409847247735	14.9049348044653	6.50192821694477
33.148414	10.1790361510397	14.9472839832449	6.50785038837998
33.1494065	10.2029930254986	14.9519742581458	6.5119050234227
33.187542	10.4064909552296	14.2759755899422	6.47533405575403
33.232621	9.71698533310789	12.9731449592622	6.07890481229337
33.2609175	0.916061473084332	1.1844993954417	0.596923075853241
33.3323535	0	0	0
33.3828985	3.76006389883068	7.27186825038048	0
33.383913	3.72411589026532	7.24147686524478	0
33.4931345	0	1.1367032509682	0
33.618398	0.100111480565431	0.403474802607816	0
33.6363695	0	0.3610076412814	0
33.638286	1.67070944706776	5.97960503083509	0
33.639481	1.71409146067595	6.04504499193808	0
33.6571625	0	4.98251278623554	0
33.7730555	3.63027402725997	5.09305312136588	1.75386019694072
33.8716535	4.89506636175402	13.8451071350277	0.811274296753404
33.8720795	4.88549075403996	13.8872818477264	0.79634756551009
33.873628	4.84438370517714	13.9281733818195	0.774668051748596
33.8757295	4.77766386182807	13.7714408809526	0.787679150874145
33.982551	3.1787530914551	5.35323098939726	2.57012703319461
34.089586	3.8841372774509	7.23068414617878	0
34.0936625	4.02553347423773	7.48917161722738	0
34.0967645	4.15150460502601	7.74599072815746	0
34.096858	4.15571923736832	7.75630022276246	0
34.241593	4.03664676689895	4.41533950071343	2.82949342265286
34.3865265	0	137.430065071486	0
34.3868025	0	9.08919374661082	0
34.3878695	0.00865643913741568	0.275685808312484	0
34.389579	0	27.8099049851737	0
34.3912755	0	172.388958654883	0
34.392436	0	1.21569296511188	0
34.420561	0	212.697216577499	0
34.4485465	0.0495715434553027	0.0923097869267492	0
34.4486175	1.05944870161109	1.96385650314143	0
34.4826725	4.48134057311794	6.36034490080926	2.58815579178482
34.5166765	11.4057748717189	19.6804002456066	6.43760505378149
34.517076	11.4183645839075	19.8402097263164	6.46775745340362
34.5175935	11.4296481286244	20.0452719766859	6.50783728206817
34.5192045	11.4190910777222	20.1689923833838	6.62781566261334
34.520914	11.3714924119488	19.9084473781222	6.73107741260825
34.521705	11.3320476161073	19.7065617658483	6.81098722797404
34.561451	9.37312746894907	11.1806561365009	8.34901331502005
34.604771	7.55657325471974	9.57677104556965	4.07588250334508
34.621472	7.35296488933427	9.75625997073721	4.29364809787221
34.634075	7.49500267468521	10.5026838291174	4.75511863839651
34.634184	7.49827094114032	10.5088666989364	4.76470043079959
34.634446	7.50641311710334	10.5184390809404	4.78881515564528
34.6351655	7.529240815261	10.5049880585616	4.9059212592248
34.635713	7.54617206408666	10.5322168662854	5.0016048776276
34.6357725	7.54790319544587	10.5282921826959	5.01362479936058
34.6358685	7.55050045227659	10.521180860165	5.02270673474687
34.637011	7.57130873710001	10.4464450250366	5.11970567906089
34.6911065	6.78624188047755	7.15758108638349	5.66499405538015
34.7450635	4.89545777393346	6.22163219280461	0.98835066777507
34.7461	4.8401486812281	6.15607032935532	0.843649979562936
34.748956	4.69959527936635	5.98006968287765	0.580698884423193
34.7521455	4.55592793441012	5.80060214197618	0.471936105706893
34.861581	2.44770832367278	3.37285559322809	2.22236855694456
34.9708285	2.70417474819396	4.1984868307728	1.69492554342681
34.971692	2.72446662479449	4.20867125306354	1.70169001796404
34.972486	2.74286898345134	4.21464566540027	1.70127264245539
34.989426	3.08966491783904	4.33370039042842	1.92748594381649
35.013059	3.49416398823779	4.5720745039271	2.22677404711632
35.206345	1.97210170456464	2.10482877380458	1.48173057864089
35.393501	0	2.15553257745726	0
35.3965555	0	1.23005212517557	0
35.399755	0.0405640530144362	0.0645112975173943	0
35.445971	0	88.0937469384452	0
35.4918685	0	0.345966674069391	0
35.4954745	0	4.92579158193331	0
