phys	rec.rate	upper	lower
0.029971	0.215036581112099	0.57577204242684	0
0.0535965	0	1.55791846047174	0
0.0770735	0	0.0435955416953825	0
0.0821295	0.00782970844800588	0.0201725455663464	0
0.1029225	0	8.59090528615055	0
0.139849	0.0533817022580347	0.493037510259449	0
0.1585065	0.0459305960042367	0.194388181746683	0
0.1636235	0	0.862872714852587	0
0.177225	0.235268936098665	0.647288870661313	0
0.188854	0.0415779518998617	0.103961122402137	0
0.1903985	0	0.00286722603543762	0
0.1941045	0.299673876339401	0.729066012525841	0
0.1990645	0	0.0667846908199799	0
0.201692	0	0.130297580634587	0
0.2124135	0	0.14203745048274	0
0.227477	0.188716233357921	0.477691460397499	0
0.2338895	0	0.0425436177059954	0
0.2443885	0.0563888688475286	0.197444864159048	0
0.254071	0	0.0033711069450776	0
0.266165	0.0047094599986506	0.422883246300878	0
0.2967685	0	0.105215692539202	0
0.336866	0.26732654396879	0.777317655711523	0
0.390231	0	12.3688871597053	0
0.4757895	3.95358124723691	7.7573410340302	1.69677212403484
0.529485	0	0	0
0.552537	1.78959088727298	2.30226544951124	1.29535656651329
0.63284	18.6870993330226	22.3421872266412	14.1507607938552
0.7298865	21.3501054405112	24.2950187193468	16.902722133609
0.7703165	20.5708528009725	23.7306676651292	16.2627339058475
0.823072	17.6501759401273	20.9960595999056	13.6562087660669
0.884613	11.1583387764761	15.8295261488443	7.41251058128744
0.895843	0.962099014647629	1.41439073856005	0.600565034817779
0.9054055	0	0	0
0.913393	0.0550110124665216	0.0842249713899597	0.0336637280187707
0.927436	0	0	0
0.9562445	0	0	0
0.9738605	0.665460815733556	0.848307799111117	0.499092045680722
0.98222	0	0	0
0.9931205	13.2272591960826	15.6990245512369	10.6432499478343
1.0060515	8.93395272965127	10.4457449675017	7.39121669792523
1.0737955	15.544285453864	17.6812439837413	12.8188119885263
1.1417955	4.08359213081228	4.78356839864428	3.11472223134689
1.1633685	0	0	0
1.17922	0.822703757129421	1.12857262551813	0.502722458557354
1.1873125	9.08798955174829	13.0668639858021	5.38872423804597
1.19465	0	0	0
1.2012005	0	0	0
1.232217	1.28757064574146	2.3160876577543	0.621699674407336
1.2616595	0	0	0
1.311285	5.3393962021164	8.61961787453453	2.48213958009939
1.3723905	7.77214504933486	10.6213978176801	5.15461212273637
1.388362	0	0	0
1.4190545	2.29879332123504	3.31898374945634	1.37145090499812
1.456088	2.24572569217205	3.19027323440204	1.19400929729821
1.484141	10.2529452166344	14.5158984172317	4.84396083110808
1.504931	0	0	0
1.5120305	0	0	0
1.5308985	0	0	0
1.5497775	0	0.0434609003116042	0
1.5616285	0	0.301696460079217	0
1.5729885	0.157498462531769	0.329751728859605	0
1.587855	0	0	0
1.5976175	0	0	0
1.6219075	0	0	0
1.654554	1.00794078639724	1.49324464904414	0.479140610606842
1.668207	0	0	0
1.6736565	0.742069376883464	1.17954988023567	0.335760191139273
1.6758475	0.0396039125196348	0.0633822580998846	0.0177905510707561
1.6824955	0	0	0
1.688976	0	0	0
1.690946	0	0	0
1.695839	1.83125314358005	2.98239779795487	0.570713752097417
1.700373	0.15450846375128	0.248984004319813	0.046275133229797
1.713749	0	0	0
1.7376605	0	0	0
1.755846	0	0	0
1.77219	0.547138116488477	0.777816048992829	0.356732571021564
1.812955	84.5224905811606	116.084674310563	52.2791902729482
1.8456705	1.26615464561512	1.72369049629534	0.802897348765493
1.8498075	0	0	0
1.858152	1.05617145323077	1.39692542971021	0.703225726213266
1.916017	7.8180207868727	9.53312223142467	6.08542461909092
1.9679395	0.129854783868659	0.151804022102453	0.102539849791948
1.9685475	0	0	0
1.9744165	12.1837714520235	14.2353901857323	9.60425314692413
1.9839665	3.81635365891801	4.43944781625185	3.07921231983409
1.989651	0	0	0
1.9995775	0	0	0
2.050347	10.6404999010818	12.1162861758333	9.10402478538738
2.1187845	12.5699231409417	14.5458755274324	10.5566875622177
2.1476345	1.64789330142984	1.99180641913882	1.31053378479243
2.156499	1.9156359637149	2.37075839710817	1.46854495512831
2.166422	0	0	0
2.172991	9.33348790620297	12.2178137491145	6.52055405081988
2.1763185	9.02773471264857	11.9452089772624	6.17102352430196
2.183333	0	0	0
2.1938935	1.18466845894054	1.65601528668613	0.701452051494757
2.2145285	0	0	0
2.2351695	0.508837510846858	0.771151675661667	0.258543180946327
2.247046	0	0	0
2.2566475	0	0	0
2.2588705	0.21123934598742	0.302479017543006	0.127573657879248
2.261292	7.75286568630356	10.9764997569969	4.8208479565625
2.3222175	10.1590373802923	11.8886994688148	8.71071085033935
2.3839735	0	0	0
2.399018	13.5023565274294	14.8752596598566	11.7898457941028
2.4670355	20.7584196355563	22.6097575241342	18.5186786957589
2.5230475	0	0	0
2.6035495	22.462308668334	23.9973872098538	20.8043191358837
2.690455	9.78722266119035	11.0223848417135	8.41616354976779
2.697862	0	0	0
2.7145935	23.0617596352566	26.4865498014352	19.5060517805078
2.731086	0	0	0
2.7498135	8.63577242466274	10.1533999437759	7.35148498264225
2.7754445	0	0	0
2.7950595	13.4840600486435	15.7878683932373	11.9316856439344
2.895093	16.507290723282	18.6550683722263	14.3499885619601
2.994705	5.29428971731065	7.11021453460624	3.78053074294661
3.0186845	0	0	0
3.049127	0.92472753431755	1.41294363878412	0.538838070952786
3.0693805	0	0	0
3.088923	0.850887568941718	1.4421779167842	0.306498801682822
3.125783	8.97263660562561	21.43731209791	0
3.18551	0.0566820893813246	2.30275743598155	0
3.2533595	0	0.357952594217821	0
3.2848095	0	0	0
3.300475	0.628124422827169	0.874056681481359	0.336462262634782
3.3141305	0.772163211064147	1.02750864258377	0.486409782358655
3.3175885	1.23599725747666	1.62923892340027	0.798535822032654
3.3272035	61.1102525858455	78.3630827125641	41.8639171322669
3.3363795	0	0	0
3.365779	2.19398863452997	2.6043798033034	1.73627316902325
3.395983	0	0	0
3.403321	0	0	0
3.410405	3.25019655845709	3.85974293159597	2.53877658625256
3.437741	2.48605999459545	3.14493204980259	1.89095321616589
3.463585	0.0381994479958289	0.0516766752503992	0.0281952978623305
3.4679785	0	0	0
3.482762	0	0	0
3.5197995	0	0	0
3.546706	0	0.0114338579250138	0
3.5507115	0.300086611639605	0.881931576073564	0
3.555207	0	0.0681781944353354	0
3.5616305	0.105149844233372	0.679907671501672	0
3.5685395	0	0.207090594268526	0
3.5785555	0	1.24207189642368	0
3.5872725	0.00285515522600366	0.0257429609234344	0
3.590709	0	0.281310058669432	0
3.598647	0.372218724699864	3.03673862935613	0
3.6084495	0	1.27015184721243	0
3.634628	0.49799635206708	11.566938435317	0
3.6700005	0	8.92654716023709	0
3.685021	0.0176795548148118	0.067668339750963	0
3.689092	2.42937877779819	8.60294341947212	0
3.7083575	0	1.19051822248601	0
3.72452	0.0584438197987246	0.15953488844965	0
3.7436615	0	175.128892534724	0
3.766675	1.15179000323052	2.52572674757086	0
3.7867415	0	0	0
3.8090415	0	0	0
3.8502765	3.21168814436448	5.67518693624187	1.44537734539105
3.90753	2.96140566999538	4.95943876483756	1.86525880558389
4.0022825	0	0	0
4.08228	1.71416812917532	4.3595324292406	0
4.0938	0	0.410073353265041	0
4.123595	0.901247338429685	2.18239412952375	0
4.164549	2.630732511329	5.56385182328656	0
4.2319645	4.61191861041358	9.08443593954297	0
4.294447	0	2.47748371503663	0
4.346224	0	0.480812396722292	0
4.4061905	1.92905639963596	4.28272387563208	0
4.456872	23.613503995273	49.8256596182457	3.61865571320773
4.504221	0	0	0
4.5241905	0.121677038214011	0.271814859797288	0
4.5417595	0	5.76059905274935	0
4.5709715	0	0.327089514811459	0
4.594163	0.312542979035584	0.802657678584212	0
4.6020165	0.916246478199406	2.39741687381603	0
4.646058	0	49.9932034348621	0
4.694777	0	1.89926756749804	0
4.711456	0	78.0067310375251	0
4.7309585	5.83675449371349	22.0466468197502	0
4.7437575	0.177325599686111	0.742968114689296	0
4.7521235	4.65590317273794	23.5508812415786	0
4.775	1.27005981361927	11.0082495978314	0
4.8005305	0	0.741142978293485	0
4.814423	1.64776059225815	2.76664115708709	0.501302266709452
4.8295305	0	0	0
4.8486845	0	0	0
4.860672	8.82339385825594	12.4981253549262	4.18018191458494
4.8695675	0.618261199801289	0.872917292043517	0.285020155000728
4.8919555	0	0	0
4.910844	0	0	0
4.9234905	24.9750054498134	36.5386969522253	13.22607822419
4.935669	36.2250632303047	52.6812191676197	20.2454681989971
5.055121	257.488459066921	370.301863981546	149.225073541863
5.233393	0	176.918118099404	0
5.3270715	0	0.444539952541939	0
5.3853475	0	1.2673569116365	0
5.501548	0	16.2055203823425	0
5.7265935	0	47.6902908806526	0
5.8935095	0	0.573244800939388	0
5.9265235	0.0663690527566354	0.480856342639149	0
5.992208	0	16.1800584359901	0
6.068352	1.15248613786975	5.03828395132926	0
6.107359	1.68937153974787	6.96890482897792	0
6.1545335	0.292296495159914	1.08442839662079	0
6.3540145	20.8781999604634	46.0666045085605	0
6.6403495	26.6463393114732	51.1901763308474	0.274921247498789
6.7518795	4.9368726035077	13.4756762621824	0
6.776504	0	0.901237410977906	0
6.7976475	0.00790628901544236	0.0351544133989316	0
6.798854	0.476073140706318	2.17940692782175	0
6.803861	0	0.584560908418123	0
6.813118	1.09377359574825	7.49696536998039	0
6.867922	0	5.42543341753843	0
6.93158	0.414778920118293	1.9195205581905	0
7.0166225	0	64.8757179154718	0
7.1039835	678.288952934499	1419.72051930209	0
7.1424605	98.3936001339753	199.712348772005	7.91125580254716
7.1652375	0.0669534641433613	0.125940314452972	0.0125178000391222
7.176783	0	0	0
7.256326	24.5165869821975	33.7123055981666	13.6577999308279
7.4116355	28.4112927226766	36.634096196702	19.8889878789978
7.5045035	0	0	0
7.5296095	22.5187743833364	37.3297024701167	12.0340129353404
7.55064	28.6836138993528	48.1998744548549	13.7483691219301
7.5701475	12.4775787767222	21.250821074534	5.4646388517057
7.5880605	0.0586213829740148	0.0993799055463652	0.0245585038069289
7.608175	687.978006058276	1189.95895924413	269.979905837348
7.655192	0	0	0
7.8142055	2.0521117853864	8.05064646691621	0
7.957699	0	0.251414375024714	0
7.970104	0.0886204927127474	0.253623438040086	0
8.007256	1.38914837189875	3.0899464342212	0
8.088368	0	0	0
8.150559	3.90626213194663	6.40593670108996	0.795726248750563
8.176326	0	0	0
8.1904505	0	0	0
8.220028	1.925916842504	3.55302318091096	0.566734533396426
8.2522815	0	0	0
8.285555	9.10360159081435	15.7611574789322	2.98683215062993
8.3122625	0	0	0
8.315483	0	0	0
8.316673	0.230364820531657	0.385548711329045	0.0656185678204474
8.31776	0	0	0
8.3358655	4.10146288379259	6.38780386740898	1.63948974493609
8.35299	0	0	0
8.354621	0.520177139282316	0.736580377118949	0.28419994784024
8.3703715	0	0	0
8.411577	4.04146829941776	5.35096979552696	2.62091261952086
8.4399575	0	0	0
8.443611	0	0	0
8.446063	0	0	0
8.459171	0	0	0
8.4724695	0	0.128261747473433	0
8.4753065	2.29247956277067	5.18484319815737	0
8.48884	13.4274113943798	30.0502130169713	0
8.5088535	0	0	0
8.554127	377.721990454998	589.626832959557	126.598171849867
8.5945495	9.39334189155274	13.6988076114903	3.43295641298772
8.6182385	3.24061534965909	4.84797973000689	1.03201205195891
8.676657	0	6.68487461043034	0
8.73157	0	1.66349759141022	0
8.7487015	0.14053170042852	0.366027694169952	0
8.7571305	0	1.75271406181152	0
8.7903415	0	0	0
8.8203595	9.74478379741778	14.8837752621996	1.80867789339075
8.836082	9.44726643388843	13.755420406579	2.0364804956586
8.87093	0	0	0
8.9051465	0	0.512936773195971	0
8.9162065	0.25144273619308	0.945613568673334	0
8.9239605	0.169543918926084	0.880459931599163	0
8.9365745	0	64.2956947144439	0
9.01848	0	0	0
9.115455	8.93011536460837	11.6705470686575	6.26560676457399
9.138936	0	0	0
9.180419	3.81647783886834	5.58853291500461	2.03475519088819
9.224685	0	0	0
9.2385555	10.8263349025165	18.8904654772146	2.51943936628802
9.247253	18.5525932414202	33.5874776123766	3.61178410378141
9.2486105	18.4002952117982	33.2224961078634	3.75345872490215
9.293009	14.5904591461736	28.2466165998859	1.4003352461853
9.3400725	11.7892761565564	25.1615574932065	0.665497675365961
9.429511	11.1998595520794	24.7177265817025	0
9.557798	15.3769378018868	34.9049585192659	0
9.6112185	18.9537690580518	39.1564255501372	0
9.7621195	29.869613250932	44.0515829981114	13.9319773916522
9.944176	5.81620114227839	8.71548454879647	3.80248393161517
10.054218	0	0	0
10.1276675	3.22365063536246	6.37285708502322	0.505925880046877
10.1498365	0	0	0
10.179871	2.35146869355741	5.69241327481005	0
10.2016285	0	3.10770980229908	0
10.2171785	0	0.127150457544751	0
10.2383795	2.02891796725472	7.11121890639113	0
10.268209	0.0445564229320514	0.672563212337949	0
10.3061815	0	6.0672982754742	0
10.329504	0	0	0
10.3414275	0.460964570326256	0.887487950439388	0.0494133668876358
10.3580845	6.31296424891771	11.6143368870819	1.41443003009376
10.3836685	0	0	0
10.417597	15.6301697520464	25.9471047940892	3.96286017590533
10.4682615	0	0	0
10.529597	0	0.232129546919909	0
10.555416	0.00477478952390582	0.0136064343179601	0
10.683805	0.794523689527636	3.07717971574937	0
10.822885	0	0.583798010157841	0
10.9879095	0	0	0
11.165703	0	0.217117847207162	0
11.2395595	0	17.1170472168751	0
11.3406995	0	26.7683926815007	0
11.4475715	0	282.275001275419	0
11.615054	15.2025598835189	137.178291018151	0
11.7383815	0	3.17531162690573	0
11.832084	1.0210584893912	3.13951015828645	0
11.920022	16.0913473352874	40.279044313721	0
12.054833	24.157985812558	42.3637432582479	11.1362264232051
12.2634535	17.185949718436	35.714661606711	0.21324571592623
12.358872	4.4900973029541	14.4110980642454	0
12.3793235	0.224835471136395	0.858389051400051	0
12.387415	0	2.50434393660582	0
12.399877	0.980493172125697	4.988171378515	0
12.420065	0.608009794842351	4.4299473978206	0
12.444288	0	19.9165554776986	0
12.505469	0	3.79038433737409	0
12.593275	3.85017102199535	22.5309712542023	0
12.726952	0	18.9305573791761	0
12.917505	14.1646305731967	80.6798418015605	0
13.0327	0	32.9871044798717	0
13.0599385	3.65356238515471	55.3749417379795	0
13.0714885	0	0.305074126036402	0
13.0932265	0	2.44099160045088	0
13.1147325	0.398515198607333	2.46741961035684	0
13.1177615	0	0.272224337705593	0
13.1250495	0.103829388657762	0.602595543857893	0
13.159407	0	0.954961344043466	0
13.265092	0	22.9042969052652	0
13.3474515	0	2.17959035812105	0
13.353046	0.00209833675980135	0.00737175368626648	0
13.378653	0	0.107094476667482	0
13.591391	3.45962918675907	6.27017357863921	0.784074890261995
13.820043	0	0	0
14.1494355	0	2.57756787846709	0
14.5583895	0	0.179909319327653	0
14.7725795	1.08134177276703	2.34681711958357	0
14.914817	0.292035280189188	0.565564216650411	0
15.0583915	0	0.212064201918806	0
15.1672635	0.0119509053170292	0.0599910998790619	0
15.202323	0	0.0943344059463582	0
15.3004905	0	0.122913876017113	0
15.408202	0	0	0
15.4416765	0.115053260817528	0.272593856208545	0.00338542947533576
15.4512255	2.53796144846532	6.11597546932822	0.0840512033686
15.4600975	0.0315259827043566	0.0750274978350006	0.00116609179630628
15.465181	0.172212068684849	0.406151693261706	0.00681330826435266
15.5679275	3.34720850384443	6.74368452737849	0
15.7317045	0.347867673856083	2.38339630760267	0
15.902289	0	1.9384969165912	0
16.0084235	0	0.00881229628784177	0
16.0335475	0	0.626075674035176	0
16.2812745	0.180497701730837	3.66338543554437	0
16.505563	0	6.46508562360885	0
16.5466235	0	1.1414329234525	0
16.5884065	0.000231594505701345	0.115989999171345	0
16.5986405	0.00347761267169648	0.134476149854752	0
16.6121865	0.593594595425932	9.37604236185084	0
16.6335565	0	0.197907623849424	0
16.801151	0.445568200306474	1.40858490746784	0
17.0335525	0	0.733480280280221	0
17.1638515	0.117454451531321	1.18315573797495	0
17.2332275	0.245119037342303	2.76454298027442	0
17.2624475	0	0.365319257641364	0
17.2718845	0	0.00237811001860481	0
17.2737505	0	0.0329687072047413	0
17.394427	0	5.41716742965947	0
17.518792	0	0.013890603616493	0
17.552929	0.0272897240175511	0.447121467434728	0
17.63503	0.560785740571048	2.2393971901721	0
17.7300905	0	0.0733789020810966	0
17.7808475	0	0	0
17.8358435	8.14798212306569	15.8040841889662	1.24820774587211
17.9832555	3.03283145917471	5.31704141456997	0.579159224998483
18.0956975	0	0.0723581039367334	0
18.1376595	0.950606772612363	2.63733203436143	0
18.1814055	0.110077213299709	0.379827516229844	0
18.2198555	11.585162074447	45.8437153075633	0
18.326514	4.03782918218467	22.631698795513	0
18.533035	0.281632030458463	5.62870084334827	0
18.761802	0	5.78261881136967	0
18.9370475	1.06243077172651	4.86477064284703	0
19.0360955	2103.97252921526	8297.74188847042	0
19.069768	0	8.16208554543761	0
19.08074	4.04117779790907	12.6289418626938	0
19.085257	0	0.0988432739049595	0
19.0884015	0	1.09745679685341	0
19.099177	2.23718373511797	5.8780732005185	0
19.135207	0	0	0
19.1636105	0.0140118476684505	0.027138772127701	0.00395463803760281
19.2058495	8.05659884617699	14.3233371916126	3.33296032280809
19.251827	0	0	0
19.2649265	8.14072983257673	13.4432128320352	2.76342018682559
19.286519	0	0	0
19.3746785	6.81259073199107	9.86283728106521	3.68758857278354
19.5045455	5.38477636691583	9.54296889007777	0.420954664766876
19.563621	0.854033507865397	1.67027903755824	0
19.597569	0	0.994781378745977	0
19.806419	4.93457186199392	7.82732996414094	2.77731037352284
20.006502	8.51213386422413	13.359905363242	2.046445027585
20.054756	18.4514399525494	29.2786394066435	6.31730893565599
20.0875735	0	0	0
20.109642	0	0	0
20.1310105	1.08988898510076	1.59295474821029	0.602823230927301
20.135172	0	0	0
20.197101	21.3728627760832	29.5727312937411	12.0241179735447
20.2772325	3.80244156260954	5.13647192736859	2.21041829452473
20.329868	2.11165498232154	3.01600813828163	1.14579451465195
20.3985625	0	0	0
20.436678	0.708094081656662	1.35982547000334	0
20.6802255	0.123199158419068	4.06002440706124	0
20.9259305	0	0.104280248801486	0
20.9408775	0.131930702639589	0.313408613266453	0
20.954658	0	1.22342672009179	0
20.968235	0	2.22426825492266	0
20.9910005	0	0	0
21.022579	3.19413898669723	5.20019678985818	0.75144123794076
21.049565	2.64060449078632	4.29313169368504	0.720991292691
21.067998	8.28201446763559	13.8179361713296	2.3188689807853
21.087523	0	0	0
21.106583	0	0	0
21.1468035	2.94182302542654	5.52737963981237	0.563569785141159
21.179279	0.0697599394992408	0.142687657777098	0
21.2398845	83.4159694616068	188.615832606837	0
21.3032835	0	0.0145203961572741	0
21.3416415	3.39557262343234	5.5863823719287	1.03522459237959
21.427943	15.1480744924236	20.4948453775938	9.79760415517956
21.50146	18.8133372771736	25.2398987236204	11.3914910180953
21.5486085	19.5735829722217	28.5887518470739	11.2111890056442
21.600394	16.6325428373858	25.4875357060021	8.72455483201271
21.6296475	0	0	0
21.6359485	9.3165727831722	15.6332306728749	4.36139554683703
21.661211	2.96310248861411	5.25085300094575	1.25004079295897
21.7698605	0	0	0
22.003446	6.84647484051882	10.1099281160039	3.77938384404965
22.1724555	14.567234041352	28.1529750329682	5.1821349374931
22.1978945	15.0224495909018	29.3581044705802	4.80493490406498
22.2275215	5.19440663459888	9.28371324171803	1.65317691847683
22.290117	0	0	0
22.3399855	0	0	0
22.3667815	1.79934329784714	3.67674506580843	0.503503437821416
22.409596	6.3326788977547	14.6282820293305	0.721164759776417
22.4545235	1.05074007216333	2.68669478349358	0
22.476327	0.594716653412027	1.54700632174364	0
22.522968	0	3.32873673548655	0
22.578891	0	0.234493114686267	0
22.59784	0.153324883368256	0.269127441267711	0
22.618566	0	0	0
22.640355	0.341708867279474	0.52494123314288	0.107169472489891
22.6656095	2.76335207771848	3.86370379041666	1.23487230479416
22.7100685	3.4674660974734	4.65560486690721	1.93260013349881
22.749111	11.9952520494961	17.6632059520278	6.19251093078648
22.769202	0.864883044704878	1.33343797579124	0.379795059511983
22.7765535	0	0	0
22.7807525	0	0	0
22.7862795	1.90826908098256	3.02942147859256	0.762637287018437
22.804151	13.3625514180296	21.3581230503358	5.8555475585661
22.836362	145.171129651337	231.078947022663	81.5723382137506
22.8669205	1.14921921104618	1.79928977269537	0.722867261492618
22.917178	0	0	0
22.9596645	74.9067593718482	105.072856422495	44.5252989257635
22.9641195	8.46901939577016	12.0889541768039	4.80440237925223
22.965009	0	0	0
22.9682855	0.242631187669101	0.354306066684487	0.133116503321302
23.000712	6.99563141832907	11.9255790680567	1.84988661665895
23.043623	0	3.18984496634402	0
23.062351	1.17517082327544	4.6674772469694	0
23.08186	0	3.06855053751986	0
23.106181	0	6.02864831673156	0
23.1191215	0	0.587873696596288	0
