phys	rec.rate	upper	lower
0.022727	58.9844103253621	133.556258897196	0
0.030145	55.5513621907974	121.156733454739	0
0.0795605	35.0672711976986	71.7507414765085	0
0.122234	18.8099136992253	63.4423440138714	0
0.124241	18.0630018798022	61.9846659140415	0
0.125801	17.4850156616339	61.4460922820175	0
0.134884	14.1816334111487	56.9411223433146	0
0.156941	6.71065605735442	47.6178008707244	0
0.1699725	2.71567882226678	40.1801197756568	0
0.174032	1.59274472067925	38.9294111328711	0
0.178075	0.513668599654184	37.9078270400564	0
0.1781035	0.506339138352365	37.9058205434309	0
0.191337	0	31.4879731919018	0
0.209638	0	24.3899135226197	0
0.2313845	0	16.771477299055	0
0.248061	0	13.094796276159	0
0.269052	0	10.5887189650529	0
0.3488375	0	15.8755104740211	0
0.422158	4.03328268899242	30.1343685271272	0
0.436797	6.91561584660673	33.5562978179555	0
0.4401415	7.62819375442708	34.8664217493587	0
0.4440615	8.47396192589773	35.7866204629169	0
0.4564775	11.2041013347397	38.8925104959365	0
0.4807825	16.5544962143253	46.04089676667	0
0.493387	19.2541292373566	49.5950110345019	0
0.506987	21.6534218570657	55.2718055298754	0
0.5205825	23.600246498755	60.7047101904264	0
0.520594	23.6015107051627	60.7021747320755	0
0.522959	23.8254432354268	61.9866833704524	0
0.525424	24.0194825365447	62.3273781121143	0
0.5308835	24.1712232630109	63.5619759363219	0.481084481238576
0.538991	23.9633842608816	61.6570014438193	1.83542620265341
0.5421745	23.7094016865051	60.941554423534	1.55734715944449
0.543423	23.5807476254535	60.4429344351573	2.01131824039811
0.548313	23.000783014914	56.3603690601539	3.00213040565388
0.620053	13.3110036920212	27.0016974711852	0
0.688899	4.0979872738945	25.2620466167113	0
0.690073	3.94478142372042	25.0936099418783	0
0.690082	3.9436150741447	25.0923005635533	0
0.690091	3.94244886365934	25.0909910343268	0
0.7021385	2.64934492120082	23.3279470223464	0
0.7144	1.61074569835887	21.2857046406124	0
0.725992	1.12279359348962	19.7102590402797	0
0.7374595	0.875192915710547	19.2392572624836	0
0.756109	1.19217249825813	17.1438898504834	0
0.8054665	3.48813067134427	15.5421468213391	0
0.8575465	5.6624672153229	26.5496310242393	0
0.884288	5.49569572996928	30.2979125641711	0
0.907855	2.25402209032709	30.8059847792936	0
0.9259775	0	27.7099300771158	0
0.9265205	0	27.4474890299036	0
0.9270735	0	27.6560117838272	0
0.927202	0	27.7000294409325	0
0.927327	0	27.7406799531364	0
0.9293795	0	26.1959271091838	0
0.9314145	0	24.9831191918734	0
0.9314235	0	24.9817513632872	0
0.9345255	0	23.5276997892337	0
0.937733	0	22.0341970304074	0
0.9544445	0	15.3576455017468	0
0.9710485	0	12.5502870808058	0
0.9711845	0	12.5411038160913	0
0.971326	0	12.5314895116787	0
0.9806415	0	10.0590949272541	0
0.9899535	0	8.79304974050616	0
0.9899605	0	8.79088894698579	0
0.9899735	0	8.78687645590724	0
1.0078355	0	6.72513801784563	0
1.0721285	7.71513958342271	18.7536864571434	0
1.1359815	10.3031092730998	24.0402713157974	0
1.153394	9.03553095828122	22.0088081474334	0
1.153413	9.0335366248822	22.0033361135484	0
1.1537155	9.00166910582663	21.9157524162996	0
1.154014	8.9701074013503	21.8288502440063	0
1.16701	7.52157953375183	19.5848561257761	0
1.180844	5.90076960976508	16.4063867063753	0
1.189066	4.9133656613026	14.8093085776108	0
1.1974765	3.92872850528426	12.4934023816677	0
1.1986955	3.79036541462427	12.2564228370643	0
1.2163075	2.14356738957214	8.92069899082629	0
1.233949	0.838465812038683	7.05236507712234	0
1.238896	0.585025722184794	6.635604506329	0
1.253889	0	6.2329650440794	0
1.2643225	0	5.99582145771208	0
1.265528	0	6.06146279167619	0
1.266556	0	6.12288258050754	0
1.266564	0	6.1242901067484	0
1.2672185	0	6.14730560948551	0
1.2678675	0	6.11187058476057	0
1.2678695	0	6.11111699405134	0
1.2678715	0	6.11036330745518	0
1.2678865	0	6.10471042780799	0
1.278272	0	5.33971365874941	0
1.3236785	0	1.79768778760968	0
1.3889975	0	0.580768804807372	0
1.4192895	0	0.975891630636316	0
1.419484	0	0.982969611981308	0
1.4196755	0	0.989951589375194	0
1.4226455	0	1.18111569558133	0
1.4256175	0	1.40399029741104	0
1.4256325	0	1.40508033733005	0
1.42676	0	1.46516667334668	0
1.427999	0	1.51262102619502	0
1.4292135	0	1.55177468212771	0
1.430422	0	1.63474034965818	0
1.431267	0	1.75607958043582	0
1.4368065	0	2.19077215797576	0
1.441628	0	3.05437666426471	0
1.4416425	0	3.05162380403581	0
1.4774365	0.974758617936774	10.7305510424307	0
1.525651	9.0115744909813	26.6299587454265	0
1.544624	10.8940383372501	29.3891687294499	0
1.5512725	11.3962132448752	29.6187360879449	0
1.5513735	11.4030071002157	29.6300351843645	0
1.5817775	12.7843025838994	28.543801633596	2.94598619574917
1.612179	13.5050849531682	25.4732462930731	5.32002980899971
1.6121865	13.5050998603242	25.4728391170895	5.32058272707629
1.6193745	13.5105135348779	24.866665432861	5.83170886680219
1.6345285	13.4948763434327	23.269061057699	5.58010456688991
1.657071	13.5367712858089	22.2261068486477	4.71042905394154
1.6718465	13.6620406766203	23.2320432104632	3.22105782071053
1.672067	13.6650032872004	23.223602883048	3.1853712883441
1.6778205	13.7718634962736	23.6367342615756	2.63723123410986
1.6954085	14.3792290367204	25.8160504888072	2.35351237760195
1.707268	14.9847593394556	26.7206515129271	2.9305116081588
1.723482	16.3201916330997	27.3075523827002	4.74095610783834
1.740323	18.0588069927799	28.1253338154136	7.26447004919322
1.748712	19.1828620312264	29.2619092801053	8.13921034934596
1.756466	20.3018308425935	30.9164554813881	8.90323215324495
1.7564755	20.303292278274	30.9215329932748	8.91126835396892
1.7566475	20.3297417942353	31.0136743048505	8.91525755089583
1.758624	20.6299678413253	31.771203989404	9.06643585710501
1.7608995	20.9696014443526	32.3177983603412	9.40694513315134
1.773138	22.3411615475137	34.0352235918041	10.8867834145953
1.7849275	23.2397758198002	34.968303886209	11.2380755025267
1.7850935	23.2465971670664	34.9850540269424	11.2213413497235
1.7852475	23.2528233206608	35.000100502288	11.1838696782549
1.787477	23.3192740889955	35.0407602311381	11.181812436295
1.789717	23.3634706835871	34.9037897557148	11.3955777616837
1.8082695	22.309961353686	35.0253113885926	10.4789581293741
1.8270805	19.97286595391	32.8986060451024	9.56275767048501
1.8276405	19.8653014875579	32.7616181541447	9.54793934290695
1.8323015	18.9295649114563	31.07050076733	9.05494820032376
1.836795	17.9926217100799	29.2014020368118	8.59477199325117
1.837482	17.8445282890509	28.9199976320244	8.58147019890613
1.850869	15.0515836939541	23.7642202999297	7.23949081744327
1.896828	7.32826202404505	15.1645387386989	1.35678153266713
1.947592	2.5590589993641	10.8204582495009	0
1.965223	2.08140647219959	10.0194193122138	0
1.9652485	2.08135571548059	10.0170029943613	0
1.978051	2.48313666704639	9.53590468434435	0
1.9915365	3.38150076067811	9.96929760675046	0
1.9922535	3.45502747240157	9.98875004405015	0
1.9937615	3.62207800316008	10.306338336292	0
1.995408	3.81537313960643	10.6088182023138	0
1.9955675	3.83516245984977	10.6041463862383	0
2.0051085	5.40839546849723	12.440736800817	0
2.018198	8.28324015794242	15.4600550273573	2.6111977673785
2.022014	9.32515274885295	16.641536007876	3.60233406450032
2.0222735	9.3997088826297	16.8460986032598	3.65390484069642
2.023094	9.63758558506573	17.0856938095005	3.75605173513199
2.0239175	9.87773915520205	17.3442206134561	3.92402971766934
2.0246675	10.0976336174255	17.481632650349	4.05769243202815
2.025426	10.3199137149732	17.6657362247345	4.22770637327366
2.0255575	10.358397245337	17.7137998634598	4.2650241842555
2.036639	13.2165643321593	20.9584695720932	6.55668046546897
2.047849	15.7071596805376	24.6718843363613	7.81876765140822
2.0481155	15.7568863524423	24.7760989496169	7.84501370830398
2.0559635	16.9883553936744	26.1622562756884	8.49528838154083
2.064151	18.026495078089	28.2328581877339	9.02605032155364
2.0730015	18.6693685063941	29.2067522863605	9.39521216837496
2.085157	19.1290031339088	30.5944980203011	9.31955430614
2.104528	18.8017046962396	30.976695130894	8.50611616233749
2.1244515	17.8122423439249	30.0863930508987	7.68892605616062
2.1286845	17.5037469170421	29.58198734007	7.53011485956732
2.1287095	17.5018407589057	29.5765044178207	7.52349387527505
2.1288375	17.4920834166452	29.548432113073	7.49578990327877
2.129336	17.4541693463915	29.4392648653388	7.45014411892238
2.143558	16.491449930711	26.9009095904937	6.43449545857667
2.183571	14.7775503965141	20.8711604963885	5.53174732249051
2.209755	14.3263112601331	19.6393804430076	7.33019840080838
2.268302	14.1972355083956	20.968914530685	7.13463058592281
2.326846	13.9581516494114	22.745844239332	4.35012696530586
2.3270955	13.9566252462698	22.7332610425664	4.32525048236654
2.332104	13.9046758549765	22.5994366060838	4.20222933571591
2.3603875	12.8244879817834	21.5314226975659	3.75509045487407
2.384018	11.2376882179738	19.7185097425875	3.02214371261838
2.384357	11.2066441974637	19.6664574526678	2.98790561780562
2.384596	11.1846746264608	19.64414066177	2.98102044552635
2.3892425	10.7450796418427	18.8797208371767	3.01174396961725
2.4022905	9.44589690767802	16.5184490278123	2.24365582236177
2.4107925	8.57556408215815	15.1051192279883	1.86807720931842
2.410894	8.56503559821378	15.0765527116528	1.87065722701433
2.421824	7.53065010168727	13.614089989082	1.38117052901646
2.4630105	5.23831261995036	11.0162724917704	0
2.4934695	4.84000687258822	10.6153991044732	0
2.4981935	4.94618509643539	10.4825972006723	0
2.5031	5.0770799869425	10.5180019431434	0
2.51434	5.46992067302798	10.7746619851938	0
2.5312425	6.16433532394192	11.2991943532439	0.472380732637443
2.5372775	6.43503052039394	11.5021685847579	0.777129909003008
2.558423	7.24243681481372	12.5111625751643	1.75026742678028
2.579758	7.899803650771	13.6990477687352	2.27161896907617
2.580777	7.92325600462508	13.7129042341304	2.28352281383212
2.617014	8.07773076976865	13.4142395155239	2.75847730329882
2.6585735	7.35571852158479	13.3296123577506	0.789850171197722
2.6648445	7.12979328048226	13.1638274481776	0
2.6649785	7.12475240199524	13.159040601628	0
2.675225	6.83569535266458	12.9542108950184	0
2.699043	6.76304964426908	12.9833180429221	0
2.7127415	7.13619217862019	13.7813756466486	0
2.7128805	7.14255549616361	13.7877711248604	0
2.717354	7.38963398642204	14.2347430221857	0
2.7219165	7.68483478620503	14.5627711432862	0.59011387749185
2.726653	8.06934522562524	14.8623566233988	1.07065354664311
2.7314315	8.49275970673712	15.2591272771232	1.68715373257168
2.751454	10.4704177705523	16.7743662630069	4.10616151094919
2.7714575	12.5053016116025	19.587202239791	6.11374434154831
2.7806315	13.2914156012053	20.7168523000795	6.74434348070917
2.78986	13.9025163092447	21.7445134380638	7.19443156499326
2.792762	14.0012895235946	21.741891054806	7.05295725319952
2.797352	14.0533092564445	21.8921769872064	7.10155884733604
2.799278	14.0292137922262	21.9145852107298	7.01055742148779
2.7994485	14.0251846488381	21.9060612634934	6.9964019787621
2.8017375	13.9425593892555	22.0176276503915	6.79544587916398
2.8096055	13.3578425795521	21.1622751023511	5.93191838618016
2.815318	12.7355220932755	20.3403703220911	5.14610914315382
2.824413	11.3688708317355	18.6201101760239	3.68628075265341
2.833611	9.83136638505956	16.9418596872458	2.296877682985
2.8337395	9.80774835035472	16.9173633504926	2.26647862968101
2.840214	8.65856794534104	15.5996382793337	1.37517162516559
2.846715	7.54658365311288	14.8223479969314	0.174003350243124
2.8669225	5.00835767417386	11.9312824658591	0
2.891866	3.08455206817614	9.72143561200133	0
2.8967945	2.95290949777295	9.23036362176661	0
2.897075	2.94844865875965	9.22858167911274	0
2.8974935	2.94222154940156	9.22551088919568	0
2.899265	2.92025361890666	9.10968252876484	0
2.90076	2.90484249388688	8.97230102850857	0
2.900783	2.90464523543028	8.97044135892274	0
2.909565	2.86937646347941	8.99503717174301	0
2.9183495	2.87405661228959	9.1258994241118	0
2.9184605	2.87462230328575	9.1312595792417	0
2.930209	2.96706991393099	9.06068919920986	0
2.9427125	3.10274732304581	9.13448826015907	0
2.96081	3.43021945388275	9.81771792829336	0
2.991784	4.23547772139402	10.9728050023246	0
3.071169	8.03326045802958	14.7242599752574	1.99523420326302
3.1502035	13.2840459438286	21.0478001310623	6.32442854240333
3.163994	14.369481654827	23.3082569713679	6.30367116379263
3.168697	14.7354809540268	24.2925695200501	6.44706916198163
3.190643	16.1926673300444	27.1259374531946	6.0842108332476
3.217713	17.4572855250544	30.0757804896331	4.7090267846998
3.2271385	17.6968961924437	32.0564835165305	3.97271757603565
3.2271625	17.6972962999632	32.0549361586114	3.97180977512303
3.2273415	17.7002026824953	32.0432487198222	3.96507795758769
3.235204	17.6623038580919	32.9930189721475	3.46666490634316
3.2550195	16.5130847770148	33.6537940084496	1.87706423353501
3.2671395	15.1770744223518	32.2089884488376	0
3.270625	14.6587316678308	31.1467707620997	0
3.2741105	14.1171570288039	30.781901401291	0
3.274271	14.0911307385585	30.7849942522127	0
3.2745835	14.0403904865987	30.7361664806808	0
3.274761	14.0115500950414	30.6676753444354	0
3.2875375	12.0664388231677	26.5305937374523	0
3.34436	6.0766130886065	17.0505928454257	0
3.395167	3.39093556617227	17.8385408109868	0
3.404131	3.23323526010852	21.1055226347223	0
3.4063675	3.19415231001033	21.4070199438196	0
3.406498	3.1917810471362	21.448499329985	0
3.430328	2.45242551408319	22.7960774142198	0
3.454172	1.40441505705628	20.579931947989	0
3.457932	1.19222127450141	20.2191520009799	0
3.461573	0.988214874416928	20.0823369896233	0
3.461758	0.977963584779537	20.0829766281889	0
3.489547	1.10288317762746	19.4757861035513	0
3.5213315	3.46022840954965	21.1117611180113	0
3.5255045	4.08386319256844	21.9204501275619	0
3.5308105	5.05089882649166	22.508548753364	0
3.543162	7.89634459890592	23.9661153737377	0
3.5503285	9.90345009374511	25.6501142331364	0
3.5511205	10.1500371336561	26.090601739659	0
3.551803	10.3645282253964	26.1129476015622	0
3.553676	10.9650072523874	26.8015640962697	0
3.555814	11.6597696650939	27.5810168589556	0
3.575379	17.884040339513	33.7193073198845	0
3.59547	24.04416352953	40.8758017983333	5.49520553714668
3.601861	25.7280733465348	44.1761362549535	7.64075155302969
3.6121415	27.830950287259	45.8753541354797	12.5473723948558
3.6169665	28.5022911999205	46.1583029796028	14.0622888236531
3.617232	28.5300583276301	46.0760214608867	14.1604094763559
3.618234	28.6236572447348	45.7424141486308	14.7096307723439
3.619113	28.6968849884616	46.2140938393228	15.1023270144568
3.619123	28.6976293371591	46.2110593633006	15.1062952730362
3.621982	28.8459663911734	45.1872506041426	15.6200672297333
3.624967	28.9306639875432	44.6704199551181	16.1411982356456
3.638925	28.3426724299605	42.0827985081994	16.3967866795854
3.6696165	24.1667862705377	39.7879144701462	11.9821557291844
3.6890915	19.9480834967555	34.8434817921427	7.61007686457412
3.6945385	18.5373971561666	33.2095086663936	6.76398443479107
3.7073295	15.1538524103804	28.0764829358783	4.994203505312
3.7172865	12.5241608433866	24.7264775332401	3.90041451490238
3.71729	12.5232388805756	24.7252024793722	3.89987378884735
3.717305	12.5192879562794	24.7197366176974	3.89755864880736
3.717326	12.5137573554751	24.7120820930148	3.89432141626351
3.7201875	11.7776155573024	23.3131078875396	3.52398472474967
3.7268	10.1706002375313	19.6560578118701	2.88207305301479
3.7339265	8.5934705248898	16.8643206581936	2.43616886057851
3.749832	5.7356004296433	10.6787445436132	1.46931725950177
3.7624865	3.88795456938626	7.39319264721206	0.274417086680306
3.770535	3.03756636105902	5.9813360604214	0
3.779324	2.24490168351983	5.27572989490978	0
3.7802545	2.17508660562202	5.20230814821294	0
3.7803385	2.16890756797371	5.19839136752251	0
3.7804825	2.15835380073008	5.19168249850223	0
3.787515	1.69690956095624	4.98449578387965	0
3.79937	1.07207258713674	4.66178863124586	0
3.8043335	0.872270188590139	4.65516545089965	0
3.812111	0.657093097503255	4.51922644729202	0
3.8298305	0.46696444313152	4.34340576190769	0
3.8397895	0.52703178317596	4.37359673929826	0
3.839813	0.527394162952858	4.37533342093309	0
3.859663	1.11828633644469	4.94092523376338	0
3.8821955	2.15487086329046	5.92491447474965	0
3.9031625	3.61984449680477	7.48117649910178	0.0579599089832836
3.9216685	5.08732015932828	9.75616916605927	1.4607222945331
3.9302555	5.84837389419429	10.7212698152907	1.92042804538898
3.9386125	6.59926309864297	12.0876012983586	2.22728923034887
3.938631	6.60094726377469	12.0908600483821	2.22782248318423
3.9387975	6.61609393918328	12.1261988074584	2.23265184770989
3.9457965	7.22453482399213	13.3699433308875	2.39269720965188
3.9528325	7.80665806987659	14.6308640041431	2.5732707584944
3.989323	9.54896742501196	16.8045836291703	3.37360756701306
4.025863	10.1527759152668	17.1582054276113	3.5386891301189
4.0261265	10.1489113381834	17.1547283060272	3.53398422969204
4.027686	10.1228381377035	17.1764595605072	3.50751283872548
4.029385	10.0910783353479	17.33172025146	3.4801048906373
4.029559	10.0874880023143	17.3433572169578	3.47764822900278
4.0495385	9.36383028183127	17.5811172988341	3.03923033218428
4.0696435	8.32371330506554	16.5302295881799	1.77201345411797
4.095501	6.55594148629927	13.3250887568023	0.0576806994736125
4.121226	4.76843396253988	10.5153546357856	0
4.1251745	4.49815585709663	10.2263509915506	0
4.148631	3.32552117171778	9.86016541607679	0
4.168161	2.75486250487071	10.4823094835315	0
4.1825525	2.80139397480492	11.4589787723997	0
4.196941	3.06384511434878	12.91231174358	0
4.206429	3.45866597539901	13.6933894307994	0
4.2166565	3.97683778043125	14.9882923867363	0
4.223031	4.37434208329134	15.7059071317194	0
4.237374	5.35954614518332	17.2482985669345	0
4.2462745	6.0127181429286	17.5660202605287	0
4.247583	6.11215360368585	17.4248424465217	0
4.2489665	6.21733197949525	17.2833034117272	0
4.253419	6.55258962587341	17.57042880699	0
4.2761045	8.12895772808759	18.830193601558	0
4.300818	9.63943331671465	18.9735173786937	0
4.321325	10.6251337628204	18.7397520606475	2.20203919187953
4.3363555	11.2143444022605	17.7872879178322	3.98383326678684
4.337123	11.2394420982338	17.6986756128275	4.10185256456975
4.3795735	11.9179455920177	17.3682424334639	5.8907508024294
4.48335	9.20371057426906	17.0245089538435	2.28314390644837
4.5446985	4.8325141425257	16.8083237225915	0
4.5448675	4.8157991128527	16.7767876315724	0
4.5557485	3.35152366699185	15.8926199687429	0
4.56649	1.51891573446545	14.8823196068244	0
4.5666555	1.48448833616788	14.7782490896121	0
4.5672255	1.36104879455624	14.4378624411498	0
4.570205	0.549953146948695	13.5288392450556	0
4.5727585	0	11.7755459775121	0
4.572858	0	11.7426092123224	0
4.5729625	0	11.713978632569	0
4.572975	0	11.7105144663726	0
4.574027	0	11.4634630331656	0
4.5750845	0	11.1106261743784	0
4.5765555	0	10.1341570563463	0
4.5782085	0	9.31969481693872	0
4.5790545	0	9.16894402163507	0
4.5797195	0	8.98266038958751	0
4.5797415	0	8.97082192372357	0
4.579862	0	8.90564590958188	0
4.5860275	0	6.7896616214295	0
4.592195	0	4.57067776164042	0
4.592331	0	4.58180571284552	0
4.5933235	0	4.44126113051421	0
4.602816	0	2.71682194462957	0
4.620689	0	1.19238436086736	0
4.6300675	0	0.943267131695714	0
4.6325935	0	1.32393303335411	0
4.6369655	0	1.44899361475791	0
4.6459425	0	2.1102167722641	0
4.659005	0	4.03206263786836	0
4.6650015	0	5.54187608738885	0
4.6651795	0	5.56444039249035	0
4.6653385	0	5.57322500327263	0
4.6730925	0	7.27055515807223	0
4.7015095	6.81384847402885	16.8431378541627	0
4.7280585	14.3360283404615	25.5461916173875	3.47321018434751
4.7339405	16.0045609883517	27.1309440214644	5.20223324737192
4.7339605	16.0102141133878	27.1341092575629	5.2053586580742
4.7528535	20.697814811179	31.3417546171514	10.1037491221073
4.7719855	24.7752007555824	35.5186470183898	14.5004654300419
4.772239	24.8202584039476	35.5710961192385	14.5524713939339
4.7799565	25.9551215876009	36.7202086084422	15.9192078216059
4.794167	27.2378550700707	38.3548241711128	16.3843217615237
4.803722	27.3968557881704	39.7463706209512	16.1242697008102
4.8198525	26.0567083313899	38.8648825266498	14.0637189227864
4.8387285	22.7067291222572	34.5729086963747	10.7531337549975
4.847851	20.271932810746	30.9458305725262	8.35390063972802
4.851281	19.2478585441839	29.9878739131115	7.36122588203424
4.852104	18.9926138879259	29.5821371072532	7.11568210095954
4.857267	17.3760769617524	28.2070608920719	5.84139683026302
4.883549	9.46197002875074	19.5734798359613	0
4.9152105	0.885684320485458	11.7320257052137	0
4.925076	0	9.67288175151344	0
4.94753	0	6.41018879145571	0
4.970102	0	4.89412738332129	0
4.980769	0	5.15927853506784	0
4.9912855	0	5.71560065145258	0
4.9912925	0	5.71670857189164	0
5.036832	0	13.0091748654441	0
5.082386	12.1412363110765	26.5123269642355	0.511024308790842
5.0824085	12.1499170713512	26.5276915883658	0.516706336888191
5.0826415	12.2397656053835	26.6869807888415	0.575693426978825
5.082878	12.3309077324194	26.8448837767592	0.635711737355302
5.087349	13.9948011397501	29.7220151220714	1.68743930551374
5.1119215	21.0380107623376	39.8669876246342	5.75443835131151
5.1326695	25.0328179223249	45.543213606852	7.8146086915474
5.133311	25.1059193986838	45.6735474404606	7.89355593033077
5.133336	25.108698537214	45.6784979937402	7.89585978036179
5.1376125	25.5201293231965	45.7238152169776	8.38869623398119
5.1737225	25.2627812371725	43.5672327828976	9.46003034935624
5.205583	21.9375411353301	38.6881728538298	8.31731258672907
5.2055945	21.9353585119545	38.6874637436613	8.31584317990315
5.227634	17.5075979035149	32.7130473045033	6.32009136799907
5.2499015	12.7845413862901	26.0429132792303	1.40642212224351
5.251672	12.3906174220682	25.7655192668344	1.03617388923645
5.2656015	9.42991983449832	20.1370654697746	0
5.326928	0.473112074455848	11.9800497251103	0
5.3923795	0	9.99923459352112	0
5.409082	0	12.3479643253342	0
5.409282	0	12.331341760615	0
5.4245025	0	14.1204138495682	0
5.4418265	0.118630049652616	16.1273882982861	0
5.4441135	0.31888681057618	16.0513291988547	0
5.444332	0.337716029719565	16.0139442933681	0
5.4445225	0.353988629893328	15.9806748928839	0
5.44467	0.366519555520684	15.9546297460014	0
5.444678	0.367196323098905	15.9532053947388	0
5.444685	0.36778825414643	15.9519588057044	0
5.4765755	2.52695039355163	14.1173395682994	0
5.5235535	4.56580287766244	13.8979591015333	0
5.551159	5.03565241353568	13.6716480524768	0
5.565117	5.1614234838474	13.9016609428266	0
5.566569	5.17056551671891	13.858748997742	0
5.606047	5.56694908932286	14.6641580445869	0
5.6456305	6.11899287114804	15.9279394409916	0
5.682112	6.95416192970315	16.218869846875	0
5.722288	8.09694695366996	16.7108619998736	0
5.7262	8.22806149403927	16.6959787891128	0
5.756235	9.1178860925038	16.7103927008018	0
5.8239595	10.2447895128734	20.0103103603484	3.00202131293423
5.873078	9.96450063823042	22.2040445346219	0.959990210918388
5.8844095	9.70452704742471	22.5502532899016	0
5.8966505	9.27815433718174	22.4192073999797	0
5.972373	3.44561776203749	15.678169830767	0
6.0358735	0	9.38747603114701	0
6.035898	0	9.38540063420804	0
6.0359135	0	9.38382257658362	0
6.037366	0	9.26901820566925	0
6.041824	0	8.86715449655708	0
6.064059	0	6.47308656531289	0
6.0833125	0	4.37023764212166	0
6.098907	0	3.47211321971008	0
6.120959	0	3.83360244361193	0
6.1337145	0	4.37129129970057	0
6.140001	0	6.03144840531421	0
6.153138	0	8.86231888597316	0
6.173974	0.596801987486617	16.2614480065265	0
6.1939925	5.76116988848331	25.6882094318967	0
6.207257	9.28945507361716	31.2954498218595	0
6.2083505	9.58199851681876	32.1790228776534	0
6.2185345	12.0403706170897	34.1520333105705	0
6.230064	14.4865115805351	37.4370643868638	0
6.241845	16.2403167681859	36.973191260479	1.19294455069264
6.252269	17.3834440724141	35.6437270119195	3.33350615412295
6.252931	17.4320800588002	35.486956889389	3.37407852923903
6.2536695	17.4842605643683	35.2784039292081	3.47556416307685
6.277059	17.9149929927346	31.9395418000127	5.13290321693204
6.3002755	17.1735730909163	30.4432936435076	5.31921641956495
6.309459	16.3573739767663	30.1512830222555	4.8850642932053
6.328303	14.4460298414983	27.6605472823669	3.20542294447318
6.338013	13.3751442839723	26.3286586806881	2.16750114569576
6.3413635	12.9957400513482	25.6146519282153	1.77847013233568
6.3500545	12.0332393436446	24.0272766494542	0.9144542464632
6.3606565	10.9193067491785	22.3162878475588	0
6.371082	9.90427055397512	20.4155306930022	0
6.4012645	7.44560316985016	15.727140511148	0
6.523976	2.68921414543886	9.44980820800088	0
6.623328	2.43276865342832	9.48298570952158	0
6.635453	2.75943766960077	9.62960634054001	0
6.676719	3.99924824711925	10.4639048856423	0
6.7101145	5.05655631045537	11.1375961898527	0
6.71605	5.24491848202424	11.2310356903204	0
6.738561	5.84834807093579	11.6296069289331	0
6.7656265	6.39204040442089	12.1403688576887	0
6.8139795	6.45749253267235	12.4191277176188	0
6.8594445	5.79202450016338	11.8617676982647	0
6.88534	4.90714549361981	11.7087753970351	0
6.9062715	4.04634686874706	11.7355049767582	0
6.9259735	3.12685157397478	10.8688494145346	0
6.9456685	2.20833938604475	9.88733122188098	0
6.9458885	2.19810549544849	9.88772298701827	0
6.9557085	1.79306762188102	9.48130823044517	0
6.9653205	1.44779227447258	8.80273318878602	0
6.9654575	1.44359893303194	8.78872094814682	0
6.9759655	1.21149372787148	8.11911385206674	0
6.986503	1.07015102738059	7.81555908243208	0
6.991857	1.06151069377091	8.00921737890501	0
6.997056	1.0705133385194	7.83244439184323	0
6.9971935	1.07120401837663	7.83728540110864	0
7.022896	1.35613973760781	8.34742550299004	0
7.048479	1.7937362430727	8.8527477619451	0
7.0486285	1.7971922569561	8.86945724682857	0
7.061864	2.12278928575843	9.24448667844747	0
7.0749595	2.46416774095003	9.89218181407882	0
7.1031055	3.31256166322152	11.6446787875863	0
7.1558635	5.15901695722027	14.4964187737446	0
7.1804835	6.13689822011649	15.6950170524261	0
7.23987	8.67701024628584	16.9389505489402	0
7.337873	12.9796916854718	21.1740880301483	6.48911461857989
7.376669	14.6870056586592	33.2267463885333	5.19127724400509
7.399268	15.2763192516457	40.3004188928997	3.34333274198415
7.4236905	15.4379146807113	42.7339246187271	0.45285426426155
7.4334075	15.1336249626017	42.6146855991352	0
7.441141	14.7208737558202	41.3683192892853	0
7.445294	14.3652042610489	41.0134197521649	0
7.450434	13.8322053906219	39.1011568809665	0
7.4515795	13.6913991102586	38.9369905084849	0
7.456512	12.971857731283	38.010768695319	0
7.463227	11.8163062842131	36.3445640371583	0
7.476709	8.74156657273732	30.9660997490599	0
7.4907185	4.97072277443853	25.1484950364295	0
7.4931735	4.23901544569539	24.0092750989098	0
7.4933025	4.20031456978487	24.0019756148599	0
7.5077295	0.664841622988345	16.5842719078766	0
7.5220405	0	11.7509301773698	0
7.5220585	0	11.7323103874949	0
7.524917	0	10.4599689354826	0
7.5291345	0	9.23808611653008	0
7.5305005	0	9.02990374631943	0
7.5305045	0	9.02885113232874	0
7.5305085	0	9.02779827461986	0
7.5305595	0	9.01438131394614	0
7.531535	0	8.75992989000908	0
7.5324675	0	8.57009138159425	0
7.5442615	0	7.68140860390629	0
7.5562395	0	7.6219212971769	0
7.558969	0	7.71286554357445	0
7.566887	0.00448889877175584	7.76209982438887	0
7.5722875	0.737627980415331	7.92835875240283	0
7.572312	0.741119240016232	7.92593659229632	0
7.585587	2.67950025475735	8.41068035004303	0
7.5990465	4.69252913626558	9.78702149836542	0
7.6171045	7.40163694854374	12.5368761439954	2.00029570110483
7.647619	11.775459358015	17.1866865196261	6.09913449206346
7.678653	15.5783656827547	20.888396965425	9.62214245232186
7.699429	17.7177651965641	22.9944840890771	12.2087996690789
7.711818	18.6795243379641	23.8177361778256	13.4374079668449
7.721982	19.3178880863698	24.5902010180451	14.3018906435939
7.7221735	19.3275642695963	24.5871782540646	14.3159483121661
7.722583	19.3477772295252	24.5798558368568	14.3455737131779
7.7338145	19.5889107773089	24.9964175966122	14.4194694694273
7.7470355	19.4234765987743	24.9859232761079	13.8589527616524
7.7494235	19.3128482614659	24.6465845456795	13.8060574641827
7.7608225	18.3588453073847	23.5218050744225	12.8771408066781
7.7723935	17.0255198233255	22.3603711418933	11.4363387571127
7.772612	16.9934818662652	22.3279998280087	11.4159601818841
7.788983	14.2525581019702	19.6929868154182	8.86794069765057
7.805347	11.1795726846603	16.4107161722428	5.95034626766121
7.8053685	11.1750985196967	16.4083296178856	5.94710465150526
7.8053785	11.1730173632996	16.4072190982918	5.94559732245713
7.805507	11.146280739699	16.3793843857725	5.92625014132388
7.805649	11.1167445693482	16.3229055371983	5.90489856350837
7.8260625	7.26231156654145	12.03888951053	2.769667978868
7.855377	2.54302985726853	6.68476431035297	0
7.864404	1.35537357133142	5.29216778919401	0
7.8956565	0	1.46462612386043	0
7.9322035	0	0	0
7.964434	0	0	0
7.9935015	0	1.37847930913612	0
7.998454	0	1.8113192251181	0
8.0104045	0	2.83508164864562	0
8.0196465	0.10217889601539	3.5157995678347	0
8.0233995	0.301489956936146	3.73570716642515	0
8.0271805	0.479418746043719	3.96891072335426	0
8.028457	0.527570638433	4.09513655759464	0
8.0296975	0.570185626778088	4.13104760806331	0
8.029699	0.570232242198773	4.13099268938833	0
8.0320235	0.625288956141837	4.06343719472929	0
8.034553	0.664847980693873	3.95736995547418	0
8.0347645	0.666445482750783	3.96330938879029	0
8.0347725	0.666500367703912	3.96331740522354	0
8.0382785	0.66015917366015	3.859305528221	0
8.051788	0.23215360180061	2.46547622427281	0
8.062625	0	1.24693967033576	0
8.064065	0	1.1066208850788	0
8.0646795	0	1.0591608738206	0
8.064697	0	1.0584272768468	0
8.075812	0	0.405145474268078	0
8.0892245	0	0.194902696583694	0
8.0916395	0	0.254571451760156	0
8.0917755	0	0.258031537922088	0
8.095578	0	0.288407110697273	0
8.0999405	0	0.201229246821632	0
8.100537	0	0.23483671822153	0
8.100634	0	0.232457030991941	0
8.100734	0	0.22811916491419	0
8.100752	0	0.227324156960618	0
8.101739	0	0.182613953742429	0
8.1072405	0	0.153271143848989	0
8.111909	0	0.170235527289687	0
8.1120545	0	0.173918285414618	0
8.1168815	0	0	0
8.127753	0	0	0
8.1340395	0	0.849772650346564	0
8.1441765	0	2.94781367302307	0
8.1674775	0	12.6218894661555	0
8.188525	5.14286902180923	20.3637790251857	0
8.214085	17.1081163860299	30.6040862426856	8.76941171783998
8.232015	27.1226809916435	45.0705007164579	15.1386644655259
8.2320345	27.1347846993145	45.0987805290402	15.1384652227358
8.2323585	27.3355990013329	45.5658099451424	15.2103847182772
8.237642	30.4670934094594	51.0915846676817	16.1656494948691
8.2435105	33.7466343522315	56.7023004581531	16.7776476754349
8.2532135	37.8855014654376	64.6334921328135	16.3377762921207
8.270926	41.5683408117924	70.0265646492787	14.819839180741
8.2798445	41.3455487951194	69.9910637319304	13.8726216594206
8.281662	41.017661821397	69.6662461023018	13.1903178501149
8.283478	40.6311050146377	69.3468615539414	12.5052298284962
8.2834855	40.6292660084065	69.341092578946	12.499280980963
8.2840225	40.4934098465471	68.9873362009556	12.1889179217694
8.2856325	40.0516337971358	68.7726953809673	11.7452369087038
8.289236	38.9039161942709	66.5929401891905	10.8317573992198
8.29187	37.9778661284255	65.1613016042539	10.1845068708569
8.313376	29.5895229717897	56.7992609595978	6.05307186555192
8.334778	20.8979151555236	49.4900735641415	1.21120871476474
8.351337	14.337652683438	38.743685427641	0
8.373615	6.3151889379602	25.1885665080851	0
8.4225625	0	14.2879207316576	0
8.465925	0	13.2042737209735	0
8.487076	0	14.3953897389261	0
8.508608	0	16.7548312681365	0
8.514435	0	17.6498023898321	0
8.519752	0	18.6222959314124	0
8.524983	0	20.4891692450745	0
8.555181	3.88980757191454	25.4474115397505	0
8.5887405	8.70750244155059	29.8783082178803	0
8.5974365	9.74317843348534	30.8509622327949	0
8.5975565	9.75649539793118	30.8829873887609	0
8.642334	12.2967442912656	31.6701668979478	0
8.6911185	12.1919988715439	34.0044961770814	0
8.7193625	10.0314681900362	31.7161646945639	0
8.7505045	6.91367664579631	26.2666996516329	0
8.7574215	6.0948773347182	24.5218807446862	0
8.765385	5.12136570505744	22.4148266292167	0
8.7737225	4.0953468845762	19.994350897338	0
8.774222	4.03359413815906	19.8679391868586	0
8.909193	0	8.99332005411406	0
9.04406	3.90549631244538	20.5976398044587	0
9.044081	3.90807077796837	20.6032728827643	0
9.055489	5.30812181237574	23.8847188128007	0
9.066903	6.71031681054224	25.662390521802	0
9.076229	7.81988979021889	26.9302471400414	0
9.0856995	8.90816818517447	28.2009049248426	0
9.0967665	10.0190001163254	27.1195278378033	0
9.107694	11.0000829128641	26.5774628812212	0
9.151857	12.2894926678288	23.1358575528478	0
9.1960105	11.3643842665777	22.1872871078561	0
9.1960175	11.3638866232226	22.1865698948514	0
9.217886	9.41579745591942	22.5441412903293	0
9.2400265	7.04028239551724	23.5356452514287	0
9.2416715	6.83488862608007	23.6751462669039	0
9.2434635	6.61256999458849	23.6637356583374	0
9.247623	6.13098848359569	23.9442503437996	0
9.251465	5.71816298913101	24.6147754591908	0
9.272982	5.05647362051434	22.3936305216687	0
9.294396	5.88466920920351	20.8600638318257	0
9.294438	5.88920140891223	20.8452524622809	0
9.2947825	5.92681136279062	20.5903871503934	0
9.296203	6.08846182988674	20.2098099277535	0
9.3027985	6.94567651624226	19.31691969313	0
9.3083	7.73636271598703	18.6403729688084	0
9.3184005	9.2772740982525	18.341053861795	0
9.3345595	11.63522742962	20.0951530540489	2.19218100251773
9.341788	12.5635800747032	21.1765681354313	3.20038049145322
9.3642995	13.5674646856515	23.0316820346493	2.94622215912587
9.3885495	12.5795277724737	24.0663971102782	1.17289413764166
9.3965275	11.4335313883958	23.2621059998508	0.337709053173271
9.4017445	10.5235616005597	22.2999207292054	0
9.4057615	9.70004424153751	21.7811261415096	0
9.409666	8.85602306273724	20.585920069052	0
9.409704	8.84739736789578	20.5783919283271	0
9.4099105	8.80049447645108	20.45351058254	0
9.42534	5.4795431611005	15.9294330665766	0
9.4406995	2.36439515752377	11.7929883516927	0
9.475478	0	8.18766603225051	0
9.5198035	0	8.00535934160368	0
9.5294945	0	8.78726874415378	0
9.5321685	0	9.03867256418251	0
9.5349285	0	9.16251805311399	0
9.5586765	0.435894463440058	12.9036975488865	0
9.5824205	3.85301873633722	17.2510637349339	0
9.6003055	6.85738699358786	19.578188388079	0
9.626087	11.083319682447	25.3409814325414	0.406027371247124
9.6537175	14.4259302448586	32.3808845597385	1.66189788645638
9.673345	15.8138163192925	39.8939568665398	1.53981307177219
9.6733625	15.8143958396	39.8927489597493	1.53784283171645
9.677896	15.8914991836738	41.3427775535377	1.3716584230671
9.6824195	15.8956428972228	42.0417878485163	1.5626027087303
9.693593	15.3209688345185	42.2861046940886	1.63675161974186
9.70489	14.3253713300843	41.0738680640552	0.431743165541154
9.7179525	12.34717588948	35.3939558652509	0
9.730903	10.0370465799978	28.2671651813135	0
9.7309475	10.0279218211677	28.2491289800328	0
9.7311145	9.99369331268217	28.1330706392525	0
9.7734445	4.59285610183136	22.2206616863296	0
9.8156455	2.4840493492807	24.3353209563072	0
9.819567	2.61691712665815	24.5071859427744	0
9.82387	2.79334978900413	25.4332499800362	0
9.830877	3.17237591499994	26.5546444111394	0
9.844764	4.0726685721431	28.1068678027638	0
9.8521575	4.60048756869494	28.7309097863813	0
9.9036365	6.08952457281614	27.373798983349	0
9.9618335	4.8201205893077	17.7717523067753	0
9.9686785	4.35728839520482	17.5076525010386	0
9.9686845	4.35686309812141	17.5084251821999	0
9.9688915	4.34212902403224	17.5347626976195	0
9.9691185	4.32589602101343	17.5086123106696	0
9.969165	4.32255418708944	17.5031295545372	0
9.9692895	4.31358487281121	17.4879717253154	0
9.9707715	4.20674267070397	17.5480187684563	0
10.011568	1.31190170057049	18.7609133860706	0
10.065219	0	17.7601770331569	0
10.0794585	0	20.2116025657176	0
10.0796825	0	20.1905299496724	0
10.0799075	0	20.169217121104	0
10.0865	0	20.1227169028105	0
10.093102	0	20.6684858932661	0
10.100963	0	20.3221861536959	0
10.108817	0	20.4193360522445	0
10.110268	0	20.3915313549646	0
10.1140325	0	21.0413444825022	0
10.1164995	0	21.0546469373928	0
10.1192015	0	21.2393007831753	0
10.1402095	0	22.1339743122843	0
10.215168	6.62823741845133	23.9553941380105	0
10.271791	10.7869486551292	28.4422025268346	0
10.326159	11.0473619106163	30.1182115776189	0
10.3893955	7.66410103367248	35.2144921682263	0
10.420146	3.22356263406948	34.2418902678619	0
10.442045	0	32.64019175968	0
10.447235	0	31.4230375780593	0
10.479752	0	17.7287415046892	0
10.5072215	0	15.6184315746134	0
10.508085	0	15.6784989523376	0
10.5089425	0	15.7377502648755	0
10.509102	0	15.7486850371157	0
10.526816	0	15.5415428706183	0
10.5443795	0	17.1751474629561	0
10.56559	0	18.8579024922089	0
10.590961	0	22.5882959597746	0
10.59514	0	23.8771471576265	0
10.5979805	0	25.0965698280544	0
10.6008065	0.986665612159666	26.3323574424386	0
10.6125725	9.1139652516523	32.1145953361701	0
10.6243475	17.4140111865543	40.2299345709577	0
10.6245155	17.5347194836842	40.373935029998	0
10.6672135	38.949385027778	67.1499781572651	12.9338106408445
10.728208	50.1770540530948	95.6266612642751	13.368726466138
10.746665	47.2280646998544	95.9122492525439	10.6912066840592
10.7466715	47.2262880263119	95.9083060570566	10.6909122993935
10.7478945	46.8838702014805	95.1424647439998	10.6357053465921
10.7493125	46.4759658603625	94.7668083199763	10.5646599984668
10.7523605	45.5467489252365	94.7610853599501	9.09416447204432
10.75522	44.6450936256206	93.800220539853	7.33575752690385
10.765175	41.2853387221658	89.1093248235603	3.62084354954527
10.775218	37.7697727113332	82.6309264115588	0.38396685198666
10.782934	35.0252806897863	77.2823125848949	0
10.7946925	30.9689111690873	69.0484681156068	0
10.934966	4.61141025112843	17.4863901394622	0
11.085092	1.23899369296555	24.1104860331065	0
11.0990955	3.13323259601805	28.1525862119417	0
11.1026785	3.66382171878584	29.2217287818013	0
11.1063885	4.21162726118551	30.5894754639877	0
11.112901	5.12343944177602	32.5956781670494	0
11.1213055	6.21701321864969	34.4376646688306	0
11.1270145	6.84237477534346	34.8300599540715	0
11.1354725	7.52532806480034	34.9025183973735	0
11.1438285	7.89010026314903	33.4007869290277	0
11.1474165	7.95272914296299	33.3197803972687	0
11.1590645	7.63716617360378	30.1483778223514	0
11.1707125	6.93280803517477	26.2411887430081	0
11.1739845	6.60515091650822	25.210373342202	0
11.177277	6.25439202951888	24.2497413625833	0
11.183416	5.55686861832073	22.0198216758659	0
11.1895455	4.85585996528897	20.562191726995	0
11.190081	4.79479522343728	20.2867798759837	0
11.2241705	4.09610674774881	18.5185167296237	0
11.257746	6.57220933703479	20.5845664117281	0
11.2583665	6.67686077018432	20.7158749159889	0
11.2612545	7.19057771134804	21.0679023115409	0
11.263524	7.61459595057236	20.9890929537132	0
11.263539	7.61750402925414	20.9886620853803	0
11.263647	7.63846407332768	21.0027712289428	0
11.263752	7.65886274516899	21.0220825916731	0
11.289171	12.2377540911458	20.983961318766	0.15594825442805
11.314776	16.4806015355527	24.150602805322	7.4467584073254
11.3356055	18.6048424228042	28.1353033108806	9.89635416963785
11.365676	19.4506197082651	33.5192365233221	9.04862935852849
11.378003	18.6731391270347	32.963510693787	8.47094887651736
11.3808965	18.3795579103308	32.4900540539682	8.39566093503112
11.3809125	18.3777862530975	32.4855921928868	8.39553325704392
11.3870325	17.6033916911418	30.5327605716935	8.21366554039598
11.393225	16.7207459683414	29.4563284479123	7.83279879074783
11.3933295	16.7041900195225	29.395624251404	7.82137037297934
11.3933655	16.6984795402924	29.3746565550945	7.82297212925985
11.422693	12.6201364955559	23.008678892777	5.70511449281687
11.45201	9.11856360929153	17.2367112119562	3.91202726696948
11.4521	9.10959090786076	17.221149219806	3.92530336513589
11.454802	8.85183001689743	16.7383365269274	3.81187027090882
11.457438	8.61182259324283	15.9656627020733	3.52024514537768
11.46215	8.23700703736684	15.0038383264817	3.27518474968021
11.4694835	7.73756554821139	13.5996040091532	2.2772128419229
11.4721325	7.58753686496964	13.1937715097117	2.06366927839439
11.4867685	7.04133398373773	11.3105886318363	1.54078025223782
11.5015385	6.71647060489989	10.3606981382577	1.79779361119734
11.501876	6.71424173622131	10.3348716102908	1.83152840478302
11.502073	6.7129857732944	10.3397732950251	1.85120420951025
11.5080925	6.68482115420672	10.1144612714937	2.37522540962977
11.5517795	6.76426932416473	9.69954322779291	3.29077923319138
11.5894505	7.01854924562211	10.3229467123857	3.17339821362214
11.5894815	7.01888718787206	10.3231658429147	3.17093778975274
11.59894	7.15233062609911	10.5584917110129	3.43072232863427
11.6086065	7.32054998097794	10.8387915076046	3.45441073773454
11.6278225	7.91386900636604	11.5551276233844	4.17780770442949
11.6468075	8.69554636868435	12.4765417613238	4.93379313950257
11.646831	8.69675325639705	12.4789417863234	4.93588075645101
11.6468515	8.69780648063972	12.4810347016907	4.93770296730011
11.6474875	8.73074962450343	12.5372396745881	4.97435976534205
11.6653655	9.80604415700583	13.4030107623614	6.25870495620046
11.6826255	10.9844104824069	14.5062243466045	7.72699420887928
11.682738	10.9929685141715	14.5088849905582	7.75001726216041
11.682838	11.0005725522775	14.5112296997463	7.77060523915649
11.682863	11.0024723835609	14.5118104292299	7.77578949955077
11.682895	11.0049032408867	14.5125518279617	7.78243053488832
11.7049885	11.8632312721735	15.4743932609333	8.66368129105053
11.727102	11.9008336204557	16.1326988088105	8.21198834518263
11.7409775	11.01387825071	14.8549563915898	6.95842482420561
11.755057	9.70526506325012	13.8304452338986	5.27339832487243
11.7668145	8.00635348411666	11.9655838856121	3.38043201305571
11.793516	2.82149609084582	7.16104064429578	0
11.8100795	0	5.13530831232042	0
11.8114665	0	5.03032650607517	0
11.8115975	0	5.01649934290853	0
11.8132645	0	4.83452602975612	0
11.814803	0	4.6510575580854	0
11.814962	0	4.64420354770633	0
11.8175035	0	4.37238312440737	0
11.827865	0	3.46701229476309	0
11.8361835	0	2.80370030490218	0
11.836921	0	2.7749155726894	0
11.8437705	0	2.4563304058986	0
11.8502375	0	2.18697415482682	0
11.850349	0	2.17850964851896	0
11.850468	0	2.17085951029957	0
11.87043	0	1.93194701055988	0
11.8903895	0	3.77819856287156	0
11.890536	0	3.80613376845569	0
11.8906895	0	3.83535165936306	0
11.890716	0	3.84038770597394	0
11.907367	3.10837083073219	8.95012425677094	0
11.93361	8.1287267820047	16.7774698467448	0.810235155748376
11.9432155	9.70321586425839	18.4048701007815	1.96767206660186
11.943372	9.72724853807171	18.4324694458603	1.97462965753991
11.9439325	9.81307789523031	18.566818686114	2.08369842336444
11.944352	9.87715814283456	18.6653180664029	2.18333291604737
11.9518085	11.0019992508339	19.5508604557634	3.22920002640538
11.959442	12.1408210153682	20.5142504766314	4.27644318170982
11.962672	12.6175128440064	20.8193741674004	4.71200418525564
11.984666	15.7845894665703	23.5663137744109	8.56675341696766
12.0130465	19.6537348544713	27.6213710067659	12.0782281401179
12.0224835	20.8436841000044	29.0175395697785	13.0707506184466
12.022493	20.8448395831053	29.0181073000949	13.0715727942337
12.0225035	20.8461165828879	29.018734412058	13.0724815277111
12.026715	21.3327777851757	29.8622898359262	13.2860438839537
12.051636	23.2028025018624	32.5573759217651	14.1213487599642
12.0752525	23.8542614267998	33.843483799958	14.4289597283789
12.0783205	23.8109380645637	33.8449676064628	14.4359073428003
12.0940155	23.0207918504766	31.9236063726235	14.7387508227553
12.114288	21.1897372634698	28.7482610649305	14.0743459499506
12.1190395	20.5705780333551	28.0141789963265	13.9966013923825
12.134381	18.0875414351911	24.2371276327888	12.2880147203056
12.1512665	14.9451675776524	21.1782808067709	8.43085891747375
12.156109	13.9193914417922	20.5717732627223	7.33698725131314
12.161143	12.827005731408	20.2436613293381	5.55674538997437
12.1755715	9.68917731653344	18.3526812467274	1.26995750959687
12.1994475	4.69790024571078	15.3559284065931	0
12.210653	2.50705497480023	13.4297708799195	0
12.2107985	2.479771777089	13.4361524274519	0
12.2144885	1.81201373809139	12.8102388917266	0
12.2182025	1.16545632963595	12.2989012329326	0
12.2183685	1.13767251008545	12.2400263240167	0
12.2230505	0.402661220431804	11.3356495357569	0
12.2386535	0	9.0139684351833	0
12.2513325	0	7.14717732904405	0
12.255868	0	6.58619241581637	0
12.269753	0	4.71270616903956	0
12.2809065	0	3.54951291658631	0
12.298967	0	3.32154095501786	0
12.391757	5.1344167620394	11.0135878067765	1.25305357926663
12.4746995	17.8959821238751	26.9525638779985	12.1930249854566
12.4847985	19.919116400986	30.1590872419372	13.5169532918726
12.4867495	20.3113960881178	30.5987618909605	13.8006007636823
12.486767	20.3149075763308	30.6025312501724	13.8061944594639
12.4868535	20.3322550355408	30.6211194701335	13.8339009354032
12.4869505	20.3516962345767	30.6419131815582	13.8497197538518
12.524801	25.685499321557	35.8061628730232	17.9924169525804
12.562838	28.7736241586749	35.6397072328743	20.9903452067711
12.5922055	28.1699605456867	32.2539577156996	21.4321722165611
12.627963	25.5968439184561	31.0488415575492	17.0533358779354
12.644865	23.4002372859576	30.4270624455509	13.7063559160372
12.655195	21.8935667131726	30.9726790428454	11.5772843349847
12.655377	21.8653200810018	30.993155465911	11.5418561704748
12.669635	19.7012706459487	29.0697579120005	9.68034098459965
12.685597	17.3441509161674	27.2516521618733	7.72234296501498
12.687674	17.050041111029	26.7502466124678	7.27052596905125
12.687893	17.0194223639754	26.6980639886742	7.27277846635093
12.6879045	17.0178173997997	26.6964146808961	7.27120911482327
12.6879145	17.0164220147063	26.6949798969761	7.26984535299612
12.6898255	16.7547089042148	26.4039701522201	7.01925097434062
12.7018305	15.2705275521502	25.0081805833186	5.79184958654739
12.720867	13.2997273727057	24.5544036928817	4.2733479662093
12.729957	12.5006483430028	23.5369595704751	3.17652689151997
12.7452495	11.3609583363492	22.1868756057201	2.43579224020786
12.760407	10.3341078806684	20.5075080809669	2.2531875404563
12.7604285	10.3327956569082	20.5089994907271	2.25368417283977
12.767781	9.90257808269774	19.6945899613932	2.42604807318585
12.775261	9.48403900075285	18.8584045132733	2.61289897515487
12.826394	7.99835656231473	13.3970078786843	3.80954835905792
12.877524	7.76366920993338	11.9664967996638	2.54231283886598
12.9089375	9.1855385180599	15.2496620858332	1.02519707728718
12.940295	11.4060076531568	20.1119947647308	1.1769687964706
12.9405185	11.4275557563223	20.1615108690541	1.17044313965631
12.945064	11.8869732904402	20.9216718977928	1.29784349693996
12.949459	12.3513627867242	21.4830081443465	1.5833584125165
12.949462	12.351693097557	21.483674132944	1.58334742983508
12.9494735	12.3529594433333	21.4862263523927	1.58330659830744
12.9674585	14.6155397572362	23.3162995093841	3.8407734678623
12.985467	17.1640081979006	24.6615116019531	7.96996141800799
12.9855285	17.1736773800098	24.6669820644704	7.98897791037926
12.98556	17.1786309751008	24.6697812845039	7.99873344478392
12.985677	17.1970314496064	24.6801573137316	8.03509718802527
13.014811	21.4711563391623	26.5049773398183	14.9914621428658
13.0491705	26.0607896028283	32.1655179195399	20.1030441326136
13.069253	27.9339922224626	35.7127303295142	21.2476265061871
13.08401	28.8460385346118	38.1639346063679	20.580000692278
13.084165	28.8518539105178	38.1976658179029	20.5561789577184
13.084315	28.8573899341103	38.2297227360934	20.5335406027086
13.0844865	28.8634987201155	38.2650873575278	20.5149695875404
13.0847415	28.8722817672029	38.3585838132628	20.5284759033669
13.0925595	28.8883859210281	39.0628895937524	19.6903051218196
13.100466	28.6493892752664	39.8753348656285	18.9413821279705
13.1147725	27.1041638422799	37.1495530698485	17.351740653684
13.128916	24.918880413472	34.5530672139865	15.6807935630602
13.157145	18.3862841124477	25.5540768523084	10.6202518948881
13.1913835	9.23912328229824	17.3596144839001	0
13.2011745	6.50944872090802	15.9469374672221	0
13.2069	5.0817945173622	15.3348671787413	0
13.20887	4.6400099096189	15.1890174947173	0
13.208931	4.62699791065736	15.184987876789	0
13.214333	3.77090075635634	14.5339562150761	0
13.2198315	3.20964676879108	14.1554083781678	0
13.219983	3.20268364111459	14.1633340369231	0
13.219986	3.20255075422437	14.1634909077224	0
13.227297	3.38826695764633	13.8168470568768	0
13.2347445	4.10608720178379	13.9744687957908	0
13.236517	4.42125889437935	14.0106334210142	0
13.2381525	4.73100252032706	13.9725959750234	0
13.238286	4.7577714821584	13.9692878449019	0
13.238429	4.78651709071587	13.9657498944914	0
13.2759935	10.9242272075891	17.5000690944919	3.69560918679191
13.313562	15.6299787311227	25.7656171820468	5.40951868472345
13.3245555	16.2276722053282	26.1887644926053	6.16742243877779
13.3356645	16.463035483501	26.0946647706318	6.45580714951785
13.338364	16.4022543024608	26.0201072718138	6.37989576304963
13.3422665	16.2502143275337	25.621198093857	6.43729095521607
13.3436165	16.1757641866693	25.5428859306715	6.52211476127274
13.3436425	16.174183025602	25.540158172443	6.52390945733727
13.3436515	16.1736347887152	25.5392139895263	6.52453085909658
13.3437445	16.1679430588309	25.5294621505916	6.53096162359478
13.3438465	16.1616716641563	25.5187720803954	6.53802451429749
13.344002	16.1520374632666	25.5024952254783	6.54882833262166
13.344168	16.1417143921822	25.466524583104	6.56055500772333
13.3455315	16.0582363093629	25.2519789799497	6.64418341434853
13.376524	15.1340669294969	23.0343887547773	7.19770760576618
13.4224445	15.9389546916909	23.8798528014433	8.21381781628041
13.451299	17.9445642244715	26.2763220379147	10.4316255880186
13.4638905	19.1066659746557	27.6068996119668	11.3446674393376
13.469783	19.7150198147726	28.8002136320596	12.1872416553559
13.476442	20.4117778550168	29.9650962261811	13.3474443379516
13.477223	20.4943121538835	30.1437470229675	13.371188913387
13.477233	20.4953685455078	30.1459445468273	13.373248855815
13.477335	20.5061321836745	30.1564764603431	13.3942451929491
13.4977745	22.0166260862504	31.6374740898624	14.7146266334317
13.5503125	21.5683183791169	28.910374831172	14.9268198837706
13.5827805	18.5736619515263	25.9590555629424	10.7262737114288
13.6001715	15.9435035889879	24.3398107491344	5.8248492612253
13.6174515	13.1952729753803	22.8441044505884	1.26620297564575
13.6176135	13.1683100251243	22.8218844746673	1.20538399037711
13.621277	12.5815615745894	22.5131093666835	0.58291687014891
13.624944	12.0170430041611	22.4069635404633	0
13.624958	12.0149752078456	22.4050051482566	0
13.6249695	12.013277238188	22.403395188486	0
13.62498	12.0117276328077	22.4019238186599	0
13.631516	11.2111268772865	21.6106768046963	0
13.643311	10.2942534944296	19.9728353354777	0
13.6486075	10.1129794371496	19.148328657764	0
13.6486385	10.1125111070465	19.1429795566315	0
13.6486405	10.1124811070514	19.1426345115975	0
13.6487665	10.1106320581468	19.0927946907336	0
13.6489185	10.1084597571154	19.0291900108314	0
13.663779	10.1502731801495	17.7592397638909	1.76449681956786
13.7035595	11.8057656136814	18.0371457060055	6.73920714237945
13.750072	15.8332385116872	23.8709524593425	9.59664704164982
13.7716535	18.2669535964469	28.9502467090217	10.173308800911
13.772635	18.3876490292812	29.2753138103168	10.1784433973934
13.776043	18.7998327240783	30.3402035076699	10.2841878013973
13.778614	19.1041197657445	31.4025979738133	10.2565054866207
13.7787625	19.1213865366071	31.4495302050324	10.2726117447118
13.778798	19.1255067992409	31.4606947433406	10.276803086666
13.796304	20.6248966058525	35.2362924123205	10.7211494756371
13.813815	21.5919657434293	37.9342500542462	10.948776683001
13.824187	21.6559024496008	38.6450154716286	10.6504203234106
13.835721	21.4871653096778	38.5159297648571	10.0493072112633
13.851972	20.5796025177307	37.2303089978243	8.67291300649885
13.8670405	19.3969114908854	35.4297659244502	7.52429672673887
13.867042	19.3967622922204	35.4296959365501	7.52425127911481
13.8688015	19.2185663020983	35.1693116845457	7.3561002509923
13.870569	19.036357561196	34.9100703967432	7.28969526628225
13.8706985	19.02276453263	34.9010844823978	7.29904302631077
13.870844	19.0074792323025	34.8906957768875	7.28842280786032
13.8798455	18.0484104802554	32.1649929726908	6.64872008314433
13.891373	16.8009654553001	28.9835977275366	6.20505246820803
13.9111955	14.7915754426087	23.5778362800919	5.53876045801552
13.942527	12.1193415990603	19.4542599912049	2.14893546811779
13.9565935	11.1276269468596	18.5396276380898	1.06722254056404
13.996192	9.30638503647676	17.1396168333044	0
14.0372115	8.18154425317481	17.1999357092063	0
14.038833	8.16714645490271	17.1641431732579	0
14.0764075	8.2778214034329	16.5862238432519	0
14.113882	8.80935664789897	17.8478062888492	0.0307826662656999
14.128743	9.08805668537338	19.0151060239767	0.669266007153311
14.143512	9.26701080041212	19.9640822837371	1.18108343453305
14.1435175	9.26704108745293	19.9671293575131	1.18160893304519
14.14373	9.26806176538946	20.0841773841589	1.20198026934733
14.143954	9.26896934264086	20.1367605480922	1.15532505739344
14.1439755	9.2690399786966	20.1335592085015	1.15457918548238
14.1455395	9.26526489319982	20.1538924451179	1.2125066181479
14.1471205	9.25238550189038	20.1212879252002	1.0687499948899
14.147246	9.2506179044221	20.1128576979052	1.06493496852781
14.174774	8.27894161821285	16.3583815494504	0.465785243237085
14.2024015	6.72223541404356	14.5301144428959	0
14.2026035	6.70664919846614	14.5467684876066	0
14.229803	4.92114884730176	14.2296888466129	0
14.2570095	3.45056285899061	15.0214430843934	0
14.2583965	3.39423740042843	14.8716592038031	0
14.2598925	3.33650209087747	14.7025671689118	0
14.2600165	3.33197365317152	14.6880542107055	0
14.2600365	3.33124769802422	14.6857085577735	0
14.2684705	3.14958372879789	15.3152078811746	0
14.276907	3.09247252673335	15.1157513307105	0
14.2795525	3.12188364417977	15.2233789866557	0
14.32593	5.3953904663987	15.8984837416895	0
14.370631	9.21952199970569	17.1246381710874	1.71118661816745
14.3715965	9.33513658362394	17.1674164566861	2.06564541814326
14.371791	9.35855658754289	17.1589342359366	2.11705891597212
14.3719945	9.38307284107583	17.1498972232037	2.16820239200148
14.372255	9.41446115404691	17.1375086930385	2.23400089936702
14.4529305	16.977601928493	22.5014429921895	10.8942791885884
14.533536	22.3667704105119	31.2749216093398	13.2273732872269
14.533716	22.3739744338581	31.281832411126	13.2347589662488
14.5855065	23.1478548913905	31.1437780377847	14.2092728462301
14.6590335	21.6456666428024	28.7990457761195	13.8068309494738
14.680863	20.4415178526338	27.3159323186825	12.9315704943141
14.7084015	18.3668982684862	24.8631158790688	10.9917735110862
14.737961	15.8175205954187	22.0544749097064	8.16920619231177
14.764614	13.1171317028238	19.0912661873724	5.91447266299242
14.789175	10.5153844864452	17.2962050336292	2.92828776506393
14.7891945	10.5132364270011	17.2941692448026	2.9260800402321
14.790277	10.3943243812364	17.1797785528276	2.80309135807954
14.8352485	6.31598515305737	12.9141398968267	0
14.879149	3.18954558630051	10.7334718574588	0
14.8791625	3.1888408892999	10.7332973040111	0
14.879176	3.18813635290675	10.7331227649558	0
14.879395	3.17674241992506	10.7302921266824	0
14.911369	2.19761320012335	10.4794025370187	0
14.94313	1.90430954381454	10.4986058669245	0
14.943276	1.90607437699166	10.4993288049048	0
14.943428	1.90792450587927	10.5000833325964	0
15.0361565	4.5431465003951	11.5974166611513	0
15.1290005	8.68454188183735	15.7377098243554	2.0911626456066
15.129169	8.69478106567242	15.748033447118	2.10591615173245
15.1293985	8.70872279470793	15.7620597471523	2.12605972131317
15.1506825	9.91451414851461	16.8307888480794	3.76109856766985
15.2603895	13.4688350838753	22.3522954388878	6.8808725706284
15.349961	14.0529496923227	21.7473628362315	6.51693223016551
15.351101	14.0363011598574	21.7022952076441	6.52552323163126
15.3514115	14.0316762282526	21.6900756572382	6.52786339573232
15.368223	13.7395412945224	20.8993017902616	6.16674112962204
15.385057	13.4056339193379	20.6893011497085	5.58755488443882
15.484155	10.9007244256446	18.0794499640887	3.21661127698973
15.5830975	8.10124155369664	15.7635072672692	0
15.6036865	7.47100174739434	14.9595772992106	0
15.624448	6.85004806324817	14.3116777438105	0
15.6472685	6.24428551945794	13.4714739875431	0
15.67592	5.58124724629994	13.0480524474331	0
15.684513	5.41609516340585	12.9457303373624	0
15.7142775	4.98419816718534	12.6710185113745	0
15.828178	4.90591954867057	11.2640015495788	0
15.914908	5.94968389596017	11.271878014652	0
15.91506	5.95297271198195	11.2755423772072	0
15.917105	5.99734267602188	11.2439454778596	0
15.9190255	6.03911443132911	11.2186492358211	0
16.0066425	7.6142799576438	12.2499889063819	2.73554743404615
16.094421	8.85610613075426	14.7186806638666	4.0905716923664
16.2540815	8.86062584277423	15.1062012096553	3.51041273221854
16.413666	7.22099885217744	14.4448069712491	1.72141501994139
16.459481	6.15940354572869	13.183809120431	1.09078242216969
16.523595	4.44668641375744	11.5205517979721	0
16.5420025	3.90062520007314	11.0235321913104	0
16.5420625	3.89880695635486	11.0240498855772	0
16.5423875	3.8889600467794	11.0267931983696	0
16.601627	2.27144059664538	9.17613167567032	0
16.6611535	0.826626924531362	6.66673438506063	0
16.6618675	0.811482017734985	6.64041305846983	0
16.662036	0.80791839588277	6.63409831851953	0
16.662058	0.807453528970494	6.63327412857371	0
16.744397	0	4.06740008271559	0
16.8267365	0	3.33251526323435	0
16.8267565	0	3.33245214338112	0
16.932692	0.97784310202693	3.85788772970821	0
17.0386275	2.88865303009929	5.75642576261254	0
17.0387145	2.89069993592224	5.75808615277855	0
17.040247	2.92670507877117	5.78821909601707	0
17.121999	4.52764196153103	7.36446016474913	0.65497515302102
17.2473205	6.16713755086725	9.56182276649304	2.31764870550486
17.329651	6.38937753106824	9.65715868367083	3.20043984998181
17.367125	6.25085650803027	9.45460413501525	3.4274554209633
17.3802665	6.14894088107285	9.27511871339851	3.3852967795471
17.438817	5.44803737651567	8.53457991973493	2.64946806944828
17.484403	4.7206345612561	7.94678947273011	1.62297586025858
17.4844255	4.72020627215377	7.94635195887969	1.62293267457356
17.5370085	3.72072080803272	6.92278124032165	0.578798582377073
17.5895995	2.72257535458231	5.98425354082871	0
17.5896175	2.72223424762905	5.98395666269119	0
17.589627	2.72205422288357	5.98380001728908	0
17.613142	2.30430536687278	5.51888598920572	0
17.636908	1.91056734999524	5.1026981698701	0
17.6428905	1.82033741981864	4.91536752282404	0
17.7067485	1.04724171699676	3.83829694884295	0
17.769548	0.483818027484095	2.92285846803653	0
17.7752755	0.449022158205303	2.88132270885426	0
17.7763565	0.442710818860576	2.87413443321478	0
17.7964245	0.335673013475674	2.66516439108229	0
17.921019	0	1.84442782471889	0
18.094748	0	1.4172234442195	0
18.195757	0.265329744524635	2.00425266423159	0
18.227582	0.406491341087296	2.64142920853925	0
18.2275855	0.406508308761321	2.64154242289292	0
18.2276	0.40657860712518	2.64201146014809	0
18.227621	0.406680418271032	2.64269060964312	0
18.227769	0.407397747352295	2.6474695204612	0
18.2750655	0.604664963371425	3.14484859025183	0
18.322355	0.76979046887906	3.29223557436551	0
18.328619	0.786434803723977	3.25681437700515	0
18.334757	0.801763702011972	3.16098028672602	0
18.3347735	0.80180232097773	3.16054288067628	0
18.3349055	0.802110635262261	3.15703739535924	0
18.3350295	0.802399680368319	3.1537386301687	0
18.368633	0.839984012306028	2.83956287213531	0
18.430774	0.770056875585624	2.44416919483153	0
18.4593305	0.673209625539164	2.10801724424175	0
18.459357	0.673091999716648	2.10825334556285	0
18.466283	0.641438744601365	2.08217854369502	0
18.520343	0.365739851917975	1.69667967841723	0
18.5684105	0.101777389150531	1.32027300701275	0
18.5795385	0.0380597750950751	1.19654657955296	0
18.605853	0	0.958586522542421	0
18.622137	0	0.851319587680509	0
18.6324705	0	0.815130621120502	0
18.695244	0	0.522181438271203	0
18.751558	0	0.335372469745634	0
18.7554105	0	0.312909425798331	0
18.803532	0	0.20247049361783	0
18.8739965	0	0.169900304430535	0
19.0814795	0	0.421951167610057	0
19.266808	0.107474693225317	1.21967299197522	0
19.3380735	0.22915566743126	1.43361926502958	0
19.4091095	0.320977522221215	1.71117522690478	0
19.4092235	0.321077712380151	1.71225321383524	0
19.409241	0.321093069772692	1.71241841707439	0
19.426082	0.33198368359906	1.78020739370493	0
19.4429085	0.338979740426447	1.82874974211295	0
19.443059	0.339007282839185	1.82861447327032	0
19.4432125	0.339035047833587	1.8284756632746	0
19.5095615	0.306643495133371	1.58323572981191	0
19.740708	0	0.513064627683142	0
19.905514	0	0.394953025394476	0
19.9055195	0	0.394956854708107	0
19.9055285	0	0.394962930529891	0
19.9074625	0	0.396228298847338	0
19.9094625	0	0.393486712668318	0
19.909539	0	0.393331080006919	0
19.914096	0	0.391368902708505	0
19.918652	0	0.379301358250579	0
19.9792225	0	0.387595333465736	0
20.058525	0	0.412304009135323	0
20.1349365	0	0.506286316343859	0
20.192749	0	0.651262838151139	0
20.3062135	0.215524726113078	1.60061550776982	0
20.5129335	1.39736790082165	3.94052009990173	0
20.606343	1.79768979358746	5.17387815119287	0
20.606498	1.79821508611325	5.17785416201985	0
20.6541355	1.85280760344609	5.65479050421083	0
20.7016395	1.80061742211235	5.77112021716365	0
20.701779	1.80015065304042	5.76842995027616	0
20.7426085	1.55319774629667	5.07763545789988	0
20.783319	1.19689555500699	4.40505569602557	0
20.7845065	1.18322773560769	4.36568058621549	0
20.7856825	1.16961637499926	4.32654481529815	0
20.7946255	1.06369237791318	4.11308013722972	0
20.8037495	0.953698890003124	3.84868384272641	0
20.8153395	0.81283189132777	3.44266919708068	0
20.8267435	0.675491983180794	3.0797568233426	0
20.826749	0.675426347585451	3.07963813811134	0
20.826938	0.673172034486851	3.07554637975506	0
20.9190395	0	1.28370173271728	0
21.019963	0	0.891339936268806	0
21.0290065	0	0.891101924894712	0
21.0561385	0	0.927414946115397	0
21.1167645	0	1.09338961141345	0
21.1777475	0	1.3472358803609	0
21.246178	0.31923752865564	1.77241407369912	0
21.340323	0.767644281808568	2.49157806212412	0
21.393496	1.00810994763784	2.78802849681522	0
21.3935015	1.00813380773098	2.78806031343951	0
21.3935245	1.00823357104687	2.78819326928395	0
21.3935485	1.00833766662952	2.78833199512478	0
21.526709	1.27611535146071	2.82945729156407	0
21.659984	1.23384425700483	2.71005529327081	0.123483767542025
21.758087	0.607075547683519	2.2670266050742	0
21.857445	0	3.30037159306121	0
21.8634025	0	3.34991284109761	0
21.867991	0	3.27715645106378	0
21.868012	0	3.27754177260058	0
21.8682465	0	3.2817060853297	0
21.868465	0	3.28543274296745	0
21.8684915	0	3.28579693113198	0
21.8685155	0	3.28608827561961	0
21.8708435	0	3.09011624452283	0
21.8731775	0	3.07425699795715	0
21.8731845	0	3.07415395365678	0
21.8880025	0	2.18777416446106	0
21.9028665	0	1.57171878706435	0
21.9045075	0	1.49208624640768	0
21.9166765	0	1.18524983879327	0
21.927272	0	0.834388886675406	0
21.9770055	0	0.217308659383083	0
22.026721	0	0.355923371450009	0
22.0267375	0	0.355361555657191	0
22.0269865	0	0.353804098855426	0
22.0272345	0	0.360666925717474	0
22.102019	0	1.17126377725533	0
22.190403	0.156701411655163	2.96992950991841	0
22.2040725	0.35612830422248	3.21464874042963	0
22.2041315	0.357009066409254	3.21560046504075	0
22.260385	1.45280628129933	3.92655974419198	0
22.3167565	2.80788561866473	6.30404139254613	0
22.3168855	2.81157561800627	6.30824291673124	0
22.318384	2.85484180034708	6.37644508597232	0
22.3200265	2.90272898675816	6.45114910182737	0
22.3667525	4.68500135507258	9.2736702871784	0.888433942806283
22.4134635	6.87596577134241	12.9008308400668	2.6353912401645
22.436152	8.20570798961802	14.7441168793758	3.44150002702811
22.460038	9.68104774540735	16.9476853400217	4.17043943628766
22.4613775	9.76762366174649	17.082216305737	4.22028308015487
22.461388	9.76830262925422	17.082908127651	4.22063361778553
22.461405	9.76940184561706	17.084027687247	4.22120123031882
22.479334	10.81114749868	18.8240951971265	4.6380486474396
22.5081425	12.1725419234566	20.7016316048531	5.76212280592383
22.519045	12.5583915065799	20.8478474420256	6.15834891791197
22.519072	12.5592171382591	20.8485043085563	6.15882563327805
22.537008	12.9730769319848	20.7900515097792	6.62399880894965
22.555165	13.2541099277441	20.4848512436544	7.13444029113793
22.585097	13.2193219610919	19.5750433531743	7.97960566584147
22.6150255	12.9094525347092	18.6488919073663	8.33580168336116
22.625592	12.6865788505215	17.9551083858308	8.36439087025524
22.635944	12.451004106059	17.2202340065104	8.42245384253757
22.6734845	11.4812014389616	15.0723189199744	8.0499108693984
22.767552	8.79498603943102	12.632252887641	5.72873686034037
22.883352	5.31971390326079	9.50791123148623	0.955470832269903
22.981908	2.52116987178334	6.67733005582743	0
23.021222	1.50006953892802	5.72841261457544	0
23.108434	0	3.80831647680105	0
23.1956615	0	2.42498577611164	0
23.1959145	0	2.42230935824557	0
23.2316505	0	2.05878011693219	0
23.2902395	0	2.14385681170723	0
23.320161	0	2.35753942921719	0
23.387819	0	3.15432377375829	0
23.4495085	0.173110376937131	4.75734092894578	0
23.5128915	1.73076248946736	6.96532031394846	0
23.5754005	3.42816379544258	10.4361921732291	0
23.575404	3.42826773626181	10.4362970777262	0
23.575416	3.42862410120317	10.4366565820908	0
23.6101055	4.32459135143324	12.2900736970412	0
23.6624695	5.35071656393336	14.8242640291168	0
23.702771	5.63523250133447	15.5333269632384	0
23.768745	4.68582910070584	15.1701950143942	0
23.812339	3.19239434872639	15.952271517145	0
23.812578	3.18098675335593	15.9758651232763	0
23.812594	3.18022151312663	15.9774447114898	0
23.8338315	1.97764268487475	15.6127953159943	0
23.885217	0	11.1138264302636	0
23.919739	0	5.74975151080547	0
23.924114	0	5.05560143091268	0
23.924138	0	5.05368139433618	0
23.924149	0	5.05280122467156	0
23.9241505	0	5.05268122165147	0
23.9389765	0	2.51438589435348	0
24.012713	0	0.606912956294807	0
24.074876	0	3.77097239553808	0
24.078255	0	4.1830961034401	0
24.116156	0	8.12458100112928	0
24.1539385	2.94744736920971	14.4481430152432	0
24.154667	3.09061759730602	14.5468398963566	0
24.166594	5.41136467565039	18.0888339409867	0
24.214801	13.7588342449943	27.1595426422366	0
24.2650655	20.4272292167305	55.995246181763	1.6598575245779
24.278409	21.4068872953047	67.8958956939606	0.628023008755295
24.2799475	21.453561117638	69.0637181707879	0.370091981389482
24.2817035	21.4662684822895	70.1275029041104	0.191467346562281
24.2820075	21.459932228827	70.2264912789284	0.180060109504332
24.282127	21.4559454431535	70.259476948208	0.17545342154436
24.2822405	21.4515267007382	70.2891693796866	0.161184146233106
24.282243	21.4514161434027	70.2897891763391	0.160386434209366
24.282258	21.4507400993393	70.293478007251	0.155600570039406
24.2822765	21.4498877519584	70.2979824437845	0.149698538487529
24.2824775	21.4385001626313	70.3411908390195	0.0856384868826372
24.2826775	21.4251680353558	70.3763320375786	0.0219584186259741
24.282801	21.4152090291559	70.3932134565454	0
24.2829415	21.4030114780125	70.4099519527839	0
24.2845875	21.2209367089237	70.2733939401571	0
24.3479255	10.3826252757605	69.7978687068218	0
