phys	rec.rate	upper	lower
0.1516515	0	0.0640805092457545	0
0.163926	0	0.0239330219812331	0
0.185159	0	0.0138550943594033	0
0.2864115	0.438487290752885	1.03664127284313	0
0.3666855	1.99397658955862	2.64685115106868	1.48760640146405
0.3697185	2.07472962025215	2.75457033464692	1.56207760314412
0.3829725	2.43938338521878	3.19002288218216	1.88869189978734
0.405043	3.07842433057269	3.92767316738812	2.47367686791143
0.446343	4.36068544968531	5.21241553347829	3.74447285196193
0.4830655	5.55313445433222	6.38684047252219	4.94145267846609
0.5097885	6.446973456606	7.27555128361291	5.78893806361475
0.5294765	7.10429629917054	7.95861201653107	6.40571586290876
0.5557405	7.92552745247903	8.71645700891527	7.21425054077127
0.604705	9.24734755622068	10.0216291522791	8.550008139068
0.6356335	9.88567386701823	10.6661287790213	9.19694499016548
0.650138	10.1049897761546	10.862671947814	9.3288053606347
0.673725	10.3024620601842	11.120075709975	9.34691974969181
0.691841	10.3479270796523	11.181341297122	9.21252792993771
0.737874	9.63447568187417	10.4244331493696	8.43406185263462
0.7898805	7.99469258777992	8.95495555158689	6.59623958803334
0.7968355	7.65883466318102	8.68220620636056	6.22716721522986
0.796924	7.65431960539765	8.67594316557263	6.22431770356462
0.797266	7.63678290835018	8.65761977171311	6.20100763748815
0.797611	7.61900657472324	8.64286396143544	6.19173917796537
0.807526	7.0876185390796	8.11528079576424	5.64549547434769
0.8230725	6.21429702279394	7.21938709064388	4.78070841142716
0.8432915	5.06541957170399	5.90566133088824	3.93059027497551
0.8612615	4.07969263389663	4.79942604663222	3.15243661426285
0.8869045	2.84136584948564	3.62381377220978	2.0331455143625
0.9206325	1.47697956093833	2.65588763654118	0.6697341073143
0.99007	0.0705707212236966	1.56227868259864	0
1.055987	0	1.34994575762087	0
1.064008	0	1.42782753471921	0
1.06439	0	1.43517317260175	0
1.0781835	0.155502678601061	1.68385092220294	0
1.1354515	1.22014119522215	2.70917202078385	0.123973801032564
1.201166	2.67924359066238	4.08437341699668	1.39646884852586
1.2839945	4.40788915476785	5.6033850639402	3.06849325154844
1.353069	5.51628694499862	6.95484600611783	3.76457898031528
1.3738415	5.69909083393351	7.4732677699484	3.80795651886694
1.3962875	5.75725669764113	7.71284483169893	3.69795356155058
1.41958	5.59687046889428	7.49613759709792	3.46086370277053
1.4407745	5.25181102114016	6.82955028446702	3.18706338736868
1.451418	4.99980004574542	6.4668590533895	3.03376352683101
1.4690935	4.48497358952813	5.79865501029414	2.48218796387046
1.4950305	3.63757480498749	5.15418992237265	1.74576633674237
1.514764	2.98677370836729	5.1764349412554	1.04650611322007
1.52686	2.63660852680456	5.3195514718797	0.358372984981482
1.530482	2.54816667210169	5.40712112425508	0.252610810471602
1.542892	2.42038384857263	5.84317324672982	0
1.5552365	2.44464675750982	6.42603203974819	0
1.560558	2.55180373487037	6.51736012000217	0
1.5704445	2.85990119937389	6.90768542113302	0
1.5758445	3.09158718420772	7.1944024886941	0
1.576699	3.13306599988576	7.24040457787842	0
1.594623	4.11397481897115	8.15478008497124	0.850321074710816
1.6202845	5.70186085762053	9.26270637749936	2.83613479849175
1.632839	6.53187169083231	9.71400822868234	3.97332635063603
1.6799555	8.95887684817111	11.1656342724726	6.36396417517921
1.732225	10.6467352688444	13.4436261706473	6.92851228171634
1.7656775	10.7797785732571	13.9776212936786	6.84136831721924
1.824959	9.38164658288152	12.6598260543303	5.85584074861516
1.863872	7.54511125184781	10.3156744057014	4.80094787678128
1.8686155	7.25523770523617	9.97450660944965	4.63476443892583
1.8729025	6.9902120739468	9.59339638148861	4.43144711809063
1.8879645	6.09999409852824	8.65221665604992	3.45985433577858
1.949519	3.6195465500845	7.32973463614374	0.442489313627585
2.0037095	2.63258077137265	6.90804231273087	0
2.0218335	2.72266509766826	6.95374884309253	0
2.040603	2.97253085225169	7.09838188543764	0
2.08484	4.19492675502547	7.8492458001461	1.06129853008422
2.183177	8.55963625698985	11.2916641858905	6.02127303515064
2.2545475	12.4820011024285	16.0755305889781	8.49961700284568
2.2693265	13.3013422273161	17.6434374176388	8.8750078287981
2.2775535	13.7096321720443	18.4446720292373	9.06161771464649
2.316028	14.6460289548461	18.7948310221226	9.98008779735758
2.350623	14.602698288459	18.1440246019496	10.2892757946747
2.3519135	14.5718751480576	18.0915956671832	10.2823545831484
2.370737	13.8957379927344	16.8468548350105	10.0234407991264
2.397497	12.5190378260844	15.1612620204313	9.30580186262486
2.4192135	11.0220443105155	13.7829419486302	8.32154680226494
2.4545575	8.30666329535448	11.5317810182861	5.57472458564058
2.4870825	5.74583739929594	9.3446821325415	3.06412193266185
2.497957	4.91991030944887	8.61946789431246	2.34252098143566
2.5027055	4.57960568992561	8.33431000353752	2.08523458420934
2.5218815	3.39810568275145	7.04929826003881	1.11378730296719
2.542309	2.42117577567845	5.73046498954379	0.0692862618613959
2.571207	1.69219250628189	4.29528719751581	0
2.6013165	1.46361771463214	3.31348720184137	0
2.608542	1.5078634761645	3.18855419442607	0
2.6216275	1.65867814044368	3.15145929931996	0.0931927026981641
2.6802835	2.73161060140897	4.01423345449556	0.931168681131877
2.726123	3.76480417783802	5.2653026380186	1.66321015156951
2.732678	3.9280328299552	5.47653535912258	1.89952965180248
2.7545845	4.41384039395473	6.09067914621289	2.4605314381041
2.7707975	4.7212406959749	6.35158374356	2.87098826786519
2.778854	4.84495887248735	6.35030836775515	3.1116351538509
2.7975365	5.07590556900456	6.52780666046818	3.54454000697036
2.8382035	5.32443812870305	6.65446326512251	3.97083247589533
2.876006	5.34330999453629	6.65163480852004	4.18659972890631
2.9057825	5.18618401947164	6.3193811219836	4.09931989104787
2.944831	4.85118296585549	6.02522689475927	3.83395000152833
3.0026035	4.1950220011035	5.48902830805794	3.12082902102451
3.042747	3.71234299983945	4.86390800359725	2.50562069360051
3.050139	3.62298354067628	4.80028842461707	2.42517911033548
3.067727	3.42312471426382	4.52020401243875	2.25109769009529
3.1295285	2.95204736251935	4.04639139134962	1.88701262283162
3.2272835	2.7946541601872	3.80164370172293	1.83177478930157
3.285263	3.02617278481679	4.10970670319648	2.04242255823964
3.31712	3.25366123607612	4.55539807494099	2.24420435479811
3.33779	3.41795437962026	4.79868597312105	2.4257600567899
3.346967	3.49562658714569	4.92040627021803	2.48898848550776
3.3724295	3.71347492191567	5.08503880545446	2.66062147929463
3.427514	4.19140190942496	5.30605499064603	3.17820849442518
3.524454	5.0953260084615	5.98636703954293	3.99198057567778
3.5845355	5.7232946983801	6.93823973114824	4.31603572416803
3.6150625	6.08833577971004	7.50356105567469	4.60925296313261
3.6513655	6.55466043210899	8.35013416513713	4.86155807246149
3.6585135	6.65195353002708	8.50258691950939	4.94123402094246
3.674312	6.8680326292262	8.82241035253264	5.20915505352167
3.7074545	7.31331993521489	9.4565085858183	5.70741941771032
3.7488055	7.82616511911387	9.87934437206718	6.34219103144667
3.772804	8.09999257542745	10.1115172353016	6.69964947918485
3.7872605	8.2549723420501	10.2700330060567	6.79633256237129
3.8017235	8.4087651501354	10.2507185293315	6.97668992090304
3.8017895	8.40946122611971	10.2507974626555	6.97928322431481
3.8673325	9.02157820283638	10.5084756272734	7.53145009951854
3.9564345	9.69279052810459	11.2744129720717	8.17243013072881
4.006899	9.85625086474988	11.3101801138862	8.53781517530343
4.0398775	9.83888888710672	11.5450964134869	8.39611284367231
4.152305	8.04859152625927	9.13287921539062	6.56074155468781
4.261262	4.78948784919236	6.55144453291364	2.03403610056878
4.2644525	4.65032639254662	6.49443114051564	1.85584809527082
4.2673745	4.51943406811023	6.43395691846145	1.65626774278012
4.298574	2.93352079735539	5.03352002473296	0
4.328134	1.25770363844498	3.9187454351902	0
4.3288895	1.21110393919543	3.88830741578499	0
4.330295	1.12676303615782	3.83472108283293	0
4.332375	1.00709794750364	3.76569084076148	0
4.333191	0.962579568135791	3.73891538805269	0
4.336932	0.783929446961845	3.62456614571378	0
4.340584	0.630537586719803	3.50821647682902	0
4.3518715	0.296125301470521	3.23654770370636	0
4.386841	0	2.76949508582992	0
4.42934	0.053604703478073	2.88835120061071	0
4.5304375	2.42767607596161	4.81871780040413	0.247396831115628
4.6133435	5.12418088189766	7.28419878710551	2.76699580685549
4.6147815	5.18106373488663	7.3367613662275	2.82897502231455
4.623555	5.52643639222994	7.58199887389171	3.25561071249463
4.7017215	8.28389892091375	10.5330125345726	6.33849537477048
4.831122	11.8230317967459	14.2090957662545	9.8254829062189
5.079994	14.1268439226996	15.2884627480189	12.5512574695178
5.401725	10.7074019747434	12.7950203246038	9.01215448376863
5.533816	7.37662554804747	10.9175712394842	4.80713849994532
5.5338895	7.37437749657005	10.9156476210141	4.80360086259757
5.5342455	7.36352976639515	10.9063227503556	4.78357728560648
5.5431575	7.12342169461576	10.7621802782718	4.49764749826914
5.5652075	6.7373375059478	10.3836922776713	4.211274140197
5.5836065	6.63728187872089	9.98436890438858	4.39012376897381
5.601317	6.78862684110318	9.61483133507791	4.70803364402553
5.6215315	7.16493359311137	9.43004263993477	5.13818289268743
5.63339	7.48317205709652	9.37364870712133	5.43843637433687
5.647127	7.89923735079255	9.63831191424412	5.96030339191086
5.6572525	8.21222090318415	9.99813181897061	6.27889352151381
5.6580915	8.23822084185705	10.0317693874251	6.32611921858446
5.667893	8.51614020846182	10.298483724498	6.6837868007305
5.707348	9.24446397716282	11.0906082531292	7.25660271513575
5.7488265	9.49425921720517	11.2526414359277	7.54239049562264
5.774736	9.33111030725459	10.715894462938	7.66812906482653
5.8186995	8.65805669320627	9.98482764942921	7.2767656543429
5.8771185	7.24444655821806	8.80224680825727	5.72278049241599
5.906921	6.33968583200691	7.98868063293879	4.78604648522067
5.9111245	6.19945785388775	7.85269347431298	4.60180343418991
5.916792	6.00853330175859	7.69011925976493	4.36571637808798
5.923385	5.78532273080411	7.49309399249321	4.13001407916342
5.942036	5.17159604403046	6.87424927563891	3.64453850021226
5.968713	4.35853453307287	5.88731708628664	2.94407896354697
5.9806555	4.02926474599116	5.44673141933534	2.63874351173297
5.9935625	3.72361350578341	5.08989391605521	2.37623070264958
6.0152315	3.29844492796182	4.6078446894746	2.0317330266154
6.1001555	3.22344325827387	4.52584823198971	2.21745592351838
6.1775465	4.43564313875999	6.41272661543667	3.03078405573289
6.178833	4.47465078141563	6.48109764011511	3.06426594228686
6.1905325	4.83137047883599	7.13110195699552	3.38210454489136
6.2177035	5.6521620490327	8.12290114352217	4.10339504611104
6.233203	6.10794827630712	8.49044375158969	4.61661087590133
6.2332475	6.109231415693	8.49159192558292	4.61810612563458
6.2630015	6.91562566435355	8.88545292755221	5.57290087232332
6.2937915	7.69488328339297	9.21643892156985	6.49856370534139
6.379094	9.43800794302677	10.3826756029565	8.48514782703407
6.477334	11.0912341395044	12.1370743388911	9.72008913470723
6.4913475	11.2796523175425	12.3321250512825	9.86814407364191
6.5026825	11.4228899644126	12.5171727625873	9.93692116970499
6.5224625	11.6582232975012	12.7775011071313	10.1185954039825
6.572136	12.102899274382	13.2865284315324	10.5713053695645
6.6133625	12.3641455949327	13.6344280498708	10.9412952558238
6.634796	12.4242933885632	13.6658241197	11.1246564790742
6.679787	12.4230659082701	13.6212261652194	11.2634773857605
6.849935	10.4192638922091	11.2488643709695	9.46734450077527
6.996862	7.17180189516905	8.35078521341383	5.49138398129248
6.999347	7.09468496850363	8.28630755267665	5.37220212718033
7.0234995	6.34303423070379	7.63875912831503	4.35532864513317
7.0700095	4.91028303016622	6.46328462441805	2.81156961715202
7.1158	3.57193159037509	5.2654350668823	1.67666456669946
7.159694	2.4188559230603	4.27140397760777	0.631372686339936
7.182578	1.87275321258975	3.72720220028811	0.062072176770859
7.216186	1.20207358945613	3.10857849260229	0
7.283024	0.228840153268154	2.61164415690697	0
7.316555	0	2.54315783208855	0
7.322684	0	2.58036288532865	0
7.328812	0	2.66226223732959	0
7.3354005	0	2.72233976656637	0
7.3727445	0.0567788696981115	3.23341378383944	0
7.4138585	0.666154831043947	4.39240380841926	0
7.477814	2.83801527601529	6.90512823594064	0.0853970854076815
7.5370795	5.66476236673652	9.43563029147948	2.28914856822154
7.5846345	8.60328736201496	11.7683866984871	5.13964638897981
7.6364925	11.9825145730711	15.4018453224876	8.57171313074286
7.6541625	13.1254403773315	16.7840303189147	9.65454122602002
7.662137	13.6156018263622	17.4503329875277	10.039569404931
7.70587	15.3661207188756	19.6356901058097	10.9202906194898
7.7596045	16.2026574630322	20.5139854490107	11.1360397654033
7.7899315	15.6240595244166	19.329972300875	10.7181013041181
7.8289975	14.0157120354038	17.4357861246645	9.94636723166279
7.863392	11.9073383808794	15.5176639725495	8.31957343014265
7.8991335	9.31264442770399	13.3780652581304	5.71485923869266
7.920543	7.70889472018617	12.405677245102	3.88841591679913
7.9226495	7.55139570763781	12.3026942683649	3.73626878070285
7.9455015	6.09168479869532	11.2362242458913	2.22004420807725
7.975199	4.62949374662874	9.93509348202803	0.503333962202642
8.0033995	3.93473067769506	8.77261634648196	0
8.033813	3.72235919698061	7.84393844316408	0
8.05443	3.89971323183263	7.34130718439881	0.533023231778404
8.0657875	4.06034126362962	7.16576478947782	0.851717030928291
8.10715	4.68753983545835	6.84550321406527	1.95036041682011
8.162411	5.40389935166144	8.08686474881825	2.59146970732776
8.204003	5.68758461727194	8.28386940769135	2.65227867937834
8.2571565	5.64786577193818	7.88863123732263	2.48975983276274
8.33196	4.84692147871086	7.22858242560119	2.24826890145179
8.3873915	3.89612397916949	5.96903987618187	1.75911094329586
8.400403	3.62182962884115	5.56655959685716	1.63965248779491
8.40806	3.45851671578948	5.3652902730202	1.53105736790568
8.504105	1.97408868785171	3.97077102533266	0.349546189167347
8.6160245	1.03939356110668	3.20602878657758	0
8.6502495	1.03912824443258	3.01883173245853	0
8.7093225	1.30267042330431	2.90958381701213	0
8.7836575	1.93587667466148	3.87407536799671	0.255247189557223
8.8171335	2.28054435355898	4.53736175282774	0.607656443283194
8.8219115	2.3297128047581	4.58596220389101	0.644596002587553
8.8252735	2.36307815401967	4.70233405141947	0.663056463980016
8.838091	2.47065966133627	4.8065393926358	0.792666711184926
8.86375	2.62441195016532	4.67738804797176	0.978530309687472
8.919696	2.72443083096944	4.1302368176878	1.47518550954499
8.9747205	2.67503227144639	3.73902941198689	1.6004538113124
9.0436885	2.55998081332513	3.76303604673111	1.27062323300698
9.1079495	2.5350937982849	3.87286802595562	1.08389718927238
9.118243	2.54754245312499	3.88084818078298	1.10542272008146
9.1294915	2.57228204667156	3.88046761651901	1.17772095255811
9.173623	2.77210462235029	3.89613365345505	1.61257104242046
9.2154615	3.05452372595263	3.97620893775206	2.0637627195534
9.2226125	3.1132839067106	3.97752604025723	2.10408041679586
9.235405	3.2061662447058	4.03638092239943	2.16708978346703
9.282385	3.29086675965034	4.29114511617785	1.99232946484069
9.3195825	3.11368764094934	4.24708631136328	1.71171691197873
9.3454325	2.72966203859756	3.79546538228645	1.35167754030413
9.3696215	2.24425536829681	3.37705258249958	0.953470408456509
9.370822	2.21416585331863	3.34557026678928	0.941164248093168
9.372377	2.17488625845963	3.29949244398923	0.934741257896184
9.3728255	2.16349278621896	3.28685806303861	0.929282772865401
9.383842	1.88997633318963	3.01185468009389	0.696691774094736
9.395747	1.6022046508262	2.67668013718204	0.483476288704082
9.430177	0.996761921227271	2.10686594362484	0.0829395646343804
9.4655355	0.598915201415893	2.01588371025357	0
9.5037135	0.67239477927243	2.20397070716875	0
9.555524	1.30001577366557	2.74048384560727	0
9.5743665	1.7207140096445	3.08894427898441	0.405241351829469
9.580579	1.88231974232797	3.21785751003348	0.563320850128219
9.5834465	1.95939798178653	3.25273141456219	0.688621509344253
9.5861935	2.0346063195017	3.31095548586221	0.798308601245135
9.5973405	2.34174822469737	3.55255710838998	1.21117488748142
9.763661	5.80847699395848	6.81745191834023	5.07729622825715
9.928071	7.98658328946326	9.99940861736929	6.52515225209287
9.9370195	8.03201475703563	10.1830127419939	6.43911662588599
9.9573705	8.05728586209928	10.4400553922761	6.17095977469693
9.9754555	8.02086905530536	10.3915387137451	5.9450010977346
9.9757495	8.01942154173401	10.3877605716065	5.94133541683849
10.036163	7.14286380404924	8.82289715199585	5.00125628345195
10.0964605	5.69180921440078	7.55945897441094	3.54781464290255
10.099241	5.59785197019712	7.54668239898323	3.48584680826077
10.105226	5.39393262841756	7.44910150239805	3.25099637236946
10.1086135	5.27841587267442	7.38085371225636	3.11514748153681
10.1121875	5.15849055243619	7.30458262646954	3.01283757825954
10.1322755	4.55478704796322	6.85995056032267	2.20082936652139
10.1667195	3.75935674384754	6.30185526884544	1.15159460064797
10.1912225	3.37485554812481	5.99309681014046	0.932989154349846
10.206015	3.21890637997119	5.77074440210938	0.938088877127119
10.299486	2.90005144240989	4.86150258406603	0.401960799967719
10.395777	3.16275407075623	4.82244904606211	1.38840628774439
10.549697	4.31798284423044	5.68805106118324	2.91477138592956
10.7260595	5.49205585316375	7.17586219946479	3.50398461242076
10.8169835	5.74837727629122	7.66132011238383	3.64113614361656
10.87977	5.69012632832492	8.12572495567261	3.39095206940709
10.8850355	5.66937221772255	8.16841573982347	3.30993704365716
10.8851245	5.66898158339928	8.16955773166364	3.30923377785992
10.9227135	5.32055974258394	7.92323149045631	3.06080219682571
10.9667825	4.66099581065802	7.0388402040205	2.56754213264427
10.974835	4.49485707675455	6.77476774163591	2.44239756547702
11.000781	3.92387151822508	5.82380313942953	2.12281901193957
11.0330255	3.19578134052702	4.9499016293701	1.51213802563939
11.0497435	2.82875564566702	4.5730836085441	1.19788049727544
11.0587015	2.64271008172253	4.43393268898147	0.969328824050467
11.114714	1.9564305482939	4.11869678633288	0.124779618973754
11.175121	1.72519248349989	3.99027308168033	0
11.182923	1.76365897079653	4.01908023281245	0
11.237185	2.26341343958092	4.14834772382561	0.215762718360108
11.2881985	2.91258679923714	4.71196018129128	0.993612157849707
11.303283	3.14580332656156	4.85094238009815	1.23413996335642
11.358754	3.8427616221592	5.75931888480153	1.96726997581411
11.410653	4.27105064252449	6.59731345226421	2.32186187582002
11.4578425	4.35091982392713	6.61765109440809	2.426065923592
11.5232765	4.08474977831594	6.08001157797566	2.25715308410236
11.567366	3.68436354508935	5.51560167804293	2.00779395199189
11.6276795	2.99978582722498	4.73575144814146	1.43182372437963
11.6887425	2.31897316785714	4.17436975482357	0.496191079690166
11.772545	1.73778148080886	3.74319431953013	0
11.841217	1.56173763930174	3.54957732582287	0
11.85893	1.59874373189909	3.51380818797363	0
11.923149	1.94511723070218	3.55679349190004	0.51185722021176
11.979669	2.44274207006354	3.95613922330093	0.984209154681302
12.0026435	2.68875118540935	4.25602237155907	1.15962201108193
12.033363	2.98308583962802	4.82745566254284	1.31572684966596
12.0745515	3.24811772563564	5.23616143000564	1.39344882069758
12.122542	3.30982218414601	5.15496393399208	1.48457234681529
12.167209	3.11213528192258	4.77500711700681	1.33597070701495
12.189413	2.93085608129191	4.45798090386016	1.13822938261272
12.1947025	2.87836936348627	4.38589913706191	1.11076445330829
12.2003125	2.82139421632573	4.30144360197073	1.01850688152163
12.2451775	2.38358832127084	3.81507173786276	0.34313843867069
12.3010925	1.87970581893365	3.48032061634227	0
12.3303195	1.64499686171067	3.32158522474633	0
12.386469	1.22315416009348	3.01329291030908	0
12.4374345	0.848512346323046	2.90196119938284	0
12.469658	0.619814227538516	2.92293581983221	0
12.491303	0.471968891275675	2.80231967363302	0
12.548645	0.251081765197168	2.28297994640658	0
12.6212595	0.234511670227137	2.34216256135495	0
12.6815775	0.741905627216761	3.5188479553371	0
12.7336305	1.52945417747199	5.08155346686847	0
12.751935	1.93181188188387	5.74897092543658	0
12.772452	2.45034902840706	6.35737453096691	0
12.8092875	3.55028966893669	7.53335855733268	0
12.9179635	7.42902772579088	10.3536948706235	5.00962301792349
12.999418	10.560563850128	15.2884909982347	6.88919701247615
13.000319	10.596593548382	15.3853820473739	6.9008181692487
13.007413	10.8639491302708	16.0622684240443	6.99070108379218
13.0302305	11.5387393261278	17.5572854491174	7.22528181520878
13.072123	12.045643496497	18.5684596848688	7.44710901890796
13.134189	11.2044424810344	16.5203818065095	7.07348334681842
13.1741045	9.92563882184871	14.0022191112752	6.33521777875282
13.191577	9.16768659024737	12.676207180656	5.96785659975104
13.283119	5.25453162658152	8.45847779452554	1.77093264745566
13.3680245	1.93103488871971	6.00118134589241	0
13.3935105	1.09916282786859	5.3642505862579	0
13.4555175	0	3.75224073574773	0
13.512039	0	2.36135594217717	0
13.554993	0	2.21838766883569	0
13.5883245	0	2.79782680526226	0
13.611735	0.0375693866337805	2.86314306698723	0
13.632162	0.345261229082828	3.2257213203447	0
13.641586	0.485779576144511	3.26177958904134	0
13.652339	0.639544819399612	3.2431888929319	0
13.6918195	1.07360456021158	3.25173502570859	0
13.736889	1.42381118863869	3.30155637653027	0
13.7746155	1.56045128284128	3.15383962396397	0
13.805405	1.62930202111225	3.15187589895838	0
13.8226745	1.64681740632722	3.06958741612319	0
13.870737	1.68844994335553	3.05319718071461	0.022576045754118
13.9099475	1.72433360053684	3.14495246935624	0.200319215021152
13.946302	1.75571822662846	3.0081571737024	0.443952834345357
13.9898025	1.77803226505329	2.85357225186889	0.701529219747366
14.017363	1.77100913695967	2.92876398857296	0.768651146642527
14.053922	1.71836786411685	2.93190520388378	0.815071612192868
14.1080335	1.54830640763708	2.72691424664936	0.741852856811036
14.1376275	1.41652965531297	2.59361049426588	0.632555886202824
14.1653185	1.27041386104777	2.38824021570524	0.45767752875287
14.212169	1.01759145514854	1.94362356896059	0.220168515013551
14.2501135	0.827127765995506	1.68352454451821	0.0336531507754616
14.300198	0.6312923064739	1.48144710677565	0
14.3322645	0.538586695499422	1.43136954640956	0
14.3784505	0.470573081358793	1.36269031762927	0
14.467493	0.460857759600426	1.25095780369982	0
14.518989	0.516337612192486	1.24049254475261	0
14.530865	0.535106412559909	1.24362427400766	0
14.534918	0.541624047747392	1.24484682968069	0
14.703757	0.643484765372162	1.31277391922302	0
14.877227	0.569223675276397	1.37843777474234	0
14.9091455	0.520400784421458	1.25519550392555	0
14.938631	0.472662807558102	1.19251303656932	0
15.1395605	0.336967334155712	0.842424909672234	0
15.4185685	0.572835892333289	1.30496986564543	0
15.5438565	0.983248745085267	1.69293068350436	0
15.5969665	1.24492627382876	1.947103272749	0.1082838437879
15.6084685	1.31153537629163	2.02370793154247	0.19931149075276
15.61183	1.33159320338109	2.05121185603035	0.246211341790588
15.6212175	1.38823616703147	2.11225611994556	0.335920059119888
15.682434	1.72861268171508	2.40898928889325	0.907292725145455
15.807836	2.17142113382214	2.81362416020663	1.44204413913757
15.901349	2.21216107408534	3.02604410802316	1.40582002335537
15.945449	2.08813102741941	2.98854615035727	1.24471069277979
15.9902335	1.86398446464005	2.77557467416345	0.890022066985209
16.0220225	1.64676790703918	2.62915997236069	0.71991252055566
16.037385	1.52619022783701	2.53652206018627	0.604790159229547
16.051054	1.41467067821571	2.42515928726252	0.495276962239929
16.0862985	1.14732890540264	2.28473532886766	0.218805634407162
16.1159225	0.95076216182064	2.12448865127196	0
16.119781	0.928557229439145	2.11070803364241	0
16.1833155	0.891367538299494	2.08648895387833	0
16.261579	1.32765709934504	2.43840597425279	0.282871881729556
16.330138	2.37520363975295	3.33888952841027	1.56956238834715
16.3852685	3.4657168393563	4.4215081405119	2.38767154798645
16.3869975	3.50584875682869	4.49044045654324	2.39527686215017
16.402304	3.84047164363368	5.0079014021827	2.60879719816371
16.460904	4.67776294820022	5.95338484539606	3.24208329316772
16.504766	4.9095934109208	6.38762120747572	3.27899114427505
16.504955	4.90926921890011	6.39361321100186	3.2781565435645
16.5071575	4.90258781097406	6.43312128593323	3.27888561988227
16.5093445	4.89320082437047	6.49627904951226	3.28643815583511
16.5239545	4.71955607707081	6.29812029375835	3.2593954763344
16.5386565	4.45071723248484	5.9415717317968	3.11853192262099
16.538791	4.44739892307999	5.93277935423015	3.11512261738291
16.567439	3.68370778534609	5.01930927244867	2.64947299310161
16.59612	2.86323995391423	4.07099787993095	2.07072354832835
16.606167	2.56258151160399	3.73475835556013	1.79831992165549
16.6161835	2.2691399975553	3.4164482907828	1.50331418832832
16.6366555	1.72836365823169	2.69347106184608	0.99424506564794
16.675505	0.867679553294867	1.73373356268909	0.16578155530255
16.70769	0.335119031310433	1.12211149633023	0
16.757291	0	0.440273317484786	0
16.8086035	0	0.00337567498019328	0
16.8382245	0	0	0
16.8754875	0	0.075360932847903	0
16.909574	0	0.15270907878284	0
16.937889	0	0.20313404710613	0
16.955259	0	0.243669885693144	0
16.9855405	0	0.379842114317352	0
17.0158475	0.0206275126336448	0.518424801329648	0
17.03546	0.128975630084437	0.630805952400691	0
17.0656575	0.319736427309073	0.846180512160731	0
17.1246075	0.840968658416147	1.39590033401478	0.0931719393768971
17.1729645	1.36742410335799	1.93633874229908	0.567966035631628
17.1730165	1.36807773181241	1.93687499240667	0.569272169772112
17.196686	1.68740207300554	2.2483924334902	0.935741570802957
17.285482	3.20629396570661	3.86902020829961	2.52977542628814
17.3564145	4.70183655947453	5.82651804213413	3.74779319482607
17.387006	5.47484529285681	6.9958717092457	4.36687037117378
17.419352	6.34645521127298	8.01426620540421	5.05721714618956
17.4305745	6.66531387638577	8.40530350803168	5.25775138003417
17.4403055	6.94564116158623	8.78182079462351	5.54849122142169
17.4468095	7.13338759891848	8.9575943021852	5.68191282505211
17.467146	7.69171820385696	9.60790067767799	6.19088216897543
17.5140205	8.79929847521853	10.7943074128341	7.26297809611733
17.5534515	9.5030717402082	11.2241847407089	7.92476145345071
17.5721285	9.74001208031259	11.4308726696581	8.19441656016388
17.604998	9.96528813669305	11.6044362045426	8.38318471087391
17.705851	9.30287246630126	10.6717146302277	7.68044266869757
17.8021085	7.26926808580107	8.51716912967937	5.65445574606765
17.857395	5.44988858400976	6.84806071785422	3.54802461276036
17.89066	4.27781838956261	5.99628810856761	2.27892326001965
17.8906725	4.27736357438902	5.99607951591387	2.27863328656107
17.8922025	4.22185171637095	5.95149306844502	2.24343881335732
17.9364825	2.79228073689828	4.9093617030936	0.810112198103587
17.986334	1.41945304915446	3.90022292077837	0
18.005408	1.0148695812526	3.57132868977769	0
18.041907	0.430428050306427	2.93301048291784	0
18.0695085	0.113300471562354	2.50950030601581	0
18.072626	0.0870159167464251	2.47068530512864	0
18.0726895	0.0865004269919726	2.47008163833343	0
18.145621	0	1.69237307756723	0
18.513191	1.02489990950902	2.04336675110524	0.251454891859758
18.8151485	4.2901888271825	8.73604914779627	1.31641479953395
18.8261	4.45505466230715	9.08353135559115	1.3477609080933
18.834175	4.56405278336392	9.31333868415648	1.37639343386076
18.839554	4.62960216530107	9.366781750954	1.38195169462261
18.8705075	4.81523393908856	9.25888963537767	1.4752474590873
18.9040565	4.81111079104197	8.46153834332089	1.43077324865154
18.9445655	4.40925826534326	7.22451661733801	1.44709861194179
18.9829645	3.85978372152378	5.99040040010969	1.30991134299749
18.994301	3.65240912645375	5.64925809656613	1.28042713489064
19.0514745	2.68915498281922	4.55727301655803	0.584348926339934
19.0987695	1.99643249464718	3.90635586006228	0
19.1670745	1.43916887385528	3.43885264971128	0
19.2774845	1.34947550815406	3.46259796380213	0
19.357275	2.00276535262165	3.73220276891254	0.100090184416071
19.4119015	2.69003684158826	4.5425621629178	0.964442135486858
19.4374565	3.05597656395258	5.21785367256425	1.30004989998478
19.515692	4.05448214435616	6.46293714161654	2.19063646545554
19.591018	4.84735906347937	7.19341126462868	2.85353315741606
19.6076195	4.97917135863735	7.09938093875004	2.97120019562324
19.674669	5.33241471986441	6.90358165041373	3.64632196779948
19.7439855	5.50756001629918	6.97525814545739	4.00912928556785
19.812039	5.45177222606013	6.98031609498154	3.86161031721794
19.892548	5.24806005464957	7.03045473768289	3.54024196865319
19.9343875	5.09249199233184	6.7695426602973	3.53563695331343
19.975508	4.93987969834963	6.41946578971256	3.4846839884956
20.0172475	4.79813390937371	6.15467520102046	3.40550184947442
20.0380945	4.73376140045563	6.0951210087125	3.41927370205024
20.0451425	4.71309252963547	6.08730365775842	3.44211829048739
20.067286	4.64753953279934	6.05107199631774	3.42895199038437
20.0864285	4.58950208730581	5.93500379475658	3.36438107656862
20.097999	4.55307094053169	5.84285381998683	3.34162687239688
20.14131	4.40800622312397	5.61220470450669	3.31971100278052
20.1988065	4.19941055013507	5.1733926028095	3.21415254208934
20.224546	4.10299338786457	5.01336818796116	3.17721274266105
20.313715	3.74320971683024	4.45604621697482	3.04988618245117
20.410862	3.32091017393687	4.76664922174288	2.3083076094075
20.4347025	3.17572845790945	4.87482367104173	2.13801608262629
20.452657	3.03558832023058	4.74980127405671	2.02153671986724
20.4549285	3.01477546902266	4.70953559589533	2.0042292753396
20.457378	2.99125389124524	4.6946743271454	1.96962170391006
20.470159	2.85460496957387	4.42083615727544	1.82941506164139
20.4945475	2.55098826621635	3.83750974924609	1.53691010637454
20.57026	1.56535253920463	2.30584444192322	0.757265624413249
20.6339715	0.822286124717151	1.67591665080085	0
20.6682195	0.559819058145884	1.45847983721444	0
20.713229	0.396889004925263	1.38955312380066	0
20.7317345	0.42740124610826	1.45878834824584	0
20.753629	0.574024513842055	1.62343744455888	0
20.78594	0.992991296331902	1.97299919617695	0.157361025768044
20.8178205	1.65282120514901	2.53326195015427	0.932922291023257
20.851377	2.57355291726865	3.44051269352107	1.618347721761
20.8693285	3.1254274095562	4.16867377024424	1.79479735138232
20.871331	3.18979935740472	4.28948829502895	1.80446784346574
20.876722	3.35985253226583	4.58116937702468	1.84123940377091
20.880156	3.46524876168159	4.73200969653481	1.86221351276903
20.8909175	3.74564121756593	5.12561302629938	1.9331508200303
20.9092625	4.09317686946449	5.69243382137843	2.10411870108746
20.923076	4.21361054393357	5.78053486416675	2.18551593598941
20.929272	4.23053213366349	5.84281112526049	2.25408053263074
20.931545	4.22928262791177	5.83393882021176	2.24370622021784
20.934252	4.22590302075963	5.82921011398648	2.26951290249563
20.934784	4.22490130904323	5.84779835456445	2.27472443411674
20.943883	4.21428472058008	5.73182483188578	2.34969687780413
20.968308	4.24141852490234	5.79766845849528	2.37569253312042
21.009696	4.47971329143891	6.43167338760183	2.59987091937318
21.069716	5.13181562950676	7.13669864148583	3.14191251161281
21.137555	6.07044013485826	7.71783146158005	4.20331284426092
21.1923345	6.78022183876107	9.0230262422493	4.88475940756493
21.2137465	6.9920274681583	9.64642042978664	5.01970363584826
21.2193875	7.03187892061865	9.82279538628511	5.05462958596404
21.238923	7.08846592209785	9.90326391976968	5.09092428229246
21.254688	7.06275318201418	9.81539976245212	5.05160875077439
21.3040505	6.50967308821884	9.05093208878954	4.56543561247553
21.362775	5.4081612792306	7.35164977048724	3.6844207573785
21.3855575	4.82246036984968	6.54496721425071	3.18758765537843
21.468326	2.86974358670714	4.73572845997937	1.29731534431307
21.539169	1.46453067438443	3.76225661279288	0
21.539513	1.45885461150011	3.75721486662725	0
21.5544995	1.23978518756977	3.54259594286947	0
21.574702	0.996364008916591	3.344178354037	0
21.632862	0.746239431185537	2.95043368202455	0
21.685545	0.820204030354839	2.8629242312661	0
21.685591	0.820505675661845	2.86318443881038	0
21.9081085	2.87071223672394	3.79492889084008	2.05891588977895
22.143476	5.69316951474577	7.47044544548036	3.58284464057451
22.172077	6.0628030020269	8.13693410535037	3.65426705817724
22.192891	6.28256466657199	8.7411135910544	3.72149718552256
22.198001	6.3261175672592	8.81359613157944	3.73578112317395
22.2076745	6.38434319978024	8.87356270013433	3.75290178338468
22.2394895	6.37406175360727	8.84456680959261	3.72528464194872
22.2758325	6.02353804605031	8.11723409402411	3.63510718722138
22.2951865	5.68194001078167	7.57260606527654	3.56359892495777
22.3003945	5.5727700359428	7.36669607998322	3.52717214232773
22.31926	5.14547058250198	6.74519428982509	3.38665989719203
22.3574105	4.22911793199537	5.49388285535604	3.02741041003283
22.432922	2.4983045640714	3.60707742837017	1.67787441396688
22.5070135	1.05110707313451	2.48462592125449	0
22.5906685	0	1.50629729434185	0
22.656532	0	0.770982979806246	0
22.656638	0	0.769739690736068	0
22.658255	0	0.750880075553054	0
22.7487355	0	0.164768418278444	0
22.838131	0	0.30811143272873	0
22.9059025	0.30317541712428	0.791135375124038	0
23.006519	1.3475363921324	2.00175808278198	0.541084775040214
23.085937	2.2966437516442	3.32366874487113	1.45458375594432
23.132	2.83199581521652	4.03834876093747	1.96234420276378
23.1320465	2.83252034389525	4.03831233405638	1.96265418716288
23.13218	2.83402425799593	4.0382034568629	1.9631699902691
23.1322795	2.83514374149145	4.03811936113952	1.96311598135418
23.1340975	2.85522220032029	4.08294201299811	1.97612092133671
23.1404215	2.92137284796056	4.13156377025413	2.03313006714178
23.189511	3.33519582037357	4.33616459027534	2.46416051660672
23.2909755	3.93612039930227	4.5107906957639	3.25933101599937
23.3583595	4.24336349018255	4.89177503503469	3.30852124221186
23.3850765	4.3590392996868	5.15116728616314	3.20335568145063
23.4249965	4.5760449830653	5.58408320456201	3.20214889570196
23.4579735	4.81888680336257	6.03530691313279	3.19604780592725
23.483182	5.08199341468587	6.36094927181899	3.4098718922443
23.50055	5.30370452854928	6.60929391143363	3.61425002209351
23.503772	5.35061155588955	6.65754867236468	3.6287160040606
23.508357	5.42003764104222	6.72612303563881	3.77279108163766
23.5161775	5.54436332883506	6.84682611377368	3.96048213496427
23.530126	5.77829731663934	7.13012311281795	4.3220752998526
23.627607	7.40248139003513	8.77065189044835	6.44696508765077
23.7177755	8.81139511116346	11.3151822338338	7.07457678911001
23.719844	8.84129053615081	11.4073088096524	7.06824371054667
23.723513	8.89246259526497	11.4291843495241	7.06860439178814
23.7319675	9.0019746673283	11.7364284602102	7.10930405994145
23.7372125	9.06487867455443	11.9156679241864	7.10272395581366
23.758315	9.26943231507434	12.10519859738	7.1283882311451
23.79572	9.52740408043597	11.9015724700916	7.17861501424361
23.9257035	9.82948231345768	11.2583117021765	7.7625626127045
24.0418165	9.83905610042282	12.3267672150014	7.46567053587745
24.0682535	9.8446489800472	12.7955190893227	7.12013354049873
24.092884	9.90294525555459	13.3419668815437	6.68563448824928
24.100553	9.94391986640087	13.5512589276671	6.66561240791497
24.1682135	10.9749088234117	14.9141401051114	7.72488320801811
24.258674	13.6148109151647	16.463401064919	10.9180815161425
24.302421	15.4541989223223	18.1904582718313	12.7805726181643
24.324048	16.4320741380221	19.3339398725052	13.6423067179066
24.3402985	17.1442361098697	20.1910188836999	14.1336535834722
24.3508855	17.5795204299857	20.7846735205365	14.3063292212984
24.403458	18.6281827998722	22.2810668141271	14.1530076062264
24.467834	18.2756456989959	21.9657511214146	13.182803610025
24.4825765	17.8021316997795	21.6369202777153	12.7599388460929
24.491975	17.406916160047	21.4738407720337	12.4730591680615
24.5170585	16.1323363396569	20.4352868755503	11.7101817253365
24.5449795	14.4352568914716	17.9864274168997	10.827036377773
24.5567045	13.6554611670878	16.8604565405024	10.3912411702602
24.6366755	8.71979366904534	11.9435269253894	6.66120134754938
24.7169575	4.30587796848678	8.46518796979383	2.0726826114527
24.7176525	4.2723959835005	8.4390544824066	2.04573777765431
24.8122275	1.93592920910596	5.33771008143095	0
24.9073185	1.82117610788694	4.70313912881925	0
24.910908	1.9049462331884	4.76254453329006	0
24.914968	2.00567257329507	4.86652645022125	0
24.941751	2.87626361152622	5.53067266130081	0
24.9721095	4.09709453292349	6.59398798924785	0.692566517198088
24.976697	4.31314164932922	6.7750102752784	0.840807698139369
25.020616	6.33239292862958	8.35394830159804	3.1631499399197
25.070488	8.51110945470303	10.7231479447526	5.20562143112257
25.0792215	8.85087377769442	11.4516951652481	5.58013689764022
25.095398	9.34932925622219	12.4956807163503	5.8177436126691
25.1267095	9.8512268059438	13.4045479663619	6.4513844026246
25.1452785	9.88665050630277	13.0937814653436	6.71315575031915
25.146016	9.88198186750548	13.0668471950325	6.70767931000474
25.152581	9.8300798744481	12.8412694098523	6.76025552431769
25.227744	8.75724350862339	10.816184040215	6.66114756054027
25.3299785	6.67221784949402	9.00210861945767	5.09215703372926
25.3635445	5.90091501710487	8.16084378994203	4.30690077932566
25.3914345	5.32751278517507	7.6451006003521	3.74096578752604
25.5011935	4.28491185400859	6.57907891386255	2.6948414089122
25.6192605	5.17005819248909	6.74826870376756	3.68221017344859
25.6554745	5.97683123612278	7.62945447109842	3.98238506776397
25.666256	6.2766358292917	8.06280145669479	4.13000118705604
25.679171	6.64649623781002	8.56077096666465	4.22749434963348
25.689971	6.94808030369611	8.92501035617659	4.31746530019924
25.7082505	7.38218829591065	9.24937946440922	4.74598604716859
25.72553	7.63829808244045	9.40394952663095	5.00068785101315
25.7435585	7.64243072599293	9.26807625755034	5.18751113918417
25.7690965	7.01011178981622	8.56971099113788	5.15114229376579
25.784269	6.28552930763338	7.67409155350144	4.91832001338356
25.784793	6.25220867617233	7.63481845254391	4.90158025039353
25.7853235	6.21757905742526	7.61511763085676	4.90751136384892
25.785677	6.19358074024044	7.58897053481242	4.90815537990361
25.786055	6.16747960365479	7.55450621287232	4.90165789979947
25.786228	6.15531884749135	7.53572360487147	4.89863359493119
25.7864255	6.14137233077823	7.51188945845075	4.89515295762419
25.7868845	6.10886739379704	7.45469459542162	4.87624608756827
25.8069065	4.80365327726336	5.75426536216638	4.13451974706765
25.839153	3.01715756559594	3.94094604952946	2.36243869263177
25.8561825	2.28862860699095	3.3227903146973	1.57984715253942
25.871744	1.79965870222515	2.7621707201079	1.04618291948448
25.8828975	1.52363924859143	2.48629655497672	0.733451260216418
25.893455	1.36133933396868	2.33136233039842	0.556305157686079
25.9111075	1.22406653351238	2.17618352809715	0.393587844830937
25.9205465	1.22929390302066	2.15351222810118	0.423709290871979
25.9346615	1.34406343700248	2.29541194360439	0.527639123454086
25.9594005	1.74715576834108	2.60400824461946	1.00744479652315
25.974916	2.11248768428448	2.93645848829404	1.41523978227327
25.9775065	2.18269450202711	2.97729012422951	1.48097622219958
25.986638	2.43562949428408	3.18888344113228	1.72247914062278
25.996156	2.70085639443617	3.45855274156153	1.96013101435441
26.013638	3.16571089064831	3.92255140894541	2.36796738340764
26.0518355	4.04056108799815	4.84446489567404	3.13719210609942
26.077967	4.50641605901376	5.34633053785408	3.54807130949006
26.087831	4.64109191624909	5.49226234209741	3.75727647226167
26.094611	4.7216551166363	5.56535367472695	3.8500863275715
26.102012	4.79713520386712	5.59345474727497	3.95636324347012
26.1290675	4.99866158932205	5.66546564262346	4.16905017486495
26.2069555	5.16796784819339	5.88816791597968	4.30332781966141
26.264543	5.06709447748184	5.80829807074617	4.21624413603859
26.297881	4.92212845936293	5.68787531142007	4.08061097794668
26.377423	4.64585685155939	5.47521645968677	3.71871598597065
26.445665	4.57617928743763	5.56659850857916	3.76281548347399
26.472842	4.63840122508496	5.7638263532923	3.76225948516092
26.5027305	4.83420924798102	6.02818835932223	3.93061200575019
26.532339	5.1408075927461	6.39719950259479	4.22778019549419
26.55873	5.56908074667358	6.83344921894367	4.58505502518521
26.5855755	6.11507295961771	7.64906650016823	4.86131780296063
26.592204	6.26877522793367	7.91199476151628	4.9392537183683
26.592352	6.2722813906448	7.91772406241697	4.9399167662531
26.6131245	6.67854361744609	8.49804627242981	5.00389435891976
26.64066	7.05675026565938	9.19471528843251	4.85993273147697
26.6490275	7.10285373038011	9.24365729468017	4.82482564744225
26.653574	7.10459126960528	9.33213720247216	4.78163010900602
26.65668	7.09782817527989	9.36609953201427	4.762725075165
26.665904	7.02071166012521	9.24793118490158	4.70203785520245
26.6750695	6.90313433258636	9.22354069817181	4.55908733334794
26.6779875	6.85063700865277	9.13071982834369	4.55679620139551
26.686544	6.68321972768048	8.8553936709055	4.5023441228514
26.7226125	5.94332264676701	7.76092705614112	4.27787710635403
26.769534	5.03716515035106	6.73171849284237	3.57316011913095
26.8393675	4.11710828278051	5.7174466483702	2.62617564894234
26.91757	3.66319404080465	5.39060048271562	1.96491975627691
27.0210155	4.11464285848633	5.60200032433721	2.43598459886169
27.109836	5.02251803524789	6.65489704975133	3.61478795895338
27.135271	5.39080028607048	7.07142521780778	3.99868986699731
27.152951	5.65197461465168	7.263318281587	4.22874995091765
27.1631475	5.80186373891062	7.41687252170406	4.38224977209347
27.2141465	6.49305242183426	8.05502571539959	4.94120261861144
27.327176	7.75166435348733	9.45562016398759	5.97813015887955
27.404837	8.45110361600506	10.2884556712054	6.65507528521174
27.413569	8.51787578745556	10.3735756865016	6.72501349977048
27.4144585	8.52453381711008	10.4027411292859	6.72433188896258
27.4210795	8.57357151440844	10.5164539526849	6.82915159398475
27.475095	8.94876845689322	10.8457268907616	7.2351335227483
27.560828	9.48565467826304	11.0400330870786	7.84171905969143
27.6068295	9.75033541899838	10.9062552846748	8.31060681496164
27.659857	10.0182155734209	10.9287040914418	8.81409744952133
27.805722	10.3729160241786	11.6855385314633	9.0855738242796
27.9124355	10.2540408936896	11.7723957382876	8.69954691689405
27.921487	10.2181038027653	11.7091168831488	8.65281996704578
27.9276565	10.1903786502461	11.6803797846554	8.60137138419689
27.971151	9.88523885585551	11.3784020404265	8.43059078776467
28.015336	9.45968315689748	10.9217276417685	8.09741717122384
28.0193305	9.41125897849481	10.8276318529897	8.06222161339303
28.0891375	8.23615052260636	9.34744597117266	7.31341800008016
28.159754	6.72821510677278	7.76401555331763	5.7117999059431
28.166248	6.55943523410106	7.63495412480433	5.52484706561397
28.172653	6.39181405320382	7.50241939920901	5.26778252281243
28.213738	5.38658377384513	6.44386883123996	4.22414437748216
28.254061	4.47573869215352	5.66494068991249	3.405569826236
28.2545205	4.46625821750695	5.65443951226106	3.40166206982464
28.2549965	4.45649484874837	5.64354417209434	3.37958333990624
28.263451	4.31084800632818	5.47387922903984	3.17072616008458
28.2719175	4.19198499177866	5.37458377108662	2.9962103702691
28.2719965	4.19112868422368	5.37353557894154	2.99556564061395
28.299716	4.21446941867393	5.38924485806897	2.96599121954806
28.337982	4.86137608557734	6.24336394468733	3.56901133579515
28.348667	5.21084280131598	6.68639308191332	3.87252764854762
28.363871	5.84983511655356	7.59053848710519	4.46231924080542
28.3848995	6.87991550767154	8.88455733528163	5.31327829154893
28.410823	8.44269510013751	10.4596476626346	6.69401637601542
28.4308295	9.76545558379578	11.758951991942	7.91935978783049
28.430849	9.76683121872051	11.7603571485355	7.92025806582775
28.457183	11.5837599195188	13.1234218390602	9.98159358050883
28.4847855	13.4429641685933	14.7145037946747	12.1568663202126
28.492547	13.9318166706721	15.17429031848	12.7245341699095
28.5185285	15.2310417459196	16.659724622963	13.8582299508133
28.5551405	16.1607185840844	18.0522123010719	14.2567377069657
28.5817945	16.0334124937621	17.9558562687631	13.8574705108272
28.602907	15.3104700743401	17.1823767869339	13.1324576965829
28.626484	13.8184793454805	15.3657061047335	11.9387833621904
28.6385095	12.7991811112438	14.3429643999967	11.0927895043109
28.64067	12.5884152797697	14.0829374975697	10.9302468133246
28.643486	12.3073163452348	13.7924427040977	10.6920788252027
28.646038	12.0448430047968	13.4680796169897	10.4934380933901
28.650384	11.5891811507854	12.9926363267929	10.1309176244255
28.6528515	11.3273201165958	12.7736379182931	9.85991559415471
28.666971	9.83300687018305	11.2321249894426	8.48461734021361
28.6812025	8.34021929398801	9.68898380594762	7.06790534563348
28.681881	8.26987062502042	9.61410102336851	6.98535287226889
28.685764	7.87506733668594	9.19003421321024	6.62859036681947
28.7062315	6.04080195204196	7.13797714735167	4.89040875126506
28.7233865	4.71047183582614	5.69589458742469	3.59245792649734
28.723555	4.699128950452	5.68374644630911	3.58539875737798
28.7237965	4.68290505106242	5.66633877091733	3.5754065042276
28.740404	3.68084258713509	4.55581774302437	2.77889578634848
28.757122	2.78607573246933	3.48033922297108	2.08862971735352
28.809741	1.05436861423806	1.49636459343461	0.467142834059745
28.8622365	0.056689631562416	0.594124307257455	0
28.8779855	0.0260729194441928	0.52147301497354	0
28.8962645	0.0589643733972849	0.579560510110077	0
28.9002155	0.0813415467681047	0.61732671302264	0
28.9018285	0.0916730457706862	0.635266915235131	0
28.9103455	0.163252665918758	0.762023978386921	0
28.9186225	0.247570822076786	0.923580827175047	0
28.918663	0.248053777543731	0.924279024448293	0
28.918888	0.250755954307769	0.928172667512429	0
28.923959	0.322048349992929	1.06500741093931	0
28.9365095	0.563712027492448	1.46487696708454	0
28.9534305	1.03969993298556	2.04895585922318	0.274199230135118
28.9656775	1.48153618039482	2.47442127984436	0.671514987041427
28.9687615	1.60716812355724	2.56398261154086	0.802793952904601
28.9691545	1.62362048570893	2.58106650102864	0.819753611857798
28.9757535	1.90110625555543	2.86209617224787	1.07781802772625
28.982651	2.19184300299953	3.16784148115506	1.35952685984418
28.9886045	2.43575974475297	3.44518637880832	1.60269567013966
29.0107405	3.20709327504367	4.15307988141886	2.43704017481677
29.0279335	3.69023398802383	4.48287621356993	2.87605745043917
29.054298	4.07921006789855	4.85641005674014	3.18447412615317
29.1066115	4.02355778999705	4.88203903523411	2.50345729222027
29.1357	3.55162983587181	4.48802127402657	2.1070456888971
29.1508655	3.16985354792228	4.1185235664891	1.864064207769
29.1718665	2.59087908576545	3.58776051602315	1.44671919969006
29.1804975	2.3429082861771	3.3799641159369	1.20290725759585
29.1805805	2.34050682238398	3.37779845810154	1.20073323521504
29.2019325	1.8017815318207	2.89123105010402	0.710789161469189
29.2241715	1.32654943271477	2.41329007002351	0.260988484352051
29.2948305	0.977991976548386	2.05707851719553	0.140321495616847
29.373608	1.71624392690126	2.87929787229631	0.952154310693124
29.3826695	1.92587596496854	3.1719605725819	1.12482778406235
29.395888	2.26678832135538	3.58605926872024	1.40866440800861
29.441415	3.59646079806113	5.32628763811725	2.57235179481811
29.4737655	4.62867776616877	6.33864357471935	3.42098485353459
29.4749575	4.66884808339289	6.37853017083046	3.45867789553184
29.496568	5.37235401834919	7.01537768585592	4.08556430641815
29.537335	6.58129745308982	8.09233554044468	5.30613111619123
29.5577345	7.10749178296962	8.558020661965	5.86482107866457
29.607673	7.83657305799774	9.14181348750142	6.52192246384147
29.6595125	8.10726114850021	9.45071330615322	6.26704914972253
29.671622	8.03127904225691	9.48117963936171	6.0388182655286
29.7168345	7.33215678413804	8.83705751111817	4.83737319260617
29.7530695	6.45428776213361	8.14448193622606	3.75625711052321
29.7542415	6.41802720300971	8.12870087478757	3.71494125584754
29.774602	5.79139230562112	7.70343602846406	2.99547714056693
29.7992115	5.04559809102507	7.18058470783586	2.04994815436127
29.815284	4.61289710579431	7.08634309427219	1.68779568673357
29.83337	4.20946388552933	7.00966328241263	1.26650643970585
29.8450525	4.01664957250615	6.96496804802623	1.07451173349725
29.861771	3.84384480895774	6.8867803545407	1.05472907982651
29.880087	3.76230870596252	6.86127516810151	1.3010920032373
29.9697945	4.3367895235024	6.6787509774656	2.02975793130351
30.0729045	5.83220254184519	7.22550368943757	3.65082320417179
30.117475	6.73456482103857	8.15340013846926	4.5100029946031
30.207524	8.33536087761775	11.1410101557143	5.54972492905837
30.284865	9.46158229232969	13.9465131086534	5.93527497139718
30.333653	9.89413378774262	15.9281639090659	6.01481417457032
30.4407455	10.1429517157253	17.7539523031651	6.19391556243783
30.6898245	8.02175648339607	18.2138906069069	4.46841435209488
