phys	rec.rate	upper	lower
0.2558595	1.46204417939573	3.16930260067704	0
0.2783515	1.46090716088106	3.00190307283647	0.0398488384886588
0.3172505	1.5311581185761	2.8146790038994	0.416277835368664
0.344781	1.65370364586311	2.85374658466533	0.568888960891204
0.345072	1.65569149034874	2.85238071108315	0.566287609564484
0.3463365	1.6650378550373	2.84638119379979	0.569157960687146
0.392347	2.0110963230811	3.08551834381332	1.031670610757
0.5128455	2.60432886183132	3.46703347459797	1.70651084258506
0.5884715	2.69225972291254	3.57432436739647	1.86562733224229
0.623046	2.60480135330606	3.38071324842495	1.81940237931914
0.707187	2.20534561476196	2.97767885752049	1.26881890215703
0.793467	1.63769429471951	2.47282701955927	0.604498851093054
0.859189	1.18600920791934	2.13235349536748	0.247003990098456
0.907122	0.902472812964426	1.99126999770428	0
0.9412385	0.763848137570242	1.87431255264152	0
0.969089	0.721419824480804	2.05686908059717	0
1.0147075	0.899970430704854	2.29047012813244	0
1.051629	1.23430228922285	2.52756442869514	0
1.1003545	1.97717362688913	2.99280112477597	0.8925149761709
1.1484415	2.83142424508813	4.15060711693632	1.68150807117878
1.151687	2.894059071443	4.26890068841765	1.70720661411304
1.1756725	3.17822594734559	4.79425863936652	1.83014939414372
1.220586	3.11485309278258	4.66687823826972	1.58876202965671
1.2536515	2.54743738211848	3.87798882146098	1.20858605972854
1.270936	2.10791898098901	3.38974136067827	0.902746060986833
1.2842915	1.74186257205934	3.10299791163846	0.572853017553494
1.323228	0.866779760502394	2.46102447631304	0
1.359932	0.296804655588574	1.72901775163921	0
1.365995	0.240372287117441	1.63098625809901	0
1.3682795	0.222467975490893	1.57058833643263	0
1.4373665	0	0.596034664236408	0
1.584189	0	0.274243777727427	0
1.668812	0.00893669249495349	0.621304244922622	0
1.692478	0.0586163728266849	0.794395104770517	0
1.7115615	0.0825143354263529	0.775245172357715	0
1.711949	0.0827243148471957	0.771842149711488	0
1.719746	0.0847045763575131	0.707195703755657	0
1.7273965	0.0845144104942265	0.674034664780735	0
1.773367	0.064713484371563	0.445397834574847	0
1.8382415	0.0250155022580161	0.353513156153475	0
1.9119555	0	0.21139132558012	0
1.9767625	0	0.209462213949548	0
2.0043505	0	0.219583790651657	0
2.028539	0	0.221119798044289	0
2.035289	0	0.22387388787123	0
2.036039	0	0.22011839688902	0
2.0368095	0	0.216274379607598	0
2.0805195	0	0.198960953452603	0
2.1793415	0.0395484748838843	0.472935396855615	0
2.2346415	0.0926712847659952	0.737829489984934	0
2.234822	0.0928418315198959	0.738426796526577	0
2.2777785	0.122382314524723	0.872264524353104	0
2.3534	0.142756840302261	0.824896823232109	0
2.7339835	0	0.126857070879466	0
3.113176	0	0.298351939356744	0
3.1754215	0	0.380394297595743	0
3.2214105	0	0.51146114177596	0
3.306039	0	0.778384926370823	0
3.4457315	0.602769642512884	1.45103178470628	0
3.5165255	1.27693853351359	2.35409632356527	0.263903976102299
3.5350225	1.50018255775799	2.71771003539847	0.382996156082424
3.5665535	1.89481243003727	3.17420805581501	0.770658177474742
3.5938875	2.21770847122381	3.50201880440163	0.841329688613412
3.634234	2.51681345766226	3.78784142641158	0.865118475348565
3.6681565	2.57841277204262	4.01018075865302	0.768088189489468
3.712904	2.25502917866241	3.54382904942751	0.552164290136405
3.750484	1.78078614177425	2.98174571482127	0.140224323321344
3.7781925	1.29821925096688	2.45067782127064	0
3.847976	0.161572218617778	1.46621190651247	0
3.9265165	0	1.57548587248841	0
3.9783255	0	2.30803376456184	0
3.993731	0	2.7065039014823	0
4.008152	0.0723286170548532	3.08546809233348	0
4.0488095	1.46813336824017	4.24878599878047	0
4.090478	3.54470365258337	5.79553743762945	1.666498820066
4.1234645	5.45433962635648	7.59438897602275	3.37625328696186
4.1585645	7.19273894331585	9.93932828551185	4.33301236036384
4.1931595	7.93242620064654	11.0660332253685	4.49758042249861
4.21513	7.59210145240962	10.7667392258148	4.07071663397237
4.2243575	7.09359391225204	10.1240683248088	3.64113008776172
4.2287315	6.76723078829248	9.79945854801772	3.41423861819741
4.2288095	6.76060029079844	9.79765005252357	3.4126530278095
4.2399755	5.80597494100991	8.59229404696357	2.93785437709303
4.251145	4.847503571918	7.77624961991533	2.31191833137506
4.2644815	3.90444085631309	7.04984647970244	1.61985299252617
4.277797	3.16822379119674	6.34484261603932	1.0186947647358
4.2778255	3.16708706293703	6.34337665984335	1.01867961787238
4.309509	2.19377231023927	4.82935220081823	0.358131098780274
4.3435705	1.48144159805241	3.56132071587823	0
4.4587775	0.556130715820005	1.53049374406831	0
4.5824505	0.0219085438148593	0.760397248624502	0
4.677743	0	0.593074071400893	0
4.8915745	0.00695016148212468	0.441536480033297	0
5.021992	0.0547713993660946	0.60267864317105	0
5.081133	0.0514206809587204	0.651959126102655	0
5.148354	0.0109463807199092	0.7024118468	0
5.1575705	0.000407897807440678	0.624696604868942	0
5.233025	0	0.3907864529187	0
5.308481	0	0.271236550309989	0
5.3522165	0	0.279594161308476	0
5.414067	0	0.431299012537782	0
5.4330135	0	0.510253285693471	0
5.494968	0.201105683008957	0.910286333745599	0
5.5924935	0.996744796997729	1.70125966605321	0.437183899586251
5.639835	1.54140875406095	2.13469356994964	0.996354745181274
5.666078	1.87445033604611	2.44379773573408	1.32658274476963
5.7319485	2.65673815670011	3.23091240065801	2.07047326142508
5.827831	3.53790395856516	4.24622009205382	2.72062955379383
5.8836555	3.82959683351378	4.6286743743907	2.92447948268874
5.9247375	3.85903252462742	4.57070267042545	2.8831120152492
5.9758115	3.69450351532033	4.37330138598571	2.69949579291054
6.0810605	2.5097846116213	3.08953475894869	1.92942683760733
6.1700685	0.969287344269404	2.22352992385488	0.0322389153172662
6.1752985	0.855470986962902	2.23219915563914	0
6.1800585	0.755987726689014	2.25497629596368	0
6.1965225	0.484386205079813	2.09377639483741	0
6.2376775	0.426673435684666	2.45538994329556	0
6.2664465	0.837757463043214	2.89424358493091	0
6.269241	0.913057797378286	3.01050659600463	0
6.277544	1.17178396420318	3.23173288983619	0
6.284327	1.41180064658843	3.47925754958172	0
6.2878255	1.54530951235328	3.60876511585432	0.133334323678358
6.306795	2.22975225858418	4.11956515976803	0.896112887510059
6.3470375	3.39726778717736	4.76771120374802	1.92926671716296
6.4398535	4.15745934835847	5.23931653346781	2.36110128063176
6.518542	3.30035297606054	5.10801421574016	1.77775608813138
6.533153	2.90869561665215	4.5199328705112	1.24006737777456
6.5382605	2.76069167011531	4.3858682857733	1.14081466086871
6.5854535	2.02652318478768	4.13698922759247	0.117197389015869
6.633892	1.9673444849129	4.84430292936731	0
6.6507505	2.34573812082273	5.29981044607874	0.168126562486529
6.666345	2.84636031633735	5.72210887792408	0.557832731132901
6.707978	5.10614198085324	7.54018568197492	2.91503133164528
6.749632	7.91921785874323	10.5500550602965	5.10933857808917
6.749668	7.92212484053947	10.5552433188462	5.10995341708025
6.7591005	8.60046543740795	11.6647794890706	5.53673347504439
6.7721345	9.37454006547799	12.6343303207393	5.88037182495944
6.787512	9.82134278271505	13.0554583604006	6.05987615475813
6.8154815	9.47947202067359	12.133093754238	6.13447153617266
6.8321655	8.72808539464579	11.2819536000561	5.68577599881623
6.8504935	7.49608080779314	10.0667322505549	4.84129176952986
6.8708205	6.03610517954053	8.3640267165607	3.53555711087129
6.8736045	5.82723529769774	8.14586515097194	3.37554648816699
6.916237	3.36698065273533	5.80250237191926	1.56708624571259
6.96704	1.4796795931865	3.92381929577689	0
6.9959625	1.1980632142758	3.11322354847993	0
7.0310415	1.30589183807225	3.09982393080697	0
7.0469725	1.47799104751603	3.38204489954704	0
7.0628615	1.66211980597992	3.77493178334841	0.00492050987513404
7.0774935	1.80529399219275	3.85033768223201	0.237945303990712
7.077586	1.8060415241275	3.84852588692554	0.242104097717218
7.0804805	1.82691927386977	3.83769621025605	0.297621637697907
7.128143	1.96843908285318	3.24978837355393	0.50504570021744
7.1950815	1.88631740278229	3.03020752264035	0.413311261315935
7.2287465	1.71998915295943	2.71418832918746	0.453904625592625
7.3611245	1.03547460591074	1.89390058626376	0.338768142974377
7.5020895	0.49961973621781	1.50704751589761	0
7.6327105	0.716135071787502	1.79128868400967	0
7.7432645	1.39436323481291	2.51017943573369	0.0295701881231327
7.7433515	1.39523347845097	2.51199938887841	0.0295711689529743
7.7436245	1.39799798133418	2.51770219140503	0.0296998194552212
7.7690905	1.65479217595643	2.74967138002024	0.346110101232858
7.842841	2.29459731819388	3.0718951820709	1.40130085634704
7.979224	2.77342777699748	3.64484815989697	1.65688056575292
8.0670815	2.66269007866632	3.86380632269466	1.5671879435304
8.070074	2.64939793437287	3.89528758078587	1.56129657932383
8.0853855	2.57838180836317	3.83736567149065	1.46709832319861
8.099465	2.51125064940495	3.78804144130001	1.4193495267852
8.133269	2.36229868186901	3.5170006092843	1.39683794300578
8.340888	2.04059915667049	2.85391822348477	1.54885568144124
8.517996	2.26935463961205	3.25985525235396	1.45627595046558
8.5305885	2.31707084288199	3.29445951427741	1.51119256313882
8.5750765	2.49660626723952	3.40835016661473	1.73206562891896
8.839558	3.50941731669313	4.1413682124103	2.9685255465241
9.211207	4.57016307682951	5.08264158005267	3.88901011002124
9.604535	4.5842325048266	5.01803467295135	3.85220268879637
9.85729	3.95107128276299	5.1502296546601	2.8049496356549
9.8883905	3.80161073461976	5.0797580108889	2.57234436389142
9.9195185	3.63352673316928	4.95078119687201	2.33652480482944
9.9256415	3.59635045100941	4.91722248776048	2.29451549857596
9.95541	3.41038559732414	4.66338421786942	2.19807973446325
10.076007	2.75957994443456	3.64241407567794	1.99244748253725
10.1876065	2.33930373133107	3.46951022387332	1.18814103991886
10.2640225	2.42717132479205	3.90515627781476	0.662277035972018
10.3276485	2.75917408198945	4.45306968320353	0.673217443002945
10.337709	2.85316636771799	4.56752890759124	0.648836453905689
10.345867	2.93581031130655	4.63243656669568	0.755067765026605
10.4133055	3.63848375397078	5.26340106359359	1.63905712367667
10.4813155	4.32330701250651	5.85706170521293	2.85239859770973
10.5134935	4.59171184606996	5.83716545634315	3.44282019690061
10.669294	4.88766679816666	6.23949185306544	3.62336352869706
10.793551	4.34455410405911	6.15212951937116	2.76024649999851
10.8185005	4.08762166884454	5.91241462998998	2.5712582403728
10.8708545	3.45637361241669	5.33173373735893	2.07646661616949
10.9595215	2.23491889948861	3.66694241864123	1.19538143453968
11.0214025	1.37708314091518	2.75692134180066	0.390250080941969
11.143579	0.269361244014191	1.46109973267516	0
11.2938755	0	0.879222699479205	0
11.343292	0.021794926838583	1.10974211362672	0
11.3992915	0.541411729162075	1.56305830860133	0
11.4705295	1.54525429032162	2.46591285482027	0.212328530768724
11.5365795	2.74339629389869	3.62035418030157	1.44923143253536
11.569513	3.38957030179854	4.40068521361326	2.03614396690627
11.660807	4.64213988911295	5.50526466054057	3.79181534601964
11.753467	5.28402911305707	7.73234383932543	3.96040178740856
11.75805	5.27131515017164	7.86312540446439	3.84011163866574
11.7641335	5.21100235517506	7.88076427225496	3.6960680614996
11.7748745	5.0006977961412	7.52603754494539	3.42233076881745
11.7801575	4.84937291388836	7.28626753826297	3.26438329551108
11.784867	4.6911020820856	7.01173008535817	3.13702363347289
11.794853	4.34712372959454	6.34292456436251	2.84519054358141
11.808007	3.91333324361624	5.67323323276542	2.58760027202694
11.815764	3.67267929024527	5.13632171188397	2.46869432509347
11.827228	3.33518352197617	4.5655068088802	2.35778983766029
11.8597635	2.37569376050593	3.39029999355556	1.34575848535373
11.894135	1.30332349155362	2.2245762375147	0
11.9158205	0.598672254544945	1.47609735231606	0
11.9338855	0.0236025981903355	1.02272010607256	0
11.950077	0	0.641180548305171	0
11.966616	0	0.488954356105827	0
11.983343	0	0.599663767233646	0
12.000013	0	0.876808678800983	0
12.0484645	0.59469947102262	3.50236598768921	0
12.088375	2.91253358070701	6.03835188859024	1.32610128479349
12.1055035	4.31578266459248	7.16660381351304	2.84584296978596
12.1323225	6.63637997112123	9.33163785262532	5.10085363653681
12.1727845	9.84519842691955	12.5972837474754	7.77176473032898
12.20586	11.9698339709751	14.3662584792502	9.04977122828423
12.2133655	12.3314368692544	14.6079422036545	9.3317029039069
12.2919225	11.0230129733461	12.1280538012312	8.25374497262532
12.366686	5.080669024603	8.87042644422943	0
12.3667145	5.07669845423341	8.8687312302682	0
12.368169	4.87402163612312	8.78122726861099	0
12.3697145	4.65872714299731	8.68712839868735	0
12.373742	4.13977183050089	8.36241324049921	0
12.37984	3.45068640432629	8.04701846691891	0
12.385961	2.89559790884593	7.68562019102104	0
12.4250835	0.946276675417716	6.26529288508089	0
12.497002	1.20116133135258	5.03556733448838	0
12.541786	3.19506312292324	6.22632100357614	0.50451023159776
12.589026	5.9975826984841	8.37823517310844	3.12028454116869
12.6283715	8.18263193990737	11.1008511213343	4.38769868910639
12.662863	9.43543536454452	13.0215464955006	4.68648961447709
12.6983145	10.1470212246809	13.9074867480966	4.80199735368322
12.7101245	10.1525945279324	13.9684352060598	4.79946055007843
12.735337	9.99557427872785	14.2587808282688	4.79901971155774
12.760164	9.71122990308628	14.0537926248303	4.82147495533668
12.774353	9.52285886737613	13.8267208978025	4.85702615728652
12.846801	8.63980086312906	12.3201128009244	4.96637529480273
13.637378	4.25204630242712	4.81032339637561	3.73051305911764
14.3623615	4.00954462947979	5.51371492629206	2.56919817831557
14.3867835	4.11312571829407	5.69733943449887	2.64393199459026
14.4398715	4.30946290616935	5.92686335044151	3.02418118550258
14.527941	4.42276814335643	5.52788643450968	3.42078499612493
14.5916205	4.30769434913031	5.59132373285503	3.39696344252728
14.5994915	4.27221816158755	5.53199265803753	3.24473398213691
14.611571	4.20796577162221	5.42322457488438	3.01749099722507
14.6603775	4.03554520457884	5.10068382185733	2.61339471288636
14.70718	4.08396339171617	5.47055655554801	2.54280577008581
14.755313	4.98801733329681	6.4453383199483	3.36568996257912
14.7940415	6.3291570139065	8.02516866550277	4.29854108574821
14.7943055	6.34180350017975	8.03752492916698	4.3127878509699
14.794787	6.36517213334553	8.06715270575299	4.34276536436253
14.807106	7.01417543802561	8.88477753607194	4.75658746975869
14.819181	7.692306860665	9.59138964199574	5.5192769691794
14.824868	8.03577756062358	9.87207519103045	6.05257033167369
14.84248	9.13805844182346	10.7420941310784	7.45215731592728
14.8731445	11.2121527770338	13.4508322437255	9.73204075834637
14.8937	12.7409054657327	15.202260190992	10.8681683545339
14.8972345	13.0196405143779	15.603610742542	11.0724294433967
14.9164685	14.4732370839757	17.4041803697706	12.4555785250024
14.943997	16.3383533829151	19.3038482127881	14.2411255234952
14.9549805	16.9422003400469	19.8319750480227	14.6431450791905
14.95825	17.0901603314085	20.0171019480552	14.6979689496155
14.968622	17.4241934398864	19.853970902415	14.6278051918877
15.034406	15.3670793566005	17.1810652932397	12.077411724786
15.0921535	10.2922360197881	12.8356493585243	7.94484895403095
15.092284	10.2743363662954	12.822312629016	7.91466784190146
15.0935395	10.1031916279168	12.7059823622498	7.63520900617073
15.1107675	7.98826924913157	11.0682942495843	4.84563230666746
15.140384	5.07317509153601	8.81856628805276	1.79972714142932
15.187736	2.57581085751172	6.23833885105296	0
15.2283625	1.83716087537463	4.75372676102637	0
15.3000885	3.31156313438224	5.16577777298572	1.29058916398601
15.3669315	5.74663269074495	9.07321050095235	2.44270575359772
15.375375	6.12900966171459	9.8002216916998	2.67609975376568
15.3821365	6.3963630091968	9.9268872282982	2.91658694416339
15.382448	6.40719463291334	9.91416933164145	2.92752285170164
15.390682	6.65217949615095	9.82104411811067	3.10517737900733
15.4249045	7.15552071321359	9.61627402104064	3.78456388310306
15.458406	7.16569850199933	9.33699976774528	4.41861238287366
15.507474	6.57441422073775	8.43253366702458	4.89228988797382
15.5523545	5.93003336874651	7.88963604746479	4.19987817746557
15.6044365	5.61431879654863	7.9945655090499	3.57255551777153
15.653227	5.82023031656048	8.49467171533345	3.50638249268515
15.680052	6.31241194734044	8.88463931714736	3.98473370517077
15.7170335	7.20774657346831	9.48728669881044	4.82353496167103
15.7382045	7.80369494915683	9.92937649394907	5.52891569752881
15.760653	8.35690480905721	10.2750215905619	6.13992278422339
15.7913065	8.75427657172219	10.6160976106641	6.10152930096249
15.839707	8.25558010088195	10.2673718774121	5.35519111864199
15.8833715	6.66285227281977	8.91473514850632	4.24547966508943
15.8981745	5.87053265178877	8.11027509253105	3.62415186889394
15.907866	5.30250199085581	7.53546277279259	3.19243062882918
15.9238665	4.37481002787623	6.54212879851536	2.37149597519215
15.9462265	3.18758740796328	5.26906625952075	1.30256215683144
16.0079405	0.786171707222137	2.74436125117412	0
16.100954	0	1.01716718917557	0
16.2042895	0	1.30237763788003	0
16.276358	1.46862694829301	2.69671516168007	0
16.3269315	3.02324657479851	4.27926039695653	1.21950802149481
16.388571	4.95891365559846	6.2906671557543	2.96262199443147
16.4169135	5.80254727670953	7.13550677905159	3.97178593793856
16.4468	6.56274774519767	7.72389265803568	4.9743113939905
16.5248215	7.91043983332836	9.01401453118035	6.6967587781876
16.575151	8.38640800561319	10.1919688024234	6.9004628156415
16.578677	8.40035952588629	10.3097388399776	6.86739274516973
16.5817035	8.4103278081522	10.3791388691126	6.89501452627473
16.5849615	8.41750860636067	10.4350166433033	6.88748988064999
16.5993245	8.42643349236909	10.3837407546628	6.95029492631254
16.6326245	8.41927085225923	10.0546227933386	7.00095287213768
16.67207	8.51303010336423	10.2205294091471	7.03113063774221
16.712085	8.88795610313695	10.5030808258264	7.15274332098352
16.7354435	9.23966397525608	10.7837343514834	7.42799553516042
16.7557075	9.61889867499177	10.9800853928627	8.12406798332943
16.8287455	10.8095986851598	12.1168447697147	9.49685064733316
16.9217785	11.4409387769179	12.8315793494748	9.93933541025519
16.968089	11.136660044957	12.7689684012488	9.25513731418052
16.976329	11.0133694547233	12.6945622892666	8.95466670515627
16.9781355	10.9831882143838	12.6736809031929	8.88718645030208
16.9892125	10.792967983643	12.4476899664792	8.58899699287181
17.0172845	10.304640312008	11.9151464536552	8.26459280858005
17.047384	9.75257530533357	11.5663973679793	7.739472669826
17.0705585	9.17337844077962	11.4632620548742	7.16647790664191
17.086969	8.5803844011921	11.1570049284433	6.54142050251155
17.1009365	7.85374592397409	10.4551357545023	5.88929683951111
17.109186	7.32722700774423	9.79040506760403	5.43396544039272
17.109667	7.29291573442278	9.70995922372173	5.40182773020788
17.110633	7.22326699910975	9.58063375870607	5.32953873837914
17.150688	5.47197206682807	7.43307441998037	3.91954587447559
17.1992065	5.14060593769072	7.33628807038572	3.260912238452
17.2182715	5.83266862977681	8.11304286224564	3.90436714974315
17.2399805	6.97612083032568	9.32355314149401	4.9458025797122
17.257834	8.03366129637639	10.3337685823112	5.90389635255605
17.270634	8.69648503560938	11.2291199175103	6.33492910911621
17.2774255	8.96353925543366	11.6008821012151	6.63575178355623
17.2825785	9.07511563833285	11.5454404110923	6.77817300249491
17.291955	9.11164609976779	11.3502904585186	6.96302107656882
17.2995935	8.97518180754453	10.7942136805343	6.91670067091938
17.323148	8.0662419532766	9.80492708201287	6.08706523783771
17.3472485	6.84756311417378	8.86615513801232	4.7320268201359
17.35162	6.59315262965193	8.69523004450515	4.52298163742489
17.355856	6.35640316830612	8.46076692243516	4.35567937470876
17.374846	5.57949967844851	7.79345759131219	3.82178339747152
17.39143	5.19328572440828	7.19966915934027	3.63625574149311
17.3949385	5.17208173369553	7.11142079822013	3.70598268788894
17.398927	5.16979911696156	6.94143293731991	3.7638004911826
17.403404	5.19121361745062	6.82603796821909	3.88969928726153
17.4157475	5.31467107506981	6.69243965089248	4.20169913626506
17.4375075	5.60711141673013	6.56485242278746	4.76725932790748
17.4742485	5.9634198200898	6.84432445315316	4.9242717295548
17.504449	5.99581445405549	7.16560542070305	4.76536896513388
17.5099605	5.95737250071526	7.20260050102942	4.75918653256077
17.521287	5.79808706641068	7.17987227801059	4.52602465479788
17.5336225	5.55608315767239	6.97080844016399	4.34723061434774
17.5359705	5.49691353696414	6.94656955922056	4.30083032070287
17.5515765	5.10355781380201	6.61081746369504	3.92752665044456
17.578911	4.46791656721518	5.86835035435972	3.31076570564344
17.6145555	3.89377295957414	5.05598666192751	2.5177695957562
17.64623	3.60640383364704	4.808747391615	2.35507798148143
17.657539	3.54577542693986	4.82852762222033	2.41864286812821
17.6821055	3.3832554947285	4.64252592391959	2.38615771153479
17.727531	2.9476708512235	4.02262820410269	1.6692236843702
17.760837	2.59490871426199	3.85026507135246	1.0822077202156
17.780978	2.45117495834875	3.78003173768817	0.859552757766287
17.7909505	2.42501395009952	3.85279788578886	0.805384177975496
17.804936	2.51586008538995	3.99334184850646	1.10302006972369
17.8308705	2.98874946020007	4.33576379255545	1.92737948572011
17.849952	3.59351351618673	4.71163010396089	2.57416767997294
17.862953	4.08745647815411	5.15298765448814	2.99033216684068
17.8688515	4.31428903098474	5.45147811662407	3.13375076471513
17.877812	4.60561145467083	5.76082679840333	3.34565745097536
17.8894315	4.89611606905912	6.10203803117083	3.38260634490687
17.896861	4.9876200714308	6.22549773561154	3.42190511846089
17.9035905	5.01443097773819	6.27345609446716	3.44137500641306
17.91766	4.88098130093202	6.11183707615895	3.36959391525131
17.9322505	4.60041986180901	5.8767590674822	3.19798297335827
17.943389	4.29857548554943	5.54691910974884	3.00081539310428
17.9587435	3.89587478698198	5.22234131746729	2.67787410150979
17.9736375	3.60332905500932	5.09850112698459	2.45935553933756
17.9916275	3.48284346221517	5.11049358357717	2.14877078882617
18.017908	3.88188111453993	5.36875152406955	2.41950175862117
18.040711	4.70278532913072	5.95026113637931	3.34620286982416
18.052467	5.28927369434141	6.48125013085433	4.15433220904534
18.062639	5.81326121233799	7.03694040261985	4.66847385550864
18.081245	6.5916095351191	7.91924470368601	5.14506102189465
18.1033785	7.13342700963703	8.59869988862315	5.53678513810199
18.118343	7.18403045519507	8.59211241976112	5.5926719556718
18.1299395	7.05665395599746	8.32583051860399	5.5365193478333
18.1348475	6.97038560815096	8.27756465694685	5.5104385369378
18.139972	6.87351592319717	8.18909668017548	5.43946515081941
18.1509305	6.69639861938771	8.08907276151549	5.28927608732358
18.1649615	6.55821294733543	8.00586046409425	5.21516389216261
18.177845	6.49699065049519	7.85560383458445	5.29828508260398
18.192674	6.43020413817006	7.71104202911188	5.30957109313564
18.2045045	6.33285323086442	7.63191687043226	5.22407166154179
18.2074435	6.29634026807589	7.54824328225061	5.19884655402617
18.2220665	6.00612342051825	7.17613116612852	4.94078957037041
18.255297	4.91930867735359	5.78278914712699	4.03781354788126
18.2810545	3.81114964165694	4.60290513835813	3.05954505973957
18.3044175	2.79302852655272	3.75129897703785	1.803110903447
18.3273925	1.94428926056259	3.084714490317	0.791073319356657
18.3329185	1.77895527016797	2.92751621734239	0.635782624837308
18.333537	1.76199826408154	2.91355445299993	0.622107461383061
18.3566395	1.31493242788446	2.43470210920701	0.257917683147873
18.3791315	1.05852335371955	2.05420358641788	0.026007308074147
18.3835365	1.04615103878728	1.98419135512973	0.013974470558738
18.4318945	1.26494995661635	2.02841704170287	0.458486764102972
18.4825665	1.89729699163688	3.33498783457258	0.6855368781714
18.491704	2.09245666285549	3.78179151685894	0.729421991812386
18.5041705	2.43595804250735	4.32832315468757	0.931354363623899
18.5334995	3.59676022673843	5.72427753064478	2.00645539613129
18.5573705	4.84234470495375	7.0171807184883	3.208897034881
18.563142	5.19139450475515	7.31239166994085	3.4925189312015
18.6036915	7.41625000679071	9.33833122348116	5.73720813027617
18.6430655	9.29530787358863	11.483625321236	6.92460549939428
18.655485	9.59908199447859	12.2897272128227	6.96708300471942
18.668727	9.69159638572017	12.5538665771461	6.71905749570296
18.67293	9.60543461486457	12.3878250537828	6.6080249056736
18.6763075	9.49991475361818	12.2905004174616	6.54656473002283
18.682084	9.2229501149164	11.8377440589271	6.3743190490527
18.698806	8.13906485626059	10.4979860075756	5.486995754699
18.722446	6.32523481217035	8.73284076520952	4.05031199385205
18.743709	4.76602147102576	7.14058065535876	2.62545679823845
18.764415	3.68621214211966	6.45073829923403	1.6095510235202
18.7954945	3.37580085608189	6.13371895894046	1.48348162052377
18.814609	3.9040715750991	6.32930422021529	2.28864418277116
18.8191805	4.15709100139556	6.49436292952402	2.58147885334017
18.83849	5.49411839370738	7.23109000428321	3.91189754847808
18.853823	6.73077779312898	8.20608257499025	4.72426789194923
18.8543105	6.77381799892352	8.22849546394531	4.73749686446218
18.854899	6.82513610431355	8.28229710747639	4.77778803776267
18.8701345	7.83466561861676	9.56210976057556	5.35013055073024
18.8882095	8.57538071781438	10.7304006338071	5.56624222657405
18.8972445	8.66610498320574	11.075070665085	5.55923434945116
18.910114	8.59157601871666	11.4396269537761	5.44522539172649
18.917345	8.47804995161399	11.408445001358	5.26970922996084
18.926077	8.28673463002845	11.2175306129507	5.15560862867748
18.945228	7.83640696649644	10.6883796317527	4.66983180200327
19.017557	6.32886884744918	7.91753331288293	4.48329323386435
19.102399	4.87189476470732	8.03793953615118	2.69271888509346
19.127354	4.37925865719828	8.28905089498729	0.825441194075365
19.129578	4.32936632452378	8.27896547534367	0.616757219103614
19.148675	3.97907165193181	7.91656343508416	0
19.169085	3.69980102388007	7.48147188337833	0
19.172891	3.67361684893317	7.29045839896172	0
19.1772745	3.65880996414449	7.12433868071781	0
19.2152695	3.8754964353555	6.47794673885449	1.22754887820465
19.2696485	4.62840456444952	6.47946596420361	2.75900206586207
19.307594	5.17873919022803	7.63444837894561	3.0463773638006
19.327059	5.33862336444176	8.15136536496404	3.06420461963181
19.3584145	5.236880120467	8.1000026789995	2.91423181668878
19.403791	4.62917144713338	7.25947661763376	2.51941565851786
19.4178615	4.33434953176174	6.82591748484836	2.21029452069198
19.4286065	4.10492713223567	6.37816407259841	1.98499894158608
19.4606055	3.54129838569059	5.66342505619857	1.59218295133535
19.540338	3.01272985171149	5.04893355166167	0.974380174374603
19.6138585	3.25156436544547	4.99708284152663	1.28844466244522
19.662785	3.73874828873455	5.32563833262716	2.12637041273287
19.711841	4.23435883154105	5.93807824754417	2.92299606844296
19.8391	4.85277534284532	6.04479226680353	3.38833616096642
19.9802825	4.66268801929816	6.30276989665364	2.60189974835744
20.010061	4.50120839997392	6.30855334953223	2.08200305014392
20.014964	4.47509044821474	6.31873777700847	2.0000997166646
20.0472305	4.39660878055034	6.37156320724652	2.42077901781508
20.1449405	5.10247465449949	6.51841521350992	3.84058043033406
20.2186815	6.35498250880775	8.42503871082964	4.74969187078788
20.2235435	6.47038042641737	8.70034206360733	4.7583713206129
20.2265335	6.54041814658358	8.89633692504178	4.81860558291652
20.272103	7.01513869537519	9.13639789782152	5.17644594959499
20.3187425	6.8380574529106	8.33862347339415	4.99511902766457
20.335837	6.53514268182116	8.17740021242349	4.48461674381353
20.3588235	6.13075149323292	8.05617131788686	3.56999310457565
20.3694145	5.98718628052985	8.12038395814742	3.42192970818553
20.3728815	5.95599766490476	8.11713673750565	3.45492159608948
20.3847655	5.93050168523525	8.11263966450325	3.53454922918079
20.3985485	6.00336980289486	8.17907858714672	3.69174351784115
20.4211895	6.31681704979203	8.31723418341143	4.01507700432809
20.442359	6.68642336288462	8.6490617054518	4.37572903596981
20.4502885	6.84127536803716	8.89521344669017	4.59006400574722
20.46298	7.07694648186069	9.22449472649609	4.99768550983272
20.475304	7.28995932993172	9.36129057157517	5.48894258753131
20.628523	9.39040719502144	10.1768707348421	8.67257021331162
20.7874365	11.0931164134736	13.1789194888197	9.18925924884671
20.805565	11.1773160899757	13.6155364885408	9.00897654058937
20.8282255	11.1179822870637	13.628140176195	8.73719091034622
20.857184	10.7448371048664	13.0833986414272	8.32112756888803
20.8819855	10.1328609713453	12.025117456515	7.97467301673912
20.895421	9.70404543180359	11.4961125353448	7.65163981853858
20.8978385	9.61974473874177	11.4556710588866	7.59335750337646
20.947839	8.30924999174131	10.2483743273411	6.65710226621098
21.0140885	7.37529707059094	9.52360809385244	5.34558587372154
21.057042	7.54952209851333	9.63625006033352	5.65838658066851
21.107388	8.23683730548447	10.6690662984231	6.35275136454505
21.1389005	8.71275829414872	11.6318920269815	6.3042043156221
21.149412	8.80810021879716	12.033761624558	6.09867794103488
21.1685205	8.58243115594532	11.9172722199955	5.74568620505737
21.190939	7.75899943374895	10.4520686663922	5.05370260464827
21.1970885	7.40114120788163	9.8544390255652	4.85985215626228
21.2046615	6.91509573918578	9.13782784165663	4.53635804559353
21.232212	5.3415335016247	7.70394970400947	2.83456811336792
21.2597805	4.27843641307695	6.83149894283007	1.76610852482305
21.2693085	4.13063162237581	6.5805000383605	1.94000452978065
21.2712895	4.12001832341922	6.52974291937285	1.97566026078647
21.2737475	4.11571109558732	6.45655545269025	2.00041076793408
21.2948265	4.08439007200677	5.89061591704104	2.18226999823972
21.3152295	3.99378583487332	5.41904315950161	1.99960829486221
21.337363	3.61431298517783	4.79645126167092	1.61549218330651
21.3610395	2.93311578842032	4.16148597498052	0.565638031089266
21.368414	2.64006961720131	4.00995498950545	0.11760067835451
21.3777305	2.27685448656629	4.01301428322336	0
21.3910675	1.89094504008708	4.29834162292884	0
21.3993935	1.7602192334626	4.65103311483683	0
21.399682	1.75900723435108	4.67328905861981	0
21.3997655	1.75882241980294	4.67446397640515	0
21.4103025	1.94421442115395	5.45896822135496	0
21.442406	4.04132059789396	8.49200674783221	1.00526559076774
21.494545	10.6303696187382	14.3419417630705	8.05308026130384
21.5268935	15.8582590249106	18.9255752874073	12.9214333943713
21.5371845	17.6145576941999	21.2563515932141	14.0271474027353
21.564927	21.2769485217342	26.4421430681915	16.269232274941
21.592005	23.1572125761112	28.8678451547022	17.4131158122657
21.5999525	23.2674245429616	29.1089895203815	17.6195000436428
21.6056435	23.1786680113228	29.1533500189184	17.5900007359895
21.6216085	22.5038731100095	27.778552296457	17.5638613518132
21.6916115	16.2002234391925	19.2015881232907	13.3520186835095
21.76246	7.88157047923101	12.0992139406495	4.74174864334404
21.777561	5.93169178874118	10.3874558548699	2.46421095438366
21.800331	3.52425023658283	8.1179525263281	0.144994465346358
21.8264075	1.55154091408242	6.0661048388385	0
21.8630415	1.13869438730399	4.49093523141089	0
21.8925595	2.08850453806053	4.22794506181244	0
21.901878	2.74747828810737	5.06812709951039	0
21.914125	3.66683427256894	6.38776411386838	0.380689431270204
21.9175375	3.92694898274033	6.65121299021741	0.51244844531462
21.9323035	4.81377333223083	7.53733947516433	1.3195998313003
21.9473195	5.47465333558053	8.19663119881382	2.0722837857645
21.955195	5.66307932499224	8.19734063832926	2.64451888255445
21.962395	5.80013743563293	8.16592577873554	3.07049022135123
22.0036765	6.19352397379791	7.34291864362284	4.59938062803131
22.0683155	6.29868699403058	7.95877745669572	5.14411311838785
22.127539	5.63940176865467	7.13767164581137	4.43899388173512
22.168263	4.79732388822967	5.97473567831894	3.46120084250486
22.177415	4.5385883944513	5.61686287685653	3.26106643567996
22.185164	4.29635152217148	5.41471380633637	3.04178795155316
22.2032475	3.62402346005768	4.71861521368437	2.55409309122774
22.219486	2.93591852007698	3.87989322315198	2.11399797334332
22.226594	2.59822000645046	3.39942856260107	1.84689499544852
22.232288	2.32198293463602	3.003028310704	1.66552530141402
22.232568	2.30821571208672	2.99071481888088	1.65298744537351
22.270322	1.19753975315566	2.07955267353226	0.517246562457903
22.3080155	0.833410566211808	1.859738058302	0
22.3099035	0.855611902049098	1.88297788218278	0
22.3119825	0.883948834840925	1.89690651153603	0
22.3141515	0.91999245198695	1.93063578848064	0
22.3224485	1.08438245440898	2.08879614068487	0.0722552802241646
22.3390565	1.4686630520873	2.35194627003424	0.546498123444909
22.3631825	2.03833117124012	2.78563046959314	1.21575684818878
22.383144	2.45564266242546	3.18452236840745	1.66991570561873
22.3896655	2.5728362307919	3.36115356271515	1.83205730993115
22.4021975	2.75916607409819	3.54793083496194	2.09667842154881
22.4147705	2.92040194002298	3.68588454608162	2.27907519865607
22.4338225	3.11100820009532	3.86486911925641	2.44732338299593
22.4781935	3.46610436133685	4.23303169765169	2.70829541766572
22.524249	3.70476953558072	4.38989403207804	2.97258151195697
22.545278	3.76896140846138	4.45073980878337	3.07083779710068
22.6060025	3.56872578094391	4.13525956568253	2.9357353222263
22.668487	3.01039417042287	3.96656756868129	1.88951328707544
22.6716735	2.96489542062201	3.94614214624243	1.78061799943736
22.6825805	2.81598282372754	3.8846028078837	1.48592186825124
22.700934	2.59359112843326	3.87042728239584	1.02224578803737
22.7285365	2.37301526176478	3.95420971703561	0.420060722976177
22.7637535	2.32262755340727	4.07311087627819	0
