phys	rec.rate	upper	lower
0.0822005	6.30282390907265	10.4816418474384	2.46239983853257
0.346934	6.27879273182355	10.4816418474384	2.56498259125305
0.5922325	6.38021433821868	10.4693306828415	2.99958197157836
0.661639	6.39373785134572	10.3188039135398	3.05020063028473
0.8668515	6.20679700083116	9.74661280584416	2.95809465617743
1.2243635	5.48201099948436	8.63002391961837	2.889912768999
1.8129075	5.01069249825726	7.14001713421572	1.42621058022754
2.3537685	6.84895002055598	9.70553471543014	4.6575201959404
2.630732	8.14971130291151	11.5398253195525	5.30413043431013
2.9009715	8.5679907247546	11.83112280771	5.35963259975093
3.243488	8.17727814695779	10.8278179874789	5.62849055555366
3.4474095	7.72884366631888	9.86357377733179	5.69086722187196
3.458407	7.69938313361821	9.80012560336096	5.68962942022163
3.660567	7.15967572988413	9.01214691833887	5.58444994381396
3.9509445	6.40332866878249	7.9619205947711	5.01270845011881
4.1262555	5.96452764447143	7.52783980861751	4.65008636503801
4.3413665	5.42655074335384	6.89691006213718	4.2743340818442
4.687544	4.78894123236487	6.02847361925577	3.25425335325339
4.994009	4.85499723184504	6.00803757250301	3.10341987315286
5.222195	5.20129591878318	6.45431513349273	3.69662054327037
5.547685	5.7476507637685	7.02995284704114	4.44623300780125
5.926776	6.05142822309601	7.57820249316967	4.73122279559428
6.1384935	5.85367724073499	7.2542687198053	4.68307070983288
6.2015365	5.7250180532463	6.86600912502009	4.58304013289533
6.555024	5.16862675032531	6.09404739510392	4.22549757991171
6.9296575	4.76344574418753	5.64426987228932	3.85995716454523
7.572486	4.51001081567628	5.10240969998974	3.95765389924051
8.30832	4.51701038194499	4.93840952899984	4.00160654248273
9.215619	4.69996574645741	5.02281494828115	4.2909220255274
10.002434	4.6531747629586	5.08295981139385	4.01946961908996
10.2137185	4.64639717759182	5.18630106401097	3.8898242226464
10.5309415	4.81878615063854	5.45461227572951	4.02918444950343
10.766669	5.11251087353688	5.74567063246275	4.51189117752458
11.0631985	5.58395027006909	6.28119998770098	5.01407848916106
11.2896395	5.91405227214415	6.8028387927299	5.1737683233303
11.465558	6.05824989202331	7.17987811736423	5.2448562746141
11.7127365	6.08735733034745	7.48927949298593	5.25726613490014
11.9074055	5.91776596593027	7.215515086504	5.19550577599424
12.760872	4.53276851257662	4.97297744317504	4.02861572444839
13.648573	3.15996412277956	3.91251592965318	2.10745382417191
13.8154695	2.92745521660429	3.68936873505451	1.85554451309252
14.278921	2.38367588301018	3.06969861655176	1.54274672905695
15.412992	2.14592339985104	2.79577368903723	1.44619817419635
16.3787725	3.82307036104497	4.73046961283729	3.09885041149563
16.639075	4.52879530521871	5.36589634373764	3.67373362000085
16.7054965	4.71886028577838	5.52454968750889	3.84672981377218
16.9809845	5.49284332578996	6.34363523739153	4.46518959346712
17.3908685	6.3993084248875	7.47979858964003	5.07413452197565
17.591268	6.7567180722848	8.02281676092691	5.05673212148962
17.6803725	6.87453485454947	8.32129208247869	5.05084237249585
18.0035825	7.0308634653335	8.98441231400074	5.08721928503958
18.4845565	6.786984162864	9.47216457764922	4.92827904808128
18.9560735	6.79268561995493	9.75088483518328	3.38504403730384
19.219245	7.33258315267104	11.3170591185698	3.34086081706718
19.5263655	7.79298669796909	12.5336694927651	3.93946126431584
19.8858905	7.6051729144794	13.8210645176544	1.97295525663092
20.1325015	7.5949029724187	15.4860448494745	1.21031702498514
20.3296405	7.65275569625565	16.6208690188023	0.957194483755014
20.7475005	6.23942676016749	17.1878742739991	0
21.296839	1.95863474051488	16.9213404256487	0
21.6445815	0	12.591393381956	0
21.825574	0	10.2814572289447	0
24.1512735	0	1.39804294146915	0
26.7710255	4.04797959127569	8.91481732974555	0
27.631315	5.71795061020554	10.1785094322394	1.18994166868086
29.1560625	5.52900784385772	7.94795455198107	3.35727008306232
30.15279	6.28812731716675	9.65956580440672	2.3846364716251
30.185029	6.37312037371878	9.62953750145303	2.69658075463848
30.285711	6.65289607438325	9.55733879799653	3.62808858601688
30.4418515	7.03562974828198	9.47666463490269	4.52144074839354
30.617239	7.22058976639766	9.58716476847403	5.00471358297869
30.742549	7.20886370925359	9.5807805055191	5.10560367325176
30.852397	7.15064298133855	9.42356495729815	5.07840580585529
31.020518	7.1466811463328	9.29354056980714	5.15511355302475
31.1562	7.12955945725625	8.89390625400211	5.74032530047005
31.6358625	7.03428271236725	8.20333944936505	5.50112849725081
32.107445	7.60693717142724	9.40539626705211	5.80927633589534
32.200786	7.82248320020802	9.68121167471791	6.06120006439966
32.2841	7.99151266172227	9.87779384727566	6.13100539863623
32.520342	8.22379133749658	10.051342051236	6.2927934482099
32.7591905	8.24584521443873	10.3360533574318	6.4255498375969
32.967857	8.27011093919728	10.357319169985	6.00462103133234
33.413785	8.91001602237433	10.6335797941331	6.53267385133958
34.1868485	9.99549383457803	11.8678500452097	8.77075323834411
34.9071295	8.99998435819296	10.9356122542849	7.16558588194328
35.310806	7.9912764463586	9.77101928477814	6.3637674579671
35.546997	7.44896342379956	9.18012878112885	6.09782008709345
35.942643	6.75798629867523	8.10387159081531	5.66734002287419
36.3026385	6.22297592691771	7.14284801863988	5.27981156784856
36.489942	6.00950938501938	6.86498188229891	5.17018735746954
36.7368465	5.73286912774132	6.59638672395265	4.9984989798319
36.907268	5.5081507012389	6.22684349644781	4.88442736621143
37.2105835	5.13087797814533	5.78903466666477	4.54349784857055
37.792878	4.60889479000726	5.24319937612068	3.88884679222904
38.200366	4.54012790641003	5.31582348148257	3.78539480308155
38.4633375	4.55747100913533	5.48574436742666	3.72224720002869
38.7035845	4.48475988049524	5.63778281345122	3.57824202422396
38.9505975	4.224657196465	5.67078343925027	3.39477502708414
39.37502	3.6921441875882	5.72854746395754	2.77768471767137
39.918034	3.21703673055083	5.72854746395764	1.58608321562082
