phys	rec.rate	upper	lower
0.365093	0.371312926598046	1.02807014680281	0
0.7963245	0.647048451803105	1.00101156962934	0
0.928945	0.60238430488122	0.969519852926055	0
1.667483	0	0.389568143320102	0
2.719494	0.577407005683027	1.86124466483655	0.136947596566036
3.1490545	1.95329046150098	3.4901588170474	0.208745455423986
3.233206	1.5528850885782	2.74347933904036	0.218099665701365
3.4633965	0.618881264940279	1.23480787913282	0.272528469938056
3.7203845	0.826225546403125	1.51323621338305	0
3.8594725	1.0674521360454	1.73381859242311	0
3.948288	1.08136342850138	2.93095880007135	0
4.30613	0.275292483459934	0.688621931837993	0
4.6976555	0.362709537587415	1.65650224323834	0
4.837202	1.03167020752463	3.50890043102184	0
4.9688865	3.00408008179909	6.14155476129352	1.00784915532313
5.03595	5.1266683174878	8.40273769846904	1.98934268441932
5.075936	6.57223334341602	11.0447361502568	2.56467956884139
5.1813745	8.53131253644044	11.1740971223281	3.58140183999782
5.3041965	10.1878012270286	18.1513177949212	3.79478284702771
5.8685885	4.31864116919087	5.92226200825709	1.80741419773137
6.6460215	3.28653001946678	7.7180342917452	0.577913777577034
7.085708	9.88369566236537	14.5459037000787	7.7539786489138
7.3153835	16.521334270644	22.7208995845274	6.87119284143771
7.382345	16.9436504990951	23.1705449006956	6.07528435540767
7.4395355	12.9509997076655	17.2393540191784	5.40371026230594
7.4680365	10.1171702452428	14.6980572954942	4.92444524105041
7.5181995	6.74237602628249	11.739722898485	3.37655859127794
7.5885195	5.86589446088748	10.3245646616751	2.3779850801637
7.6257615	7.3119817031545	11.4962249257893	1.97844962578239
7.647857	8.16434838449659	14.0172692393223	2.0029285155713
7.67253	8.24546620847667	14.2568847314828	2.0239590379084
8.00796	4.3643316678666	7.87739670243777	2.57909249875754
8.5246535	3.75992205473763	6.49847589653233	2.01400692611154
8.9725785	7.20907845461398	9.27849118837259	3.44320385920066
9.4917765	5.51241209918569	7.89015785590293	3.88069781879339
9.7675455	3.9295795553894	7.94102328647209	0
9.8021455	3.50818750049564	6.6947020853317	0
9.8718605	2.49326399482864	5.2788538937935	0
9.9633475	1.52172974464907	4.00188957780424	0
10.104401	0.48635819888073	3.856817737651	0
10.36294	1.41976856149756	7.67283635896787	0
10.645362	13.3430684403147	22.4289529864574	7.60126817729601
10.773613	24.2720194239724	43.8266934601292	7.50012961860664
10.7975065	24.1968796726074	42.3486336553535	7.32756129238044
10.8217055	21.4467054711997	35.5194433290462	6.86496306453531
10.838267	18.435743013071	30.6421768900879	6.27245014358926
10.952987	3.97409038699388	9.94979557906363	1.44348364254628
11.075613	0	4.36412867064091	0
11.1147875	0	3.70469427143132	0
11.217596	2.823841029398	4.83492456650588	0
11.307821	6.94506109161491	11.5981401440921	2.53351855636538
11.3338395	7.77311983062893	13.3471041659408	2.77882002453793
11.360016	8.03829633594237	13.7062446518505	2.86276694134946
11.4398085	9.12043928900276	12.66330698889	4.53289725359459
11.537758	11.4719115652269	19.7120490958628	5.85943332439607
11.5993485	8.91672395573271	15.1459173793297	4.23128048865512
11.703996	4.86889553041528	9.87783133772884	1.66497324353672
11.807416	5.23756135957302	10.803696676068	0.560449025145379
11.8768645	6.27699030823975	12.4655358405802	1.41906771031473
12.0488165	3.71729562781799	6.17689522462582	1.30058467664217
12.262307	5.81596621296464	8.09880416832777	1.48776431411617
12.3497065	7.09625081278593	10.5390532652321	2.04339473578702
12.3794885	7.08339237502609	10.132106847555	2.449617158459
12.694703	10.36445276378	11.6322323424848	9.78759033105404
13.003762	19.513762947472	24.3635777581701	14.2771639998629
13.0307895	20.650246035712	25.8624318657397	14.5648336824921
13.0571425	21.3854891332739	26.7075807433853	14.9242304192318
13.08462	22.0315580957242	28.6830370810546	15.0734800333345
13.106213	21.9613595350351	30.6284044196654	14.9248014670914
13.1292525	20.3912576595926	30.707732809761	14.3627364555671
13.1906385	13.4050212907981	19.8233359520153	7.81452220697411
13.355826	6.72463507653534	9.40363241730613	2.37572038850858
13.4815685	5.65353448986032	10.0238110035149	0.299806975856311
13.5020695	5.60091383651505	9.63698870434168	0.891155840993983
13.634108	5.33223544084403	6.68356500133871	4.0085509992281
13.771301	7.11421950559671	9.62340225506207	4.34021966245681
13.8198525	8.29545525274294	11.134999434888	5.21094988943586
13.8591965	9.23635993196963	14.1821464936779	4.38844483131394
13.878059	9.38644167521187	15.3115131497967	3.1750122880869
13.9565175	9.86721232861266	15.3555134890644	2.6707464582238
14.037869	10.869465046655	22.218023027895	0
14.199044	11.8086342944664	20.9671315831326	3.09075980042512
14.355863	17.4516092616564	70.125491967968	0
15.0405455	3.75409129780358	6.13965707825643	1.45812684413717
15.781785	10.0513174325939	16.3029085170011	0
15.856966	9.23878474493436	15.2934260663691	0.4229923346868
15.928342	6.60170684535118	10.7347915542621	1.64375715526453
16.0042215	4.44329420367392	7.75827661657116	1.78516716689249
16.051495	3.66736472004602	6.18851487800178	2.00646091478779
16.108947	2.93351062246704	4.77243443990522	1.26638837625697
16.157547	2.48157829634643	4.65801347352681	0.902013743013079
16.365879	1.36533317058053	4.4026172314922	0.214644195530995
