phys	rec.rate	upper	lower
0.4814505	15.7182559889686	19.000595645048	12.6544802995432
0.633177	15.8679049536061	19.000595645048	12.6882487275623
0.785346	16.2132373322993	19.2236328566498	12.8375074434875
0.991641	15.236022651146	17.113602114055	12.9348661218984
1.4038235	13.6999725776187	15.3106782507402	12.3955669409142
1.7616945	12.589600059579	14.1785146721675	10.8729237082528
2.276808	10.7456667282604	12.1184527471768	9.63005538543622
2.841845	8.92931407677069	10.7348891517497	6.13766799088282
3.3003455	8.64101037499887	10.3565056271017	6.2661023401526
3.808213	7.25562192442918	9.48382797718895	4.99690380110986
4.5145365	4.28340876157569	5.99793557292167	2.67216684382528
5.2211965	3.42843756483768	6.86138092261027	1.19445070227472
5.8046825	1.67053448368062	3.16745537560411	0.33262106212119
6.2374665	0.777171484663477	4.18332303568994	0
6.351241	0.878584536335243	4.7685003567539	0
6.5204455	1.91144400414744	5.69620680857084	0
6.682849	4.14743470459774	6.99133536332556	1.66231567886944
6.8397265	7.22175416883462	9.52274931850924	3.65233868073833
6.994952	9.70337006518419	12.679165840423	5.26960322963806
7.255191	9.14572683922625	11.4403609058459	5.13534472748165
7.510922	5.88884922802837	8.68389332562573	3.80649738743768
7.612327	4.20881283028855	6.93714352559307	1.95102802488514
8.0377765	0.535772829265535	4.21944024265357	0
8.5125075	0	1.49968126147988	0
8.662794	0.0857709475176923	1.06638250780338	0
8.964269	0.55509829825074	1.14591139933299	0
9.764796	0.786450862312725	1.23335694604576	0.05949527989333
10.4258855	0.670048621692014	1.42446879157269	0.0344998128601221
10.588266	0.63390560416212	1.28773195566837	0.0910804426178414
10.9983365	0.459474418406249	0.862766221547084	0.140824476977155
11.8907675	0.481296822602453	0.709823940619688	0.274399646685673
12.5518415	0.864341510838848	1.45933138249227	0.275806959996009
12.743167	0.789265895178919	1.25679255675539	0.155625458186453
12.85623	0.669335528381892	1.10786820335917	0.120160996800801
13.1159815	0.424452481780788	0.744264282377395	0.109867211190682
13.742444	0.113864730171061	0.353204775897053	0
14.209269	0.240369847374031	0.496942682590839	0
14.309415	0.306552948754571	0.557483406674877	0
14.5712845	0.322754171204374	0.469756427525703	0.039392190518628
14.834185	0.250884943981795	0.552602649743132	0
14.9858895	0.207002683988808	0.59185013820043	0
15.3904195	0.16889510512166	0.567326355236978	0
15.7558325	0.119254252537078	0.930635702927604	0
16.329706	0	0.326292714904658	0
17.147451	0	0.669228609311759	0
18.1772675	0.530873164720233	1.31834903286352	0.0316586046600612
19.1036745	2.48926775115399	4.39722404758485	0.68931277117841
19.3598315	2.65120951953159	4.95565756586292	0.602176532375014
19.567316	2.04636081694968	3.72444546825765	0.416733818077083
20.4492555	0.481434014846011	1.40950258088152	0
21.367162	0.270447290337782	0.96586674061917	0
21.644176	0.227652606969326	0.79325604574126	0
21.833444	0.125447858422203	0.73216550918202	0
22.039309	0.0348096673637182	0.64964018826457	0
22.4951125	0	0.299129104476185	0
23.0014155	0.0373090516747997	0.998304798207377	0
23.206788	0.191774194772518	1.72218547681367	0
23.4176845	0.613620044492775	2.9372078979578	0
23.7394355	1.97372829686942	4.25405303895191	0.344544086629206
24.1592315	4.13540570224959	6.65823521452637	1.18945485768668
24.470112	4.59010843435388	9.06339045707965	1.63530495955891
25.4908115	0.764773117539044	1.86364667858511	0.064360818823273
26.5092295	0	0.85371537380339	0
26.7205455	0	0.590156834936713	0
26.984605	0.146094887651795	1.12396417706051	0
27.137627	0.519070943077654	1.94832266397156	0
27.2978605	1.27541161040128	3.11026310624221	0.229132495576796
27.508637	2.95922562169589	4.70016583034354	1.69145524306614
27.660714	4.54399834508035	6.32664180260956	3.11612729334384
27.972173	5.95464130674635	7.5574319005785	4.15734100804791
28.2833795	5.38150793979715	7.59202109712586	3.20161625847855
28.515891	3.36920780617648	5.2500050573517	1.68932380852968
28.8042835	1.49180246774388	3.55041283858736	0
29.482855	0.501392316058863	1.57376399099095	0
30.36821	1.19121133990953	1.87753192048397	0
30.8847825	1.86459209599074	2.71306822208703	0.787697637211877
31.1879805	2.28105573432123	4.13360935858883	1.24530601467383
31.338516	2.71016922442321	4.91444129553071	1.20307044632222
31.4390015	3.36351684714276	5.56527785800941	1.50852019157295
31.8439195	6.81753473846551	7.90363668580129	5.67481515946236
32.248912	9.43696525978119	12.1692587449071	7.05119715657027
32.3537245	9.15750113348102	11.6557880638895	6.83594338559085
32.615373	7.11679067199456	8.88601585099446	5.74233359880235
32.974449	4.12676760691976	6.11120105512	3.12134601870083
33.1764275	3.04208063247766	4.81625590424432	2.13745863787826
33.3270875	2.6816322172721	4.09745546363292	1.76845489971009
33.67676	2.98664367730014	3.81608370828925	2.2529476719655
33.9796405	3.86181723125576	4.96610133121841	2.4178967994708
34.1360125	4.06254639882232	5.30439008758382	2.41265541682241
34.5443225	3.23970875355418	3.97969041610338	2.14996384041738
35.0558005	1.93946322386377	3.15863119683098	1.15826665588948
35.4361835	2.26584263952777	3.93267229130673	1.42409096621314
35.8152515	4.19894229875347	5.50864239041166	3.47420133916261
36.1296025	6.65674285164354	7.83544251465041	5.50424808660621
36.290249	7.70435078982988	8.75159949763222	6.19846631937848
36.5757175	8.18178104697541	8.89754296887399	6.24608642232892
36.860794	7.16812169327425	9.0115120590928	5.41354842395534
36.911215	NA	NA	NA
36.961723	6.36764358046269	8.90626495171611	4.60904778819794
37.432378	5.36631016187265	8.79470729946217	4.11004062472484
37.961338	7.33761109989022	10.2479134820898	4.61323714621328
38.9418875	9.09887587812466	10.2098083065571	7.16850659752483
39.863847	8.51147769733988	16.0069432984529	3.77282618350245
40.0676795	7.76853792530828	16.4604604229354	2.73034213771511
