phys	rec.rate	upper	lower
6.386588	0	16.5744938357059	0
13.6425875	0	2.55005327250066	0
23.819812	0.620100273049867	5.71925778868508	0
29.0248185	0.587936685999112	2.52480453829931	0
29.617092	0.457406245054867	1.47598391605369	0
30.980048	0.196121095863196	0.850936491259523	0
32.729563	0.209723872594957	0.89274205249095	0
33.8935855	0.781695036264553	1.77088420238732	0.00355819384099031
34.2644515	1.24581886692099	2.41567253421846	0
34.4048255	1.48523213689059	2.78091620294231	0
34.6098915	1.69524679434809	2.78484179812461	0
34.820485	1.57541796256664	2.73586439161427	0
35.011696	1.5264255410083	3.28065544742707	0
35.251273	3.65266283562803	6.02650855301692	1.7968812047358
35.4439975	8.92676476294358	12.0401192433772	6.10998742187449
35.504398	12.1002476767383	15.4835170560016	7.38332902693003
35.518297	13.0150122844566	16.5568721170301	8.17044671703711
35.534562	14.0281983669952	17.5178092721049	8.78891281112693
35.5603575	15.1285499671086	18.3257413216602	9.91440913389606
35.597994	15.7065150600814	18.1832570824291	10.9289579449779
35.6681455	14.7083847157139	16.6967360947152	11.1795207110006
35.777789	10.9023268881967	13.4460800562805	8.99689910249399
35.86257	7.31206645463636	10.1191325956299	5.77900716250051
35.9522515	4.32881339272851	7.72017386601145	2.74899259976636
36.0778195	2.64528639666708	5.08340938466432	1.1411188845986
36.160611	3.07608105938783	5.052795047922	1.35514214388927
36.210217	3.71291308325639	5.73600494753644	1.7447645908377
36.2867155	4.57033732690578	6.35860470221355	2.4577550174748
36.391249	5.62998362726685	7.29682111572532	3.70532179264617
36.4718815	6.69300968512169	9.60324470823341	4.83028834147732
36.5347425	8.07406219008757	11.3809584633873	5.60681420932473
36.6165255	11.0519127228072	14.0893472222572	8.0448260494374
36.6703245	13.6636032414775	17.5354678482206	10.1654374888679
36.6974495	14.8138803989779	19.3564918369875	11.2709395052917
36.7367345	15.3821266466624	19.6086851471394	11.7986841036115
36.7962375	13.9563569166577	16.2557530127128	10.5698148798264
36.8687855	10.5433139655025	13.5615567702287	7.66659587084935
36.923054	7.77400016015135	11.2093898591494	5.13652257215445
36.9599175	6.06985118395722	9.34762123017652	3.86542422175173
37.0403635	3.32803460121889	5.51274688539179	1.9436775481875
37.173133	1.35651336820809	2.41042821992848	0.306068583459289
37.2901915	2.07163017187282	2.88656545921725	0.850916901931273
37.395614	4.66821980762202	5.60785031079024	3.5608222267791
37.4956185	8.65677740619888	10.0819939915745	7.53983486345671
37.558763	11.9942891908806	13.7437927324192	10.3067428956606
37.590773	13.9524801634647	16.0484991030078	12.0344644611531
37.617387	15.7052697645508	17.8905032654204	13.5487192521324
37.6509975	17.8783416332398	19.7538734312813	15.3318378253937
37.6739055	19.1613743773533	21.1118133641624	16.1001508679759
37.699347	19.8952947753116	22.6572486187954	16.5968589345706
37.745375	19.2919495418663	21.9584819086644	16.3675018417207
37.7892615	16.9692534348363	18.9363123586026	14.9652712898194
37.8351535	13.8131584019102	16.1875045197035	11.9258280724513
37.8933605	10.4186167101006	13.4472816433203	8.48021987030627
37.9358615	8.64461583249577	11.5674270665774	6.915232597534
37.9650815	7.90198312051749	10.7534811374711	6.15515817807866
38.0073815	7.56563719688175	10.294325772067	5.78892652719615
38.0668715	8.31425589098751	10.462744891332	6.81259313979352
38.133055	9.97189378355959	11.3124768305823	8.31671464400991
38.200581	11.3423736800275	12.9535152529337	8.68119212196921
38.261956	11.4647392290679	13.2912045736734	8.58220384850697
38.30186	10.7914203362037	12.3232129736739	7.99132668255523
38.3630995	9.05580766677261	10.3999088537571	7.09874713131744
38.453024	6.40582440118462	8.03865208966815	5.35677490139096
38.556043	4.09491554967138	6.10990992348983	3.01544604276686
38.6965675	2.84013709857991	4.94650194686635	1.68083929308537
38.8028955	3.17335916437489	5.7242759554597	1.72820167362684
38.8890045	4.42601288471271	6.91155395238787	2.79922314238016
39.007036	7.14897016678423	8.92522393088418	5.28602455858687
39.0903275	9.3351989835153	12.1913090263511	5.84605879068865
39.1368285	9.82999237316939	13.4830191032315	5.66472698455303
39.1628275	9.45642351388076	13.076575248235	5.52505914290595
39.171925	9.13066515426116	12.4349401385915	5.43092863087855
39.2018615	7.83994960706236	10.4701201910354	4.7143813459795
39.2954455	5.01734635008399	7.47276122553188	2.94327023645864
39.414453	5.12215290935612	7.40704486466951	3.52558624729661
39.472751	6.75644393194577	9.28036846501111	4.62066697643214
39.4925635	7.47540842068115	10.1191570401028	4.95479649217255
39.52418	8.5050243438382	11.147453662275	5.69859610403662
39.5609865	9.56635400212559	12.3856941742914	6.76626756571747
39.598459	10.3708894432543	13.2303823551513	7.39266370085005
39.638948	10.6341813187308	13.5233770009254	7.9833342606925
39.674644	10.2354400478421	12.8170118772213	8.14342326008581
39.753657	8.53437608207338	9.83944149439426	7.22490949020723
39.8774375	6.25321857279128	8.08221786614224	4.43461303773026
39.9595735	5.21089852941245	6.96575703368355	3.55845883488308
40.0001815	4.74659212846886	6.24633470805432	3.03497308608429
40.0533315	4.12599200143609	5.38684011780995	2.57881850645289
40.128146	3.61519175901607	5.14289290632566	2.04804938720434
40.192437	3.74500889402564	5.25345948776733	1.9876650413539
40.252083	4.43538750896944	5.75552764759937	2.8747958506029
40.311146	5.36882970094522	6.9337057571056	4.20664969999046
40.362955	6.14494582317451	7.95311932485243	4.53099963775168
40.439814	7.10247782587898	8.95830290138899	5.21334839193131
40.5189445	7.76921645377064	9.71701769417555	5.78730274278467
40.5686255	7.77868311892085	9.4973229368717	6.14528003672476
40.638355	7.40220212901518	8.84706514457275	5.68135503371969
40.738255	7.47803653057426	9.64441272894336	5.32739936934172
40.802245	8.44818928468619	10.8579186623024	6.0788276244039
40.836274	9.4570419312333	11.6224971712109	7.15524031976984
40.8736655	10.7777312297973	12.873049308043	8.43534169360282
40.9057735	11.7152271342102	14.2777463932434	9.21994069298803
40.9356645	12.0713966982149	15.2051425528793	9.60135018520623
40.9624135	12.0189205958283	14.9213456286734	9.53813414563192
41.013068	11.7741151150358	14.0226087979866	9.45392782655903
41.0980915	11.7309229744221	13.709015599188	9.50319811822539
41.1818735	11.3143025778183	12.9855449793723	9.32716203536408
41.253747	9.91720084997621	11.910419546827	7.9666788844851
41.3031825	8.40740640343666	10.2199894264835	6.65931754949001
41.357353	6.64019583216783	8.40828037488265	5.27523517154292
41.439768	4.49022442100051	6.27390758388918	3.26857831185144
41.522985	3.14236282199949	4.68884933485997	2.00546492636908
41.60046	2.50115584806367	3.43311427377461	1.77173120426566
41.748755	2.26692357015233	2.95362762870778	1.47885524827479
41.952561	3.43448012555177	4.17968513419061	2.77010118815957
42.081702	5.12093360441923	6.20890067895218	4.38393643330024
42.150053	6.22440166766048	7.39264319047238	5.16581563095875
42.1901215	6.85608318327824	7.97327122459194	5.55347373795428
42.2070355	7.10736846964257	8.19627710714379	5.68402351070997
42.247794	7.52477665673805	8.59941417307408	5.8169540766878
42.3128775	7.44564844704018	8.72770234005261	5.85364218121872
42.364092	6.67651871335064	7.90277706742975	5.45822793743853
42.404287	5.79671033653833	6.83312277511577	4.86215020296051
42.484397	4.48905422590701	5.8593303148176	3.47722564872759
42.5959245	4.02707041976936	5.49584155146251	3.13340516495907
42.6955045	4.77959058988701	6.03551690562804	3.74559335733137
42.7770035	5.8058614841076	7.15122540486786	4.39573796310848
42.8309645	6.41680503171988	7.93471500239389	4.72227868959176
42.8707355	6.62108830550232	7.97510607545044	4.92370677022499
42.9524115	6.42588336181472	7.36183448886067	4.94715709540748
43.060468	5.81045245103982	7.10244843234977	4.39660548486418
43.12592	5.36864083457178	6.71306786438583	4.12937278123873
43.1797865	5.07896608220539	6.62587010317186	3.97155033776578
43.2862335	5.24566390554388	7.01886534251925	4.00224426330463
43.399846	6.67853210157539	8.15328461019865	5.42324571850541
43.463681	7.85658173522506	9.66026767240815	5.62082821655705
43.508438	8.32043674042275	10.4966256529907	5.62623912995727
43.5459985	8.16848982480203	10.4119230840972	5.60454645271233
43.570802	7.72229152228514	9.62949001146917	5.50568409593346
43.6395065	6.22784661621938	7.48822509689433	5.03769561517403
43.763893	4.567663838636	6.41018938117825	3.32418502309733
43.87875	4.7311867021506	6.43437397283876	3.68148885472186
43.948515	5.58929018540434	6.84094698766278	4.56779584788471
44.012436	6.55052426025977	7.45551266591576	5.33425959202394
44.107651	7.51642030813344	8.37831624248011	5.93643685409533
44.1819195	7.63787141324716	8.68377153526338	6.04211380440993
44.222045	7.32663901043206	8.43808921560586	5.97693918369743
44.2768435	6.5883311952915	7.58617628345557	5.37377928348633
44.352575	5.43261106849106	6.43286149617317	4.17584283520245
44.4226285	4.49454645476534	5.55357177495509	3.22168471706327
44.515191	3.58056296408096	4.66060426153104	2.71321603225625
44.670698	2.71007423721777	3.69429544310842	1.68431605747733
44.83044	2.63264094353066	3.50918759733042	1.47747486468859
44.96285	2.93128838525819	4.079309831513	1.69593421202085
45.0950705	3.09880954512581	4.254410650878	1.74150464042009
45.2393325	3.17989113799348	4.33308839164555	1.87618398842412
45.39579	3.73227101528292	5.29689066242212	2.72934750464186
45.539132	5.39872760449717	7.31767052714469	3.79865532138686
45.62967	7.49968308864618	9.61481427679233	5.7917284857751
45.6844655	9.25378751908779	11.3278779583648	7.42753204866228
45.740591	10.9294996338833	12.9804044772817	8.30019478193453
45.7859325	11.6042203965527	13.9281449404831	8.4107816796271
45.8155615	11.3758668442568	13.605919240982	8.43664160461883
45.8492515	10.5378735499611	12.4671497602436	8.12009418001842
45.8936205	9.1333315050219	11.0774272624049	7.31496638512088
45.961727	7.14690423335607	9.2177555951626	5.77977060881008
46.061273	5.21851686040931	7.13206045483068	4.07013227566445
46.1471875	4.60951942283744	6.452764605637	3.39565396334009
46.2283635	4.89154492811794	6.63234474299682	3.56617958329161
46.335708	5.68047789815603	7.07321285523048	3.50673595297144
46.409792	6.00304782923407	8.46512609467243	3.23593641982984
46.4333345	5.87829438467967	8.53195820794305	3.11377818670128
46.470605	5.33902847489044	7.92157735154659	3.00147200285274
46.6121665	3.22431994208559	4.48156657117684	2.26602096680966
46.8268845	2.88845056169181	4.88153189536913	1.65042566757951
46.972433	5.12369260090687	6.75496107573598	3.7290448087026
47.0515585	7.00645338353952	8.41160731330072	4.80576936534724
47.1103355	8.1622620189261	10.0759329694152	5.43433918106954
47.143813	8.39431555829657	10.5178245931854	5.53150580872868
47.171338	8.17802013676431	10.2883331497533	5.64057150006473
47.1933505	7.81562978960714	9.98083253453297	5.51053847833686
47.2325495	7.13562303526921	9.20223360168231	5.15705877498701
47.335206	6.07403215177448	7.48384062670734	4.39234939850952
47.457811	5.37647067992458	7.18524958531392	3.82720725435051
47.542678	4.72696468480712	7.01501274411438	3.34536780542927
47.6753065	3.41285093948872	4.53687548650721	2.36567283734274
47.8832805	2.16191683128654	3.52091469352939	1.14008271414852
48.0695395	2.48812912370644	3.96955015156703	1.60325430204865
48.209416	3.70318316850866	4.93766002312688	2.80751457599638
48.313602	4.89285900786837	6.27649124431633	3.45101148795985
48.3978465	5.52023860832807	7.07381080069657	3.71585143425967
48.4536995	5.47799261014524	7.00227141565902	3.78662836538109
48.4724765	5.3136534463946	6.70723052514811	3.75312581437146
48.5219485	4.72403671029453	5.61128816794266	3.5043883758214
48.6202625	3.65868297711656	4.68557360741718	2.62295955958126
48.7361715	2.87634825003971	4.09516132045104	2.03525417249404
48.876342	2.76775788352264	3.77037963439556	2.07322000401362
49.009196	3.49623600139082	4.41926944006686	2.84653401744495
49.1025725	4.47925411540617	5.47955645425291	3.64548727720328
49.159446	5.24290977506782	6.31624897053349	4.36575919122118
49.1987775	5.80801383188886	6.97466596993643	4.73046631357655
49.2546645	6.49372479163447	7.71821761141469	5.12877724619949
49.345193	7.14024998869323	8.41741535674997	5.3883896585134
49.456045	7.2243697301065	8.74562889380394	5.31522478404049
49.5412645	6.96009658947478	9.26857550838942	5.07575543085043
49.630968	6.86524441775611	9.50026083517678	4.55826737082028
49.7675255	7.67099307242172	10.0190640925231	5.25856365663545
49.878147	8.668742420147	12.2541613993148	6.18366285006693
49.9288055	8.75173736507157	12.1091691536519	6.2888913462814
49.992995	8.05919653830538	11.0766235073117	5.46419299873425
50.1027375	6.20939424180547	8.40254977600221	3.67793303876654
50.2199295	4.69620814299225	7.09410122977696	2.38036202418055
50.343421	4.11509995966918	6.13176956337321	2.31359177168996
50.4458985	4.01894394669882	5.68749133341613	2.2619129513877
50.5348485	3.88930091498426	5.69019797769689	2.36901889867636
50.6744805	3.87521671971056	5.21672793171325	2.64171909370909
50.794444	4.59281577470221	6.3379893824766	3.25358457252393
50.8661215	5.59493213050514	7.39644591903467	4.15019523216915
50.9461035	7.10238676409356	8.69245802599385	5.33226991515127
51.0146835	8.36349950238854	10.4325455649611	6.28119760967013
51.059804	8.81234859824677	11.2679425899915	6.84834437895441
51.0886175	8.81058439714139	10.9727377789444	6.99418929689902
51.147119	8.74039143354014	10.9496644575422	7.06485593248668
51.2539035	9.63473252755314	11.7071654893208	7.70001337257983
51.3234845	10.8061534184752	13.4008354688246	8.08238354419289
51.350532	11.1688180417438	14.0449706076932	8.23346870131622
51.3958705	11.0781255453315	13.7535052423017	8.30610663349243
51.4729265	9.58178995854256	11.5583726583035	7.57210003466824
51.5769555	7.02722944446293	8.93839012116435	5.35290107957119
51.6737235	5.65481875604465	8.23632596045939	3.77093178630136
51.731314	5.61271968529773	7.89075271864523	3.79690279906888
51.7851065	6.04854054203592	7.78946783256939	4.1567765521254
51.847212	6.73458969623135	8.20438495944459	4.79497028087505
51.891695	7.16368946204748	8.50606117403441	5.4122047770133
51.9874875	7.48647959008302	8.83065103866084	6.17658012284809
52.145926	7.07785300869096	8.50189807335477	5.72566285844034
52.248107	6.50555844367322	8.70839628034068	4.54462464502995
52.3011505	6.0415881232608	8.21028164039549	3.90950598116304
52.3704105	5.28393913482266	7.2716880679491	3.37032752854729
52.4526785	4.7366828356671	7.00913501564031	2.4724320832915
52.551067	5.53030329124538	7.3543323865755	3.52353871439495
52.6377575	7.36597396253462	9.54011013579351	5.33630192721854
52.6951415	8.40605184590562	11.0301670961603	5.30467650162058
52.745438	8.42866700944207	11.4303883556283	5.03990569795315
52.7858425	7.6612857190513	10.2371220059464	4.8270640626841
52.810916	6.88834175080907	9.26086199688554	4.55185377164962
52.890429	4.73216208269774	6.440975857848	3.6203244900847
53.02975	3.14872963307864	5.04221760431732	1.87417386034571
53.147267	4.13719946395604	5.76132742833356	2.92499877948325
53.242054	6.11054574358732	7.26748988608409	4.5982354225224
53.3015325	7.51527608416323	8.70886069868548	5.18443278812006
53.327581	7.99400846327979	9.39119530711327	5.27693665544208
53.3532675	8.20825154698485	9.67009102000398	5.36771274171585
53.38209	8.06367001163086	9.47584415064623	5.17770278485731
53.4276235	7.26350678352288	8.68769633880228	4.94640090411371
53.4860925	5.88930973695417	7.53929803734234	4.22081389391048
53.5718695	4.29396495508433	6.64744841223566	2.83399351332082
53.7191845	3.83745111971187	5.76346071300208	2.14741729234085
53.8693735	5.48613553994383	7.44006881695663	3.9662595656765
53.950092	6.54098273157747	8.4181121760695	4.21583185658535
54.0219635	6.75873963252344	8.89875876625618	3.97666599344497
54.1174085	5.99610458238068	8.07226951953857	3.72625279495977
54.1812535	5.08414020364023	7.13725969315715	3.40290730167842
54.255666	4.35667578993093	6.59314651689408	2.94911115069642
54.3779875	4.91617322110003	6.8834915373162	3.61260104147231
54.47672	7.00013836673663	8.75914462788396	4.97687120750963
54.521336	8.23160818353157	10.2583576822976	5.13228240179173
54.5485675	8.79091067608461	11.1456354697215	5.22799590100601
54.586611	8.96830593238401	11.6428748185705	5.2624404228994
54.63628	8.36299365592919	12.2384700611533	5.12616633333135
54.7355785	6.14069151760062	12.4051213589649	4.13276411565631
54.971724	2.48940790045326	12.4051213589652	0
