phys	rec.rate	upper	lower
0.4370365	0.881558293571021	111.535037162732	0
0.688566	3.76695174554892	44.1129462044911	0
0.991334	3.17056796433752	30.8599788796139	0
1.4072815	3.9632932784295	21.6711626392437	0
1.7736055	4.0480295965015	34.1187455659517	0
2.018699	3.38537834341591	7.45803616311537	0.253309633215805
2.2680345	3.36044553902136	13.3841273562809	0
2.4995835	3.82781260077473	6.07648961541793	2.50684460436355
2.725111	4.47896120687091	13.1222961171998	0
2.7251815	4.48171296482647	13.1259160078724	0
2.7699175	7.08972106142431	13.2080960481127	2.50055620447405
2.8152125	9.06579086452962	23.839708212469	0
2.8240565	9.14515279667801	26.4074529163237	0
3.2023615	6.55169703052162	11.7031670466788	4.47989415935655
3.733728	4.80767655553901	8.35035556545317	1.52278617342599
4.320465	4.35398924243142	6.10411870208133	0.720941705552555
4.8972125	2.60375769900784	6.48415524924316	0
5.0499755	2.77954227408184	7.76732468060208	0
5.157229	4.19868198965508	8.27908688794326	0.703393880286954
5.342411	7.2870870976724	11.131742949714	3.3661307546763
5.4685315	7.98241164055666	12.8896200679623	3.9748656840408
5.5815995	5.85101722094236	8.93247132422228	2.69227884314922
5.6922015	2.68906362694756	6.78760651163436	0
5.7365345	1.60655768322214	5.7973558625896	0
5.8569755	0.683978360386052	3.24223686794594	0
5.994016	0.710985005006407	4.20307487205283	0
6.1371475	1.61198230465773	2.87827524270391	0
6.2709995	2.71297352530501	6.5266714124524	0
6.2803925	2.79742913841731	6.78992500313819	0
6.3490065	3.11997145187639	5.09527944110558	0.454512296267983
6.4483005	3.20308058150753	5.5186303988744	0.558579773738697
7.102337	2.49197439042209	2.94500346909245	2.04589834424882
8.0025325	1.81115394585007	2.82141724548678	1.13677142172973
8.379385	1.88223293075987	2.7371236010386	0.905056065351472
8.5179295	2.08986481209313	3.06165042025818	0.818043399979126
8.7203405	2.29188214985146	3.16853336342202	0.915440184084402
9.076501	1.40069111071281	2.78660569939141	0.762341638379091
9.270884	0.0755503400924176	5.92958658422291	0
9.2709945	0.0783715019193848	5.93082693510702	0
9.2710095	0.0791165377782831	5.93093142139841	0
9.2711625	0.0909543798497663	5.92659795978508	0
9.2719	0.169518526935079	5.94838852427	0
9.324877	2.60122006504345	3.03314650807179	1.33898658313904
9.3785715	2.15467374220628	15.6199861123084	0
9.379974	1.78946390199174	14.7255512026337	0
9.3800985	1.73338333122822	14.3723432816751	0
9.3801575	1.70818715626571	14.1713930842225	0
9.3802415	1.68048961412684	14.0380118446845	0
9.3804285	1.64394631640342	13.9464964367221	0
9.426833	0.299443055634368	2.7133604760655	0
9.5248545	0.281968419025631	2.33017771662966	0
9.603904	0.643399253459266	2.53887078323633	0
9.6340315	0.521803999799995	2.31899249162829	0
9.685859	0.138846048560423	1.47070566078356	0
9.735173	0	2.44245449577007	0
9.8888855	0	1.57481928029329	0
10.1271755	1.18613819854687	2.94211977507255	0
10.276159	2.33641990704555	4.0192786146663	0
10.340368	1.98440606780711	10.018709185604	0
10.3405055	1.9422517799317	9.80085199931988	0
10.3406035	1.88974355318447	9.69846504444668	0
10.341984	1.34881819610206	8.0935899178879	0
10.3432965	1.01666294729072	7.71130414710926	0
10.369902	0.0349264054639486	3.40742620021807	0
10.5851365	0.275023351860616	1.44893621647318	0
10.773827	1.059669348953	2.27814761190757	0
10.9314545	1.37744609989929	2.15438071611909	0
11.93634	1.5932750531704	1.8988359120404	1.26409059152705
13.277652	1.09115610668532	1.6681702076194	0.813207627724426
13.9956205	0.673585643280931	1.02572929672799	0.415729433744543
14.4999945	0.407351111071082	0.651847632032453	0.222100951703443
15.063549	0.186562353028828	0.412419628543143	0
16.066552	0.0242622671900222	0.169551256486656	0
17.747939	0.00229359691684935	0.079086433164802	0
19.3670235	0	172.133036040232	0
20.0257085	0	0.536578323525284	0
20.028145	0	0.00488450686962597	0
20.1912	0	1.75802843969657	0
20.366358	0.113019904241538	1.82049100190366	0
20.385687	0.00202377003757059	0.0301001087297433	0
20.546004	0.0921043659359405	0.962746775348041	0
20.740514	0.00370902322132233	0.24400553857261	0
20.8392285	0.000683194235031898	0.0327499836098135	0
21.551732	0	9.3908110666467	0
22.209815	0	56.2762193118877	0
22.2140415	0	2.75374303524626e-05	0
23.526607	2.06672448441176	22.9018773477589	0
24.8432435	0	0.000412327024102914	0
25.8286365	0.0204390583419428	0.0341847306515414	0
26.9448135	0.0362674341866312	0.205891155949443	0
27.457319	0.0103475913565947	0.16030709661997	0
27.843735	0.0100744324087843	0.51264555977266	0
27.8963685	0.0176583545236639	0.518948247413439	0
27.9424465	0.0315511654103007	0.970752115833722	0
27.944955	0.0322877068470357	0.978740667235973	0
28.273626	0	0.0994216742313006	0
28.6666025	0	0.251171910131551	0
29.302159	0	0.123411355252205	0
30.013214	0.268526842688268	0.62107843618731	0
30.3725155	0.61814538697936	0.951277790158386	0.421644514246436
30.595046	0.854671726743003	1.20569294859311	0.51999318071384
30.8960595	1.04228347342373	1.26514693999302	0.645644919545817
31.3190705	1.05676871997013	1.46646794801039	0.612368200930137
31.544946	0.853034568047566	1.35771096973417	0.495859846327082
32.0688275	0.253641833172455	0.654150969993994	0.012859459160083
32.9919235	0	0.152175341197445	0
33.5437485	0.151991154866147	1.21365148032848	0
33.5957965	0.210049505309274	1.47247906007365	0
33.5962795	0.210503358046794	1.47192504941082	0
33.9341665	0.384980475707231	0.694459064046742	0.129089789045107
34.348571	0.682682070785395	1.13158021368376	0
34.762929	1.0572001338844	1.32523531728602	0.767045688895353
35.1481755	1.18613742272035	2.64316196143623	0.666088266570103
35.466849	0.727162215045743	1.04550705262679	0.372015563916753
35.8176685	0.0505405178544871	0.767642424426518	0
35.9057625	0	0.893494573278034	0
35.9677305	0	0.90414792294635	0
36.2510785	0.0987413066156198	0.677667747762088	0
36.5123205	0.805500732913618	3.18664366038	0
36.556384	0.920088533473343	3.63086426380619	0
36.81937	0.882603978218014	1.46968322789447	0.15258811812821
37.163327	0.694060515070803	1.90182138411743	0
37.3206535	0.851509937201823	2.23388649602706	0
37.686341	1.75889864705015	2.55548960552808	0.986804056486712
38.110823	2.50283374695968	4.83228909168486	0.455769820142257
38.392974	2.12002943851246	3.8307716019994	0.203819438593325
38.636726	1.52219507645823	4.15739354676109	0
39.164213	2.77425044558739	4.39443622053939	1.49219665692401
39.7580615	7.92757727495933	10.9825325788296	3.32781143409333
39.909601	10.0347449085176	26.6117104884087	2.47616816780315
39.9118495	10.0556579210653	26.8871126323845	2.29718671556218
39.916313	10.025158644305	26.9344926119537	2.47238140200548
40.056695	5.82194038355105	9.21623179388128	3.45460909073844
40.2957915	0.483842053954124	3.71901298854122	0
40.397518	0	5.96649813591775	0
40.411459	0.162295813887733	4.9992092068263	0
40.428988	0.471328697890097	6.71270049926356	0
40.4375245	0.549768728636677	6.04856898200064	0
40.491413	1.16864049304124	3.72029204728001	0
40.6183805	2.9298422219505	4.6204913804636	0.861236494345602
40.7367775	3.76351783170677	6.52627889261092	1.11786154044724
40.777537	3.71696754232722	6.9057553857179	1.04382953034188
41.0639225	2.86889978132558	4.36760444518674	2.17188946998134
41.3991805	2.83323969630817	5.87753384974313	0
41.4489045	2.46170347720279	6.87091094142928	0
41.517673	3.02121880775403	6.38769729556579	1.64073406400298
41.585945	5.11231181438021	26.1957784750585	0
41.586828	5.246125542737	24.6422236163779	0
41.5877515	5.34743413379615	24.149483426737	0
41.5955685	5.41091478154887	21.7918949727798	0
42.1159225	2.74130046798284	2.92748857280191	2.35173269337079
42.6292345	0.274954267891647	4.52409479944013	0
42.6350795	0.220615641925834	4.14115192574441	0
42.6530185	0.105671710662712	3.72695521967653	0
42.9349615	0.758095046702931	3.25669205398997	0
43.77121	3.42394139418813	3.83238303247509	2.2331334356792
44.349224	3.71731249833702	6.90847172627506	1.39224341690762
44.395215	3.69321952136635	6.12653304083385	1.91160967328398
44.525561	3.57155982970466	4.64505776052652	2.29197785569675
44.6520535	2.98986348241707	4.54280684037879	0.510947252901425
44.7610425	2.11001451682554	3.92404444174448	0
44.9157635	0.61050523883914	3.1529469901234	0
45.0387345	0.0591594520860064	5.16428074350828	0
45.084764	0.690756993685237	12.1797046949751	0
45.084882	0.695693768294992	12.1091586459776	0
45.0850965	0.710515029269271	11.5149485086485	0
45.0852555	0.720553210098159	11.3585965125826	0
45.0856705	0.714129723435062	9.13063928306025	0
45.086075	0.702141670130972	7.77176972846019	0
45.086179	0.703570967110048	7.60716361953815	0
45.086324	0.709346388420419	7.53853495828731	0
45.0893255	0.88358422124219	5.07499796990543	0
45.092246	1.0656081621027	5.86262206085033	0
45.092387	1.07487129467622	5.86676328869599	0
45.1504045	4.30308501615748	7.06511495941382	0
