phys	rec.rate	upper	lower
0.088295	1.26978552596663	4.41213562019559	0
0.1332385	1.16136788661019	2.35347815694461	0
0.1905725	0.49051317079386	1.26877833600804	0
0.227216	0	0.314114727535977	0
0.257341	0	0	0
0.270776	0.0297738594939018	0.0425717255010248	0.0177263665436455
0.30118	6.22321443271387	8.26724691641058	3.95356722793499
0.3314165	6.32735243545783	9.46106245950847	3.35197826008334
0.3392825	1.47796449841411	2.35369157733233	0.666916118513778
0.3487305	0	0	0
0.361743	0	0	0
0.3843455	0	0	0
0.4401215	3.15679694717774	4.22490310689081	1.69995338067277
0.4848465	0	0	0
0.5154545	1506.29407920998	2515.8904064746	332.170925686509
0.553784	1.41686182369344	2.5433351215731	0
0.562669	0	0.0306435334300332	0
0.5762515	4.35804782791578	9.34322684531207	0.892742439381689
0.6461285	6.3210323372702	9.66298153157033	3.45670418566085
0.719188	2.11473675405755	4.11482536304564	0.302097982762739
0.7356	0	0	0
0.760479	203.790907368719	341.359486934567	65.7510272960568
0.803171	1.39955372567684	2.25830434169314	0.58190541741323
0.8481775	5.91177151274396	11.3599054560566	0
0.875427	0	0.207381816450566	0
0.879366	0.42847790269819	1.78638216027133	0
0.8945825	0	4428.35624434433	0
0.906591	0	0	0
0.9102095	0	0	0
0.913832	0	0	0
0.964242	6.95033868791188	8.24742559652934	5.96773303260878
1.0243635	0	0	0
1.0341685	0.360897065952451	0.520762940598031	0.120442686949722
1.0358015	0	0	0
1.039341	0	0	0
1.0414605	0.337048096440546	0.462701526273514	0.179080414545107
1.0437355	0	0	0
1.0461685	0.297369103647068	0.389399253212269	0.204031989505192
1.067121	13.2479298824011	16.1830634239605	9.78632547161097
1.088338	0	0	0
1.08901	0	0	0
1.092289	0	0	0
1.0967165	0.40324111075035	0.520686883176752	0.280156283794782
1.1084015	0	0	0
1.1312945	1.61742278285222	4.50359818014616	0
1.1567145	1.04051925092961	2.60051351945319	0
1.1707465	0	0	0
1.18284	3.0605029142861	5.77983855792157	0.905918809330292
1.196486	0	0	0
1.199584	0	0	0
1.201643	0	0	0
1.209087	2.7978073861021	5.97239642532266	1.13275247914505
1.216249	0.405581493785232	0.750721627824124	0.187989491290911
1.227405	0	0.750014927235919	0
1.2425425	0.519765837772539	1.3457122352047	0
1.2621	514.709803391287	1166.47918421449	0
1.2764315	0.0270462404428397	0.0486447816557497	0.00277705188302542
1.2900705	20.9841034930196	32.0859841417086	9.71539931430725
1.3081265	15.7428344373429	24.3413715080923	8.30992529756049
1.315615	27.6203269111306	47.0933636868249	15.0250038064948
1.319887	0	0	0
1.322896	0.388479581630258	0.667231329276553	0.226232918830956
1.325733	0	0	0
1.389328	10.7408663250127	12.7495235155545	8.49831088756658
1.4633145	2.09035122109916	3.05921686234309	1.03947191538488
1.489605	0	0	0
1.5050325	0.0611214696405799	0.120108621638135	0
1.519516	0	0.682265353712424	0
1.5341385	0	0.0304247963484465	0
1.5551155	3.84464889936555	7.49197450133208	1.17660887029173
1.575317	0.000143698302567928	0.000198970582761347	8.72758548784856e-05
1.5868985	6.67503446042072	8.736149988984	4.33843768746474
1.599626	8.43529691798677	11.3623629117383	5.59385576516727
1.601522	8.65827652129137	11.6334027633604	5.70354812943525
1.602577	8.76304587728846	11.6746083701746	5.77006908453966
1.640752	8.73566429553929	9.96891769984988	6.47576801814773
1.6789675	0	0	0
1.683465	95.7175785817927	115.996730523111	69.9503221610535
1.7176605	5.1415131246732	6.95959982069812	3.37868611927622
1.7865595	3.85060294388487	5.44932500844021	2.3545144839856
1.825839	0	0.846005030299001	0
1.829117	1.76094227775042	3.12578728931997	0.00275955716715256
1.8320255	0	0	0
1.837293	18.8393864713042	33.8263854773671	2.51523592749445
1.8437065	0	0	0
1.845073	0	0	0
1.8647625	3.03545307019038	4.56905696772235	1.52731222164133
1.9166355	2.83189762146224	3.96790205345523	1.91433601495362
1.9603935	1105.29725984166	1758.58287847355	270.847785090891
1.9718425	0.0142940965675612	0.0218346693122295	0.00406361731889303
1.983374	0	0	0
2.0308475	4.14518698751391	5.09042161882131	3.38392329589762
2.0901995	8.35437575610164	10.3025081039089	6.84153814765205
2.1410115	5.73762603495095	6.94690689314048	4.75500820746098
2.182117	0	0	0
2.2117295	4.16170511394991	5.07757464253946	2.86461054854581
2.272312	2.34962283001147	3.04344276540083	1.41846498155119
2.3202975	0	0	0
2.323687	0	0	0
2.3741025	23.1118950180078	68.8775011885246	0
2.4344545	0.378425697205869	0.902857235205186	0
2.467525	2.26529581170799	3.68971753944946	0.205333424657505
2.523768	5.33595413141177	7.80488121142262	2.56737169366715
2.650075	7.49880429339882	9.27560098213802	4.99402567637437
2.801167	7.46219141249272	10.3494731223014	5.20891173083713
2.869731	3.24749769037351	5.69624037135813	1.28481458166205
2.8929415	165.185761246655	284.559424184016	65.1962845574951
2.905739	0	0	0
2.9065585	0	0	0
2.9201565	4.86709042135967	7.34807391747723	2.13520793734456
2.9347035	0	0	0
2.9664105	2.49507949862851	3.69528196621687	0.907778427917523
3.07212	0	0	0
3.148872	0	0.124703494693724	0
3.156922	0.101205393090669	13.9881943892929	0
3.185596	2.55064970484016	9.0448327411275	0
3.2078845	0	0	0
3.2182385	2.63819308133135	5.35638201073475	0.587138882822803
3.236612	12.4639870212767	24.6287086424478	4.48021932681106
3.2598855	12.399980862122	21.1311502356478	5.77254030443003
3.3256815	8.87365530204591	13.3780177486387	6.33559901770967
3.4039755	5.02920910453059	10.068048125909	0.95657961722291
3.4335885	0	0	0
3.4774425	4.59308213649346	7.94285608625362	2.17221009830922
3.5970995	6.88243735468121	8.99452454908592	5.00931530008285
3.68438	9.89007743299697	13.1007007143993	7.42015439164524
3.740778	11.0700560239102	13.4149638459403	7.54525120099253
3.7996315	7.06855895576805	9.06062842257103	3.7912654559944
3.811261	0	0	0
3.8168565	2520.17324287746	3288.43151511062	1283.68142274257
3.858188	8.21569558156754	10.065774770016	6.42619890544546
3.8959865	9.28210843985939	11.9228663298762	6.61014981369906
3.9090235	9.41679409273487	12.1279865525456	6.33990370689059
3.9308485	8.42713940664695	11.1579683770991	5.67403031884771
3.9436345	0	0	0
3.950118	7.15919784003581	10.0928354076104	5.0596654525211
4.021434	3.59781077230601	4.12680723909478	2.88469980362829
4.100955	0	0	0
4.130903	0	0	0
4.167241	0.187270522482676	1.14517999518787	0
4.186684	0	0.0268163602806374	0
4.2032305	0.0803693046389817	3.04337072898464	0
4.235423	0	82.4799517105764	0
4.292504	2.4387944246658	4.00219248248569	0.503608901050062
4.3357495	4.95769320158818	10.5825753626905	0.618668026774074
4.3431785	4.68090862413358	10.869022699077	0.274478011537699
4.3655445	1.00058810355063	2.37685182824353	0
4.422038	0	50.4048486164587	0
4.462764	0	0.00195380066780805	0
4.5063555	3.65291395148492	5.47049709052829	1.81437911164497
4.56261	10.8572893148302	15.9577257612449	5.762220319637
4.5776455	0.54895463165183	0.768665927632156	0.258186054785303
4.6003055	0	0	0
4.665492	8.78128329563518	11.6420025849182	4.85273298007028
4.7148845	11.4613141978582	16.970571870257	7.50216380210755
4.8527305	6.14136116342278	9.09396729339307	5.07729683627284
4.98507	0	0.240297125022578	0
4.9881915	0	24.7878589626616	0
4.9978085	3.60904278703153	8.58457115253061	0
5.0542875	2.85279768200857	4.45903876273714	1.12395019287478
5.1237635	0	0	0
5.165605	0	1.70588981350493	0
5.2360305	2.17462011631241	4.21586115573564	0.603893157653408
5.377841	2.40201744514417	4.27628760817942	0.789961699906142
5.4887245	9.81281819060038	44.3408205615095	0
5.50835	1313.80405378017	5104.07547720269	0
5.5105395	0	0.000891409884104433	0
5.562579	2.6394034608876	4.21477111425064	0.750556538380472
5.622313	0	0	0
5.661599	4.13656234243194	6.1995731848836	1.82673437366109
5.6982095	1.32318878603574	2.01116008609133	0.629046927938904
5.7220415	0	0	0
5.813106	1.53279928206119	2.75692590704789	0.700992001690587
5.8972405	0.431712643499802	1.04266713776709	0
5.9371665	72.8795608742385	151.294137633047	11.1185015085426
5.965952	0	0	0
6.015068	2.31727966793791	3.3671471936995	1.5424022488931
6.1899075	7.01862261865547	7.72084387581581	6.16766811935662
6.3322985	8.29826791868437	11.2985929196071	5.89172232796615
6.3638765	7.82614540730374	10.5198372524356	5.15941885086194
6.384375	4.65454818228771	6.40376868663464	3.02246033561843
6.391778	0	0	0
6.454019	4.63007786528106	6.30497166212373	3.22425920823652
6.562853	4.45192331067398	6.30366633438731	2.6321508938679
6.638336	3.42609130735151	4.54177624897635	2.26678475535291
6.686403	0	0	0
6.7186045	3.1163964622736	4.22867216569628	2.27201680890741
6.7540815	10.4278478035906	13.7018500090515	7.62574269344599
6.801566	9.95280113799659	13.3878104704355	6.57724625035009
6.82561	0.56165251644598	0.764183953534183	0.308398026307023
6.8514705	0	0	0
6.9436335	4.88528742288461	6.46759495158736	2.93722996950464
7.0123065	0.344843368712465	0.718219595726254	0
7.021902	0	1.00919663809499	0
7.069667	2.80995358874483	6.52520079738704	0
7.136732	7.07789654754859	11.3329605419677	3.48986209689479
7.1653515	9.31854256601997	17.0134018294699	2.64705202286375
7.166499	9.37797691287599	17.2079625164068	2.6361688806031
7.1755155	3.32875105325773	6.0034059813223	0.868486159828349
7.1902285	0.829296634868412	1.56405258536825	0.154835404561029
7.20475	0	0.0394382379369063	0
7.213029	0.0409667793017022	0.106857854030396	0
7.2692605	0	6.22884711861297	0
7.52584	1.00137303638048	2.02468454448834	0
7.7263385	0	0.230789850536695	0
7.816195	4.01248679336497	5.48556490126243	0.509301675847041
7.92577	1.06207357096397	1.56598729919323	0.00647306930094517
7.9909555	0	0	0
8.051943	0.641033142706905	1.68095565812508	0.0714043551143779
8.069388	2.38584854268823	6.36100472715017	0
8.08465	1.61634046896106	4.30352796477364	0
8.1029255	0.331817176727529	0.951128516211997	0
8.136379	0	1.27870984523931	0
8.4996955	0.982423160435861	1.4692746877348	0.565563871539603
8.8350855	1.35813859450509	2.53291243353078	0.117436743581188
8.936767	0.149399256520928	0.258117685217904	0.0401769027011013
9.1123515	0	0	0
9.348109	0.254003945417696	0.411126792738619	0.08749285248002
9.559871	0	0	0
9.889904	0	1.48591076867661	0
10.17021	0	0.00115243646539017	0
10.2011085	0.752299361514565	4.21560640806006	0
10.580846	0	174.478125020343	0
10.9308095	0.000314295420618544	0.00158078889579164	0
10.944712	0	0.0118849529129384	0
11.2911115	0.28544191150589	0.556687131561841	0.0332931603570844
11.661506	0.0912804523401587	0.226579550557392	0.00942084413027119
11.8094645	0	486.991944679709	0
12.2785865	0	0.276641647786196	0
12.637386	1.06923015869634e-05	0.000319068845845673	0
13.8791375	0.117006875758831	0.218591383679771	0
15.1222765	0	0.149519292585459	0
15.376197	0.525259677102868	1.02695046982753	0
15.630274	0.511190223908291	1.02733573759451	0
16.4018335	0.601736632203032	0.777711565524935	0.464230237002869
17.176319	1.00624944936147	2.70999216394628	0
17.2269555	1.03897518218517	2.54924861503635	0
17.2739265	0	0.442177863772872	0
17.33909	0.972012728608523	1.91415385352575	0
17.404547	0.0398759118281135	0.138552068201929	0
17.4236725	0	2.14480500210322	0
17.648596	0.87961064116658	2.51407811749439	0.116750097664535
17.8945335	0	0	0
18.012184	1.89693569399619	2.879207100888	0.436092471992821
18.109218	0	0.0781840272661602	0
18.146862	1.0771927194252	2.57132379911946	0
18.1758895	0	1.98669459056223	0
18.185906	0	0.0621445918500842	0
18.187605	0	0.672209385077651	0
18.2217565	4.31906526320785	147.392041494178	0
18.3081155	1.32651503777486	2.92376250639291	0
18.455274	3.94514338754014	6.39397728059092	1.863840032119
18.553987	0	0.698853248358352	0
18.5607125	5.50688468456561	11.2859303000085	0
18.562329	5.53840816589289	11.2062244244103	0
18.5798115	0	0	0
18.629015	3.09386515113731	4.53998541695698	1.11499619122807
18.699748	3.60242497971504	6.68150892989351	0.464854532677261
18.7386645	0	0.524320094176654	0
18.9172095	0.769511525455373	2.78731180224115	0
19.096125	1.11803011418419	2.77744510147906	0
19.223332	2.66016277042534	3.50358913243689	1.01815836658461
19.4071015	3.33463382732673	5.11400296988556	1.06952984622269
19.469795	0	0	0
19.4777795	1.55465749729808	3.21775306991388	0.391510230244233
19.485682	9.63251278870127	20.0507597037694	2.45274247756156
19.7152805	1.45659945340219	2.12986661283854	0.897070346437846
19.9397615	0	1.17485546692973	0
20.0356565	0.465051177505167	1.5716265740559	0
20.1417515	0	0	0
20.187403	1.48368686616346	2.95093985043096	0.551082423545139
20.338946	2.68853742236128	3.70659907557913	1.62924304381626
20.526081	2.39324729494729	4.2407636491885	0.971516622146957
20.6058285	1.81214328685535	5.0025593681776	0
20.615731	0	1.64936226389485	0
20.8201815	0.670937222253982	2.34597412462481	0
21.2442315	0	4.84360649981275	0
